23.203400000000038
23.01020000000004
22.673200000000033
22.673200000000033
22.673200000000033
22.673200000000033
22.673200000000033
22.673200000000033
22.673200000000033
22.673200000000033
22.673200000000033
22.673200000000033
22.875700000000037
22.875700000000037
22.875700000000037
22.875700000000037
22.875700000000037
22.875700000000037
22.875700000000037
22.875700000000037
22.875700000000037
22.647200000000034
22.677200000000035
22.71920000000003
22.71920000000003
22.71920000000003
22.71920000000003
22.71920000000003
22.71920000000003
22.71920000000003
22.71920000000003
22.71920000000003
22.71920000000003
22.71920000000003
22.71920000000003
22.71920000000003
22.71920000000003
22.71920000000003
22.844500000000032
22.71920000000003
22.71920000000003
22.71920000000003
22.71920000000003
22.71920000000003
22.71920000000003
22.71920000000003
22.71920000000003
22.71920000000003
22.71920000000003
22.71920000000003
22.71920000000003
22.71920000000003
22.71920000000003
22.71920000000003
22.71920000000003
22.719200000000033
22.719200000000033
22.719200000000033
22.719200000000033
22.719200000000033
22.719200000000033
22.719200000000033
22.719200000000033
22.719200000000033
22.719200000000033
22.719200000000033
22.719200000000033
22.719200000000033
22.719200000000033
22.719200000000033
22.719200000000033
22.719200000000033
22.719200000000033
22.719200000000033
22.719200000000033
22.719200000000033
22.719200000000033
22.719200000000033
22.719200000000033
22.719200000000033
22.63860000000003
22.71920000000003
22.71920000000003
22.71920000000003
22.71920000000003
22.71920000000003
22.71920000000003
22.71920000000003
22.71920000000003
22.71920000000003
22.71920000000003
22.71920000000003
22.71920000000003
22.71920000000003
22.71920000000003
22.63860000000003
22.71920000000003
22.71920000000003
22.71920000000003
22.71920000000003
22.71920000000003
22.71920000000003
22.71920000000003
22.71920000000003
22.71920000000003
22.71920000000003
22.71920000000003
22.71920000000003
22.71920000000003
22.71920000000003
22.71920000000003
22.71920000000003
22.71920000000003
22.71920000000003
22.71920000000003
22.71920000000003
22.71920000000003
22.71920000000003
22.71920000000003
22.71920000000003
22.71920000000003
22.71920000000003
22.71920000000003
22.71920000000003
22.71920000000003
22.71920000000003
22.71920000000003
22.71920000000003
22.71920000000003
22.71920000000003
22.71920000000003
22.71920000000003
22.71920000000003
22.71920000000003
22.71920000000003
22.71920000000003
22.71920000000003
22.71920000000003
22.71920000000003
22.798100000000034
22.795800000000032
22.795800000000032
22.795800000000032
22.63240000000003
22.63240000000003
22.653400000000033
22.15940000000003
22.921700000000037
22.921700000000037
22.921700000000037
22.921700000000037
22.921700000000037
22.921700000000037
22.528100000000034
22.528100000000034
22.528100000000034
22.528100000000034
22.528100000000034
22.528100000000034
22.528100000000034
22.528100000000034
22.528100000000034
22.28310000000003
22.28310000000003
22.28310000000003
22.28310000000003
22.28310000000003
22.64300000000003
22.64300000000003
22.64300000000003
22.64300000000003
22.40800000000003
22.549100000000028
22.549100000000028
22.549100000000028
22.549100000000028
22.62630000000003
22.62630000000003
22.62630000000003
22.62630000000003
22.62630000000003
22.62630000000003
22.62630000000003
22.62630000000003
22.62630000000003
22.62630000000003
22.62630000000003
22.62560000000003
22.60750000000003
22.549100000000028
22.163000000000025
22.70450000000003
22.205400000000026
22.83170000000004
22.154400000000024
22.235000000000024
22.60750000000003
22.360300000000027
22.916700000000038
22.916700000000038
22.32910000000003
22.329100000000025
22.329100000000025
22.329100000000025
22.329100000000025
22.248500000000025
22.193000000000026
22.205400000000026
22.60750000000003
22.235000000000024
22.235000000000024
22.235000000000024
22.32910000000003
22.32910000000003
22.329100000000025
22.329100000000025
22.32910000000003
22.248500000000025
22.248500000000025
22.62970000000003
22.405700000000028
22.043900000000026
22.248500000000025
22.248500000000025
22.248500000000025
22.248500000000025
22.23610000000003
22.23610000000003
22.23610000000003
22.23610000000003
22.202500000000033
22.248500000000025
22.248500000000025
22.531600000000033
22.77640000000003
22.236200000000025
22.311600000000027
22.36540000000003
22.09550000000003
22.252900000000025
21.812400000000025
22.172300000000025
22.278700000000025
22.236200000000025
22.278700000000025
21.939000000000025
22.177800000000026
22.084800000000023
22.022900000000025
22.217400000000026
22.06820000000003
21.93900000000002
22.177800000000026
22.383500000000026
22.105100000000025
21.70880000000002
22.562800000000028
22.177800000000026
21.939000000000025
22.123720000000027
22.217400000000023
21.914000000000026
21.85840000000002
21.85840000000002
21.85840000000002
21.85840000000002
22.765300000000035
21.85840000000002
22.11420000000002
22.051300000000026
21.85840000000002
22.315500000000025
22.114200000000025
22.273000000000025
21.50290000000002
22.262700000000024
22.114200000000025
22.182100000000023
22.33210000000003
22.253800000000027
21.85840000000002
22.220200000000023
22.220200000000023
22.273000000000025
21.884300000000028
22.31540000000003
22.273000000000025
22.002500000000023
21.824700000000014
21.78220000000002
21.76890000000002
21.846100000000025
22.114200000000025
21.76550000000002
22.172700000000024
21.76550000000002
21.71500000000002
22.172700000000024
21.628700000000023
21.832500000000017
21.93900000000002
21.76550000000002
22.302600000000034
21.382800000000017
21.764800000000022
21.548900000000017
22.68740000000003
21.694700000000026
21.641500000000025
22.02130000000002
22.323500000000028
21.982500000000023
21.84370000000002
21.68040000000002
21.46830000000002
21.80530000000002
21.734800000000018
21.67080000000002
21.642600000000023
21.03980000000001
21.222300000000015
21.68750000000002
21.701000000000022
21.36250000000001
21.32490000000001
21.33190000000002
22.263900000000028
21.913200000000028
21.48250000000002
21.110400000000016
21.267900000000008
21.001600000000014
21.220700000000015
22.307800000000032
21.138500000000008
21.419200000000014
21.13850000000001
21.287900000000015
22.157000000000025
22.157000000000025
20.87480000000002
22.157000000000025
22.141500000000025
20.806900000000013
21.138500000000008
21.34100000000001
21.456600000000016
21.33420000000002
20.498400000000007
21.39140000000002
20.62200000000001
22.064100000000025
20.72790000000001
20.72790000000001
20.66450000000001
20.403700000000008
21.984000000000023
20.324800000000007
21.71680000000002
22.016500000000022
20.108300000000003
22.18150000000003
20.79360000000001
20.108300000000003
20.923800000000014
20.231900000000007
19.4364
20.137800000000006
20.210499999999996
20.609100000000005
20.111700000000006
20.108300000000007
21.63920000000002
20.387800000000006
21.531700000000022
20.55850000000001
21.518800000000017
19.675700000000003
21.517100000000017
21.082700000000017
21.31190000000002
21.31190000000002
21.31190000000002
21.58700000000002
18.77189999999999
18.897499999999994
18.511099999999992
20.100800000000003
21.398700000000016
21.385800000000017
17.538199999999982
17.39909999999998
17.388599999999975
17.726999999999983
17.104699999999976
17.170799999999975
17.157899999999973
15.777099999999963
16.229599999999962
15.733899999999963
15.467399999999966
15.685299999999964
15.170199999999966
14.911199999999969
15.039199999999967
14.52109999999997
13.889319999999971
14.781699999999969
13.617399999999972
14.538099999999966
13.041799999999977
13.76079999999997
13.800499999999971
13.46079999999997
13.287299999999975
12.956899999999976
13.029899999999977
12.863799999999975
12.60479999999998
12.60479999999998
12.49649999999998
12.662599999999978
11.904099999999984
11.695299999999984
11.861399999999982
11.086999999999989
10.756499999999992
11.602399999999985
11.03329999999999
10.89709999999999
9.712499999999997
10.87487999999999
9.219
9.795699999999997
8.676100000000002
8.542200000000003
8.542200000000003
7.986000000000007
8.152100000000004
8.491800000000005
7.769500000000007
8.856400000000002
8.817600000000002
6.705120000000006
7.6340000000000074
7.5551000000000075
6.155300000000006
6.155300000000006
5.851400000000006
5.765200000000005
4.8285000000000045
5.375100000000005
1.3921999999999999
3.102000000000001
1.7922999999999996
11.817299999999982
11.983399999999982
2.812500000000001
22.90710000000004
22.283600000000035
-0.1849
-0.1849
-0.1849
-0.1849
-0.1849
-0.1849
22.31510000000003
0.15250000000000002
22.76760000000003
21.77980000000002
0.6361
0.6361
0.6361
0.6361
21.779800000000023
22.422100000000043
22.013500000000022
21.460300000000014
11.230399999999987
21.519500000000022
22.42400000000003
21.91300000000003
22.439900000000033
21.81730000000002
21.81730000000002
21.375400000000017
21.12020000000001
11.371699999999986
21.768000000000022
22.092200000000027
11.962699999999982
9.220500000000001
15.345099999999967
21.37790000000002
17.57519999999998
21.54890000000002
21.63920000000002
21.127000000000013
21.127000000000013
19.16969999999999
