1.8256999999999999
1.8256999999999999
1.8256999999999999
1.8256999999999999
1.8256999999999999
1.8256999999999999
1.8256999999999999
1.8256999999999999
1.8256999999999999
1.8256999999999999
1.8256999999999999
1.8256999999999999
1.8256999999999999
1.8256999999999999
1.8256999999999999
1.8256999999999999
1.8256999999999999
1.8256999999999999
1.8256999999999999
1.8256999999999999
1.8256999999999999
1.8256999999999999
1.8256999999999999
1.8256999999999999
1.8256999999999999
31.835000000000036
31.835000000000036
31.835000000000036
31.835000000000036
31.835000000000036
31.835000000000036
31.835000000000036
31.835000000000036
31.835000000000036
31.835000000000036
31.835000000000036
31.835000000000036
31.835000000000036
31.835000000000036
31.835000000000036
31.835000000000036
31.835000000000036
31.835000000000036
31.835000000000036
31.835000000000036
31.835000000000036
31.835000000000036
31.835000000000036
31.835000000000036
31.835000000000036
31.835000000000036
31.835000000000036
31.835000000000036
31.835000000000036
31.835000000000036
31.835000000000036
31.835000000000036
31.835000000000036
31.835000000000036
31.835000000000036
31.835000000000036
31.835000000000036
31.835000000000036
31.835000000000036
31.835000000000036
31.835000000000036
31.835000000000036
31.835000000000036
31.835000000000036
31.835000000000036
31.835000000000036
31.835000000000036
31.835000000000036
31.835000000000036
31.835000000000036
31.835000000000036
31.835000000000036
31.835000000000036
31.835000000000036
31.835000000000036
31.835000000000036
31.835000000000036
31.835000000000036
31.835000000000036
31.835000000000036
31.835000000000036
31.835000000000036
31.835000000000036
31.835000000000036
31.835000000000036
31.835000000000036
31.835000000000036
31.835000000000036
31.835000000000036
31.835000000000036
31.835000000000036
31.835000000000036
31.835000000000036
31.835000000000036
31.835000000000036
31.835000000000036
31.835000000000036
31.835000000000036
31.835000000000036
31.835000000000036
31.835000000000036
31.835000000000036
31.835000000000036
31.835000000000036
31.835000000000036
31.835000000000036
31.835000000000036
31.835000000000036
31.835000000000036
31.835000000000036
31.835000000000036
31.835000000000036
31.835000000000036
31.835000000000036
31.835000000000036
31.835000000000036
31.835000000000036
31.835000000000036
31.835000000000036
31.835000000000036
31.835000000000036
31.835000000000036
31.835000000000036
31.835000000000036
31.835000000000036
31.835000000000036
31.835000000000036
31.835000000000036
31.835000000000036
31.835000000000036
31.835000000000036
31.835000000000036
31.835000000000036
31.835000000000036
31.835000000000036
31.835000000000036
31.835000000000036
31.835000000000036
31.835000000000036
31.835000000000036
31.835000000000036
31.835000000000036
31.835000000000036
31.835000000000036
31.835000000000036
31.835000000000036
31.835000000000036
31.835000000000036
31.835000000000036
31.835000000000036
31.835000000000036
31.835000000000036
31.835000000000036
31.835000000000036
31.835000000000036
31.835000000000036
31.835000000000036
31.835000000000036
31.835000000000036
31.835000000000036
31.835000000000036
31.835000000000036
31.835000000000036
31.835000000000036
31.835000000000036
31.835000000000036
31.835000000000036
31.835000000000036
31.835000000000036
31.835000000000036
31.835000000000036
31.835000000000036
31.835000000000036
31.835000000000036
31.835000000000036
31.835000000000036
31.835000000000036
31.835000000000036
31.835000000000036
31.835000000000036
31.835000000000036
31.835000000000036
31.835000000000036
31.835000000000036
31.835000000000036
31.835000000000036
31.835000000000036
31.835000000000036
31.835000000000036
31.835000000000036
31.835000000000036
31.835000000000036
31.835000000000036
31.835000000000036
31.835000000000036
31.835000000000036
31.835000000000036
31.835000000000036
31.835000000000036
31.835000000000036
31.835000000000036
31.835000000000036
31.835000000000036
31.835000000000036
31.835000000000036
31.835000000000036
31.835000000000036
31.835000000000036
31.835000000000036
31.835000000000036
31.835000000000036
31.835000000000036
31.835000000000036
31.835000000000036
31.835000000000036
31.835000000000036
31.835000000000036
31.835000000000036
31.835000000000036
31.835000000000036
31.835000000000036
31.835000000000036
31.835000000000036
31.835000000000036
31.835000000000036
31.835000000000036
31.835000000000036
31.835000000000036
31.835000000000036
31.835000000000036
31.835000000000036
31.835000000000036
31.835000000000036
31.835000000000036
31.835000000000036
31.835000000000036
31.835000000000036
31.835000000000036
31.835000000000036
31.835000000000036
31.835000000000036
31.835000000000036
31.835000000000036
31.835000000000036
31.835000000000036
31.835000000000036
31.835000000000036
31.835000000000036
31.835000000000036
31.835000000000036
31.835000000000036
31.835000000000036
31.835000000000036
31.835000000000036
31.835000000000036
31.835000000000036
31.835000000000036
31.835000000000036
31.835000000000036
31.835000000000036
31.835000000000036
31.835000000000036
31.835000000000036
31.835000000000036
31.835000000000036
31.835000000000036
31.835000000000036
31.835000000000036
31.835000000000036
31.835000000000036
31.835000000000036
31.835000000000036
31.835000000000036
31.835000000000036
31.835000000000036
31.835000000000036
31.835000000000036
31.835000000000036
31.835000000000036
31.835000000000036
31.835000000000036
31.835000000000036
31.835000000000036
31.835000000000036
31.835000000000036
31.835000000000036
31.835000000000036
31.835000000000036
31.835000000000036
31.835000000000036
31.835000000000036
31.835000000000036
31.835000000000036
31.835000000000036
31.835000000000036
31.835000000000036
31.835000000000036
31.835000000000036
31.835000000000036
31.745500000000035
31.444900000000036
31.444900000000036
31.444900000000036
31.327900000000042
31.186800000000037
31.186800000000037
31.327900000000042
31.327900000000042
31.327900000000042
31.327900000000042
31.327900000000042
31.186800000000037
31.18680000000004
31.18680000000004
31.18680000000004
31.18680000000004
31.18680000000004
31.147100000000034
31.22930000000004
31.229300000000045
31.229300000000045
31.054800000000036
31.444400000000037
31.23000000000004
31.118400000000037
31.23000000000004
31.12170000000004
31.709800000000037
31.444400000000037
31.11840000000004
31.11840000000004
31.118400000000037
30.779200000000046
30.626400000000046
30.538600000000038
31.055200000000045
30.722200000000047
31.620300000000032
30.564000000000036
30.664700000000032
30.691400000000037
30.691400000000037
30.69140000000004
30.69140000000004
30.93070000000004
30.69140000000004
30.69140000000004
30.69140000000004
30.691400000000044
30.691400000000044
30.691400000000044
30.383700000000044
30.972100000000033
30.92960000000003
30.92960000000003
30.92960000000003
29.89040000000004
29.89040000000004
29.89040000000004
29.89040000000004
30.282500000000038
30.282500000000038
30.294370000000036
31.09610000000005
29.88450000000003
29.88450000000003
30.22710000000004
29.834100000000028
29.60350000000004
29.81137000000003
30.373800000000045
30.28310000000003
30.08660000000003
28.785400000000017
29.42127000000003
29.42127000000003
28.83417000000003
29.552800000000033
28.466800000000028
28.466800000000028
28.324100000000023
28.324100000000023
29.89020000000004
29.89020000000004
28.18707000000002
28.260570000000023
28.38860000000003
10.789799999999993
27.28240000000002
26.63420000000001
26.63420000000001
26.63420000000001
26.63420000000001
26.63420000000001
26.63420000000001
26.63420000000001
27.702300000000022
25.98600000000001
25.29810000000001
26.28440000000001
24.056600000000035
24.689600000000013
24.96180000000001
24.96180000000001
24.645100000000006
24.645100000000006
24.00170000000001
24.00170000000001
24.313600000000008
24.313600000000008
24.313600000000008
24.313600000000008
23.66540000000001
12.748499999999982
23.35360000000001
12.707599999999985
12.707599999999985
12.707599999999985
23.111600000000013
23.111600000000013
22.28370000000001
23.408200000000008
11.876999999999988
21.110400000000013
20.944300000000013
12.627199999999984
1.7485
20.89390000000001
20.388100000000005
20.513980000000004
11.927399999999986
11.927399999999986
11.927399999999986
11.927399999999986
11.927399999999986
11.927399999999986
11.927399999999986
11.927399999999986
11.064799999999991
19.1998
18.066599999999998
19.052800000000005
11.846999999999985
11.846999999999985
11.846999999999985
11.846999999999985
11.846999999999985
11.846999999999985
16.49799999999999
16.45829999999999
8.623399999999998
9.421599999999994
9.421599999999994
16.121999999999982
15.473799999999983
15.473799999999983
10.664199999999992
10.664199999999992
9.205099999999996
9.205099999999996
10.366999999999994
10.366999999999994
10.366999999999994
10.252699999999994
11.960599999999987
8.865399999999998
11.272699999999988
8.044400000000003
8.044400000000003
8.044400000000003
8.4753
7.179200000000003
3.1785000000000005
3.1785000000000005
1.4886
1.4886
2.1368
2.7453000000000003
1.4489
1.4489
0.8007
9.976299999999995
0.4644
-0.18379999999999996
-0.18379999999999996
8.404
8.404
11.035899999999987
11.035899999999987
11.035899999999987
11.035899999999987
11.035899999999987
11.035899999999987
11.035899999999987
8.320300000000001
