2.0652162641524185
2.848549864436727
3.1042259037273796
2.6873475983813506
2.6332616330985523
2.6332616330985523
3.7227393142814638
2.320244407191014
3.2358311556188744
3.2358311556188744
3.1817426189065436
3.1926252904502244
3.4580605889889355
2.9908488835414886
3.784719287053317
3.0808589868615712
3.763348007195635
2.311414396766599
2.311414396766599
3.4843396112739375
2.780223747421511
3.291808707033642
2.875101415907908
2.875101415907908
3.1704657471591666
3.1704657471591666
2.3967413748665685
3.093737175382725
3.3454984837134036
4.079628899451788
1.9843396023089532
1.9843396023089532
1.9843396023089532
1.9843396023089532
3.2160299790994733
3.1724541305047076
3.1697110859263606
3.1293001286785023
3.275260382327402
4.5267646745954915
3.0933310332571207
3.1105571378876444
2.943669143332201
3.2817679446134953
2.615130364780992
2.337686712561265
2.337686712561265
2.337686712561265
2.337686712561265
2.337686712561265
3.727459837836701
3.727459837836701
3.0382991256071152
3.3744054766585547
2.9323484655391425
3.462941054101158
2.4092093610735255
2.4092093610735255
2.4092093610735255
2.4092093610735255
2.6656825273031473
4.219326537053608
3.3026064814107103
3.6132950900017553
4.177024790949726
2.9460404786156236
3.3403098059347407
3.498036026844831
3.498036026844831
3.498036026844831
3.682240700616787
3.682240700616787
3.682240700616787
3.425840427834972
3.447666352793288
3.92369353347613
3.9398006151255487
2.5076376962135054
2.5076376962135054
2.5076376962135054
2.5076376962135054
3.4267277068537947
2.886272273635857
3.0234277349098138
3.368031146208228
3.557308069285149
3.275442532439092
2.999806830105859
2.999806830105859
2.999806830105859
2.999806830105859
2.999806830105859
2.999806830105859
2.999806830105859
2.8387586632877078
2.8387586632877078
2.7492303950053163
3.3094189606381628
4.230118681956308
3.613718922088463
3.613718922088463
3.613718922088463
2.6934161046794216
3.275731714584322
3.2598686314542897
2.9887873711106465
3.7171751081011957
3.7171751081011957
3.6825394495996244
3.6825394495996244
4.091984231509166
4.091984231509166
3.5512864247228144
3.678762322238409
3.678762322238409
3.4409207940794886
4.012282441022251
1.6264245396793076
3.3090633187813507
2.9083126382522018
2.9083126382522018
4.145224891326258
3.1748968506269932
3.1748968506269932
3.965876852610007
3.24535231331698
3.24535231331698
3.24535231331698
3.50808415176024
3.1600164603850143
3.7769551504784014
3.240632151802261
3.4426262111975827
3.250982151802262
3.5017239360079833
2.8759515257764043
2.91146720979593
3.1299925522973373
2.6012371969351005
2.6012371969351005
2.6115886713627283
3.9603347232162225
3.9603347232162225
3.651152343028431
3.3580068128829
3.65770658279508
4.053393714556009
3.499712466112765
3.1367681480693435
3.1367681480693435
2.731458358116395
3.5218248326022987
3.6111061718250284
3.3710567857903193
3.23628602286211
3.299051254586554
3.7275862202975425
2.972869738261153
3.184056456578806
3.923638362653156
2.797440724672432
3.708434096092896
4.066422792947727
3.0728462920737556
3.0728462920737556
3.0634744127888904
2.8669958430889473
2.8669958430889473
3.7457217562878027
3.4860719950145924
3.896764847039927
3.220541269366149
2.9962914415819917
3.350475087145578
4.553252566063794
3.642254641708326
3.159363153839241
1.493058936523438
1.493058936523438
2.456805455418337
2.456805455418337
3.3679432484200564
3.8020709447958785
3.419900534865457
2.5502922022580616
3.4401134267988827
3.4401134267988827
3.4401134267988827
3.4401134267988827
3.4401134267988827
3.152941104968031
3.152941104968031
3.233187532974396
4.479126289451224
3.4179999521760394
3.4179999521760394
4.052600914825849
2.3750597047946282
2.3750597047946282
2.5154546111406617
3.1005742332502253
3.285017644024453
2.222151998051018
2.222151998051018
2.222151998051018
2.222151998051018
2.222151998051018
2.222151998051018
3.6855709877726452
3.664803195843568
2.7889769302353002
2.7889769302353002
3.0813145102224997
3.0813145102224997
3.0813145102224997
3.0813145102224997
2.764699182749787
3.129627077936477
3.8210152310888628
3.3769432543958278
2.797030703206513
3.279804549992308
2.6084016364955414
2.5852664274837043
2.7856477307054295
4.0388426321499775
3.2484387789115576
3.0935564226339336
3.4479103580729946
3.0495329408525578
3.0495329408525578
3.0495329408525578
3.0883167775527953
4.430178857602549
3.4521011012090907
2.6143744897142103
3.893635895211375
2.6476049331988367
2.308743187822479
3.468792318317198
2.9179492322623357
3.282828305648417
4.140359690330319
4.140359690330319
4.191666925501163
2.862841996935101
3.936094027020115
3.418974685738913
3.1391644041261264
3.7092565343508612
2.923025371930251
3.4778921065533943
2.984004165896021
3.5156101382506666
4.104052550928637
3.730622717248804
3.730622717248804
3.730622717248804
2.9743892122547173
3.0673381259364545
3.3540092371849113
3.3788259938533676
4.889131660768417
2.927709424526368
3.1938719237863555
3.4281523740509376
3.9427514074774948
2.775203499095282
3.452492068846002
4.012486530823611
2.4979869121000373
3.9055518883373432
2.39319583924841
3.3361482151506783
3.5684217515705114
3.4731043557572985
3.470662581666515
3.4724279662818986
4.348319638319616
3.8891410002232494
3.652999131048068
2.9967509200120244
3.0315182672852448
3.0315182672852448
4.2498461316918625
3.8450354202983412
3.8450354202983412
4.146707748433835
3.2969006181726073
3.446790570065451
3.327809182485991
4.00820385469623
3.5156127634539587
3.50892783633301
3.723888373521719
3.7106513742844722
3.9816757797222317
4.274686193158523
4.077889699821635
3.0318459353966407
3.0318459353966407
2.6056699618969112
2.883219218084097
3.98117399757073
3.7585676388782474
4.267794101122599
3.8232779736947826
3.4096215208504086
3.190357654510584
2.904506227682038
3.646659153986503
3.2326257758925845
4.302759790332718
2.4273019587896574
3.310603414341532
2.8046555511532922
3.0471143661658715
4.023754692650763
3.012983052987064
3.8273951704712577
3.7206892325673575
3.356543672959546
3.696539083631703
3.893664896771706
3.705959422070295
3.4691819724010795
2.5007999298515173
3.2924592752740782
3.4974176326892454
3.3923636469885263
4.693568824157733
3.6057112961906848
3.7074399572321255
3.5229566897042615
2.4436471493490473
3.563765802510268
2.6859047780706504
4.071909204622074
3.4368901834764696
2.9793210428149397
3.718521364663432
2.8736519192414374
4.966209053493614
3.4032968416480536
3.5690920957597685
3.581096544432489
4.776867472159847
3.042929729880587
2.8205400154698186
3.7210526846697656
3.598923358573961
3.7192722356643344
2.815072522104881
2.7246157745791315
4.168325297305477
3.428154421700614
3.4810325514174316
4.693475366384012
3.7811949190245144
3.9016014956539937
3.616431956356424
3.827331672065167
3.664277075970875
3.776695969327956
3.0809368175907625
3.244471981961559
3.5268941836142
2.479098076429109
3.6797765211594093
3.6541272880637727
4.203539601108821
4.379655664599853
3.6106719457666365
3.349365613004066
2.8483197725548397
3.7384470608391602
3.2235979404615955
3.083153658708449
2.8337544828840997
3.3099102569479495
3.174385899835878
3.622427442978301
4.238616085328822
2.698407553961479
5.043613177304085
3.9797661426247
3.8626009368668104
2.8736879566073696
4.448849491482505
4.111300471328406
2.398266173757362
4.3068508321190535
4.5509098845815235
2.6512658340489637
4.0355943815774555
2.8051196621088206
4.415645750155943
4.235015145769078
3.1881633533046383
2.8211065464117624
2.850657814409029
2.7869636513635836
2.693467720947371
2.693467720947371
3.221220391737563
3.1370025292416877
2.6640506966326445
4.1252397396987615
2.672591409578235
2.85323049988304
2.6691233571867574
2.3348382610329104
2.5493464935122443
2.4908928162182224
1.6194254264962247
2.396477545004979
2.396477545004979
2.1887976392279302
2.1887976392279302
2.1887976392279302
2.1887976392279302
2.1887976392279302
2.378283663564371
2.6175766508018885
1.906836629648181
3.685081817914809
3.5958955035358766
4.243865350251305
3.116747120849838
2.4831785733493703
2.277097124153677
3.223643898905319
2.162327036514114
4.002093474034499
2.477577379946455
3.1037055143366317
2.112885253391843
2.2178715644777114
3.7511645384179495
4.566691697844442
4.816538346728015
2.9550671998698714
3.341842310972596
4.482449671892423
4.076467311220435
3.057159038933226
4.488339798846387
4.255694091950238
3.760803192481137
3.992968470175059
4.297215354160288
4.071639604478303
3.0650445815504863
4.351480115558061
4.312198796489548
2.814663902109496
4.054249346327292
4.114595500173445
4.81609227723721
4.466516182975814
4.731066252110849
6.4759606899806705
6.963984615384615
7.3284153846153846
4.007672907903831
3.883967013751387
4.074932085562178
3.9643372079580246
3.7445593385497826
4.785467377887153
3.396901013170228
3.715406372377922
4.562607395105409
4.641505390171899
4.952654779905204
5.6538592688842195
4.704009493513793
3.9732614757088305
5.280501330726535
4.809981066632631
4.721308600090395
4.28809424030412
3.7692922336409413
4.434256741722426
4.529481222695603
4.819813358310167
3.9800640462676906
5.176023355562373
4.936053846600294
3.71697551880661
4.104561455485964
5.523192925098916
4.932119534752458
5.920037773449551
5.253177126852928
5.554285643081131
5.997006940320914
4.779681609737271
5.092946372921415
5.146614901904
