[0.03419017]
[0.0339417]
[0.03400285]
[0.03400269]
[0.03400269]
[0.03400269]
[0.03400269]
[0.03400269]
[0.0340036]
[0.0340036]
[0.0340036]
[0.0340036]
[0.0340036]
[0.0340036]
[0.0340036]
[0.0340036]
[0.0340036]
[0.0340036]
[0.0340036]
[0.0340036]
[0.0340036]
[0.0340036]
[0.0340036]
[0.0340036]
[0.0340036]
[0.0340036]
[0.0340036]
[0.0340036]
[0.0340036]
[0.0340036]
[0.0340036]
[0.0340036]
[0.0340036]
[0.0340036]
[0.0340036]
[0.0340036]
[0.0340036]
[0.0340036]
[0.0340036]
[0.0340036]
[0.0340036]
[0.0340036]
[0.0340036]
[0.0340036]
[0.0340036]
[0.0340036]
[0.0340036]
[0.0340036]
[0.0340036]
[0.0340036]
[0.0340036]
[0.0340036]
[0.0340036]
[0.0340036]
[0.0340036]
[0.0340036]
[0.03423227]
[0.03400379]
[0.03400379]
[0.03400379]
[0.03400379]
[0.03400379]
[0.03400379]
[0.03400379]
[0.03400379]
[0.03400379]
[0.03400379]
[0.03400379]
[0.03420408]
[0.03438072]
[0.03420354]
[0.03420354]
[0.03420354]
[0.03437804]
[0.03437804]
[0.03438072]
[0.03389077]
[0.03389077]
[0.03389077]
[0.03389077]
[0.03389077]
[0.03389077]
[0.03389077]
[0.03389077]
[0.03389077]
[0.033853]
[0.033853]
[0.033853]
[0.033853]
[0.033853]
[0.033853]
[0.033853]
[0.033853]
[0.033853]
[0.033853]
[0.033853]
[0.033853]
[0.033853]
[0.033853]
[0.033853]
[0.033853]
[0.033853]
[0.033853]
[0.033853]
[0.033853]
[0.033853]
[0.033853]
[0.033853]
[0.033853]
[0.033853]
[0.033853]
[0.033853]
[0.033853]
[0.033853]
[0.033853]
[0.033853]
[0.033853]
[0.033853]
[0.033853]
[0.033853]
[0.033853]
[0.033853]
[0.033853]
[0.033853]
[0.033853]
[0.033853]
[0.033853]
[0.033853]
[0.033853]
[0.033853]
[0.033853]
[0.033853]
[0.033853]
[0.033853]
[0.033853]
[0.033853]
[0.033853]
[0.033853]
[0.033853]
[0.033853]
[0.033853]
[0.033853]
[0.033853]
[0.033853]
[0.033853]
[0.033853]
[0.033853]
[0.033853]
[0.033853]
[0.033853]
[0.033853]
[0.033853]
[0.033853]
[0.033853]
[0.033853]
[0.033853]
[0.033853]
[0.033853]
[0.033853]
[0.033853]
[0.033853]
[0.033853]
[0.033853]
[0.033853]
[0.033853]
[0.033853]
[0.033853]
[0.033853]
[0.033853]
[0.033853]
[0.033853]
[0.033853]
[0.033853]
[0.033853]
[0.033853]
[0.033853]
[0.033853]
[0.033853]
[0.033853]
[0.033853]
[0.033853]
[0.033853]
[0.03541965]
[0.03541965]
[0.03541965]
[0.03541965]
[0.03541965]
[0.03541965]
[0.03541965]
[0.03402932]
[0.03402932]
[0.03401216]
[0.03403053]
[0.03403053]
[0.03422017]
[0.03437417]
[0.03379474]
[0.03379474]
[0.03379474]
[0.03379474]
[0.03379474]
[0.03379474]
[0.03379474]
[0.03379474]
[0.03379474]
[0.03379938]
[0.03401294]
[0.03441011]
[0.03441011]
[0.03402824]
[0.03401176]
[0.03401176]
[0.03411567]
[0.03403029]
[0.03403029]
[0.03403029]
[0.03403029]
[0.0338676]
[0.03409279]
[0.03409279]
[0.0338677]
[0.03389696]
[0.03386696]
[0.03515948]
[0.03405785]
[0.03405053]
[0.03432405]
[0.03487749]
[0.03392721]
[0.03448257]
[0.03388386]
[0.03380535]
[0.03383798]
[0.03380535]
[0.03394652]
[0.03496659]
[0.03424516]
[0.03460803]
[0.03419221]
[0.03389855]
[0.0343064]
[0.0343064]
[0.03393168]
[0.03456793]
[0.03401073]
[0.03401073]
[0.03400495]
[0.03400495]
[0.03496659]
[0.03496746]
[0.03401075]
[0.03496659]
[0.03496659]
[0.03401595]
[0.03401595]
[0.03457527]
[0.03496659]
[0.03466893]
[0.03526952]
[0.0340925]
[0.03427119]
[0.03427119]
[0.03427119]
[0.03427119]
[0.0338657]
[0.03422182]
[0.03413893]
[0.03413893]
[0.03431992]
[0.03427119]
[0.03414351]
[0.03509223]
[0.03427119]
[0.03412422]
[0.0337745]
[0.03427119]
[0.03611654]
[0.03421339]
[0.03509791]
[0.03890527]
[0.03413786]
[0.03399168]
[0.03500873]
[0.03416624]
[0.03758525]
[0.03382612]
[0.03765468]
[0.03451128]
[0.03416146]
[0.03416146]
[0.03390818]
[0.03416688]
[0.0345198]
[0.03525292]
[0.03438978]
[0.03517347]
[0.0348654]
[0.03415971]
[0.03423298]
[0.03593529]
[0.03409903]
[0.03409903]
[0.03410341]
[0.03440363]
[0.03448893]
[0.03878831]
[0.03405071]
[0.03457064]
[0.03826224]
[0.03422303]
[0.03444158]
[0.03411613]
[0.03381843]
[0.03415088]
[0.03375247]
[0.0351701]
[0.03685205]
[0.03579226]
[0.03816171]
[0.03492197]
[0.03494884]
[0.03518809]
[0.03843972]
[0.03422336]
[0.03422312]
[0.03372431]
[0.03433475]
[0.03427502]
[0.03427502]
[0.03469029]
[0.03401272]
[0.03473255]
[0.03477883]
[0.03565718]
[0.03719476]
[0.03536662]
[0.03541923]
[0.04112649]
[0.03537463]
[0.03714196]
[0.03471379]
[0.03619104]
[0.03662471]
[0.03635149]
[0.04329649]
[0.039331]
[0.039331]
[0.039331]
[0.039331]
[0.03830332]
[0.49647674]
[0.067]
[0.04674904]
[0.07098945]
[0.03752601]
[0.0423977]
[0.03698925]
[0.04683945]
[0.04880152]
[0.17264652]
[0.03732378]
[0.04857438]
[0.04121913]
[0.05367316]
[0.04196664]
[0.11114656]
[0.03940708]
[0.03940708]
[0.05611553]
[0.05039413]
[0.09954905]
[0.08604473]
[0.08604473]
[0.04314392]
[0.03816685]
[0.04666399]
[0.10541849]
[0.07555149]
[0.5793158]
[0.1407015]
[0.07005814]
[0.0407484]
[0.03522304]
[0.03522304]
[0.03781096]
[0.03781096]
[0.09857985]
[0.07841839]
[0.07841839]
[0.07841839]
[0.07841839]
[0.07841839]
[0.04710221]
[0.04710221]
[0.04710221]
[0.08970826]
[0.10342734]
[0.04833444]
[0.09105872]
[0.05890951]
[0.46072698]
[0.04492645]
[0.04492645]
[0.06547554]
[0.2126067]
[0.15194537]
[0.04788185]
[0.06533522]
[0.12259046]
[0.07648466]
[0.06832093]
[0.28300813]
[0.1886842]
[0.1162753]
[0.08492987]
[0.06948239]
[0.06722932]
[0.06722932]
[0.03505161]
[0.11597532]
[0.05710137]
[0.05710137]
[0.20569691]
[0.04405315]
[0.05012776]
[0.05012776]
[0.05797135]
[0.07502569]
[0.06585545]
[0.06585545]
[0.09742562]
[0.12646408]
[0.25128138]
[0.21764295]
[0.18884309]
[0.07920913]
[0.07920913]
[0.28015512]
[0.0421196]
[0.09094375]
[0.10689691]
[0.10689691]
[0.14219733]
[0.10487037]
[0.37790835]
[0.07539194]
[0.05105276]
[0.08447575]
[0.08447575]
[0.08447575]
[0.08447575]
[0.08447575]
[0.08447575]
[0.08961275]
[0.09760358]
[0.1745161]
[0.04229129]
[0.13805816]
[0.13805816]
[0.16376083]
[0.07997507]
[0.15932351]
[0.08514624]
[0.07435857]
[0.03401797]
[0.08164659]
[0.17501941]
[0.05234776]
[0.03343943]
[0.03343943]
[0.3019676]
[0.03360947]
[0.03343943]
[0.03379329]
[0.03379329]
[0.03572206]
[0.03417913]
[0.03343943]
[0.03343943]
[0.08630627]
[0.03344182]
[0.03378271]
[0.03397711]
[0.03428671]
[0.03820131]
[0.03415957]
[0.03415957]
[0.21783203]
[0.03517016]
[0.034076]
[0.04029724]
[0.0348229]
[0.0348229]
[0.03459659]
[0.03692371]
[0.03605326]
[0.03986289]
[0.03986289]
[0.03654021]
[0.03414245]
