5.844780000000004
6.353380000000005
6.353380000000005
6.353380000000005
6.353380000000005
6.353380000000005
6.2849800000000045
6.9584000000000055
3.612800000000002
6.332580000000005
1.6480999999999997
4.815100000000004
8.911920000000002
2.3388
4.968800000000004
5.436780000000004
5.684980000000005
5.8085800000000045
5.8085800000000045
5.8085800000000045
5.8085800000000045
5.8085800000000045
5.8085800000000045
5.8085800000000045
3.7142800000000022
6.337700000000005
5.476380000000005
5.766080000000004
4.876180000000002
5.502800000000004
5.264100000000005
5.032100000000004
5.032100000000004
5.502800000000004
5.502800000000004
7.3533200000000045
7.044900000000005
2.0852999999999997
2.0852999999999997
2.0852999999999997
6.717400000000004
6.605000000000004
6.605000000000004
6.605000000000004
6.658300000000004
6.658300000000004
5.199880000000005
2.3670999999999998
2.5232
5.112700000000004
5.112700000000004
4.642000000000003
4.642000000000003
4.642000000000003
4.642000000000003
4.642000000000003
8.391380000000002
9.039579999999997
7.137620000000007
2.7239000000000004
2.7239000000000004
4.338800000000003
5.086800000000004
5.086800000000004
1.7887199999999996
8.322980000000003
6.747520000000007
2.4985999999999997
2.4985999999999997
2.4985999999999997
2.4985999999999997
4.862280000000004
6.177300000000006
7.347280000000006
7.975380000000006
3.8969000000000023
3.8969000000000023
3.9228000000000023
9.17832
1.4802999999999997
1.4802999999999997
1.4802999999999997
3.4517200000000017
3.4517200000000017
3.4517200000000017
3.4517200000000017
3.4517200000000017
3.4517200000000017
3.4517200000000017
3.4517200000000017
3.4517200000000017
3.4517200000000017
3.4517200000000017
3.4517200000000017
3.4517200000000017
3.4517200000000017
3.4517200000000017
5.128380000000004
5.698800000000005
8.161580000000004
2.4161
5.561000000000004
5.953300000000005
5.953300000000005
5.663600000000005
7.227880000000006
3.0558000000000014
3.0558000000000014
3.1304000000000007
4.875700000000005
7.771480000000006
9.194679999999996
9.732999999999999
5.047900000000005
6.096700000000005
5.653280000000005
5.653280000000005
7.0916800000000055
10.297119999999993
1.9450999999999998
4.973480000000004
3.013300000000001
1.9025999999999998
5.587900000000005
6.627100000000004
6.627100000000004
5.906680000000005
5.906680000000005
10.031579999999995
4.932680000000003
4.666000000000003
6.718700000000005
10.955819999999989
10.955819999999989
3.2074000000000007
3.2074000000000007
6.331120000000006
10.83051999999999
6.998400000000006
10.88741999999999
3.7550000000000017
6.693900000000005
3.2191800000000015
2.5508000000000006
2.5508000000000006
2.5508000000000006
2.5508000000000006
2.5508000000000006
2.1939999999999995
4.5553000000000035
3.0645000000000007
4.8857000000000035
5.048280000000004
5.048280000000004
5.048280000000004
4.706980000000003
4.706980000000003
6.608300000000006
6.608300000000006
6.608300000000006
5.136880000000003
7.122000000000006
9.46182
8.85622
10.373719999999993
5.0223800000000045
4.666180000000003
4.666180000000003
4.666180000000003
4.666180000000003
4.666180000000003
4.666180000000003
4.666180000000003
8.923100000000002
8.923100000000002
8.923100000000002
8.923100000000002
4.708680000000004
6.6725000000000065
6.6725000000000065
10.044919999999996
10.346319999999993
6.589380000000006
9.64852
4.111680000000002
4.111680000000002
4.033480000000003
4.716470000000003
4.233080000000003
4.708380000000004
4.708380000000004
4.708380000000004
4.7042800000000025
4.7042800000000025
9.881219999999997
6.972120000000006
2.51548
6.505400000000006
6.989600000000007
7.2980200000000055
7.2980200000000055
7.2980200000000055
3.780680000000002
7.057620000000005
10.80951999999999
10.76701999999999
10.76701999999999
7.103620000000006
1.4374999999999996
7.051220000000007
5.112700000000003
4.181880000000002
4.181880000000002
4.181880000000002
4.181880000000002
4.181880000000002
4.181880000000002
4.181880000000002
6.727000000000005
6.727000000000005
6.727000000000005
1.8547699999999998
7.593080000000006
5.181180000000003
6.178480000000005
4.500080000000003
4.735080000000002
2.76018
8.561720000000003
6.329580000000004
6.329580000000004
1.6353999999999995
8.7568
4.091380000000003
5.357000000000004
10.214219999999994
7.1920500000000045
9.643819999999996
5.518500000000004
4.173080000000003
4.173080000000003
5.204400000000005
6.721350000000005
4.644180000000004
4.644180000000004
4.644180000000004
4.644180000000004
4.644180000000004
9.457519999999999
6.583550000000003
2.5131800000000006
5.260180000000005
2.3069800000000007
7.127220000000006
4.262020000000004
5.397300000000003
8.750220000000002
5.035880000000005
7.111800000000006
3.0574000000000012
2.88938
3.826400000000003
3.2889000000000017
3.2889000000000017
5.319600000000005
5.319600000000005
5.319600000000005
5.319600000000005
5.319600000000005
5.319600000000005
5.319600000000005
5.319600000000005
5.319600000000005
3.9122800000000035
6.405700000000005
4.388300000000004
4.549580000000003
8.881000000000002
5.436900000000004
4.478080000000004
4.478080000000004
4.478080000000004
4.193900000000003
8.166220000000008
4.243180000000003
1.8006
5.202300000000005
4.311980000000004
4.914100000000004
4.3522000000000025
6.732750000000005
4.775300000000003
10.641019999999992
4.349000000000003
4.354480000000003
2.525800000000001
3.770800000000003
3.770800000000003
9.101819999999998
3.6370800000000028
3.799400000000002
4.861600000000004
3.282300000000002
4.139100000000003
2.1430999999999996
10.155219999999995
6.0369000000000055
6.739200000000005
5.545120000000004
4.471080000000002
10.59261999999999
9.251519999999998
6.091000000000005
6.5186000000000055
7.535400000000007
5.983300000000006
4.160400000000004
4.160400000000004
4.160400000000004
4.160400000000004
4.160400000000004
4.160400000000004
4.160400000000004
4.160400000000004
4.624400000000004
6.5602000000000045
4.247700000000003
6.955300000000006
7.371860000000005
3.476700000000002
3.305900000000001
7.523220000000007
2.6343000000000005
4.026780000000003
5.4958000000000045
3.4881000000000015
5.898500000000005
3.2131000000000016
10.158319999999994
6.646300000000005
5.270900000000005
10.71451999999999
9.562219999999996
6.443000000000005
2.6667000000000005
2.5235000000000003
3.3500000000000023
6.9988000000000055
3.619200000000003
2.8294000000000006
2.6633000000000004
7.195800000000004
1.9016
4.782400000000004
5.117700000000005
2.9280000000000017
0.1152999999999999
3.0406000000000013
2.2732
3.9756800000000014
3.0168000000000017
7.0133200000000055
5.699600000000004
6.765500000000005
8.81748
4.701700000000003
5.059600000000004
3.267190000000001
5.684200000000005
1.4075
2.0802
6.445280000000006
4.487750000000003
3.4545800000000013
3.042700000000001
4.363500000000003
2.3663
6.321730000000004
7.6230000000000055
6.149700000000004
6.444300000000005
4.9806700000000035
7.780780000000007
6.239600000000006
4.018900000000003
2.896700000000002
5.271500000000003
3.7616000000000014
5.575600000000005
5.944500000000004
1.8828999999999996
3.6791800000000023
3.684800000000001
4.619100000000004
1.3749999999999998
0.7871999999999999
0.7871999999999999
1.9941999999999995
4.638100000000004
2.762900000000001
2.1079
3.220100000000002
2.2986000000000004
5.304900000000004
4.722800000000004
7.6554000000000055
5.332400000000004
5.332400000000004
3.333200000000002
2.8992000000000004
5.638700000000004
2.0458000000000003
3.6601000000000017
5.333180000000004
4.579600000000004
5.5857000000000046
4.727800000000004
5.543100000000004
3.2252800000000015
1.7030999999999998
3.7702800000000023
4.637000000000004
1.1626
2.1822999999999997
2.2267
3.770500000000003
5.897800000000005
1.4895
5.176900000000003
4.346080000000003
0.5857
3.0428000000000015
4.481400000000002
7.728620000000008
3.4191000000000016
3.603200000000001
2.2498000000000005
10.76659999999999
2.7022000000000013
5.075580000000003
3.5062000000000024
3.1152000000000015
2.4072000000000005
5.129680000000004
1.3528199999999997
1.2486999999999997
1.6977999999999995
6.042900000000004
3.967200000000002
1.6933999999999998
1.7485
1.7361
7.829420000000007
2.9680800000000014
-0.17039999999999988
0.37129999999999996
3.529200000000003
2.3086
1.0699999999999996
3.358880000000002
1.3994
1.3867
1.4498
5.388400000000005
3.459900000000001
1.9624999999999997
1.1784999999999999
0.020699999999999996
0.8176999999999999
1.7014999999999998
8.023300000000006
0.7146699999999999
5.1908800000000035
2.404
1.8325999999999996
4.132800000000004
9.54712
7.899580000000005
5.801100000000004
5.118070000000005
8.360200000000004
9.252099999999999
3.6035000000000013
2.0852
7.932380000000005
2.2018000000000004
6.819700000000005
4.386980000000004
5.5110000000000054
3.6045000000000025
5.383500000000005
6.500400000000004
6.697200000000007
3.9556000000000022
2.6132
5.780980000000005
6.1187800000000045
4.220200000000003
5.961080000000004
6.412980000000006
