3.6580693330431906
3.352448704774792
3.3737427796188673
3.3737427796188673
2.646274728900135
3.2148940335161074
3.3586789668535033
3.5996231592834658
2.7739775149530885
2.7739775149530885
2.7739775149530885
3.5636663442004846
4.995465080415579
3.588043004263671
3.572262110849943
3.3211302287253393
2.703667500299561
3.51144062073171
3.394436450444796
2.638532089242794
3.185297242502534
3.138997948954218
3.4739279668791614
4.3510862143425495
3.0317817227649826
2.533013190438597
3.2125752473102267
3.4073194821190027
3.21602096861427
3.21602096861427
3.21602096861427
3.21602096861427
3.21602096861427
3.3371671306559376
3.8613772470039818
3.03844993121392
2.570179438030012
2.570179438030012
2.570179438030012
3.3135988749184904
2.7323759365315095
3.2409371463486867
3.2409371463486867
3.6858544701684774
3.1352312249924195
3.2867369054657933
3.2867369054657933
3.2867369054657933
3.2867369054657933
2.472785978949581
3.1399437630474365
3.1399437630474365
3.36124005479125
3.483827446347062
3.483827446347062
3.424244219048047
3.0469586907316275
3.610667413966741
2.600749369583541
2.600749369583541
2.600749369583541
2.600749369583541
2.8586744475554475
3.1023537470830904
3.1023537470830904
3.3932517378450378
3.3932517378450378
3.3932517378450378
3.575024911983257
3.3052631472773744
3.7406737807615373
2.6299684681424154
2.6299684681424154
2.6299684681424154
2.6299684681424154
2.6299684681424154
2.6299684681424154
2.6299684681424154
2.6299684681424154
2.6299684681424154
2.6299684681424154
2.6299684681424154
2.6299684681424154
2.6299684681424154
2.6299684681424154
2.6299684681424154
2.8510985854827027
3.1611857277008983
3.1611857277008983
3.13995532188624
3.13995532188624
3.62645339542376
2.2990998962386495
3.4664653078326566
4.089186138544636
3.2794018893431875
4.655240271844111
3.1941806924480414
3.7057449528030713
3.0366667293702942
3.395906586191402
3.33630969041878
3.142766833848688
2.4793881382612994
3.5054114186198806
3.375326928945027
3.201172881340529
3.9008055680918545
3.9008055680918545
3.1483139492333043
3.2604473196669765
3.2684343867750556
3.458559682879578
3.458559682879578
3.940922762661991
3.6198174821315616
3.6198174821315616
3.239299565787924
3.576178169308312
3.5136549767114342
2.4412566980160175
3.5839851220073786
3.408971361403279
3.748894884172395
3.0414928143150712
3.0414928143150712
2.566259820047229
4.248700226825855
3.779396905465793
3.469407180545968
3.469407180545968
3.6932333457108566
3.9545513258146068
4.05033792103303
2.927018595844002
3.801932053394788
3.6406083847557333
3.509528260992239
3.6026381807596515
3.7051422709886417
4.00005186842111
2.910550215208909
2.6934840684855885
2.6934840684855885
2.787030382069883
2.481820092114404
3.469351859877266
3.9114457205522424
3.933124355083377
3.3670606002301415
3.3670606002301415
2.4074467249359337
2.4074467249359337
2.4074467249359337
3.259364908962345
3.7297469167850306
3.3320947969351007
2.5472690937311153
2.5472690937311153
2.5472690937311153
2.5472690937311153
2.5472690937311153
3.4795233605491713
3.4795233605491713
3.4795233605491713
3.4795233605491713
3.333832944908803
4.077298969874587
3.7993823335651076
3.612243411790372
3.456648357945163
3.456648357945163
3.456648357945163
3.456648357945163
2.574735019605848
3.083384657810231
3.083384657810231
2.895805158893708
3.3261449178813
2.09852716287309
3.523340658636399
3.8016988826119853
3.954592284077459
3.7517578725213454
3.1271605547989108
3.0261251027001492
3.0261251027001492
3.0261251027001492
3.0261251027001492
3.0261251027001492
3.0261251027001492
3.0261251027001492
3.0261251027001492
3.433110729756504
4.028323554517194
3.9276718392017225
2.014041550810493
3.1500459736941764
3.1500459736941764
3.5832121359383304
3.4680792609551983
3.4680792609551983
3.4680792609551983
3.3338789614005577
3.3338789614005577
3.3585742047786606
3.451345469533279
3.7255023130406704
3.813965888333537
3.715009160620748
3.4722757653962333
3.4717496547250573
3.978779410370711
2.7923568040060704
3.971035384914945
2.9755603024966852
3.133801763590121
4.1544007213563034
3.365955632396438
3.560169428179276
2.4756245505527588
4.165739375622685
3.558640727463364
3.558640727463364
3.558640727463364
3.8511093619468184
2.847475653748635
2.6416033391289133
2.6416033391289133
2.6416033391289133
2.6416033391289133
2.6416033391289133
2.6416033391289133
2.6416033391289133
3.9461951584022072
3.2700899624894646
3.3844678350186914
3.0740535230789297
2.880142774238763
3.500614038761098
2.950399218851043
3.588445682359878
3.396765548580614
3.077371048843757
3.077371048843757
3.077371048843757
3.077371048843757
3.6936487397853206
4.617047309484525
3.688407529264744
3.688407529264744
3.300103211228617
4.574112364429579
3.155352566386739
3.7751202416515692
3.599449707431372
3.599796856603243
3.6753897127862016
3.649709240334648
3.898790321415728
3.898790321415728
3.885371191056441
3.6234367191491756
3.9574203342826815
2.298626889532864
3.973500000299561
3.973500000299561
3.5945833948666976
3.5945833948666976
3.330529201894768
3.308161154145714
3.771433577058456
2.8199068895328647
4.667562080556778
4.667562080556778
3.4110479132389147
4.061727619600767
4.061727619600767
3.5300731034333364
3.5300731034333364
3.699924077008708
2.886880332549195
3.8616693460077025
3.0612435218956318
4.129759318535175
4.982385051459837
3.8040995090160887
3.3076415458899877
3.5414281372802474
3.2059750424256155
4.399320094728347
3.4655573997390645
3.487267107680508
3.911066333343072
3.5394680808229433
3.841920613004066
3.76422750029956
3.76422750029956
4.252584536930968
3.328749627403578
4.221497036052117
3.5500359193326787
3.968188177335178
3.968188177335178
3.968188177335178
4.178569514395326
4.007418376672471
4.322386888460528
4.1718975007017205
4.0222145975247905
3.772753916429921
3.553916538761099
3.035757351071325
3.9870037194961965
2.1248271755462707
2.1248271755462707
3.6969322846866284
4.242467731944471
4.090518911296394
3.75597047330029
3.775089803089182
4.323322576100263
4.084831075367379
3.4515958422329973
3.4515958422329973
3.4515958422329973
3.8967001203430573
3.37564354189165
4.431321364663433
3.500750565166716
3.500750565166716
3.500750565166716
3.500750565166716
3.839478666567474
3.872215911941769
3.868477591204483
3.6013210154520507
4.662577465172163
4.294113107109043
3.543068077222637
3.233802986258457
4.3431892535540495
4.159773329524187
4.337293848671859
4.3194190602863
3.1651381127657494
3.1651381127657494
3.1651381127657494
3.1651381127657494
3.1651381127657494
5.0185793216178025
4.004341031493847
4.627999288142539
3.9315003966343474
4.4096322142652715
4.046042713776229
4.3134413620381045
4.3134413620381045
3.9749961474389357
4.4739803854269535
3.384600280397957
4.037380687565234
2.713163892878052
3.763053065887237
4.1215613562085425
4.333307488085404
4.122015046908374
4.143862531796049
3.375840107421994
3.4953954192587826
4.958645743361657
3.7928990896786496
3.7928990896786496
4.19293981304067
2.0871639864400784
3.052775761120656
4.55984730791932
3.8299606493892613
3.5563742310687907
4.203328840449688
2.5854585765575973
3.894780667924943
3.94791632514681
4.125817317227197
3.645532581161415
4.305930212513472
4.748957599171757
3.9699761306402888
4.21954216514086
3.3126328039900184
3.3392052149944984
3.9810473902153225
3.1693192611947865
4.249326482186757
3.548976776724846
3.9237674418769695
3.8824676847832578
4.463471406447264
4.512986148993438
4.585992947658111
3.0369844956566894
3.598272115684175
2.6936040378497363
4.315702879204077
4.040856346453405
5.044701908875347
3.4250594594936308
3.029984525654614
2.733121814979029
4.071947352406854
2.3065989706339654
4.125603519549446
2.9830713615927813
3.4706986687992423
3.4795672652028387
4.689269540725771
2.791808751985686
2.4811139386275123
1.7650003817735058
4.453594080734106
2.6875025875279945
5.201622952238063
5.548020713474905
5.687653896397592
4.79340129165175
2.4672598526154257
2.5696794337991307
5.218647480825364
3.1038506218461954
3.3528093510713246
4.12662978445489
3.3878432128293587
2.0886109132203075
2.318140789509865
4.374706910165534
2.5460136626152146
5.141673790299507
2.4683179541632345
2.9347457885088986
4.70911687706951
4.711541857372528
5.050526281853188
2.8602465387834037
5.363831683690071
4.141376622961325
4.504872208632554
4.332367444653818
2.880495837909665
3.056957038634983
3.5940415456870953
3.7319677160787332
4.395605897081262
3.80016366749574
3.738129081029573
3.669121765103238
4.508138431083365
5.222370394122683
3.7931448284935874
4.263007717413121
5.228059025600194
3.6496625818405564
4.3439642310687905
3.8685995057225195
4.291361754086525
4.302694114829231
4.656197574083096
4.051823431164882
4.683362190387311
4.097711283989229
4.150187738678158
3.587296393567499
4.239370922209908
4.740064321841252
5.286234737030014
5.3099039477131775
5.452320009077476
5.07397902618194
4.132108454752922
4.983825815108849
3.7601219522258056
3.988033873429627
4.303855375352816
4.490146896988504
4.1956502168336485
5.405805139638245
4.17475481212065
4.74331543814641
4.417085399909504
5.919968390374468
4.426263106164138
4.6842112768628255
3.4329290240039487
5.880813356061254
3.9459838428881673
4.939284772991462
4.761951764794254
4.069720569319632
3.8597939860513515
5.041158895683861
4.1729589672680465
