4.406357951939464
4.170316082416581
3.3854615225945714
3.352491346453406
4.029382918490731
4.121306235798423
4.117868507240557
4.117868507240557
3.873483891855942
4.009679847571372
4.025229954048343
3.9365341883595946
4.494799745413807
3.8406821091055923
4.520544937721501
3.7443190787050193
3.471679964925328
3.85792267805118
3.8558634546063777
5.028841812721501
5.290852671732374
3.727662830113289
5.014783765752538
4.479178149844731
3.8280917848127576
3.805000790441275
3.875028274888762
5.035543976183038
3.914547513525651
3.894124129771493
3.894124129771493
3.058747494741991
4.7668269088753465
3.300764784682875
3.6201799649253266
4.445055391678609
3.976451594863457
4.949775706952269
4.194592088577254
4.194592088577254
4.194592088577254
3.166102938576863
3.7596850965129827
3.3761854058258898
3.3761854058258898
3.3761854058258898
4.171714179722546
3.0990220501076964
3.2269552614138908
3.2269552614138908
3.2269552614138908
3.2269552614138908
4.712431348919189
3.656450791438801
3.0978988161987475
5.08103508195227
3.1745475002995613
3.178490028924201
3.965014357026977
3.4053724306550466
3.152272029209003
3.764360310519246
3.7950420280502906
3.7950420280502906
4.278272034741917
4.527379923033335
3.848403179247084
4.327643794054098
3.790296620413808
4.741931598406287
4.550640851183038
3.8538203026363975
2.9846621472542356
2.9846621472542356
2.9846621472542356
3.137140413471137
4.338381476183038
3.996374676307796
3.996374676307796
4.419832584209798
4.61887221434255
3.144920192607252
3.144920192607252
3.144920192607252
3.144920192607252
3.144920192607252
3.144920192607252
4.695863715311176
4.843452366004744
3.7505101360329114
4.314725641563333
4.086990830624085
4.244564601115888
3.8995412244674785
3.8995412244674785
3.8323882516004737
4.31231588892007
4.4713782984554005
3.6802536985088166
4.339603704011866
4.909330764145632
5.285078765751898
3.776595809411627
4.057620490253657
5.623135033323167
4.358788716848405
2.9564527847307094
5.6797232286940265
3.2690026666138827
4.158931960575911
4.360440765298901
5.66756591465845
4.408144635543442
4.277505995413809
3.63141000029956
4.391969824375397
3.524036646746211
4.588026481645316
4.237078881036923
3.00933853362418
3.00933853362418
3.00933853362418
3.7384613754185896
3.621590024989957
3.4170509404319436
3.456250572137364
4.191006387453793
4.022419129666022
3.093042323192247
3.9399819233764832
3.9399819233764832
3.838829175080475
3.275306286181859
3.275306286181859
3.990462795027515
3.438112319451478
3.438112319451478
3.9222006681275605
4.541279343764378
4.263005580393096
4.151126793811956
3.344361500326782
3.983981059546222
3.983981059546222
3.983981059546222
5.3306432032550655
4.8038628273252195
2.8804328005923647
2.8804328005923647
3.4363709566757947
5.597435615277937
4.3710877102957255
4.0532451304631465
3.7314582344029326
3.69911106841103
4.575073285398124
4.686435492755985
3.606638324089168
3.4173818830799423
3.4519914001153245
4.0331932559129
4.114362378585831
3.5128656532998246
3.4692200180571744
3.4248116443860033
3.889427227660807
3.7517815896069955
3.7517815896069955
3.7517815896069955
2.900764938576863
4.384192014495115
3.8099993795595406
3.8099993795595406
3.8099993795595406
3.8615741487902424
3.8615741487902424
3.8615741487902424
3.8615741487902424
3.8615741487902424
3.8615741487902424
3.8615741487902424
3.8615741487902424
4.2920725027653415
3.6246255021784535
5.288299147311008
3.6493078515028525
2.93267250029956
3.7838419970238135
3.64960761130836
4.50381977369244
4.2499975457248045
4.2499975457248045
3.424761228686009
3.424761228686009
2.890342552138801
3.0258402462212795
4.303580931491558
4.757109764630532
4.6176961006933155
4.6176961006933155
4.6176961006933155
4.6176961006933155
4.6176961006933155
4.724029621362741
4.896360212887604
4.50385011343719
4.50385011343719
5.123439002124716
3.8399531203950446
3.8957596521982936
3.2760965838621825
3.872829943098359
5.100336736939617
4.377793964379329
3.1547829894997594
3.251714767003925
5.254023553828606
3.336922109661268
3.336922109661268
3.336922109661268
4.609464324701854
3.09378734077017
4.101625645503126
5.4728529990646155
4.123208077222637
4.134868088682247
2.923141154145714
3.738193659504147
3.738193659504147
4.722955775017782
4.967795402986413
5.075067253036495
3.765708179439777
6.2085605913313895
5.1490644233764815
5.1490644233764815
5.1490644233764815
4.082499766860752
4.082499766860752
4.082499766860752
2.9772017310687904
4.457166034725205
3.345394333285932
3.1218967640972544
3.1218967640972544
4.35384713190469
3.7898225538536012
3.7898225538536012
3.7898225538536012
3.7898225538536012
3.7898225538536012
3.7898225538536012
3.9532906767024727
3.0155563777589247
3.5060704142588346
5.060232903160776
4.189956272849515
3.5643590469841637
3.0824518449406995
5.61522025962447
2.803656849482257
2.803656849482257
4.984368496911273
4.984368496911273
4.052747772791241
3.743382762210965
2.6260498946875934
5.147738928106115
3.371660298347349
4.804868271996112
3.09527393771611
4.104691461494873
4.104691461494873
4.115374074730387
4.115374074730387
4.092654807991867
4.5480151169940255
4.1636183879833055
4.775732081970631
4.292584631588929
4.121304425842266
5.82249415423121
5.328485617351894
4.303941878621387
3.9232001372369396
5.111130297908906
4.81346200395568
5.096874114589107
4.12199252333118
3.986550460942154
5.035591996090492
4.838492356810837
4.408024478149678
3.3204039197323167
3.809635831941522
3.2902356611328747
2.9520427624569177
2.9520427624569177
3.129480082867837
3.129480082867837
4.0934463340598075
4.055382023260861
4.055382023260861
5.364004194504113
4.893494223837147
3.8090599443112456
5.941457197336884
5.19693948234208
3.830787042258403
3.830787042258403
2.972234094077429
4.892906662591747
3.4756554413526555
3.0338658159756084
3.0338658159756084
3.0338658159756084
3.3600746418697476
3.9864288606960265
3.9864288606960265
4.705102805531998
5.016649760939551
5.460734423376483
3.0801790387610986
3.977538235816784
2.838297115684176
5.920685347777209
5.519658223809348
2.9669763464534054
4.21867128914388
4.369280308809497
4.864414273285595
6.593985953948062
5.636958312324653
3.064859992587685
3.064859992587685
3.064859992587685
2.88429750029956
3.4995578144090302
6.278691874583736
4.128015637657331
4.924127202782321
4.648334608977398
3.4945457641900513
2.896771154145714
3.883009230188745
4.358891067578118
3.889425293659465
3.889425293659465
3.889425293659465
3.889425293659465
3.889425293659465
6.041733242724859
3.791163023420099
3.790999867912011
3.3447057158158398
3.432734939133251
5.305593847277454
4.1693090472306
3.447910232336435
3.8171404252885752
3.966629463479922
4.549807711241883
4.943572208552654
3.596477665830232
4.643458013705816
4.292206544476783
4.503960779825943
4.207930010595174
3.687073346330875
3.7332286066732827
4.105282923508868
4.918754551209997
3.837047910516292
3.935064422275514
3.102336656762729
5.2761635400653635
5.768842559363358
4.544564245816439
3.7505251995489086
3.673155342524419
3.6331773799464555
4.937949100200333
3.6354519432568857
4.05639030647916
5.529615436073421
4.317097708087142
3.974996329947296
3.915636923376483
3.7205248949976024
3.3611243945585656
4.952429714517899
3.9683297391053562
4.7318754770890505
3.8648710219214815
4.497827227660807
3.893511971676558
5.020246638096093
2.467957043379018
3.431492147711621
4.477965995796978
4.9050276866035345
5.392532400245177
3.8236494214139825
5.709847833122177
5.535601383529145
5.84532755210565
4.358091492509882
4.335213476080643
4.041474629221953
4.096743749194208
3.7204676010281332
4.420083480644504
2.8950118423741618
6.462960239911727
3.2429723791736045
4.19121128127809
5.75960695695227
4.250433973399579
3.7958090472306
4.2846947514175255
4.316102520170444
3.6309076726727465
3.4278925087690615
3.8066769644534535
4.414413860028638
4.53706903026368
2.7062458993646974
4.003141950992411
5.138540094544409
5.010178463987241
3.4316691632177925
4.236012895083356
3.3155902896213654
4.711420269368871
3.2206822853897377
3.967160310217155
6.118151817142642
3.4655055856921386
3.294783257957027
4.364196549598484
4.32009730678065
3.520871304039165
3.9300863620603366
3.934526739538292
3.934526739538292
4.0649695455824455
3.348096298865375
4.214785891102723
6.015931144929899
5.4386846233831445
4.227645155414232
4.030106249489085
4.8170364065368645
4.3898633360323025
4.818833473329192
4.751032231396998
4.9589105099945
4.337935300741448
5.506693957964755
4.879641344697491
5.556718267774414
5.279306776456327
5.244799239405829
5.600778707334854
5.237876162482751
5.4789325534887
5.3536940919502385
5.118136399642546
5.226428382288363
5.6315798618277215
5.510890847797437
5.104337258028007
3.967275611257083
3.967275611257083
5.2663603559784695
5.657049497455253
5.188990512465878
5.180288974774339
5.4314792698623275
5.0511538156987505
5.532630749152268
4.743583303564777
5.229707661852595
5.229707661852595
5.334119506548718
5.0413671494096395
5.481249270956653
6.489384584929519
6.763323046467979
6.635276923076923
5.551593772046064
4.513678318722791
4.796534423907682
4.840974135743847
4.697350312020371
4.469294533990508
4.426515027113252
6.094823287363935
4.4333027353075725
5.192471094906745
