4.183326784682819
3.8888887847307085
3.928336021850239
3.928336021850239
3.928336021850239
3.928336021850239
3.928336021850239
3.928336021850239
3.928336021850239
4.104440498363611
4.104440498363611
4.104440498363611
4.104440498363611
4.1277363094831845
4.1277363094831845
4.142376218089429
3.3071478819557534
3.530270082342617
3.530270082342617
3.530270082342617
3.530270082342617
3.530270082342617
3.890041742395937
3.401262165967907
3.587889177665886
3.553054934489708
3.3199968993260747
3.3199968993260747
3.3199968993260747
3.3864105276858307
3.414912995735804
3.414912995735804
3.414912995735804
3.4165504989295403
3.4165504989295403
3.4165504989295403
3.4165504989295403
3.4165504989295403
3.4165504989295403
3.4165504989295403
3.4165504989295403
3.4165504989295403
3.4165504989295403
3.4165504989295403
3.4165504989295403
3.4165504989295403
3.4165504989295403
3.4165504989295403
3.4165504989295403
3.4165504989295403
3.4165504989295403
3.4165504989295403
3.4165504989295403
3.4165504989295403
3.4165504989295403
3.4165504989295403
3.6112270067887895
3.6112270067887895
3.6112270067887895
3.6782386242859832
3.132808725729369
3.132808725729369
4.213593944446133
3.5600829630430457
4.292001046726139
3.6998382128748153
3.3680824643611817
3.3680824643611817
3.3680824643611817
3.3680824643611817
3.3680824643611817
3.3680824643611817
3.235204666329828
3.235204666329828
3.235204666329828
3.235204666329828
3.235204666329828
3.235204666329828
3.235204666329828
3.235204666329828
3.235204666329828
3.235204666329828
3.235204666329828
3.235204666329828
3.235204666329828
3.7776311442769144
3.7776311442769144
3.7776311442769144
3.472736863456869
3.472736863456869
3.472736863456869
3.472736863456869
3.472736863456869
3.472736863456869
3.472736863456869
3.472736863456869
3.472736863456869
3.472736863456869
3.472736863456869
3.472736863456869
3.472736863456869
3.472736863456869
3.440775164304794
3.440775164304794
3.440775164304794
3.5837044239599996
3.5837044239599996
3.1534719606869066
3.1534719606869066
3.5942536618189145
3.3440544704408364
3.336849577824804
3.336849577824804
3.336849577824804
3.336849577824804
3.336849577824804
2.98903599559525
3.474497094026966
3.474497094026966
3.353946772503429
3.4315799070055633
3.4569469762839624
3.5420765368220284
3.5420765368220284
3.603419139538728
3.303312612049371
3.303312612049371
3.303312612049371
3.303312612049371
3.5052504201179397
3.5052504201179397
3.5052504201179397
3.5052504201179397
3.5052504201179397
3.5052504201179397
2.999364519372582
3.746976149278713
3.53084104052769
3.567599641508691
3.567599641508691
3.567599641508691
3.293323038589655
3.293323038589655
3.2980162041977703
3.2980162041977703
3.2980162041977703
3.5437794509812353
3.5437794509812353
3.5437794509812353
3.5437794509812353
3.5437794509812353
3.5437794509812353
3.5437794509812353
3.5437794509812353
3.5437794509812353
3.5437794509812353
3.5437794509812353
3.5437794509812353
3.5437794509812353
3.5437794509812353
3.5927759556630416
3.5927759556630416
3.549003290487782
3.549003290487782
3.549003290487782
3.549003290487782
3.6369936384495887
3.648299681406286
3.648299681406286
3.4111121191887204
3.4500989506869892
3.4500989506869892
3.4500989506869892
3.625222417137337
3.625222417137337
3.625222417137337
3.625222417137337
3.625222417137337
3.625222417137337
3.625222417137337
3.625222417137337
3.625222417137337
3.625222417137337
3.625222417137337
3.625222417137337
3.625222417137337
3.625222417137337
3.213471734436384
3.213471734436384
3.5421717884913804
3.6559456150269973
4.300803280948129
3.5578889405570795
3.5578889405570795
3.4637242316861334
3.4637242316861334
3.4637242316861334
3.4637242316861334
3.4637242316861334
3.4637242316861334
3.2978790550909522
3.613185074234787
3.459711109090545
3.3336763930000597
3.396765099288624
3.4202653399552343
3.759067583859018
3.759067583859018
3.759067583859018
3.759067583859018
3.759067583859018
3.759067583859018
3.759067583859018
3.759067583859018
3.7140893634494034
3.793718343898366
3.2216993612608276
3.2216993612608276
3.2216993612608276
3.2216993612608276
3.6214508802939456
3.45461373440555
3.3942686664105723
3.3942686664105723
3.660184631718481
3.5345122845993746
3.4674729603721985
3.452697467338968
3.6908586098882186
3.752184679188643
3.752184679188643
3.752184679188643
3.6652576320422394
3.149950209001993
3.5546574697380313
3.66111915192576
3.3351365903567967
3.491301446292505
3.360971691691576
3.695179361925258
3.5277952882566703
3.8344244439945694
3.8934811763929753
3.742910415012979
3.442399659988588
3.6200508378074243
3.6843431213099596
3.2939648947684086
3.631312714998643
3.4720867140299454
3.5391420040777053
3.758304593408428
3.758304593408428
3.758304593408428
3.30872256076836
3.5523646068533434
3.771535832937217
3.6358862094454523
3.835266419235662
3.525835880668316
3.8076667681444114
3.5846486837022438
3.9025214397702417
3.69023780126677
3.62151843130452
3.584151468940025
3.4493791714723656
3.930409645120509
3.641027727695332
3.85945515993453
3.678412704376875
3.8624216644032696
3.8650633423125837
3.7246941715721995
3.859300291538549
3.529597420297531
3.446779147512496
3.785329292054601
4.837296857845713
3.5048282532982533
3.348243215360215
3.8061989940746255
3.4634419754489745
3.794432317938667
4.799983902540976
3.818977048606291
3.7587118986499792
4.011102818213985
3.6668623828101197
3.6078854759243413
3.6745496928255985
3.211098656313668
3.5183558243186237
3.7316259776099674
4.486884937752863
3.168951066749483
3.596454966589204
3.5151655473629067
3.6090587935562617
3.823914762590297
3.693017913000782
3.494944732638272
3.6877131201001117
3.77257432396961
4.286216861652363
3.782990280743876
3.7929680427607497
3.8531020946553873
3.678707723364326
3.890302710590168
3.886702218745027
3.9230427721021233
3.355147203772658
3.661523698758673
3.754382350869344
3.7427753033424347
3.7917639534036134
3.678380451054056
4.081512897847549
4.081512897847549
4.081512897847549
3.119711610695009
3.867825467483682
3.3611394064795617
3.9422379452966503
4.097818674462018
3.793235826573043
4.084614046049057
3.847927137316244
3.9440320006035723
4.354132461646801
3.727089776546954
4.32537642636346
4.152936723672605
3.813079641658147
3.365207361176597
4.286096424775129
4.443817401953426
4.441569292097769
4.014360650221084
4.184736456716395
3.6448909450609737
4.144512771554691
3.8177872645067836
4.382710558315179
2.767675504229878
2.767675504229878
4.417556248659828
4.316932129248368
3.509940434736343
3.509940434736343
4.174270470569843
4.44127629534034
3.4184826483916915
4.583706474181783
4.455996687120403
4.190007292167062
4.468113084101119
3.2275575148526547
3.332009675068628
3.221997142606135
2.964658499709815
4.422797034951932
4.475620222498865
4.4010903182539955
5.282004585945536
2.92066433347839
2.92066433347839
5.032613728257093
2.953086380253932
3.174180835217233
2.7060628465146337
4.466682915769171
6.092347129798842
4.9710043873873
4.468248049947391
4.586643956372418
3.2575818910486944
3.05312307950335
3.0096473777263046
3.314244170268444
3.236468815671481
2.9289319542040424
2.652541620702042
2.652541620702042
2.7521423681019677
2.4892515694369415
3.0933300288071193
5.177141619437006
2.8439818238829506
3.102112072528712
3.0534101330310426
4.315587432710255
3.2507479346417636
3.2172303916948497
2.6095900049691547
3.3307578402421214
2.964363405242681
2.9857794447298467
3.44777711601602
2.8509501098158623
3.8760048444832735
3.184329351071325
2.402729643304985
3.3050434033194893
2.850425248544866
2.2422003780217103
3.0240738236471287
2.3678073449945227
2.475839421419563
3.130870839585068
3.560208406671581
2.8032303587667773
2.7422139888648474
1.9510383702813812
2.641265376083311
2.5179687159676156
2.1846628727062374
4.507032169536661
4.717777062159124
4.632135303917366
4.403661080481335
3.083602303372521
2.7063497078076324
2.7337166308845546
4.755884064919397
1.9953219098155834
1.9953219098155834
3.0365949538091552
2.633463494377713
2.5176105711997288
2.4559525770931536
2.2707145097065773
2.5810153541602876
2.223387529264743
2.424721836808887
1.8033644629559866
3.468612498824031
3.1344988901678033
2.8152163315689247
2.855289222571372
2.4838024954310107
4.384143424580758
2.618701722571373
2.2325874134285737
2.8000692111342858
2.406953078187529
2.6740229220239513
2.618910201076753
2.618910201076753
1.264311220354946
2.6862458902934563
1.5461706955822478
2.161672719748294
1.5445545429082337
2.25334827391735
2.322380970307522
2.024830701679331
3.0149721552636803
1.4142331354306847
3.082449040091931
2.591666313565879
3.0100449096306647
1.6762827764563255
2.5347911252092388
3.669121765103238
3.816052386258975
3.816052386258975
3.1294144687640175
4.814720556983598
4.9815695871219745
4.127700303559066
4.221538240593853
3.9200001119292587
4.456939077946375
4.997526970917945
4.400585744509346
4.571561605011049
4.92970467138378
2.989436611157446
1.9552403957357711
4.452316439775618
4.86701468261584
5.5485745906812
4.138674455603637
4.168888062758896
5.313769280455897
3.8628499305470765
4.579396512932806
4.959015671700531
2.5243963290085087
3.375872452469845
4.634701164314637
2.7426409795595372
3.813022666907445
4.533303963553093
3.593714640569365
5.421870527676939
3.2552447017148616
3.955631701873771
