[0.61498]
[0.6445539]
[0.5655267]
[0.5655267]
[0.5655267]
[0.5655267]
[0.5655267]
[0.5655267]
[0.5489278]
[0.604231]
[0.5882731]
[0.5952662]
[0.5700578]
[0.54751694]
[0.5493544]
[0.5493544]
[0.5493544]
[0.5493544]
[0.5493544]
[0.5493544]
[0.5493544]
[0.5213798]
[0.5213798]
[0.4605747]
[0.5939723]
[0.5939723]
[0.52240264]
[0.5290969]
[0.5290969]
[0.51166844]
[0.5523009]
[0.5523009]
[0.5523009]
[0.5523009]
[0.5523009]
[0.5523009]
[0.5523009]
[0.5523009]
[0.5523009]
[0.5523009]
[0.5523009]
[0.5523009]
[0.5523009]
[0.5523009]
[0.5523009]
[0.556233]
[0.556233]
[0.556233]
[0.556233]
[0.556233]
[0.556233]
[0.556233]
[0.556233]
[0.556233]
[0.556233]
[0.556233]
[0.556233]
[0.556233]
[0.556233]
[0.556233]
[0.556233]
[0.5529136]
[0.5529136]
[0.5529136]
[0.5324102]
[0.5324102]
[0.5324102]
[0.5324102]
[0.5576755]
[0.53265786]
[0.53265786]
[0.5285078]
[0.5285078]
[0.5279308]
[0.5279308]
[0.5279308]
[0.5279308]
[0.5279308]
[0.5279308]
[0.5279308]
[0.5279308]
[0.5201277]
[0.5356087]
[0.5356087]
[0.56031936]
[0.54346365]
[0.4773712]
[0.5151385]
[0.5151385]
[0.5151385]
[0.5151385]
[0.5151385]
[0.4736131]
[0.4736131]
[0.4736131]
[0.4736131]
[0.4736131]
[0.4736131]
[0.4736131]
[0.4736131]
[0.4736131]
[0.4736131]
[0.4736131]
[0.4736131]
[0.4736131]
[0.4736131]
[0.4736131]
[0.4736131]
[0.4736131]
[0.4736131]
[0.4736131]
[0.4736131]
[0.52144223]
[0.48431966]
[0.47106624]
[0.45442098]
[0.45804048]
[0.528305]
[0.528305]
[0.528305]
[0.47044942]
[0.47771198]
[0.47771198]
[0.47771198]
[0.47771198]
[0.47771198]
[0.47771198]
[0.47771198]
[0.5030945]
[0.46442798]
[0.46442798]
[0.46442798]
[0.46442798]
[0.46442798]
[0.46442798]
[0.46442798]
[0.46442798]
[0.46442798]
[0.46442798]
[0.46442798]
[0.46442798]
[0.46442798]
[0.46442798]
[0.46442798]
[0.46442798]
[0.46442798]
[0.46442798]
[0.46442798]
[0.46442798]
[0.46442798]
[0.46442798]
[0.46442798]
[0.46442798]
[0.46442798]
[0.46442798]
[0.46442798]
[0.46442798]
[0.46442798]
[0.46442798]
[0.46442798]
[0.46442798]
[0.53711545]
[0.47536778]
[0.4811349]
[0.48712093]
[0.502574]
[0.51443917]
[0.4992293]
[0.4676416]
[0.45477852]
[0.45477852]
[0.45477852]
[0.50757015]
[0.4945144]
[0.4555319]
[0.4816684]
[0.485833]
[0.45517847]
[0.45517847]
[0.47008488]
[0.47008488]
[0.47008488]
[0.45611253]
[0.45611253]
[0.45611253]
[0.45230004]
[0.44618517]
[0.44474277]
[0.44474277]
[0.44474277]
[0.44474277]
[0.44474277]
[0.4385212]
[0.4385212]
[0.4385212]
[0.5816273]
[0.44418547]
[0.44418547]
[0.44230467]
[0.44230467]
[0.44230467]
[0.44230467]
[0.44230467]
[0.44230467]
[0.44230467]
[0.44230467]
[0.44230467]
[0.4673135]
[0.52114636]
[0.44657853]
[0.50006217]
[0.50006217]
[0.44983044]
[0.48691893]
[0.45378628]
[0.43805802]
[0.44201526]
[0.4096288]
[0.45785326]
[0.47064388]
[0.48334038]
[0.42783338]
[0.42783338]
[0.42783338]
[0.42783338]
[0.42783338]
[0.42783338]
[0.47051516]
[0.48699766]
[0.45872942]
[0.46982127]
[0.46982127]
[0.46982127]
[0.46982127]
[0.43318313]
[0.43318313]
[0.43318313]
[0.5050955]
[0.4662938]
[0.4662938]
[0.4852298]
[0.45513126]
[0.45513126]
[0.46048686]
[0.46048686]
[0.47299847]
[0.47299847]
[0.47299847]
[0.47299847]
[0.47299847]
[0.47299847]
[0.42406654]
[0.46310863]
[0.46310863]
[0.46310863]
[0.46310863]
[0.46310863]
[0.46310863]
[0.44003364]
[0.41991153]
[0.41991153]
[0.49794438]
[0.4347585]
[0.48041087]
[0.48041087]
[0.48041087]
[0.48041087]
[0.48041087]
[0.48041087]
[0.48041087]
[0.36832353]
[0.4700304]
[0.50289726]
[0.50289726]
[0.45005584]
[0.45005584]
[0.45005584]
[0.45005584]
[0.3605006]
[0.4803489]
[0.43067816]
[0.43067816]
[0.43067816]
[0.43067816]
[0.43067816]
[0.43067816]
[0.43067816]
[0.43067816]
[0.43067816]
[0.43067816]
[0.43067816]
[0.43067816]
[0.43067816]
[0.43067816]
[0.43067816]
[0.43067816]
[0.4598115]
[0.4598115]
[0.4598115]
[0.4598115]
[0.4598115]
[0.4598115]
[0.4598115]
[0.4598115]
[0.4598115]
[0.4598115]
[0.4598115]
[0.4598115]
[0.4598115]
[0.4598115]
[0.4598115]
[0.4598115]
[0.4598115]
[0.4598115]
[0.4598115]
[0.4598115]
[0.4598115]
[0.4598115]
[0.4598115]
[0.4598115]
[0.4598115]
[0.4598115]
[0.4598115]
[0.4598115]
[0.4897219]
[0.43049565]
[0.3754181]
[0.4521515]
[0.47805125]
[0.41616124]
[0.42090482]
[0.46721157]
[0.45005584]
[0.45158496]
[0.49955717]
[0.44534782]
[0.4118995]
[0.45718342]
[0.45853844]
[0.45558727]
[0.39465415]
[0.46257412]
[0.41166544]
[0.41748276]
[0.48298138]
[0.41837502]
[0.4162534]
[0.44433588]
[0.43243378]
[0.443411]
[0.4659522]
[0.4253492]
[0.4685369]
[0.3866065]
[0.44745442]
[0.4812391]
[0.4812391]
[0.4456733]
[0.45079094]
[0.4526554]
[0.4934315]
[0.4199578]
[0.44266126]
[0.45383877]
[0.45139334]
[0.45139334]
[0.45139334]
[0.45139334]
[0.4714332]
[0.48743284]
[0.45128784]
[0.4559278]
[0.40456495]
[0.43600813]
[0.43948096]
[0.4526554]
[0.4241474]
[0.4241474]
[0.43653965]
[0.4435433]
[0.46348596]
[0.4046374]
[0.44133738]
[0.36304376]
[0.40887767]
[0.43199044]
[0.43199044]
[0.43199044]
[0.43199044]
[0.42549852]
[0.44881034]
[0.3387741]
[0.34922412]
[0.4290952]
[0.35444668]
[0.37662244]
[0.5578132]
[0.38111842]
[0.40043104]
[0.3532297]
[0.3532297]
[0.38637063]
[0.31099424]
[0.4111896]
[0.3422194]
[0.3541586]
[0.34549037]
[0.3269703]
[0.36384803]
[0.30988717]
[0.30291948]
[0.4550595]
[0.34243977]
[0.34243977]
[0.35608223]
[0.40633023]
[0.35534534]
[0.34832692]
[0.35238737]
[0.32924914]
[0.32924914]
[0.30874595]
[0.42155156]
[0.37487286]
[0.30886218]
[0.4072591]
[0.31743017]
[0.3792476]
[0.320094]
[0.320094]
[0.320094]
[0.32069093]
[0.32399815]
[0.36976972]
[0.36119798]
[0.25852364]
[0.39844382]
[0.345869]
[0.3663149]
[0.2419504]
[0.30115572]
[0.31074548]
[0.35036796]
[0.36033747]
[0.3299669]
[0.34924233]
[0.3089277]
[0.3390273]
[0.3315006]
[0.32002562]
[0.3775586]
[0.29129007]
[0.33096656]
[0.29777998]
[0.28242987]
[0.35342753]
[0.22266968]
[0.3222845]
[0.2857392]
[0.24870108]
[0.38545454]
[0.3299029]
[0.22080739]
[0.22080739]
[0.30662984]
[0.247274]
[0.24274473]
[0.183463]
[0.183463]
[0.21979062]
[0.18022344]
[0.16452125]
[0.30997947]
[0.24190658]
[0.24190658]
[0.2762394]
[0.44240758]
[0.41214535]
[0.19741413]
[0.12558234]
[0.19449541]
[0.3958737]
[0.13129237]
[0.16328175]
[0.12048388]
[0.40693656]
[0.3758681]
[0.5584135]
[0.52440643]
[0.12803978]
[0.12863219]
[0.35297233]
[0.44900376]
[0.44900376]
[0.21247038]
[0.4623787]
[0.3978764]
[0.36881664]
[0.34774175]
[0.35946995]
