3.573400000000002
2.1357
4.507400000000003
4.2123000000000035
4.117300000000003
4.117300000000003
4.117300000000003
4.117300000000003
3.7272000000000025
3.7272000000000025
3.7272000000000025
3.7272000000000025
3.7272000000000025
3.7272000000000025
3.7272000000000025
3.7272000000000025
3.7272000000000025
3.7272000000000025
3.7272000000000025
3.7272000000000025
3.7272000000000025
3.7272000000000025
3.7272000000000025
3.7272000000000025
3.7272000000000025
3.7272000000000025
3.7272000000000025
3.7272000000000025
3.7272000000000025
3.7272000000000025
3.7272000000000025
3.7272000000000025
3.7272000000000025
3.7272000000000025
3.7272000000000025
3.7272000000000025
3.7272000000000025
3.7272000000000025
3.7272000000000025
3.1998000000000015
3.7272000000000025
3.7272000000000025
3.7272000000000025
3.453700000000002
2.9391000000000007
2.9391000000000007
2.9391000000000007
3.769700000000002
2.775400000000001
2.775400000000001
2.775400000000001
2.918700000000001
3.337100000000002
2.590300000000001
3.0692000000000013
3.071080000000002
4.340600000000003
1.5489799999999998
2.8085000000000004
2.8085000000000004
2.8085000000000004
3.6396000000000024
3.454500000000002
3.966300000000003
3.966300000000003
3.966300000000003
3.966300000000003
5.747520000000006
2.947000000000002
4.430700000000004
4.184800000000004
3.3972000000000024
2.8417000000000012
3.2608000000000015
2.9997000000000007
2.3527000000000005
2.3527000000000005
2.3527000000000005
2.3527000000000005
2.3527000000000005
2.3527000000000005
5.357420000000006
5.357420000000006
5.357420000000006
5.357420000000006
2.8496000000000006
3.779600000000003
5.049000000000005
5.049000000000005
5.049000000000005
5.049000000000005
3.2867000000000015
3.2867000000000015
3.2867000000000015
2.740100000000001
2.740100000000001
5.619800000000005
3.5762000000000027
3.5762000000000027
5.399920000000005
2.00988
6.773100000000006
6.773100000000006
6.773100000000006
6.773100000000006
6.773100000000006
5.0525000000000055
5.0525000000000055
5.0525000000000055
3.610500000000002
2.2903000000000002
2.748800000000001
4.058700000000002
4.058700000000002
4.058700000000002
3.2287000000000017
3.2287000000000017
3.244200000000002
1.9274
1.9274
1.9274
4.590500000000004
6.849300000000006
2.5485000000000007
2.5485000000000007
2.5485000000000007
2.1765799999999995
5.085600000000005
4.561000000000004
4.839600000000004
4.839600000000004
4.839600000000004
4.839600000000004
4.839600000000004
4.839600000000004
4.839600000000004
4.839600000000004
4.839600000000004
4.839600000000004
4.839600000000004
4.839600000000004
3.9923000000000037
3.9923000000000037
2.3025
2.3025
2.3025
2.3025
2.00828
2.2903000000000002
5.478800000000006
3.7932000000000032
2.8314700000000004
5.109600000000005
3.3942000000000014
2.2404
4.592000000000002
4.592000000000002
2.2043
3.269700000000002
3.269700000000002
6.320900000000004
6.320900000000004
6.320900000000004
2.7333000000000007
3.2017000000000015
3.714100000000003
2.0004999999999997
2.0004999999999997
2.0004999999999997
2.0530999999999997
4.631200000000003
7.455600000000006
3.857000000000003
3.1797000000000013
4.783400000000005
7.300500000000006
7.300500000000006
6.925900000000005
6.925900000000005
6.925900000000005
6.925900000000005
6.925900000000005
6.925900000000005
3.2123000000000017
3.089600000000001
1.3212800000000002
2.8796000000000017
3.0058000000000007
2.3917
2.3917
1.3217
2.5258000000000003
3.780300000000002
3.780300000000002
3.780300000000002
4.555400000000004
3.422500000000001
3.422500000000001
3.422500000000001
3.422500000000001
3.422500000000001
3.422500000000001
3.422500000000001
3.422500000000001
3.422500000000001
3.422500000000001
3.422500000000001
3.422500000000001
3.422500000000001
3.422500000000001
3.422500000000001
3.422500000000001
3.422500000000001
3.422500000000001
3.422500000000001
3.422500000000001
3.422500000000001
3.422500000000001
3.422500000000001
3.422500000000001
3.422500000000001
3.422500000000001
3.422500000000001
3.422500000000001
3.422500000000001
3.422500000000001
3.422500000000001
3.422500000000001
3.422500000000001
3.422500000000001
3.422500000000001
3.422500000000001
3.422500000000001
3.422500000000001
3.422500000000001
3.422500000000001
3.422500000000001
4.390600000000003
4.390600000000003
2.9753000000000016
3.4159000000000015
3.769000000000002
3.769000000000002
3.769000000000002
3.769000000000002
4.912100000000004
4.912400000000004
4.319100000000003
4.319100000000003
6.506100000000004
4.857820000000003
3.950400000000003
3.950400000000003
2.5866999999999996
3.4650000000000016
3.3914000000000017
3.5741000000000023
1.4441000000000002
3.6147000000000027
3.0745000000000013
3.067500000000001
4.928220000000005
2.807900000000001
3.3324000000000016
3.3324000000000016
3.3324000000000016
3.0324000000000018
3.0324000000000018
3.932100000000002
2.7864000000000013
2.7864000000000013
1.9686
3.3755000000000015
4.002800000000002
4.556700000000003
3.1675000000000013
4.905200000000005
4.905200000000005
4.905200000000005
4.905200000000005
4.905200000000005
4.905200000000005
4.039600000000002
4.070700000000003
2.3576000000000006
2.927100000000001
2.738500000000001
3.7188000000000025
5.220500000000004
3.5160000000000027
3.577600000000002
3.577600000000002
4.424100000000003
4.424100000000003
2.726700000000001
3.3721000000000014
8.210200000000004
8.210200000000004
8.210200000000004
8.210200000000004
8.210200000000004
8.210200000000004
8.210200000000004
8.210200000000004
5.119200000000005
5.119200000000005
5.119200000000005
5.119200000000005
5.119200000000005
3.9636700000000022
3.9636700000000022
3.9636700000000022
3.9636700000000022
4.530300000000004
4.216300000000003
2.4242
3.2946000000000026
4.418200000000004
3.980500000000003
3.341400000000002
5.161700000000005
5.161700000000005
5.161700000000005
1.9842999999999995
1.9842999999999995
1.9842999999999995
1.9842999999999995
2.8713000000000006
3.951870000000002
3.0097000000000014
4.015800000000002
2.953000000000001
1.0559000000000007
2.991900000000001
3.756400000000002
4.721300000000002
4.495200000000003
4.802900000000004
5.274300000000005
3.238500000000002
3.238500000000002
3.5886000000000013
2.6887000000000008
4.488520000000004
3.0917000000000012
5.066500000000004
5.066500000000004
5.066500000000004
5.1448000000000045
2.629900000000001
2.9479000000000006
2.9479000000000006
4.771600000000004
3.506000000000002
2.952470000000001
3.6075000000000017
2.9780000000000006
1.37588
7.248600000000006
4.215000000000003
2.8790000000000004
4.214500000000003
4.4600000000000035
3.9550000000000027
3.160300000000001
3.7241000000000026
3.3721000000000014
2.5213
3.2971700000000013
4.495200000000003
4.461000000000004
4.338300000000003
4.338300000000003
4.338300000000003
3.701500000000002
3.701500000000002
3.701500000000002
3.3946000000000014
2.2281000000000004
3.8244000000000025
3.8244000000000025
2.753300000000001
2.4079000000000006
3.3340000000000014
2.855200000000001
2.844900000000001
3.653570000000001
6.210200000000005
5.2588000000000035
3.5516000000000023
3.137100000000001
6.967500000000005
2.3948
4.0050000000000034
1.9343000000000001
3.5032000000000023
3.1114000000000006
2.4111000000000002
2.695400000000001
3.7044000000000024
7.215000000000005
2.8504700000000005
4.732200000000004
6.112500000000004
0.6632800000000001
6.273900000000005
3.3858000000000024
2.4367
5.5316000000000045
2.3281
3.807800000000002
3.7924000000000024
3.7924000000000024
2.9748000000000014
2.5662000000000003
2.9522700000000013
0.9384999999999999
7.5492000000000035
2.4713000000000003
5.172800000000003
2.429400000000001
2.5563000000000002
3.177200000000002
2.5596000000000005
2.8466000000000014
4.7614000000000045
4.067400000000003
3.443500000000002
3.6404000000000023
2.777100000000001
0.8711
5.935300000000004
4.180700000000003
1.2732999999999999
2.933200000000001
2.933200000000001
2.933200000000001
2.933200000000001
2.6657
3.313900000000002
4.360800000000003
2.7905000000000006
2.0876
3.4573800000000023
2.7696000000000014
3.4743700000000013
2.5406000000000004
2.9171000000000014
3.6014000000000017
3.6004700000000014
4.017400000000003
1.6351000000000002
3.413100000000002
2.653100000000001
6.1966000000000045
3.5839000000000016
2.2563000000000004
2.2563000000000004
3.3511000000000015
5.229700000000005
1.8310799999999998
3.815800000000002
3.716800000000002
2.8200000000000007
1.5825999999999998
3.500320000000002
1.7138
1.3175000000000001
1.2553
1.3719
1.2815999999999999
5.149800000000005
1.7286
0.8515999999999997
6.528900000000006
1.6556
0.8432
0.8432
1.1164
1.44525
1.0596999999999999
0.0040000000000000036
0.0040000000000000036
-0.3363
0.2615
6.529300000000005
3.0444000000000013
1.5284999999999997
0.11280000000000001
1.1738000000000002
1.4738999999999998
0.3322
2.3145000000000007
8.317400000000003
6.068470000000006
3.046800000000001
1.9035
6.4424000000000055
4.174400000000003
3.090200000000001
