3.5922151536588594
3.5922151536588594
4.189217546143821
3.4160537809616383
4.014882426903723
3.426999218249792
3.426999218249792
3.426999218249792
3.426999218249792
3.426999218249792
3.426999218249792
3.426999218249792
3.9968054873642718
3.9968054873642718
3.9968054873642718
3.9968054873642718
3.9968054873642718
3.9968054873642718
3.9968054873642718
3.9968054873642718
3.9968054873642718
3.9968054873642718
3.9968054873642718
3.9968054873642718
3.9968054873642718
3.9968054873642718
3.9968054873642718
3.9968054873642718
3.9968054873642718
3.9968054873642718
4.262099106995088
1.872689187806019
5.424075706952269
4.3886925428152095
4.954476269918617
4.077932935184755
4.025752184968187
3.4752636626152142
3.4752636626152142
3.4752636626152142
3.4752636626152142
3.4752636626152142
3.4752636626152142
4.099045421984137
4.069667601028131
4.468078518275733
4.468078518275733
5.512290851183039
5.512290851183039
3.9605910995927562
3.8713631433820463
3.5716218213464472
4.499370312583477
3.810755317937856
5.258124244945475
5.258124244945475
5.258124244945475
5.258124244945475
5.258124244945475
5.258124244945475
3.6143845483050097
4.003001736484443
4.003001736484443
4.003001736484443
3.532173066971965
3.6753084965423923
5.416633399259961
4.471284188279762
3.969495350576299
3.844188834858314
4.643974011352725
4.643974011352725
4.643974011352725
4.643974011352725
4.643974011352725
4.643974011352725
4.643974011352725
4.643974011352725
4.643974011352725
4.2678337596292675
2.15074244359859
3.896016111772015
3.896016111772015
3.896016111772015
3.88658563157154
3.88658563157154
4.11132219641412
4.751293111927008
3.3489775904588015
4.201046572662679
2.240425966455941
4.192025779267363
5.630547822336885
3.8507357228316863
4.3453384552822945
4.3453384552822945
4.3453384552822945
4.3453384552822945
4.3453384552822945
4.3453384552822945
3.972792248838699
3.700194243844603
3.720881660545495
3.5642061971689234
3.528316866410867
3.528316866410867
3.762718491817969
3.762718491817969
3.740745077941172
3.740745077941172
4.003912092104762
2.14627554653587
3.965502702344285
4.372113228660074
3.951760462556556
3.3307128325407964
5.303310373570948
4.278095635250246
3.683108646860016
3.7577540244294667
4.512179061445567
3.5712343710400525
3.964535797004716
4.011998943339023
4.011998943339023
4.011998943339023
4.011998943339023
3.8445358155976024
3.614135311478334
4.478773881745655
3.643249342155219
4.059322923779597
4.059322923779597
4.059322923779597
4.059322923779597
4.059322923779597
4.059322923779597
4.224411933113515
3.6179499260926606
4.069083378686578
3.5717526919727556
4.031950286301759
3.7082487568709386
4.12208835321715
4.270956441242477
4.483430230991298
3.6070175405479006
3.6070175405479006
3.6070175405479006
4.076459106620773
4.7854094536208205
3.4127475925873068
4.662947476215571
4.04701768983828
3.91248924996788
4.022236631154675
3.9564033493228425
3.493745619058891
3.493745619058891
3.493745619058891
3.493745619058891
3.493745619058891
3.5013213321098835
4.021483558723638
3.884342708502743
4.706171531458274
3.24150321515258
3.3855370511853184
3.779485117762434
4.352946508012301
3.4282101855848683
3.4282101855848683
3.4282101855848683
3.4282101855848683
3.3990382370734675
3.3990382370734675
3.3990382370734675
3.3990382370734675
3.3990382370734675
3.8355063442905006
3.8355063442905006
3.8355063442905006
4.124962971360882
4.674536540253756
3.9745150910082536
3.9745150910082536
4.150597433273935
3.696521452635813
3.889154082076197
3.546491802260059
4.168906369138865
4.168906369138865
3.7250438559740555
3.7250438559740555
3.7250438559740555
4.013210649861083
3.963309401371353
3.859635688890151
3.859635688890151
3.859635688890151
4.048939392322444
3.5513052244398438
3.5260822750135787
4.136775788648222
3.9620958693536323
4.25623841084631
4.442509959847671
3.779292874766174
4.421796872384769
4.427561425996358
3.679609994996418
4.009343409835659
4.053354803240343
3.909164461417306
4.278873821373002
4.278873821373002
4.375834921412859
4.36874415820873
4.36874415820873
4.0399354535179
4.051110215292711
4.362313627391969
3.5016977306538157
3.8746510663117357
5.067873265559364
3.8119734273943022
4.346923721731712
3.418121986481344
3.418121986481344
3.268329628972719
4.0284928890878255
4.719008631614576
4.21839832987465
4.395544854876113
4.128249190045781
4.537990600966466
4.350580111385987
4.055656768583523
4.055656768583523
4.055656768583523
4.293475091008252
3.5803540313383744
4.000538963916281
4.316508381503774
4.2066181580435345
3.6908813400369542
3.992323954707432
4.332001512201484
3.626824270744285
5.191661614894599
5.235952346155636
3.889931053105183
3.418795380504707
3.9561595442899335
3.565611896773035
3.7741582260801554
4.361964699084911
4.55137206190401
4.2046491627062546
3.938013710674615
3.9546023822062413
4.208397685509224
4.208397685509224
4.208397685509224
3.8961924879983183
4.619747509113261
3.5992462479974536
4.805152516134411
4.57510548294977
4.57510548294977
3.4547174413317308
4.494181649712705
4.066125942986819
4.511900202882629
3.975684441646802
3.975684441646802
3.8182055219324065
4.1420599537322
4.382799662959416
4.121380002086362
3.254228042785102
4.052743674004203
3.5081234448995327
3.981340494530576
4.379605387742158
3.46660882287651
4.795794599174575
4.127828611670007
4.480574289086189
4.553627650438011
2.7856938487488048
4.374062572390137
5.291389973120932
4.574940659071918
4.417162625340943
3.916553098325414
1.956589065470638
4.374485739882493
4.427368972846134
3.412222727361087
2.3192547175317912
4.380672331968097
4.200508121419434
4.669371980338062
4.271884632745303
4.929514194316275
4.373643864214512
4.080293587943939
3.245634094250085
3.4157948352895797
3.9514772069513375
3.5228422264707735
3.4973852557352787
4.222393877223524
4.407362416245894
4.00595630816275
4.404930665970627
4.019335917825773
3.2575259088881765
3.8688660932409693
4.59913306643185
4.1231088739277935
3.20959180307484
4.081396123619337
1.405027910734498
4.929444262182832
4.393389287338271
1.9583990391682846
3.879893584503944
4.6745513425330225
3.3948390827950794
3.3948390827950794
3.3948390827950794
4.408988265609947
4.062438784312036
4.884217797689962
2.8049912003969304
4.677113614997656
1.9948582684293612
3.924125320767681
4.465951631154696
3.2734709926625403
3.9537094592120745
3.63029932036887
3.63029932036887
4.874708974820591
4.74460846892576
4.600536792350402
3.9912005920556526
4.6176113663118965
3.847326604365719
5.3384488009737385
3.7423035227572257
3.2010270213222913
4.027937842236489
3.3704008607036133
1.1765612788317714
1.1765612788317714
4.002327444001644
3.875477345136825
4.904357964648005
5.465208469344614
4.317916470822518
4.317916470822518
4.402612907782917
3.876119164091352
4.011100261887661
4.993215196299396
3.523336179561113
4.225605490429325
5.925723131402819
4.508430394806717
3.5097217926628064
4.761633887111015
2.2285402039417743
2.808120721668745
3.5885248757572494
4.386985090939312
4.263312704252848
3.722559766431682
4.8820912090611985
3.94747792501635
3.4752441655594097
3.4752441655594097
4.441767504526675
1.850953619388358
4.116145006593556
2.949434952619134
4.455332527489054
5.07241217237708
3.516594122917498
3.5264890343508606
4.72097828625545
3.6630648997354758
4.657245075054119
3.2837267853619316
3.505057338989907
4.792420372095945
4.269021348141008
5.473983155489583
4.345503905564781
2.607451158810182
4.467993748870568
5.000360310217155
2.914250005868105
4.913814399162604
4.545525082439526
5.188146496911274
3.283192476725784
3.523990901692435
2.782347675501038
5.053599165345579
4.816120513660185
5.3044172133959195
4.519411522251497
5.6499572848299575
3.732880301102421
2.165708997773155
5.2324532068256415
4.79339648600245
5.224269795984432
5.372710376417526
4.483530808800235
5.5743023233560836
2.181230738775673
5.7600261767924525
3.219775582025429
4.325447520528209
4.9415916357756915
2.781915726530171
4.5345733587200066
3.8115752955909787
3.471123570340846
1.0
4.6849453191917325
3.9869358439497944
2.5976090376601295
4.276878707334854
2.9680977480699795
1.0766195634868012
5.809642161071711
4.242849767719219
4.827299925234095
4.554487079211794
4.282788775218778
3.993223838592167
4.101921000243685
4.526724104407391
4.3507432514248165
4.80661286092514
4.1484491823669725
4.2801854905881385
2.221657683307857
4.681393310050617
3.2967845849295188
2.7475679189493913
1.659109300809794
3.966808842043168
5.264686997772708
3.5919964296256417
3.006787807865753
3.6717125261191157
3.970637567045748
4.577574273981275
4.839584950262304
4.649305987008352
4.601601810704256
5.736123786712039
5.4158204004581885
4.442231607631509
5.818854495142106
4.579755325888112
5.620268736397967
5.633514421086085
3.72873633603945
5.939028075566142
4.891898436683494
6.570453292179249
6.570453292179249
5.816005559207211
5.016701541375632
5.451024484826885
4.861873554112829
6.301277710368358
5.410516566261628
4.987566049690985
5.613846018994676
5.769371226242359
2.6959782986397958
4.54400909829511
4.297094591521072
5.635863884627835
4.182130097314154
4.683521087350037
5.5548377680667596
4.651784305183426
5.5757888623488965
5.051049406711568
5.41138659005227
5.967624088556581
