[0.07713961]
[0.07739143]
[0.0774903]
[0.07804356]
[0.07719973]
[0.07719973]
[0.07719973]
[0.07719973]
[0.07724297]
[0.07724746]
[0.07807794]
[0.07744992]
[0.077871]
[0.07720549]
[0.07744596]
[0.07768379]
[0.07768379]
[0.07725201]
[0.07725201]
[0.07725201]
[0.07725201]
[0.07725201]
[0.07725201]
[0.07815136]
[0.07984459]
[0.07723696]
[0.07792275]
[0.07731871]
[0.07756042]
[0.07791463]
[0.07759573]
[0.07759573]
[0.07734851]
[0.07876315]
[0.07777783]
[0.07763664]
[0.07729291]
[0.07729291]
[0.07729291]
[0.07729291]
[0.07729291]
[0.07729291]
[0.07729291]
[0.07960489]
[0.07743321]
[0.07743321]
[0.07921636]
[0.07921636]
[0.08073819]
[0.07705475]
[0.07705475]
[0.07915515]
[0.07956488]
[0.08125817]
[0.08125817]
[0.07846663]
[0.07732289]
[0.07720216]
[0.07862762]
[0.07798299]
[0.07963238]
[0.07806389]
[0.07806389]
[0.0775533]
[0.07877485]
[0.07877485]
[0.07782951]
[0.07782951]
[0.07746658]
[0.07746658]
[0.07746658]
[0.07807985]
[0.07807985]
[0.07741448]
[0.07728526]
[0.07739428]
[0.07739428]
[0.07739428]
[0.07739431]
[0.07777603]
[0.07777603]
[0.07727481]
[0.07727481]
[0.07789915]
[0.07912406]
[0.07869025]
[0.07746126]
[0.09578221]
[0.077325]
[0.077325]
[0.07826757]
[0.07732505]
[0.07775567]
[0.07775567]
[0.07775567]
[0.07775567]
[0.07775567]
[0.07775567]
[0.07775567]
[0.07775567]
[0.0790608]
[0.07798894]
[0.07875483]
[0.07875483]
[0.0776448]
[0.07787898]
[0.07712545]
[0.07767238]
[0.07741277]
[0.07878224]
[0.07806943]
[0.07736956]
[0.07979609]
[0.07721033]
[0.07877748]
[0.08457725]
[0.07915161]
[0.07852952]
[0.07852952]
[0.07852952]
[0.07852952]
[0.07878343]
[0.07823262]
[0.07757221]
[0.07757221]
[0.07757221]
[0.07930268]
[0.07749616]
[0.07715884]
[0.07760172]
[0.07760172]
[0.0795583]
[0.07862694]
[0.07791454]
[0.07791454]
[0.07774492]
[0.07802376]
[0.07802392]
[0.07980085]
[0.07784852]
[0.08621414]
[0.07703724]
[0.07788237]
[0.07850912]
[0.07988092]
[0.07826094]
[0.0785419]
[0.0785419]
[0.07738903]
[0.07738903]
[0.07738903]
[0.0858835]
[0.07883267]
[0.07883267]
[0.08099435]
[0.07796226]
[0.07851978]
[0.07762307]
[0.07738844]
[0.07738844]
[0.07771558]
[0.07771558]
[0.07771558]
[0.07771558]
[0.07771558]
[0.07771558]
[0.07771558]
[0.0783534]
[0.09714834]
[0.07705663]
[0.08094525]
[0.07858481]
[0.07858481]
[0.07858481]
[0.07858481]
[0.07858481]
[0.07947353]
[0.07947353]
[0.0808951]
[0.0777679]
[0.07919364]
[0.08248901]
[0.0772372]
[0.07782368]
[0.07782368]
[0.07782368]
[0.07782368]
[0.07782368]
[0.07782368]
[0.07782368]
[0.07782368]
[0.07782368]
[0.07876626]
[0.07761223]
[0.07743961]
[0.09643568]
[0.09643568]
[0.07794008]
[0.07733282]
[0.07733282]
[0.07733282]
[0.07781557]
[0.07727742]
[0.07772266]
[0.07772266]
[0.09604873]
[0.08002457]
[0.0810375]
[0.07828018]
[0.07786378]
[0.07786378]
[0.07786378]
[0.07787035]
[0.07931376]
[0.07747111]
[0.07823919]
[0.07823919]
[0.0776682]
[0.08395777]
[0.0819945]
[0.0819945]
[0.07767516]
[0.07849084]
[0.07904954]
[0.07766743]
[0.07766743]
[0.07701904]
[0.08340911]
[0.07931907]
[0.084872]
[0.07835513]
[0.08161318]
[0.08135545]
[0.0776833]
[0.07830555]
[0.0807073]
[0.08201611]
[0.07733269]
[0.07731771]
[0.07763297]
[0.07944346]
[0.07812783]
[0.07804464]
[0.07782552]
[0.09196801]
[0.07806846]
[0.09417376]
[0.07781213]
[0.07883622]
[0.07850928]
[0.07761986]
[0.0775928]
[0.07725075]
[0.07861859]
[0.07723746]
[0.07812338]
[0.07845594]
[0.08133565]
[0.07779697]
[0.07813132]
[0.07813132]
[0.07813132]
[0.07778004]
[0.08023711]
[0.07788339]
[0.08603317]
[0.080202]
[0.10388933]
[0.08020651]
[0.08055887]
[0.07770045]
[0.08424683]
[0.07710005]
[0.07710005]
[0.08072243]
[0.07719888]
[0.09054534]
[0.07755435]
[0.08171026]
[0.07758185]
[0.07832631]
[0.0784286]
[0.0774883]
[0.07715943]
[0.07747088]
[0.07717384]
[0.08051079]
[0.07797886]
[0.07738329]
[0.08282275]
[0.0780685]
[0.07828014]
[0.0776566]
[0.07823706]
[0.08065339]
[0.08301269]
[0.07920866]
[0.07888825]
[0.09419306]
[0.09419306]
[0.09419306]
[0.09419306]
[0.07753363]
[0.07755493]
[0.081451]
[0.08118123]
[0.07955673]
[0.07781989]
[0.0789123]
[0.08031321]
[0.0794268]
[0.07725859]
[0.08075016]
[0.07732169]
[0.07888383]
[0.07724316]
[0.07787853]
[0.08034726]
[0.07777236]
[0.07847306]
[0.08117569]
[0.0804904]
[0.07901726]
[0.07794756]
[0.07861707]
[0.07692789]
[0.09107077]
[0.077746]
[0.07868268]
[0.07798813]
[0.08736012]
[0.0780665]
[0.07732961]
[0.07818482]
[0.08212625]
[0.07787777]
[0.07924209]
[0.07850184]
[0.08217055]
[0.09929691]
[0.07944116]
[0.07757384]
[0.07757384]
[0.07991549]
[0.07991549]
[0.08739597]
[0.07954107]
[0.08813763]
[0.07741127]
[0.1295508]
[0.08379812]
[0.07798713]
[0.08576176]
[0.16051714]
[0.07928151]
[0.07909525]
[0.07815275]
[0.08345481]
[0.08244262]
[0.08244262]
[0.08244262]
[0.08703499]
[0.07928518]
[0.07937752]
[0.07953968]
[0.07925957]
[0.0782157]
[0.08164384]
[0.07791055]
[0.07717635]
[0.0800686]
[0.07791136]
[0.08512777]
[0.08042702]
[0.08042493]
[0.0787333]
[0.07855452]
[0.26249954]
[0.08645262]
[0.08228883]
[0.07823419]
[0.09855929]
[0.07847668]
[0.08200602]
[0.0798305]
[0.07999954]
[0.07851783]
[0.07711434]
[0.07817481]
[0.15777437]
[0.07782907]
[0.07756705]
[0.09615164]
[0.07978923]
[0.07729456]
[0.07985686]
[0.07875124]
[0.07867936]
[0.10722547]
[0.12054597]
[0.07710631]
[0.12062393]
[0.0834142]
[0.0855101]
[0.08341122]
[0.08826435]
[0.08514734]
[0.10065183]
[0.08081542]
[0.13757181]
[0.07896264]
[0.08167441]
[0.2327395]
[0.14628758]
[0.1435458]
[0.10023994]
[0.07868864]
[0.07822565]
[0.11798552]
[0.14166383]
[0.12105878]
[0.09585819]
[0.09001768]
[0.08285859]
[0.08053433]
[0.12646602]
[0.08069628]
[0.1516655]
[0.15490149]
[0.07803211]
[0.15768254]
[0.14431038]
[0.11980401]
[0.16637765]
[0.2244405]
[0.22119445]
[0.08218436]
[0.07877874]
[0.07709692]
[0.07705296]
[0.6380087]
[0.10802513]
[0.10802513]
[0.07721592]
[0.15838562]
[0.07780486]
[0.07731362]
[0.07776133]
[0.07852102]
[0.12278765]
[0.09173827]
[0.07760899]
[0.07863066]
[0.07779138]
[0.07914172]
[0.07871141]
[0.0773283]
[0.0812937]
[0.07881929]
[0.08475652]
[0.07780805]
[0.07785849]
[0.07757974]
[0.07815048]
[0.0775285]
[0.07969151]
[0.07781442]
[0.07828403]
[0.07750562]
[0.29714426]
[0.07751021]
[0.07820389]
[0.07747053]
[0.07916398]
[0.07848886]
[0.07722509]
[0.07988065]
[0.07750883]
[0.09701127]
[0.07888737]
[0.08195697]
[0.07752707]
[0.07830814]
[0.07871991]
[0.09471014]
[0.0787781]
[0.08598887]
[0.07780056]
[0.07715723]
[0.07751101]
[0.07987561]
[0.09189121]
[0.07921149]
[0.07729855]
[0.07729855]
[0.07729855]
[0.07741711]
[0.07743205]
[0.08179989]
[0.1029316]
