[0.06723431]
[0.04668729]
[0.02015618]
[0.0001466]
[0.0001466]
[0.0001466]
[0.0001466]
[0.0001466]
[0.0001466]
[0.0001466]
[0.0001466]
[0.0001466]
[0.0001466]
[0.0001466]
[0.0001466]
[0.0001466]
[0.0001466]
[0.0001466]
[0.0001466]
[0.0001466]
[0.0001466]
[0.0001466]
[0.0001466]
[0.0001466]
[0.0001466]
[0.0001466]
[0.0001466]
[0.0001466]
[0.0001466]
[0.0001466]
[0.0001466]
[0.0001466]
[0.0001466]
[0.0001466]
[0.0001466]
[0.0001466]
[0.0001466]
[0.0001466]
[0.0001466]
[0.0001466]
[0.0001466]
[0.0001466]
[0.0001466]
[0.0001466]
[0.0001466]
[0.0001466]
[0.0001466]
[0.0001466]
[0.0001466]
[0.0001466]
[0.0001466]
[0.0001466]
[0.0001466]
[0.0001466]
[0.0001466]
[0.0001466]
[0.0001466]
[0.0001466]
[0.0001466]
[0.0001466]
[0.0001466]
[0.0001466]
[0.0001466]
[0.0001466]
[0.0001466]
[0.0001466]
[0.0001466]
[0.0001466]
[0.0001466]
[0.0001466]
[0.0001466]
[0.0001466]
[0.0001466]
[0.0001466]
[0.0001466]
[0.0001466]
[0.0001466]
[0.0001466]
[0.0001466]
[0.0001466]
[0.0001466]
[0.0001466]
[0.0001466]
[0.0001466]
[0.0001466]
[0.0001466]
[0.0001466]
[0.0001466]
[0.0001466]
[0.0001466]
[0.0001466]
[0.0001466]
[0.0001466]
[0.0001466]
[0.0001466]
[0.0001466]
[0.0001466]
[0.0001466]
[0.0001466]
[0.0001466]
[0.0001466]
[0.0001466]
[0.0001466]
[0.0001466]
[0.0001466]
[0.0001466]
[0.0001466]
[0.0001466]
[0.0001466]
[0.0001466]
[0.0001466]
[0.0001466]
[0.0001466]
[0.0001466]
[0.0001466]
[0.0001466]
[0.0001466]
[0.0001466]
[0.0001466]
[0.0001466]
[0.0001466]
[0.0001466]
[0.0001466]
[0.0001466]
[0.0001466]
[0.0001466]
[0.0001466]
[0.0001466]
[0.0001466]
[0.0001466]
[0.0001466]
[0.0001466]
[0.0001466]
[0.0001466]
[0.0001466]
[0.0001466]
[0.0001466]
[0.0001466]
[0.0001466]
[0.0001466]
[0.0001466]
[0.0001466]
[0.0001466]
[0.0001466]
[0.0001466]
[0.0001466]
[0.0001466]
[0.00014684]
[0.00014921]
[0.00014921]
[0.00014921]
[0.00014921]
[0.00014921]
[0.00014921]
[0.00014921]
[0.00014921]
[0.00014921]
[0.00014921]
[0.00014921]
[0.00014921]
[0.00014921]
[0.00014921]
[0.00014921]
[0.00014921]
[0.00014921]
[0.00014921]
[0.00014921]
[0.00014921]
[0.00014921]
[0.00014921]
[0.00014921]
[0.00014921]
[0.00014921]
[0.00014921]
[0.00014921]
[0.00014921]
[0.00014921]
[0.00014921]
[0.00014921]
[0.00014921]
[0.00014921]
[0.00014921]
[0.00014921]
[0.00014921]
[0.00014921]
[0.00014921]
[0.00014921]
[0.00014921]
[0.00014921]
[0.00014921]
[0.00014921]
[0.00014921]
[0.00014921]
[0.00014921]
[0.00014921]
[0.00014921]
[0.00014921]
[0.00014921]
[0.00014921]
[0.00014921]
[0.00014921]
[0.00014921]
[0.00014921]
[0.00014921]
[0.00014921]
[0.00014921]
[0.00014921]
[0.00014921]
[0.00014921]
[0.00014921]
[0.00014921]
[0.00014921]
[0.00014921]
[0.00014921]
[0.00014921]
[0.00014921]
[0.00014921]
[0.00014921]
[0.00014921]
[0.00014921]
[0.00014921]
[0.00014921]
[0.00014921]
[0.00014921]
[0.00014921]
[0.00014921]
[0.00014921]
[0.00014921]
[0.00014921]
[0.00014921]
[0.00014921]
[0.00014921]
[0.00014921]
[0.00014921]
[0.00014921]
[0.00014921]
[0.00014921]
[0.00014921]
[0.00014921]
[0.00014921]
[0.00014921]
[0.00014921]
[0.00014921]
[0.00014921]
[0.00014921]
[0.00014921]
[0.00014921]
[0.00014921]
[0.00014921]
[0.00014921]
[0.00014921]
[0.00014921]
[0.00014921]
[0.00014921]
[0.00014921]
[0.00014921]
[0.00014921]
[0.00014921]
[0.00014921]
[0.00014921]
[0.00014921]
[0.00014921]
[0.00014921]
[0.00014921]
[0.00014921]
[0.00014921]
[0.00014921]
[0.00014921]
[0.00014921]
[0.00014921]
[0.00014921]
[0.00014921]
[0.00014921]
[0.00014921]
[0.00014921]
[0.00014921]
[0.00014921]
[0.00014921]
[0.00014921]
[0.00014921]
[0.00014921]
[0.00014921]
[0.00014921]
[0.00014921]
[0.00014921]
[0.00014921]
[0.00014921]
[0.00014921]
[0.00014921]
[0.00014921]
[0.00014921]
[0.00014921]
[0.00014921]
[0.00014921]
[0.00014921]
[0.00014921]
[0.00014921]
[0.00014921]
[0.00014921]
[0.00014921]
[0.00014921]
[0.00014921]
[0.00014921]
[0.00014921]
[0.00014921]
[0.00014921]
[0.00014921]
[0.00014921]
[0.00014921]
[0.00014921]
[0.00014921]
[0.00014921]
[0.00014921]
[0.00014921]
[0.00014921]
[0.00014921]
[0.00014921]
[0.00014921]
[0.00014921]
[0.00014921]
[0.00014921]
[0.00014921]
[0.00014921]
[0.00014921]
[0.00014921]
[0.00014921]
[0.00014921]
[0.00014921]
[0.00014921]
[0.00014921]
[0.00014921]
[0.00014921]
[0.00014921]
[0.00014921]
[0.00014921]
[0.00014921]
[0.00014921]
[0.00014921]
[0.00014921]
[0.00014921]
[0.00014921]
[0.00014921]
[0.00014921]
[0.00014921]
[0.00014921]
[0.00014921]
[0.00014921]
[0.00014921]
[0.00014921]
[0.00014921]
[0.00014921]
[0.00014921]
[0.00014921]
[0.00014921]
[0.00014921]
[0.00014921]
[0.00014921]
[0.00014921]
[0.00014921]
[0.00014921]
[0.00014921]
[0.00014921]
[0.00014921]
[0.00014921]
[0.00014921]
[0.00014921]
[0.00014921]
[0.00014921]
[0.00014921]
[0.00014921]
[0.00014921]
[0.00014921]
[0.00014921]
[0.00014921]
[0.00014921]
[0.00014921]
[0.00014921]
[0.00014921]
[0.00014921]
[0.00014921]
[0.00014921]
[0.00014921]
[0.00014921]
[0.00014921]
[0.00014921]
[0.00014921]
[0.00014921]
[0.00014921]
[0.00014921]
[0.00014921]
[0.00014921]
[0.00014921]
[0.00014921]
[0.00014921]
[0.00014921]
[0.00014921]
[0.00014921]
[0.00014921]
[0.00014921]
[0.00014921]
[0.00014921]
[0.00014921]
[0.00014921]
[0.00014921]
[0.00014921]
[0.00014921]
[0.00014921]
[0.00014921]
[0.00014921]
[0.00014921]
[0.00014921]
[0.00014921]
[0.00014921]
[0.00014921]
[0.00014921]
[0.00014921]
[0.00014921]
[0.00014921]
[0.00014921]
[0.00014921]
[0.00014921]
[0.00014921]
[0.00014921]
[0.00014921]
[0.00014921]
[0.00014921]
[0.00014921]
[0.00014921]
[0.00014921]
[0.00014921]
[0.00014921]
[0.00014921]
[0.00014921]
[0.00014921]
[0.00014921]
[0.00014921]
[0.00014921]
[0.00014921]
[0.00014921]
[0.00014921]
[0.00014921]
[0.00014921]
[0.00014921]
[0.00014921]
[0.00014921]
[0.00014921]
[0.00014921]
[0.00014921]
[0.00014921]
[0.00014921]
[0.00014921]
[0.00014921]
[0.00014921]
[0.00014921]
[0.00014921]
[0.00014921]
[0.00014921]
[0.00014921]
[0.00014921]
[0.00014921]
[0.00014921]
[0.00014238]
[0.00014947]
[0.00015817]
[0.00015817]
[0.00015817]
[0.00015817]
[0.00015817]
[0.00015817]
[0.00015817]
[0.00013664]
[0.00016143]
[0.00016143]
[0.00016143]
[0.00016143]
[0.00016143]
[0.00016143]
[0.00016143]
[0.00016143]
[0.00016143]
[0.00016143]
[0.00016143]
[0.00016143]
[0.00016143]
[0.000169]
[0.00014272]
[0.0001441]
[0.00016276]
[0.00016593]
[0.00017696]
[0.00014969]
[0.00016538]
[0.00025407]
[0.00029967]
[0.00280687]
[0.0043142]
[0.00856428]
[0.0063896]
[0.00151912]
[0.00021489]
