[0.20942414]
[0.20767742]
[0.6762586]
[0.74756676]
[0.19910568]
[0.19910568]
[0.19910568]
[0.19910568]
[0.19910568]
[0.19910568]
[0.19910568]
[0.19910568]
[0.20537843]
[0.20537843]
[0.19968256]
[0.7375678]
[0.20087302]
[0.20077965]
[0.19011936]
[0.19011936]
[0.19011936]
[0.19011936]
[0.73086387]
[0.73086387]
[0.73086387]
[0.73086387]
[0.73086387]
[0.73086387]
[0.73086387]
[0.73086387]
[0.73086387]
[0.73086387]
[0.73086387]
[0.73086387]
[0.73086387]
[0.73086387]
[0.73086387]
[0.73086387]
[0.73086387]
[0.73086387]
[0.73086387]
[0.73086387]
[0.73086387]
[0.73086387]
[0.73086387]
[0.73086387]
[0.73086387]
[0.73086387]
[0.73086387]
[0.73086387]
[0.73086387]
[0.73086387]
[0.73086387]
[0.73086387]
[0.73086387]
[0.73086387]
[0.73086387]
[0.73086387]
[0.73086387]
[0.73086387]
[0.73086387]
[0.73086387]
[0.73086387]
[0.73086387]
[0.73086387]
[0.73086387]
[0.73086387]
[0.73086387]
[0.73086387]
[0.73086387]
[0.73086387]
[0.73086387]
[0.73086387]
[0.73086387]
[0.73086387]
[0.73086387]
[0.73086387]
[0.73086387]
[0.73086387]
[0.73086387]
[0.73086387]
[0.73086387]
[0.73086387]
[0.73086387]
[0.73086387]
[0.73086387]
[0.73086387]
[0.73086387]
[0.73086387]
[0.73086387]
[0.73086387]
[0.73086387]
[0.73086387]
[0.73086387]
[0.20003773]
[0.16280587]
[0.16280587]
[0.1628998]
[0.1628998]
[0.1628998]
[0.20861521]
[0.19276938]
[0.19276938]
[0.20117474]
[0.20117474]
[0.7540726]
[0.20010382]
[0.16289598]
[0.16289598]
[0.16289598]
[0.16289598]
[0.7590646]
[0.20193544]
[0.16385679]
[0.73950607]
[0.20079115]
[0.20079115]
[0.20079115]
[0.20079115]
[0.20079115]
[0.20079115]
[0.20079115]
[0.20079115]
[0.21114881]
[0.7102439]
[0.16293553]
[0.16293553]
[0.7485635]
[0.1930404]
[0.21074323]
[0.19560544]
[0.19560544]
[0.19027832]
[0.16404124]
[0.21232814]
[0.20443593]
[0.19963671]
[0.16287178]
[0.16287178]
[0.16287178]
[0.19179225]
[0.1626797]
[0.16289587]
[0.16222806]
[0.16222806]
[0.16222806]
[0.16222806]
[0.16222806]
[0.20610915]
[0.19143178]
[0.19143178]
[0.16216302]
[0.16216302]
[0.2089432]
[0.20747477]
[0.21240626]
[0.16216542]
[0.16216542]
[0.16216542]
[0.16216542]
[0.16216542]
[0.16216542]
[0.16216542]
[0.16216542]
[0.16216542]
[0.16216542]
[0.16216542]
[0.16216542]
[0.16216542]
[0.16216542]
[0.16216542]
[0.16216542]
[0.16216542]
[0.16216542]
[0.20224658]
[0.7055193]
[0.7055193]
[0.7055193]
[0.7055193]
[0.7055193]
[0.7055193]
[0.7055193]
[0.7055193]
[0.7055193]
[0.7055193]
[0.7055193]
[0.7055193]
[0.7055193]
[0.7055193]
[0.7055193]
[0.7055193]
[0.7055193]
[0.7055193]
[0.2098339]
[0.20659837]
[0.1621932]
[0.16444857]
[0.16444857]
[0.73589987]
[0.16401528]
[0.20232922]
[0.1621903]
[0.77242994]
[0.18722191]
[0.19948243]
[0.70001435]
[0.7369095]
[0.20452996]
[0.16312662]
[0.16312662]
[0.16312662]
[0.7813193]
[0.7813193]
[0.7813193]
[0.16631182]
[0.16228427]
[0.16228427]
[0.69293475]
[0.69293475]
[0.69293475]
[0.69293475]
[0.69293475]
[0.69293475]
[0.69293475]
[0.69293475]
[0.69293475]
[0.69293475]
[0.69293475]
[0.69293475]
[0.69293475]
[0.69293475]
[0.69293475]
[0.69293475]
[0.69293475]
[0.69293475]
[0.69293475]
[0.69293475]
[0.69293475]
[0.16396856]
[0.76248235]
[0.16225952]
[0.16294183]
[0.16294183]
[0.16294183]
[0.16294183]
[0.7349207]
[0.7349207]
[0.7349207]
[0.7349207]
[0.7349207]
[0.7349207]
[0.7349207]
[0.7349207]
[0.7349207]
[0.7349207]
[0.7349207]
[0.7349207]
[0.7349207]
[0.7349207]
[0.7349207]
[0.7349207]
[0.7349207]
[0.7349207]
[0.7349207]
[0.7349207]
[0.7349207]
[0.1622587]
[0.21349642]
[0.16236688]
[0.19980994]
[0.16225934]
[0.21271348]
[0.69757825]
[0.196575]
[0.16224432]
[0.16224432]
[0.20098431]
[0.671599]
[0.16290343]
[0.16413529]
[0.66012615]
[0.66012615]
[0.66012615]
[0.66012615]
[0.16363627]
[0.16416085]
[0.1632211]
[0.7325716]
[0.7325716]
[0.7325716]
[0.7325716]
[0.16229513]
[0.16229533]
[0.20242304]
[0.7462614]
[0.16673107]
[0.16340747]
[0.16183999]
[0.2167966]
[0.21011417]
[0.21146153]
[0.16364767]
[0.6286423]
[0.16651344]
[0.16659792]
[0.1639862]
[0.16404457]
[0.16566285]
[0.16235395]
[0.21978116]
[0.67565536]
[0.16226271]
[0.16226271]
[0.76544887]
[0.1618519]
[0.73245454]
[0.20173556]
[0.71760195]
[0.16226517]
[0.77936876]
[0.77936876]
[0.79038805]
[0.16297875]
[0.20265733]
[0.16487668]
[0.1642636]
[0.1625938]
[0.16211598]
[0.16211598]
[0.2009277]
[0.7296594]
[0.6720706]
[0.7278643]
[0.16289358]
[0.702657]
[0.72738963]
[0.16420062]
[0.779183]
[0.71436113]
[0.71436113]
[0.71436113]
[0.71436113]
[0.72205657]
[0.69555175]
[0.16228226]
[0.74406034]
[0.7920332]
[0.68973297]
[0.73180825]
[0.1624104]
[0.7140694]
[0.80112684]
[0.60737634]
[0.60737634]
[0.70089096]
[0.19416901]
[0.66832405]
[0.7627224]
[0.20379461]
[0.59750587]
[0.59750587]
[0.59750587]
[0.59750587]
[0.59750587]
[0.59750587]
[0.59750587]
[0.59750587]
[0.59750587]
[0.59750587]
[0.65462303]
[0.6550978]
[0.16487356]
[0.8074294]
[0.1670415]
[0.16458283]
[0.6280226]
[0.7857373]
[0.1672195]
[0.16595732]
[0.22586493]
[0.23158735]
[0.16645199]
[0.59816384]
[0.16483948]
[0.60076797]
[0.6347915]
[0.22162975]
[0.5629021]
[0.761912]
[0.2723454]
[0.21564421]
[0.55035865]
[0.5979633]
[0.6901388]
[0.61872417]
[0.57545865]
[0.16591303]
[0.55307084]
[0.55307084]
[0.55307084]
[0.55307084]
[0.5505735]
[0.2276468]
[0.54698414]
[0.579659]
[0.66451883]
[0.24331075]
[0.5200818]
[0.43766254]
[0.42910022]
[0.20501365]
[0.5691009]
[0.5691009]
[0.39640146]
[0.17426693]
[0.53958124]
[0.7868326]
[0.16737838]
[0.22031479]
[0.16966978]
[0.3634554]
[0.63453364]
[0.4319334]
[0.1684584]
[0.4625518]
[0.19625266]
[0.17064665]
[0.23569776]
[0.4083167]
[0.55430984]
[0.7041059]
[0.33432624]
[0.17228201]
[0.27487642]
[0.17657068]
[0.46382782]
[0.18052872]
[0.5096642]
[0.34436503]
[0.4970267]
[0.39020428]
[0.1663798]
[0.5114466]
[0.28136802]
[0.3525008]
[0.32051164]
[0.42656583]
[0.37105346]
[0.45549756]
[0.20915936]
[0.21885403]
[0.35523376]
[0.47970274]
[0.22861648]
[0.3554633]
[0.45186442]
[0.22537953]
[0.25972748]
[0.29331985]
[0.62289995]
[0.31751534]
[0.3948302]
[0.51852447]
[0.16614239]
[0.2736876]
[0.2736876]
[0.16467628]
[0.27727807]
[0.3608802]
[0.20067108]
[0.64925456]
[0.16264598]
[0.16264598]
[0.22452615]
[0.20175785]
[0.16466114]
[0.5819998]
[0.20297745]
[0.16601072]
[0.6451663]
[0.6451663]
[0.4452544]
[0.4452544]
[0.4452544]
[0.4452544]
[0.38807935]
[0.1622421]
[0.1679751]
[0.1976428]
[0.16233508]
[0.18315807]
[0.2001362]
[0.16248383]
[0.20336315]
[0.20228173]
[0.20085712]
[0.20081508]
[0.1957009]
[0.20261939]
[0.16313072]
