3.166844056407755
3.320278646619504
3.29735979738094
3.518480389095841
3.4462770548945887
3.4462770548945887
3.4462770548945887
3.4462770548945887
3.4462770548945887
3.4462770548945887
3.4462770548945887
3.4462770548945887
3.4462770548945887
3.4462770548945887
3.4462770548945887
3.4462770548945887
3.4462770548945887
3.4462770548945887
3.4462770548945887
3.4462770548945887
3.4462770548945887
3.4462770548945887
3.4462770548945887
3.4462770548945887
3.4462770548945887
3.4462770548945887
3.4462770548945887
3.4462770548945887
3.4462770548945887
3.4462770548945887
3.4462770548945887
3.4462770548945887
3.4462770548945887
3.4462770548945887
3.4462770548945887
3.4462770548945887
3.4462770548945887
3.4462770548945887
3.4462770548945887
3.4462770548945887
3.4462770548945887
3.4462770548945887
3.4462770548945887
3.17395842387168
2.992041687815359
3.050873878885403
3.050873878885403
3.050873878885403
3.050873878885403
3.050873878885403
3.050873878885403
3.050873878885403
3.050873878885403
3.050873878885403
3.050873878885403
3.050873878885403
3.050873878885403
3.050873878885403
3.050873878885403
3.050873878885403
3.050873878885403
3.050873878885403
3.050873878885403
3.050873878885403
3.050873878885403
3.050873878885403
3.050873878885403
3.050873878885403
3.0522261176913723
3.5985182207670974
3.329906471565341
3.329906471565341
3.329906471565341
3.329906471565341
3.329906471565341
3.329906471565341
3.329906471565341
3.329906471565341
3.329906471565341
3.329906471565341
3.329906471565341
3.329906471565341
3.329906471565341
3.329906471565341
3.329906471565341
3.386102789459162
3.386102789459162
3.386102789459162
3.386102789459162
3.386102789459162
3.386102789459162
3.386102789459162
3.386102789459162
3.386102789459162
3.2078902158462332
3.3697836008067057
3.3697836008067057
3.3697836008067057
3.3697836008067057
3.248163926684147
3.2328247217630484
3.2328247217630484
3.2328247217630484
3.2328247217630484
3.2328247217630484
3.2328247217630484
3.2328247217630484
3.2328247217630484
3.2328247217630484
3.2328247217630484
3.2328247217630484
3.2328247217630484
3.2328247217630484
3.2328247217630484
3.2328247217630484
3.2328247217630484
3.2328247217630484
3.2328247217630484
3.2328247217630484
3.2328247217630484
3.2328247217630484
3.2328247217630484
3.2328247217630484
3.2328247217630484
3.2328247217630484
3.2328247217630484
3.2328247217630484
3.2360026231772094
3.2360026231772094
3.2360026231772094
3.2360026231772094
3.2360026231772094
3.3343374042289193
3.3343374042289193
3.3343374042289193
3.3343374042289193
3.387965732505565
3.387965732505565
3.387965732505565
2.9265700641454693
2.9265700641454693
2.9265700641454693
2.9265700641454693
2.9265700641454693
2.9265700641454693
2.9265700641454693
2.9265700641454693
2.9265700641454693
2.9265700641454693
2.9265700641454693
2.9265700641454693
2.9265700641454693
2.9265700641454693
2.9265700641454693
2.9265700641454693
2.9265700641454693
2.9265700641454693
2.9265700641454693
2.9265700641454693
2.9265700641454693
2.9265700641454693
2.9265700641454693
2.9265700641454693
2.9265700641454693
2.9265700641454693
2.9265700641454693
2.9265700641454693
2.9265700641454693
2.9265700641454693
2.9265700641454693
2.9265700641454693
2.9265700641454693
3.2572647167674216
3.364127495014902
3.6454928688890362
3.6454928688890362
3.336736729303964
3.3410714898264597
3.3424770901305862
3.3424770901305862
3.3424770901305862
3.3424770901305862
3.3424770901305862
3.3424770901305862
3.3424770901305862
3.3424770901305862
3.3424770901305862
3.3424770901305862
3.3424770901305862
3.3424770901305862
3.3424770901305862
3.3424770901305862
2.9465280656000754
3.3509394869237017
3.3509394869237017
3.3509394869237017
3.3509394869237017
3.3554238970972037
3.3554238970972037
3.3554238970972037
3.3554238970972037
3.502347832351858
3.502347832351858
3.502347832351858
3.502347832351858
3.502347832351858
3.502347832351858
3.502347832351858
3.502347832351858
3.502347832351858
3.502347832351858
3.502347832351858
3.064543961273669
3.6319760397074496
3.2002111139608598
3.2501462277617232
3.2501462277617232
3.2501462277617232
3.2501462277617232
3.2501462277617232
3.4144674157581534
3.5292342364541405
3.5292342364541405
3.1132973506374615
3.7111784712669262
3.1291209782512475
3.1594634543854987
3.1594634543854987
3.225699421159357
2.730816594244599
3.212397527915174
3.464860051764248
3.544326338028669
3.448436330313392
3.1722811352121347
3.4467622110010936
3.260657967972975
3.396335700766497
3.396335700766497
3.712758277642556
3.5845175189483154
3.3220555047914315
3.3220555047914315
3.407833970917398
3.407833970917398
3.351524271077632
3.2962203994400845
3.1672092054857774
3.6480689811233376
3.6191440587669534
3.662940084411064
3.662940084411064
2.9059947453574395
2.907069985742055
2.907069985742055
3.608390011626941
3.608390011626941
3.656554005385644
3.4323717446466
3.8276410970073673
3.7940936549757165
3.1733547297870253
3.436631993849824
3.2296153264013565
3.5729160443754937
3.309157027933053
3.7310862665577433
3.4933197760022754
3.107899482610261
3.7054924036456818
2.996443096965706
3.127806806268552
3.427780142775841
3.889660548474737
3.9237097476224587
3.2774795278642594
3.443277118572217
3.305419248471135
3.4960759983478713
3.5920996022911025
3.3882924964972814
3.135008190883937
3.943709534060379
3.302486225186832
3.3702653935866493
3.3702653935866493
3.5422839311471046
3.7724967164851755
3.7133153283748657
3.4030988812748966
3.7390121861177636
3.6286847057432414
3.8142832932962936
3.4556801647788244
2.9857587499398512
3.113013948311478
3.5103838178165327
3.522523642063674
3.6035665205684992
3.3934886728974334
3.3934886728974334
3.682470753166686
3.309216328858594
3.81202136498867
3.8131494005274096
3.8131494005274096
3.8131494005274096
3.3309571065901045
3.7998078474382595
3.4894836713037956
3.5495432379082317
3.3790616271353286
3.8557840777712826
3.7216238259969163
3.6344623219028502
3.848152627557579
3.251825934208733
3.669579608631074
3.338300712142386
3.338300712142386
3.3805687278879404
3.3805687278879404
3.847332650343435
3.380874209414004
3.496361358801267
3.5131257186549654
3.7011107104782237
3.63038683571801
3.546012120543975
3.781230808931877
3.4269622506039266
4.134505448751166
3.8083749355106686
3.2056799945706693
4.002708787658106
3.415219054695842
3.5791511609851545
3.1034792173978367
4.301861526855966
3.7920839141557794
3.498901869926069
4.445378052201654
4.049194959724613
3.5300639411895105
3.9198294807795264
3.767370598231002
4.1563026838977795
3.9628277525080735
4.130961457876602
3.7519116020761185
4.083299454918944
3.8628201022913347
3.7398007403685636
2.841642473749891
3.300009098998152
3.811733496497281
3.1756974251240315
3.915016689197836
3.915016689197836
4.036500011694277
4.030064092456082
3.1321107775927093
3.259295379770542
4.13452230611715
3.6756929446676327
3.1016620293432737
4.143596224436535
4.181859437676435
3.394826019895012
4.576874232915046
4.654412418648431
3.663031574447758
2.9723231272986155
4.895188280444391
3.116816487385231
5.165373210651742
3.097658960767806
4.25119890669067
3.4886513475702987
2.7390469586606265
5.031906714236845
3.299729945371114
4.636428672208247
5.1445537021441945
3.47178082961773
3.341618864000038
3.1425076583464335
3.046842720212368
2.8472392698244136
3.397180276867063
2.6867131280535084
2.817019914601511
3.1063267748809187
3.080563284575291
3.2729264135751865
3.3815933369826663
2.7340162738581792
2.8476241655794574
2.6861524796855534
3.73658699084174
3.751095554106918
2.8480600982984114
3.8599730926372064
2.6350624375992986
3.967970761881684
2.946156826403243
2.7193680975879815
2.253195571665067
2.3825684496202744
2.2518144059435343
2.6990038547623083
2.901046455109208
4.5886179025629446
2.9750685741026164
1.6605443331716252
2.508058123667915
2.432251636753824
5.105121665298183
2.112083883954142
4.562879412319717
2.5521715387610993
2.1072588061568656
2.1072588061568656
1.9167103771211131
1.9167103771211131
2.0151335268125585
2.0837889193169357
1.877242647127586
1.9535255450517734
1.8264057562780085
1.83297329801516
2.003202581840556
1.3726374020928276
1.5763864955709561
2.6700753781815294
1.979536735686711
1.9635235980979253
2.41510264883442
3.5096473644978943
3.469278163391083
2.9606809830695333
2.677522776759714
2.783259472053759
1.0
1.0
2.034355624758769
4.128533052726137
1.528193280147697
2.3102154075616834
4.123472728968558
1.1765612788317714
4.464469797828964
3.0064514515177283
3.2619695966811486
2.6379787016818455
3.109522220748497
3.109522220748497
5.623731149000048
4.227759287171148
3.5919964296256417
3.5919964296256417
3.6395999695449035
3.842784655236197
4.023460355978468
3.599188240593853
3.029460343500384
4.054249346327292
4.860305633129054
5.086530896747171
5.840196815418077
5.404533928645757
3.7984191909196836
4.090160832007845
7.3284153846153846
4.333821875006051
4.480559038124506
4.2374359482158965
4.138295486178112
2.301646305189884
5.5499185603536505
5.025816240031744
3.8858822516855227
5.7046693961206
3.2181572685227016
2.706172249664183
5.429475794857202
5.978906707790491
5.186381925185877
6.033273027982408
4.576569872225163
5.500672089641119
4.254118367968167
4.945535593124151
6.079416738099129
5.166873559281935
4.264024183970927
5.503286860744717
5.828444096224135
5.799386476600932
5.859005492473429
