2.4782181008522723
3.447263163812491
3.447263163812491
3.447263163812491
3.447263163812491
4.467875352501468
4.467875352501468
4.467875352501468
4.467875352501468
4.467875352501468
4.467875352501468
4.467875352501468
4.467875352501468
4.467875352501468
3.9045338460678822
3.9045338460678822
3.588219493253554
3.6723493308740487
4.754495121722266
4.754495121722266
4.754495121722266
4.595894351133067
4.595894351133067
4.595894351133067
3.33453144109797
2.959976048168114
2.959976048168114
2.959976048168114
2.959976048168114
2.959976048168114
2.959976048168114
2.959976048168114
2.959976048168114
2.959976048168114
2.959976048168114
2.959976048168114
2.959976048168114
2.959976048168114
2.959976048168114
2.959976048168114
2.711999423376483
5.230248185415331
4.788277494698002
2.6951105772226374
2.6951105772226374
2.6951105772226374
2.6951105772226374
2.6951105772226374
2.6951105772226374
2.6951105772226374
2.6951105772226374
2.6951105772226374
2.6951105772226374
2.6951105772226374
2.6951105772226374
2.6951105772226374
2.6951105772226374
2.6951105772226374
2.6951105772226374
2.6951105772226374
2.6951105772226374
2.6951105772226374
2.6951105772226374
2.6951105772226374
2.6951105772226374
2.6951105772226374
2.6951105772226374
2.6951105772226374
2.6951105772226374
2.6951105772226374
2.6951105772226374
2.6951105772226374
2.6951105772226374
2.6951105772226374
2.6951105772226374
2.6951105772226374
2.6951105772226374
2.6951105772226374
2.6951105772226374
2.6951105772226374
2.6951105772226374
2.6951105772226374
2.6951105772226374
2.6951105772226374
2.6951105772226374
2.6951105772226374
2.9189404454967693
2.9189404454967693
2.9189404454967693
2.9189404454967693
2.9189404454967693
2.9189404454967693
3.002580762823552
3.002580762823552
3.002580762823552
3.749597661473235
2.703144374578546
4.536742907746299
4.536742907746299
4.536742907746299
3.902094742759859
3.902094742759859
3.902094742759859
3.902094742759859
3.902094742759859
3.902094742759859
3.902094742759859
3.902094742759859
3.902094742759859
5.815287823618799
5.184260801666623
5.184260801666623
5.184260801666623
5.184260801666623
5.184260801666623
4.451694064172557
2.8396336799731365
5.24594541705124
4.622670558646482
4.480975811047488
3.0122865315294547
3.0122865315294547
3.0122865315294547
3.0122865315294547
4.969788893582854
4.969788893582854
4.969788893582854
4.969788893582854
4.969788893582854
4.969788893582854
4.969788893582854
4.969788893582854
4.969788893582854
4.969788893582854
4.969788893582854
4.969788893582854
4.969788893582854
4.969788893582854
4.877509661797085
4.877509661797085
4.764319246308286
4.764319246308286
4.764319246308286
4.764319246308286
3.0717101713043142
4.742360759225629
5.100815690430203
5.183556056777208
4.987064302321153
4.987064302321153
3.733141001567205
3.733141001567205
3.733141001567205
2.914674078340603
2.914674078340603
2.914674078340603
2.914674078340603
3.8363673132307134
3.8363673132307134
3.8363673132307134
3.8363673132307134
3.8363673132307134
3.8363673132307134
3.8363673132307134
3.8363673132307134
3.8363673132307134
3.8363673132307134
3.8363673132307134
3.115931177656175
4.985135549101249
4.169189865895312
3.5951515669054803
3.040881687387407
4.197662075966913
4.197662075966913
4.197662075966913
3.51789312332666
4.978453261363097
3.9212950177290793
4.131756324219724
3.3874289132453272
3.3874289132453272
3.3874289132453272
3.109057338989908
5.24243085694421
5.11688621799757
3.1103245591098343
3.1103245591098343
3.1103245591098343
3.1103245591098343
3.1103245591098343
3.1103245591098343
3.1103245591098343
3.1103245591098343
3.1103245591098343
3.9302288516922514
3.9302288516922514
3.9302288516922514
3.9302288516922514
3.9302288516922514
3.9302288516922514
3.9302288516922514
3.9302288516922514
3.9302288516922514
3.9302288516922514
3.9302288516922514
3.9302288516922514
3.9302288516922514
3.9302288516922514
3.9302288516922514
3.9302288516922514
3.9302288516922514
3.9302288516922514
3.9302288516922514
3.9302288516922514
3.9302288516922514
3.9302288516922514
3.9302288516922514
3.9302288516922514
3.9302288516922514
3.9302288516922514
3.9302288516922514
3.9302288516922514
3.9302288516922514
3.9302288516922514
3.9302288516922514
3.9302288516922514
3.9302288516922514
3.9302288516922514
3.9302288516922514
3.9302288516922514
3.9302288516922514
3.9302288516922514
3.9302288516922514
3.9302288516922514
3.9302288516922514
3.9302288516922514
3.9302288516922514
3.9302288516922514
3.9302288516922514
3.9302288516922514
3.9302288516922514
3.9302288516922514
3.9302288516922514
3.9302288516922514
3.9302288516922514
3.9302288516922514
3.9302288516922514
3.9302288516922514
3.9302288516922514
3.9302288516922514
3.9302288516922514
3.9302288516922514
3.9302288516922514
3.9302288516922514
3.9302288516922514
3.9302288516922514
3.9302288516922514
3.9302288516922514
3.9302288516922514
3.9302288516922514
3.9302288516922514
3.9302288516922514
3.9302288516922514
3.9302288516922514
3.9302288516922514
3.9302288516922514
3.9302288516922514
3.9302288516922514
3.9302288516922514
3.9302288516922514
3.9302288516922514
3.9302288516922514
3.9302288516922514
3.9302288516922514
3.9302288516922514
3.9302288516922514
3.9302288516922514
3.9302288516922514
3.9302288516922514
3.9302288516922514
3.9302288516922514
3.9302288516922514
3.9302288516922514
3.9302288516922514
3.9302288516922514
3.9302288516922514
4.1967326547189545
2.8314053641183268
3.445894297860711
3.445894297860711
3.445894297860711
3.1245394084920006
4.133718273647807
3.244273935869761
3.244273935869761
3.244273935869761
3.244273935869761
3.244273935869761
3.244273935869761
3.244273935869761
3.244273935869761
3.244273935869761
3.244273935869761
3.244273935869761
3.244273935869761
3.244273935869761
3.244273935869761
3.244273935869761
3.244273935869761
3.244273935869761
3.244273935869761
3.244273935869761
3.244273935869761
3.244273935869761
3.244273935869761
3.244273935869761
3.244273935869761
3.244273935869761
3.244273935869761
3.244273935869761
3.244273935869761
3.244273935869761
3.244273935869761
3.244273935869761
3.244273935869761
3.244273935869761
3.244273935869761
3.244273935869761
3.244273935869761
3.244273935869761
3.244273935869761
3.244273935869761
3.244273935869761
3.244273935869761
3.244273935869761
3.244273935869761
3.244273935869761
3.244273935869761
3.244273935869761
3.244273935869761
3.244273935869761
3.244273935869761
3.244273935869761
3.244273935869761
3.244273935869761
3.244273935869761
3.244273935869761
3.244273935869761
3.244273935869761
3.244273935869761
3.244273935869761
3.244273935869761
3.244273935869761
3.244273935869761
3.244273935869761
3.244273935869761
3.244273935869761
3.244273935869761
3.244273935869761
3.244273935869761
3.244273935869761
3.244273935869761
3.244273935869761
3.244273935869761
3.244273935869761
3.244273935869761
3.244273935869761
3.244273935869761
3.244273935869761
3.244273935869761
3.244273935869761
3.244273935869761
3.244273935869761
3.244273935869761
3.244273935869761
3.244273935869761
3.244273935869761
3.244273935869761
3.244273935869761
3.244273935869761
3.244273935869761
3.244273935869761
3.244273935869761
3.244273935869761
3.244273935869761
3.244273935869761
3.244273935869761
3.244273935869761
3.244273935869761
3.244273935869761
3.244273935869761
3.244273935869761
3.244273935869761
3.244273935869761
5.205690411230094
4.0259193028143025
3.6808126872115707
5.759355708599129
3.885237466586016
3.2173492752362787
3.3405648342759386
4.056976104439505
3.79786500029956
6.121958848283922
4.197225314271124
4.223585157479855
5.160645974667546
4.874962851201401
5.713691440077284
3.4522877802636796
3.644714674118573
3.491643124154253
4.10359735003801
2.570777333852977
3.137340463826451
5.315617831984977
4.281238884942821
3.6022767909889355
4.65290179115225
3.716444747720322
4.127809229987408
3.8639101027488874
3.6283308091098343
4.032895953340603
4.106050406457998
3.8157474302088694
4.596886852732663
4.198746697355247
4.414203551552315
4.514107055841121
4.301773679930983
3.7313760300720116
4.289537462711578
3.7058106002112545
5.269273613479348
2.7403525610841495
4.701446066680127
3.239457050322657
4.2613827836746445
5.02739515288999
4.0698934174593235
4.517410264707673
3.752617887660648
2.701044842026315
2.778412500299561
4.413108524882837
2.758999969544904
4.094093845372024
5.444091234013507
5.56050469627031
5.313587093450494
3.0318955001734453
5.462282067108541
3.56492304646798
3.669121765103238
3.669121765103238
3.669121765103238
4.555337258028008
4.048876892621827
4.741731278831772
3.565875611257084
3.5133525343340075
3.5133525343340075
3.5133525343340075
3.5133525343340075
3.5133525343340075
3.5133525343340075
3.5133525343340075
5.309752705474413
4.318799969544903
5.190700135906283
4.514304839801373
5.4740437669037485
5.050984554091142
4.782691104181854
6.472526657443437
5.961969200314134
6.631545932901546
6.41466270181499
5.491304958622852
5.491304958622852
5.491304958622852
5.491304958622852
3.567889522071513
6.956228382288363
5.337252859608434
5.337252859608434
5.337252859608434
5.5122657267413
5.843793005939216
5.583356182238582
5.205846434182348
4.637573726201605
5.312547359612955
4.951592588130392
4.3996296244733575
6.260260027538414
4.60185355225085
5.500350800800621
