[0.05235525]
[0.05235542]
[0.05235542]
[0.05235542]
[0.05235542]
[0.05235542]
[0.05235542]
[0.05233971]
[0.05239314]
[0.05236391]
[0.05236391]
[0.05224675]
[0.05251247]
[0.05251247]
[0.05244492]
[0.05234686]
[0.05234686]
[0.05234686]
[0.05231176]
[0.05234841]
[0.05234841]
[0.05234841]
[0.05234841]
[0.05244492]
[0.05244492]
[0.05244492]
[0.05244492]
[0.05244492]
[0.05236382]
[0.05235629]
[0.05235767]
[0.05230229]
[0.05236751]
[0.05236751]
[0.05236751]
[0.05236751]
[0.05240735]
[0.05240735]
[0.05238571]
[0.05238571]
[0.05238571]
[0.05238571]
[0.05238571]
[0.05238741]
[0.05238741]
[0.05238741]
[0.05246577]
[0.05246577]
[0.05246577]
[0.05245757]
[0.05230375]
[0.0523483]
[0.05234854]
[0.05246821]
[0.0525362]
[0.05248789]
[0.05234191]
[0.05234191]
[0.05234191]
[0.05245726]
[0.05245726]
[0.0523663]
[0.0523663]
[0.0523663]
[0.0523663]
[0.0523663]
[0.0523663]
[0.0523663]
[0.05238242]
[0.05241566]
[0.05233524]
[0.05242281]
[0.05248121]
[0.05251247]
[0.05251247]
[0.0525744]
[0.05252944]
[0.05252944]
[0.05252944]
[0.05242618]
[0.05242618]
[0.05242618]
[0.05242618]
[0.05242618]
[0.05242618]
[0.05242618]
[0.05242618]
[0.05242618]
[0.05242618]
[0.05242618]
[0.05242618]
[0.05242618]
[0.05242618]
[0.05246952]
[0.05251783]
[0.05235546]
[0.05250346]
[0.05236533]
[0.05243831]
[0.052357]
[0.05264592]
[0.05255103]
[0.0524499]
[0.0524499]
[0.0524499]
[0.0524499]
[0.05239588]
[0.05239588]
[0.05239588]
[0.05239588]
[0.05239588]
[0.05239588]
[0.05239588]
[0.05239588]
[0.05239588]
[0.05239588]
[0.05239588]
[0.05239588]
[0.05239588]
[0.05239588]
[0.05239588]
[0.05239588]
[0.05239588]
[0.05239588]
[0.05239588]
[0.05239588]
[0.05239588]
[0.05239588]
[0.05239588]
[0.05239588]
[0.05239588]
[0.05239588]
[0.05235686]
[0.05235686]
[0.05235686]
[0.05235686]
[0.05235674]
[0.052406]
[0.05231985]
[0.05231985]
[0.05231985]
[0.05231985]
[0.05243871]
[0.05250945]
[0.05249971]
[0.05243845]
[0.05249594]
[0.05247246]
[0.05241682]
[0.05241682]
[0.05241682]
[0.05241682]
[0.05243818]
[0.05243818]
[0.05243818]
[0.05243818]
[0.05243818]
[0.05227593]
[0.05242627]
[0.05242627]
[0.05251526]
[0.05231162]
[0.05231162]
[0.05231162]
[0.05253997]
[0.05253997]
[0.05253997]
[0.05230732]
[0.05259569]
[0.05236408]
[0.05251477]
[0.05247668]
[0.05251282]
[0.05236391]
[0.0525362]
[0.05265869]
[0.052659]
[0.05226155]
[0.05240706]
[0.05260073]
[0.05246757]
[0.05246757]
[0.05241479]
[0.05231448]
[0.05236509]
[0.05236509]
[0.05236509]
[0.05252583]
[0.05236588]
[0.05238751]
[0.05238905]
[0.05239383]
[0.0524809]
[0.05240365]
[0.05203378]
[0.05203378]
[0.05273957]
[0.05237731]
[0.05236594]
[0.05252739]
[0.05247969]
[0.05247969]
[0.05247969]
[0.05252735]
[0.05224209]
[0.05224209]
[0.05237731]
[0.05245544]
[0.05236583]
[0.05243975]
[0.05244824]
[0.05240536]
[0.0524091]
[0.05239023]
[0.05245906]
[0.05249178]
[0.05244812]
[0.0524479]
[0.05240377]
[0.05245731]
[0.05236183]
[0.05240508]
[0.05255783]
[0.05246115]
[0.05257659]
[0.05260163]
[0.05235835]
[0.0523729]
[0.05206206]
[0.05244537]
[0.05249159]
[0.05249461]
[0.05254028]
[0.05242277]
[0.05242277]
[0.05239809]
[0.05264887]
[0.05230704]
[0.05250751]
[0.05250751]
[0.0525436]
[0.05218374]
[0.05227943]
[0.05249216]
[0.05245101]
[0.05241386]
[0.05246952]
[0.05251868]
[0.05234901]
[0.05245833]
[0.0525385]
[0.05250537]
[0.05208962]
[0.05254177]
[0.05250552]
[0.05215851]
[0.05227301]
[0.05264456]
[0.05257293]
[0.05243947]
[0.05245784]
[0.05245784]
[0.05254472]
[0.05231011]
[0.05251779]
[0.05255543]
[0.05247725]
[0.05256232]
[0.05235883]
[0.05240983]
[0.05254498]
[0.05242255]
[0.05248614]
[0.05247905]
[0.0524549]
[0.05244075]
[0.05228671]
[0.05224887]
[0.05253155]
[0.05256609]
[0.05228683]
[0.05247045]
[0.05245049]
[0.05235]
[0.05245975]
[0.0526609]
[0.05251468]
[0.05210222]
[0.05214658]
[0.05263412]
[0.05252996]
[0.05231385]
[0.05240574]
[0.05274658]
[0.05261455]
[0.05257713]
[0.0525611]
[0.05244335]
[0.05244335]
[0.05252441]
[0.05211675]
[0.05223711]
[0.05249594]
[0.05245482]
[0.05234101]
[0.05231068]
[0.05227164]
[0.0526737]
[0.05244501]
[0.05241145]
[0.0522061]
[0.05257614]
[0.05219718]
[0.05232505]
[0.05235731]
[0.05231361]
[0.05246589]
[0.05236425]
[0.05271047]
[0.05281939]
[0.05245748]
[0.05229162]
[0.05249629]
[0.05276467]
[0.05231387]
[0.05240801]
[0.05231637]
[0.05262221]
[0.0523391]
[0.05291956]
[0.05243662]
[0.05237567]
[0.05264511]
[0.05314007]
[0.05271842]
[0.05237326]
[0.05270252]
[0.05253724]
[0.05285664]
[0.05301152]
[0.0528516]
[0.05346524]
[0.05255842]
[0.05313409]
[0.0530046]
[0.05281605]
[0.05556144]
[0.0559959]
[0.05299948]
[0.0568196]
[0.0566273]
[0.05521234]
[0.05502249]
[0.05626635]
[0.05536734]
[0.42970684]
[0.42970684]
[0.05706016]
[0.05742466]
[0.40839997]
[0.40839997]
[0.40839997]
[0.05683552]
[0.05219242]
[0.06023356]
[0.05373758]
[0.05802699]
[0.0580295]
[0.05721895]
[0.06156549]
[0.06156549]
[0.05894479]
[0.05292335]
[0.06177097]
[0.41182134]
[0.41182134]
[0.41182134]
[0.41182134]
[0.41182134]
[0.41182134]
[0.41182134]
[0.41182134]
[0.41182134]
[0.06335598]
[0.06053394]
[0.29495245]
[0.29495245]
[0.29495245]
[0.29495245]
[0.29495245]
[0.29495245]
[0.07942971]
[0.07942971]
[0.06853046]
[0.07131722]
[0.08144075]
[0.31224447]
[0.06528566]
[0.26441363]
[0.26441363]
[0.26441363]
[0.26441363]
[0.26441363]
[0.26441363]
[0.26441363]
[0.26441363]
[0.26441363]
[0.26441363]
[0.26441363]
[0.26441363]
[0.26441363]
[0.26441363]
[0.26441363]
[0.26441363]
[0.26441363]
[0.26441363]
[0.26441363]
[0.26441363]
[0.26441363]
[0.26441363]
[0.26441363]
[0.26441363]
[0.26441363]
[0.07735891]
[0.07838582]
[0.07725075]
[0.25797683]
[0.25797683]
[0.25797683]
[0.25797683]
[0.25797683]
[0.25797683]
[0.25797683]
[0.25797683]
[0.25797683]
[0.16810468]
[0.0648839]
[0.07374641]
[0.15244135]
[0.0743682]
[0.06694915]
[0.2049871]
[0.088232]
[0.14751191]
[0.11821425]
[0.06921657]
[0.090082]
[0.266159]
[0.0720364]
[0.10339152]
[0.08632273]
[0.07578611]
[0.10608511]
[0.08844302]
[0.25558123]
[0.25558123]
[0.25558123]
[0.25558123]
[0.25558123]
[0.25558123]
[0.25558123]
[0.25558123]
[0.25558123]
[0.25558123]
[0.07759038]
[0.22719699]
[0.18804842]
[0.22923158]
[0.13735092]
[0.12413743]
[0.12413743]
[0.11012533]
[0.09680814]
[0.08633322]
[0.05855302]
[0.05548302]
[0.06726765]
[0.06370279]
[0.05248977]
[0.19699119]
[0.05255381]
[0.05236131]
[0.05247912]
[0.07921436]
[0.06951136]
[0.05249836]
[0.05215127]
[0.05232443]
[0.05221846]
[0.06042243]
[0.05270774]
[0.05242656]
[0.05369873]
[0.05300029]
[0.05230519]
[0.05235582]
[0.05279925]
[0.05239899]
[0.05247853]
[0.05243319]
