[0.00031411]
[0.00031411]
[0.00034144]
[0.00034144]
[0.00034144]
[0.00034144]
[0.00034144]
[0.00034144]
[0.00034144]
[0.00034144]
[0.00034144]
[0.00034144]
[0.00034144]
[0.00034144]
[0.00034144]
[0.00034144]
[0.00034144]
[0.00034144]
[0.00034144]
[0.00034144]
[0.00034144]
[0.00034144]
[0.00034144]
[0.00034144]
[0.00034144]
[0.00034144]
[0.00034144]
[0.00034144]
[0.00034144]
[0.00034144]
[0.00034144]
[0.00034144]
[0.00034144]
[0.00034144]
[0.00034144]
[0.00034144]
[0.00034144]
[0.00034144]
[0.00034144]
[0.00034144]
[0.00034144]
[0.00034144]
[0.00034144]
[0.00034144]
[0.00034144]
[0.00034144]
[0.00034144]
[0.00034144]
[0.00034144]
[0.00034144]
[0.00034144]
[0.00034144]
[0.00034144]
[0.00034144]
[0.00034144]
[0.00034144]
[0.00034144]
[0.00034144]
[0.00034144]
[0.00034144]
[0.00034144]
[0.00034144]
[0.00034144]
[0.00034144]
[0.00034144]
[0.00034144]
[0.00034144]
[0.00034144]
[0.00034144]
[0.00034144]
[0.00034144]
[0.00034144]
[0.00034144]
[0.00034144]
[0.00034144]
[0.00034144]
[0.00034144]
[0.00034144]
[0.00037813]
[0.00034168]
[0.00034168]
[0.00035511]
[0.00035511]
[0.00035511]
[0.00035511]
[0.00035511]
[0.00035511]
[0.00035511]
[0.00035511]
[0.00035511]
[0.00035511]
[0.00035511]
[0.00035511]
[0.00035511]
[0.00035511]
[0.00035511]
[0.00035511]
[0.00035511]
[0.00035511]
[0.00035511]
[0.00035511]
[0.00035511]
[0.00035511]
[0.00035511]
[0.00035511]
[0.00035511]
[0.00035511]
[0.00035511]
[0.00035511]
[0.00034129]
[0.00034129]
[0.00034129]
[0.00034129]
[0.00034129]
[0.00034129]
[0.00034129]
[0.00034129]
[0.00034129]
[0.00034129]
[0.00034129]
[0.00034129]
[0.00034129]
[0.00034129]
[0.00034129]
[0.00034129]
[0.00034129]
[0.00034129]
[0.00034129]
[0.00034129]
[0.00034129]
[0.00034129]
[0.00034129]
[0.00034129]
[0.00034129]
[0.00034129]
[0.00034129]
[0.00034129]
[0.00034129]
[0.00034129]
[0.00034129]
[0.00034129]
[0.00034129]
[0.00034129]
[0.00034129]
[0.00034129]
[0.00034129]
[0.00034129]
[0.00034129]
[0.00034129]
[0.00034129]
[0.00034129]
[0.00034129]
[0.00034129]
[0.00034129]
[0.00034129]
[0.00034129]
[0.00034129]
[0.00034129]
[0.00034129]
[0.00034129]
[0.00034129]
[0.00034129]
[0.00034129]
[0.00034129]
[0.00034129]
[0.00034129]
[0.00034129]
[0.00034129]
[0.00034129]
[0.00034129]
[0.00034129]
[0.00034129]
[0.00034129]
[0.00034129]
[0.00034129]
[0.00034129]
[0.00034129]
[0.00034129]
[0.00034129]
[0.00034129]
[0.00034129]
[0.00034129]
[0.00034129]
[0.00034129]
[0.00034129]
[0.00034129]
[0.00034129]
[0.00034129]
[0.00034129]
[0.00034129]
[0.00034129]
[0.00034129]
[0.00034129]
[0.00034129]
[0.00034129]
[0.00034129]
[0.00034129]
[0.00034129]
[0.00034129]
[0.00034129]
[0.00034129]
[0.00034129]
[0.00034129]
[0.00034129]
[0.00034129]
[0.00034129]
[0.00034129]
[0.00034129]
[0.00034129]
[0.00034129]
[0.00034129]
[0.00034129]
[0.00034129]
[0.00034129]
[0.00034129]
[0.00034129]
[0.00034129]
[0.00034129]
[0.00034129]
[0.00034129]
[0.00034129]
[0.00034129]
[0.00034129]
[0.00034129]
[0.00034129]
[0.00034129]
[0.00034129]
[0.00034129]
[0.00034129]
[0.00034129]
[0.00034129]
[0.00034129]
[0.00034129]
[0.00034129]
[0.00034129]
[0.00034129]
[0.00034129]
[0.00034129]
[0.00034129]
[0.00034129]
[0.00034129]
[0.00034129]
[0.00034129]
[0.00034129]
[0.00034129]
[0.00034129]
[0.00034129]
[0.00034129]
[0.00034129]
[0.00034129]
[0.00034129]
[0.00034129]
[0.00034129]
[0.00034129]
[0.00034129]
[0.00034129]
[0.00034129]
[0.00034129]
[0.00034129]
[0.00034129]
[0.00034129]
[0.00034129]
[0.00034129]
[0.00034129]
[0.00034129]
[0.00034129]
[0.00034129]
[0.00034129]
[0.00034129]
[0.00034129]
[0.00034129]
[0.00034129]
[0.00034129]
[0.00034129]
[0.00034129]
[0.00034129]
[0.00034129]
[0.00034129]
[0.00034129]
[0.00034129]
[0.00034129]
[0.00034129]
[0.00034129]
[0.00034129]
[0.00034129]
[0.00034129]
[0.00034129]
[0.00034129]
[0.00034129]
[0.00034129]
[0.00034129]
[0.00034129]
[0.00034129]
[0.00034129]
[0.00034129]
[0.00034129]
[0.00034129]
[0.00034129]
[0.00034129]
[0.00034129]
[0.00034129]
[0.00034129]
[0.00034129]
[0.00034129]
[0.00034129]
[0.00034129]
[0.00034129]
[0.00034129]
[0.00034129]
[0.00034129]
[0.00034129]
[0.00034129]
[0.00034129]
[0.00034129]
[0.00034129]
[0.00034129]
[0.00034129]
[0.00034129]
[0.00034129]
[0.00034129]
[0.00034129]
[0.00034129]
[0.00034129]
[0.00034129]
[0.00034129]
[0.00034129]
[0.00034129]
[0.00034129]
[0.00034129]
[0.00034129]
[0.00034129]
[0.00034129]
[0.00034129]
[0.00034129]
[0.00034129]
[0.00034129]
[0.00034129]
[0.00034129]
[0.00034129]
[0.00034129]
[0.00034129]
[0.00034129]
[0.00034129]
[0.00034129]
[0.00034129]
[0.00034129]
[0.00034129]
[0.00034129]
[0.00034129]
[0.00034129]
[0.00034129]
[0.00034129]
[0.00034129]
[0.00034129]
[0.00034129]
[0.00034129]
[0.00034129]
[0.00034129]
[0.00034129]
[0.00034129]
[0.00034129]
[0.00034129]
[0.00034129]
[0.00034129]
[0.00034129]
[0.00034129]
[0.00034129]
[0.00034129]
[0.00034129]
[0.00034129]
[0.00034129]
[0.00034129]
[0.00034129]
[0.00034129]
[0.00034129]
[0.00034129]
[0.00034129]
[0.00034129]
[0.00034129]
[0.00034129]
[0.00034129]
[0.00034129]
[0.00034129]
[0.00034129]
[0.00034129]
[0.00034129]
[0.00034129]
[0.00034129]
[0.00034129]
[0.00034129]
[0.00034129]
[0.00034129]
[0.00034129]
[0.00034129]
[0.00034129]
[0.00034129]
[0.00034129]
[0.00034129]
[0.00034129]
[0.00034129]
[0.00034129]
[0.00034129]
[0.00034129]
[0.00034129]
[0.00034129]
[0.00034129]
[0.00034129]
[0.00034129]
[0.00034129]
[0.00034129]
[0.00034129]
[0.00034129]
[0.00034129]
[0.00034129]
[0.00031355]
[0.0003254]
[0.00037743]
[0.00037743]
[0.00037743]
[0.00037743]
[0.00037743]
[0.00037743]
[0.00037743]
[0.00037743]
[0.00037743]
[0.00037743]
[0.00037743]
[0.00037743]
[0.00037743]
[0.00037743]
[0.00037743]
[0.00037743]
[0.00037743]
[0.00037743]
[0.00037743]
[0.00037743]
[0.00037743]
[0.00037743]
[0.00037743]
[0.00037743]
[0.00037743]
[0.00037743]
[0.00037743]
[0.00037743]
[0.00037743]
[0.00037743]
[0.00037743]
[0.00040302]
[0.00034148]
[0.00032704]
[0.00065956]
[0.00036577]
[0.00042631]
[0.00043645]
[0.00036482]
[0.00040973]
[0.00040973]
[0.0004469]
[0.00071978]
[0.00030871]
[0.00038416]
[0.00030195]
[0.00036973]
[0.00031638]
[0.00027715]
[0.00201865]
[0.00048871]
[0.00060852]
[0.00440548]
[0.00241145]
[0.0005927]
[0.00293102]
[0.01647498]
[0.00627072]
[0.03618586]
[0.03302582]
[0.02324528]
[0.01096767]
[0.09427169]
[0.11476243]
[0.01979075]
[0.04178402]
[0.0050479]
[0.0050479]
[0.00031768]
[0.05818135]
[0.01056879]
[0.00887808]
[0.07724746]
[0.03810745]
[0.00097285]
[0.00046788]
[0.00039195]
[0.00041738]
[0.0004317]
[0.02376245]
[0.00852085]
[0.00028624]
[0.00062482]
[0.00050193]
