5.442900000000004
2.8979000000000013
4.270000000000003
4.847000000000004
5.319520000000003
4.7649000000000035
4.1193000000000035
6.381720000000006
2.3019999999999996
3.2799000000000023
7.399920000000005
5.427020000000004
5.484500000000005
4.367820000000003
4.867500000000004
6.988420000000004
5.049500000000004
3.9532000000000025
4.695100000000004
1.9862999999999997
6.805700000000004
2.889800000000001
2.1589
6.482500000000006
5.382200000000005
4.919700000000004
4.227620000000003
5.763100000000004
5.763100000000004
6.024400000000005
4.705800000000004
7.436520000000006
4.152800000000003
4.314300000000004
4.226420000000004
5.436000000000006
6.704900000000006
5.101200000000004
4.428300000000004
4.314300000000003
2.1984000000000004
6.624700000000004
3.382300000000002
5.3933000000000035
3.593700000000002
1.4499999999999997
4.095700000000003
2.770500000000001
3.5394000000000023
1.1768999999999998
3.8074000000000017
2.2162999999999995
7.123200000000006
2.8878000000000013
4.573770000000003
5.676500000000005
5.676500000000005
3.9253000000000013
5.223000000000005
5.223000000000005
4.525000000000003
5.504500000000005
2.7069
2.7069
2.7069
2.7069
2.7069
2.7069
2.7069
2.7069
5.495420000000004
4.993200000000004
5.422520000000005
4.406300000000004
5.877820000000006
4.8948000000000045
2.4882999999999997
4.188900000000002
4.076400000000001
3.9966000000000026
3.9966000000000026
5.562700000000005
4.837600000000005
5.711000000000005
5.040600000000005
6.877120000000006
2.1737999999999995
6.467700000000005
1.9453999999999998
1.9453999999999998
4.131600000000003
5.013700000000004
4.388900000000004
3.316800000000001
5.461000000000005
4.955100000000004
5.662200000000003
2.628100000000001
4.936500000000004
4.936500000000004
4.936500000000004
3.999600000000002
3.688700000000003
1.9846
3.7690000000000032
3.7690000000000032
4.805400000000004
3.5585200000000015
4.2767000000000035
7.210000000000007
5.222900000000003
5.222900000000003
4.079120000000003
5.121800000000005
7.016120000000005
2.6843000000000012
4.774200000000004
4.774200000000004
6.269400000000005
3.8355000000000024
7.218200000000007
4.312800000000003
4.312800000000003
2.4878
7.218200000000007
5.126800000000006
5.126800000000006
2.907000000000001
2.907000000000001
6.1554000000000055
4.8750000000000036
3.3967000000000023
4.699800000000002
5.586800000000004
4.623600000000003
1.383
8.219100000000006
5.378100000000005
6.157100000000003
2.7442
3.339900000000002
4.160020000000003
4.7317000000000045
4.7317000000000045
2.7803000000000018
6.3783000000000065
4.550200000000004
4.095900000000002
4.834400000000006
6.040000000000006
3.4378000000000015
3.7801000000000027
3.7801000000000027
5.503600000000004
4.886200000000004
4.886200000000004
5.174700000000003
5.697600000000003
4.079290000000002
6.939900000000006
3.434700000000001
3.434700000000001
2.4228000000000005
2.4228000000000005
2.4228000000000005
4.907000000000004
4.766200000000004
9.261800000000001
5.199400000000004
5.199400000000004
4.766200000000004
5.3795000000000055
3.1377000000000015
5.876720000000004
5.7104000000000035
5.337100000000003
3.3038000000000025
3.3038000000000025
3.205500000000002
2.7016999999999998
8.196700000000003
6.447500000000005
4.149100000000003
4.149100000000003
2.2235000000000005
3.365000000000002
3.365000000000002
6.0895000000000055
5.817300000000003
5.091600000000004
5.404500000000005
2.231
3.532600000000002
3.836800000000002
4.224700000000004
5.551200000000005
5.551200000000005
4.107700000000004
5.349300000000005
5.020200000000004
3.651100000000003
3.651100000000003
3.651100000000003
2.8763000000000005
3.092700000000002
2.500200000000001
2.9171000000000014
4.856600000000004
4.856600000000004
5.790800000000005
2.650500000000001
8.209700000000007
3.6537000000000024
3.954900000000003
5.306720000000004
2.5358000000000005
2.8637000000000015
5.162100000000005
5.322900000000006
3.6219000000000015
5.416300000000002
7.945200000000006
3.513200000000001
4.4665000000000035
4.4665000000000035
4.4665000000000035
4.734300000000003
4.734300000000003
3.817000000000003
4.839420000000004
3.839420000000003
3.141000000000002
5.585600000000004
5.536820000000005
2.1454999999999997
2.4833000000000007
5.658600000000005
5.170500000000003
3.162500000000003
5.5027000000000035
6.648700000000005
6.648700000000005
6.182700000000005
6.182700000000005
6.182700000000005
6.215500000000005
4.742400000000004
4.4752000000000045
5.481000000000004
4.945900000000004
6.503600000000005
5.224800000000003
5.224800000000003
5.224800000000003
4.9592000000000045
7.594800000000007
7.594800000000007
6.230000000000006
5.593400000000004
5.593400000000004
3.7074000000000025
3.7074000000000025
6.798600000000006
3.069700000000001
6.656400000000005
1.89152
5.658600000000005
5.880800000000006
5.153600000000005
4.390000000000003
4.481400000000003
4.481400000000003
4.481400000000003
3.3376000000000015
2.2762000000000007
3.428200000000001
3.428200000000001
3.428200000000001
3.428200000000001
3.428200000000001
3.428200000000001
2.983500000000001
2.983500000000001
3.583400000000002
3.583400000000002
2.053
7.568200000000007
5.462600000000004
4.103000000000004
4.103000000000004
4.103000000000004
1.4643
3.927900000000003
4.814100000000003
3.4042000000000012
3.632300000000003
3.632300000000003
2.766300000000001
5.029400000000003
5.029400000000003
5.029400000000003
5.038200000000003
3.6152000000000024
5.363500000000005
4.154300000000003
3.0801000000000016
5.2600200000000035
4.085100000000004
4.085100000000004
3.6152000000000024
6.266300000000005
3.5892000000000017
4.660400000000003
3.8504000000000023
2.3575
2.3575
6.173120000000005
3.2110000000000025
1.5393
3.9676000000000027
1.8467
6.192800000000005
4.165300000000004
2.7805
4.078600000000003
4.605500000000003
3.5502000000000025
6.593900000000005
5.988200000000006
6.235800000000006
6.235800000000006
2.3979
2.8085000000000013
6.882400000000007
4.389600000000004
2.8800000000000012
3.676700000000003
2.0433
4.272920000000002
4.275500000000004
4.639300000000002
4.065800000000003
2.012
2.7071000000000005
4.990620000000003
5.845700000000004
2.4270000000000005
2.4270000000000005
2.05
3.842300000000003
4.691200000000003
4.898800000000004
4.898800000000004
4.898800000000004
5.412600000000004
5.056800000000005
2.7418000000000005
7.040600000000007
4.852900000000003
3.477000000000002
6.726000000000005
3.8015000000000025
4.151400000000003
5.225300000000004
4.447900000000004
3.9281000000000024
2.6565000000000007
5.691900000000004
3.833400000000003
4.500600000000005
4.735700000000003
3.0894000000000013
3.0894000000000013
4.249200000000002
3.859320000000003
5.0335000000000045
4.0408000000000035
4.092800000000004
4.092800000000004
4.092800000000004
2.1301
3.6038000000000014
3.282200000000002
3.1823000000000015
2.1002999999999994
4.441400000000003
6.276600000000005
6.542800000000006
2.7800000000000007
3.8870000000000022
3.8446000000000025
3.3038000000000016
3.847800000000003
2.8356000000000017
2.0752
5.926300000000005
5.6787000000000045
4.475500000000004
4.638800000000003
2.6552000000000007
4.699900000000004
4.649200000000002
3.1670000000000016
3.3626000000000014
4.042300000000004
4.440300000000003
4.302520000000003
5.862800000000005
6.320500000000005
2.2076000000000002
5.361000000000004
2.6486
2.7626000000000004
3.152700000000002
5.7568000000000055
5.567900000000005
2.098
1.6265
2.6536000000000013
1.5894
2.5413000000000006
2.3415
2.7093000000000007
4.011300000000003
3.8682000000000025
4.443970000000004
2.8900000000000015
2.8377000000000008
5.956600000000006
2.3805000000000005
3.0638000000000014
2.7185000000000006
5.366800000000005
5.896100000000003
3.1600000000000015
2.337
1.8759
2.4879000000000007
4.244400000000003
4.664000000000005
1.9317
5.339900000000003
5.339900000000003
2.3765
3.844300000000003
3.9769000000000023
3.219400000000002
0.27699999999999997
2.6320000000000006
0.10580000000000006
2.2731000000000003
1.2764
0.9758
1.517
1.4587999999999999
1.6857
2.0476000000000005
1.4929
0.2052
3.9318000000000026
2.2238800000000003
0.6940999999999999
2.4460000000000006
5.734400000000004
3.169100000000002
0.8007
2.3166
3.5183000000000018
0.9341
3.395900000000001
3.2707000000000015
5.238800000000004
1.7937999999999998
5.124700000000005
5.581520000000004
5.2694000000000045
3.4521000000000015
2.1402
2.3616
2.7919
3.0713000000000017
5.452900000000004
4.1071000000000035
4.985600000000004
6.678500000000006
3.522000000000002
2.4733
4.613000000000003
3.5462000000000025
4.262700000000003
3.836400000000003
3.8575000000000035
5.419500000000005
5.211600000000004
5.4512000000000045
5.156900000000004
4.144000000000002
4.497200000000004
4.594300000000005
4.255400000000003
