[0.48080617]
[0.40101686]
[0.2947958]
[0.31041598]
[0.46356544]
[0.43746188]
[0.39513883]
[0.36330768]
[0.46997446]
[0.3272428]
[0.37144542]
[0.3306408]
[0.3475498]
[0.3475498]
[0.35619348]
[0.39627698]
[0.35619348]
[0.34697002]
[0.3593404]
[0.28955042]
[0.3257436]
[0.31903887]
[0.35525352]
[0.33983636]
[0.37894416]
[0.43605626]
[0.40143675]
[0.30655324]
[0.39560515]
[0.33840796]
[0.42733636]
[0.29873446]
[0.29873446]
[0.4605545]
[0.31567967]
[0.35744357]
[0.3154015]
[0.3154015]
[0.3702711]
[0.2863207]
[0.2863207]
[0.2863207]
[0.2863207]
[0.2863207]
[0.2863207]
[0.2863207]
[0.2863207]
[0.2863207]
[0.2863207]
[0.2863207]
[0.2863207]
[0.37599102]
[0.3484521]
[0.3025477]
[0.3025477]
[0.3025477]
[0.3475061]
[0.3475061]
[0.3446369]
[0.36866063]
[0.29418093]
[0.29418093]
[0.29418093]
[0.29088548]
[0.29088548]
[0.29088548]
[0.29088548]
[0.3949846]
[0.370686]
[0.4249642]
[0.2766155]
[0.2766155]
[0.2766155]
[0.2766155]
[0.2766155]
[0.2766155]
[0.2766155]
[0.40350172]
[0.40350172]
[0.32900617]
[0.32900617]
[0.32734433]
[0.38105297]
[0.33009782]
[0.33009782]
[0.37717226]
[0.36740524]
[0.30906522]
[0.4066923]
[0.4066923]
[0.4066923]
[0.34105417]
[0.34105417]
[0.34105417]
[0.3510979]
[0.39808524]
[0.3391534]
[0.40221092]
[0.39310226]
[0.34177905]
[0.34177905]
[0.34177905]
[0.34177905]
[0.34177905]
[0.4048403]
[0.2913033]
[0.306601]
[0.306601]
[0.306601]
[0.306601]
[0.306601]
[0.4110547]
[0.38781905]
[0.31471854]
[0.31471854]
[0.32571453]
[0.32571453]
[0.32571453]
[0.32571453]
[0.31926656]
[0.31926656]
[0.31926656]
[0.3244071]
[0.32989198]
[0.30678362]
[0.30678362]
[0.30678362]
[0.30678362]
[0.30354387]
[0.30354387]
[0.39094585]
[0.30806231]
[0.27479804]
[0.27479804]
[0.27479804]
[0.27479804]
[0.27479804]
[0.27479804]
[0.27479804]
[0.27479804]
[0.27479804]
[0.27479804]
[0.27479804]
[0.27479804]
[0.27479804]
[0.27479804]
[0.3505934]
[0.3505934]
[0.3505934]
[0.3505934]
[0.3505934]
[0.3505934]
[0.3505934]
[0.3505934]
[0.351137]
[0.351137]
[0.351137]
[0.27969298]
[0.35558027]
[0.33965296]
[0.30562973]
[0.30562973]
[0.34340575]
[0.3864588]
[0.27878806]
[0.27878806]
[0.27878806]
[0.27878806]
[0.27878806]
[0.27878806]
[0.27878806]
[0.27878806]
[0.35638967]
[0.39081368]
[0.3465714]
[0.3943755]
[0.38141924]
[0.38141924]
[0.40432397]
[0.39431614]
[0.3428817]
[0.32287008]
[0.32287008]
[0.32280782]
[0.32280782]
[0.32280782]
[0.3073114]
[0.36388013]
[0.31661388]
[0.3687493]
[0.31379032]
[0.31379032]
[0.35860258]
[0.3316546]
[0.3316546]
[0.3520095]
[0.38258374]
[0.31034797]
[0.27795002]
[0.27795002]
[0.27795002]
[0.27795002]
[0.27795002]
[0.27795002]
[0.27795002]
[0.27795002]
[0.27795002]
[0.27795002]
[0.27795002]
[0.27795002]
[0.27795002]
[0.35685363]
[0.32373452]
[0.3325113]
[0.3325113]
[0.3325113]
[0.36256823]
[0.3779381]
[0.27479184]
[0.27479184]
[0.28785858]
[0.3332301]
[0.3332301]
[0.45011753]
[0.36309242]
[0.29582307]
[0.30925772]
[0.324798]
[0.324798]
[0.324798]
[0.30788878]
[0.3180001]
[0.3180001]
[0.3180001]
[0.37509346]
[0.29634658]
[0.3564527]
[0.36388013]
[0.3478109]
[0.45230004]
[0.30614102]
[0.30614102]
[0.30614102]
[0.30614102]
[0.30614102]
[0.26905558]
[0.4186004]
[0.42091024]
[0.31551245]
[0.26673]
[0.26673]
[0.26673]
[0.26673]
[0.26673]
[0.33486575]
[0.33486575]
[0.36418846]
[0.322446]
[0.38975298]
[0.2894058]
[0.2894058]
[0.2894058]
[0.2894058]
[0.2894058]
[0.2894058]
[0.2894058]
[0.2894058]
[0.4338741]
[0.33356592]
[0.29353267]
[0.29353267]
[0.29353267]
[0.35795653]
[0.35795653]
[0.272875]
[0.31490213]
[0.31490213]
[0.31490213]
[0.283971]
[0.283971]
[0.29949847]
[0.41249406]
[0.3195213]
[0.33196402]
[0.2596495]
[0.26753235]
[0.26615584]
[0.30863768]
[0.3018816]
[0.28790814]
[0.35014895]
[0.35014895]
[0.37109792]
[0.33524728]
[0.29156703]
[0.3158673]
[0.27226523]
[0.29482085]
[0.34543645]
[0.38700968]
[0.285199]
[0.4035904]
[0.36554325]
[0.28161356]
[0.35133517]
[0.34545824]
[0.31548405]
[0.30863562]
[0.30431327]
[0.2821899]
[0.2821899]
[0.3360938]
[0.28056288]
[0.34082055]
[0.35260618]
[0.30139828]
[0.3073272]
[0.3217584]
[0.29646185]
[0.35032478]
[0.2714036]
[0.2714036]
[0.2714036]
[0.32884732]
[0.36065516]
[0.3288604]
[0.28390378]
[0.36182684]
[0.29172468]
[0.37056744]
[0.30139726]
[0.34795174]
[0.37744114]
[0.3533103]
[0.3089644]
[0.26416966]
[0.3640574]
[0.37018138]
[0.40306643]
[0.3595733]
[0.3147189]
[0.36239612]
[0.37079486]
[0.3656775]
[0.33292753]
[0.30702975]
[0.30702975]
[0.32096124]
[0.34431955]
[0.3462995]
[0.33056036]
[0.34410554]
[0.34079745]
[0.2969273]
[0.41522977]
[0.29843953]
[0.2991038]
[0.41983002]
[0.29146153]
[0.2871392]
[0.2744825]
[0.2744825]
[0.2744825]
[0.2744825]
[0.3238441]
[0.3242279]
[0.3888001]
[0.26259124]
[0.3190776]
[0.3409933]
[0.42459002]
[0.3452888]
[0.3212745]
[0.3119498]
[0.3071824]
[0.29165223]
[0.2862481]
[0.30910948]
[0.30910948]
[0.37256956]
[0.33696267]
[0.3719896]
[0.29360208]
[0.3789149]
[0.3120013]
[0.31010562]
[0.31406656]
[0.28441823]
[0.28441823]
[0.28441823]
[0.3285095]
[0.28962073]
[0.312658]
[0.36083153]
[0.38485318]
[0.3036733]
[0.34341416]
[0.40510836]
[0.25889978]
[0.37904215]
[0.35421124]
[0.30948338]
[0.33191139]
[0.31983107]
[0.29510012]
[0.36277497]
[0.36452183]
[0.28427005]
[0.3214893]
[0.2639431]
[0.264164]
[0.3200422]
[0.33552912]
[0.33187857]
[0.33580893]
[0.29509866]
[0.26815727]
[0.26815727]
[0.3909513]
[0.27693215]
[0.26405552]
[0.27060196]
[0.28156304]
[0.33107433]
[0.28297237]
[0.3326985]
[0.28730512]
[0.27273354]
[0.27273354]
[0.33255222]
[0.3461611]
[0.3843326]
[0.27437922]
[0.28757066]
[0.2831848]
[0.2831848]
[0.29744807]
[0.30031025]
[0.25953642]
[0.2796223]
[0.30329537]
[0.29155684]
[0.3055763]
[0.33630455]
[0.3037716]
[0.3037716]
[0.38966748]
[0.27483124]
[0.2978751]
[0.26382878]
[0.37590995]
[0.2879993]
[0.2879993]
[0.34741932]
[0.30839247]
[0.3163557]
[0.29054514]
[0.27123886]
[0.27123886]
[0.34173182]
[0.3196177]
[0.30634946]
[0.29222423]
[0.33636573]
[0.33636573]
[0.2984036]
[0.23227228]
[0.2646531]
[0.2646531]
[0.32951146]
[0.29142913]
[0.3120809]
[0.22080849]
[0.26592854]
[0.25654995]
[0.27076596]
[0.27076596]
[0.274513]
[0.30249268]
[0.2922532]
[0.39113835]
[0.30777964]
[0.22150274]
[0.3511217]
[0.31951573]
[0.3622354]
[0.375988]
[0.32088208]
[0.29802492]
[0.32673404]
[0.30433154]
[0.41548502]
[0.3466728]
[0.2758542]
[0.2904545]
[0.36142844]
[0.31075832]
[0.30368516]
[0.3493012]
[0.3835896]
