2.182925250677881
1.4099919492375914
1.0
2.521869902301477
2.2381956468212216
1.4899915259421004
2.5642624797415703
2.3473216390096674
3.672490402448746
2.702781698181264
1.4783600418808405
2.865967052798169
1.395106895027693
1.9182453510713255
1.6234742278566934
1.3366520142635672
1.3366520142635672
1.2644657830406398
1.3221061957269953
2.2009838126097883
1.8135277395623781
1.8135277395623781
1.727157839896826
1.4269404614612604
1.4269404614612604
1.4269404614612604
1.014182862295245
1.014182862295245
1.0865509153624693
2.7093634876991306
1.9635235980979253
1.9635235980979253
1.264311220354946
1.8490231508185424
3.4724100624056353
1.292069328656492
1.292069328656492
2.349924729528933
2.349924729528933
2.349924729528933
1.268055389767774
1.268055389767774
1.268055389767774
2.699208037637062
1.2760584468553642
1.2760584468553642
1.2760584468553642
1.2760584468553642
2.1594082936290917
1.1518802358387852
1.1518802358387852
1.1518802358387852
1.1518802358387852
1.1518802358387852
1.0284255677733025
1.0284255677733025
1.0284255677733025
2.080315863369151
1.7193392726500694
2.566661440482239
2.626354097824896
2.359449065992326
2.359449065992326
3.228052617909462
2.3866550697446716
2.1815239605351415
1.7812877151480482
2.4439443755608057
2.4439443755608057
3.3880865818405566
3.0762257810215
2.002951580342378
1.0
1.0
1.0
1.0
1.0
1.0
1.0
2.0096655856921384
4.04389889203663
2.586468751372612
2.5718490659923265
3.1321805535830993
2.618668899806398
3.3021039444779188
1.5273492536095858
1.9977890472306008
3.3848587325469923
3.915181589919575
1.3148931913043747
1.3148931913043747
3.1545238106110123
2.636473188932621
2.6657192348478613
1.719433509374154
1.719433509374154
1.9963150098840856
1.2924684844847594
1.384694968001245
3.7816743728058597
2.685607039725909
2.685607039725909
2.5303849008891373
2.3202514908995138
2.3202514908995138
2.3202514908995138
2.3202514908995138
3.820707545882783
2.001762893384445
3.1987144318459846
2.095168814155091
2.095168814155091
2.095168814155091
2.095168814155091
2.567942508769061
2.3859915718711733
2.3859915718711733
2.3859915718711733
1.4805669007743525
1.4805669007743525
1.4805669007743525
1.4805669007743525
1.9128114755805523
1.9128114755805523
1.9128114755805523
1.9128114755805523
3.407687299818738
1.7116146383309143
2.894708293629092
2.81688976216056
3.9899742582098323
2.0895314515177272
2.9582747271955245
3.257464086372986
1.5789492537155283
4.112649136363407
3.3648558379452407
3.43369100944991
3.180423761764043
2.1965378789069554
2.1965378789069554
2.128971753943418
4.350926808266477
4.296781950191752
2.102830438267935
1.3106820670664607
2.6212293549984302
2.6212293549984302
2.247547715253992
2.247547715253992
2.247547715253992
2.6430162682274503
2.401887567056642
2.3850954075616837
4.733012591836334
2.6546800229463
2.0174023279714035
1.0
1.0
1.0
1.0
1.0
1.0
1.0
1.0
1.0
1.0
2.5118476186591714
2.0017874330714243
3.0292110908318897
1.7000799767550898
1.7000799767550898
4.548965366143351
4.342987018217291
2.312325724303765
1.6411497062042173
3.4444361473308964
3.4444361473308964
2.1979208111116098
2.034355624758769
2.034355624758769
2.034355624758769
2.034355624758769
2.034355624758769
2.034355624758769
2.8380193894621364
2.6091308102998862
1.4756901374030704
2.954400950971749
3.00897004188084
2.5822352965675304
3.0894080052946205
2.4772395833858596
2.4772395833858596
2.4928182925189475
2.4928182925189475
3.922406846110258
2.135077740143384
2.135077740143384
2.135077740143384
2.135077740143384
2.135077740143384
2.3717012899146255
2.765682161651238
3.7061645288600378
4.58864592558391
3.8030222064604455
3.8274855856921377
2.796680475434986
1.990370519239594
3.1493586344726268
3.64541145707629
2.274235187781464
1.3477370589832063
2.590052767760307
2.037763658532734
3.3129146572654555
2.6539765921140894
2.9215061467699606
1.0
1.0
1.0
1.0
1.8708028831590298
1.8708028831590298
1.8708028831590298
2.256856286682563
2.256856286682563
3.044992764561841
1.8547462897524358
1.8547462897524358
1.8547462897524358
4.269137104110873
1.4786791824510779
1.4786791824510779
3.193518741039264
2.8761561658297374
2.8761561658297374
2.8761561658297374
1.0337432953498862
1.0337432953498862
2.218841527364228
2.218841527364228
1.7865243117304566
2.247623461860327
1.71940754783569
2.0623059570122333
2.832936629648181
3.5755025637141165
3.8665836626152155
3.0073520142635664
4.384660831935117
2.6421573985119107
2.813294588079952
2.3635383015577762
2.3635383015577762
1.4173518085757895
1.4173518085757895
1.4173518085757895
3.1197082779998304
2.4037021948920003
2.7800896460587214
1.6295901374030706
1.6295901374030706
1.6295901374030706
2.7943999324485613
2.33727870426498
2.628983190367114
4.2940083397427795
3.6274986626152153
4.5539646780889615
2.43686815481443
3.229991617334754
2.712424786177994
2.712424786177994
3.660384481894978
1.5610329303024777
3.0399411577265223
2.8641525504188277
2.0446413446974923
5.738706683867078
3.2554978505139847
2.929117825696615
1.0
1.0
1.0
1.0
1.0
1.0
1.0
1.0
1.0
2.803440656430462
3.068178448458549
2.246316952900017
3.384545363314439
3.25636277326892
2.4664330906396614
2.0793258946098856
2.6609806247587677
2.878091787652181
2.6923638630964266
1.9328242738373174
2.053303220912614
1.405027910734498
2.944035016281015
2.19982268178177
2.19982268178177
2.5736194993015076
2.2714605516042568
1.426382456189046
1.0
1.0
2.986641561407838
2.737125724303766
3.088578211547288
2.7215767262430024
3.148341205310281
2.1875847512908972
2.1875847512908972
1.4390300694453533
4.33508325613074
3.516705846076645
3.564835913220306
2.58069645932577
3.62015269361733
3.62015269361733
2.4025075478356914
3.3365139290097305
2.1118502685322778
1.5031908477974376
3.7281437606148478
2.436277711367568
3.389967085676883
3.3852683263716727
1.6366758942163866
3.4150764581124005
3.525171015027162
2.574727740143384
3.4515300362415884
2.4259929899792674
3.746445528604922
3.571176645729662
3.517888814155091
3.5670370608629867
3.5670370608629867
4.1395761325452085
3.074099695979
2.2258074944050428
2.8111601359062828
2.832570905137052
3.3113816056561696
3.7212786833273697
4.530202124153677
3.655376528479227
3.7822780036470807
2.7931431067285644
2.7340185974447433
2.639852811920271
3.4941166226101714
5.433064362147346
3.475422899388164
3.473386161071711
3.5940415456870953
3.5853484117683507
2.3384812616634267
3.1099551834617722
3.1099551834617722
3.1099551834617722
3.9639782115472872
5.2206833067581435
3.8918823229962856
4.8500166647893375
4.3250596609553495
3.3353642743708622
4.176622017638425
4.8682850003218645
3.0387054384547936
4.116022194173681
5.57494039572152
3.740459678802484
3.591762042914832
4.989719841950825
3.6795223306386067
3.155394400682958
3.155394400682958
3.8029267945432386
4.641152324634888
3.9058365111424287
3.1638132405938526
3.1638132405938526
3.763906161071711
4.193641561407839
3.4521952464431074
3.4521952464431074
3.4521952464431074
3.6768692379947883
3.9475039347105243
3.9475039347105243
4.483796506462783
3.748396970912614
2.7197692003141345
3.491605958091066
3.9813166745300093
5.189118336287412
4.466577926447357
3.8197569460232224
3.8197569460232224
4.6273890339353105
4.474993964379328
5.453987784191234
3.472754758357662
4.015664751290898
4.091611391840942
2.9849122790553917
3.401540185714363
3.401540185714363
4.185506289752437
3.4782770278196242
3.9286268237936035
3.9843498851895536
2.738080115558061
4.239506283748718
3.769416411196371
3.947271894440007
5.0005905903922425
4.210253586524078
2.7475679189493913
4.845044751290898
3.5115680482861613
3.5919964296256417
4.697404816461369
3.7016240493784647
3.7016240493784647
4.14459644220303
5.0976469421368
3.599188240593853
3.6395999695449035
4.632386776456326
4.892118598102571
4.26736921069073
4.26736921069073
4.26736921069073
5.208368530983815
2.6507202233816063
2.4747427085887086
4.891057001308397
3.7899031924811366
3.7899031924811366
3.1242188421220503
3.6905065453773425
3.5928746572654546
2.6567609020671785
2.6567609020671785
3.811411059780136
3.669121765103238
3.669121765103238
3.669121765103238
4.916289247215736
4.08999868818016
4.08999868818016
4.08999868818016
4.08999868818016
5.9299070781449155
4.731066252110849
4.054249346327292
4.054249346327292
6.045839945678127
4.043614072795545
4.30004043399812
3.8914716649685586
4.23720623670204
3.5205007882906454
3.7693587764563254
3.251088263425288
3.9148895655181226
4.720378804370608
4.762621315318209
2.6333394975120257
2.640979426122186
2.395583869100145
2.395583869100145
5.48910966403029
3.941301650779571
2.56736848448476
2.5657415614078385
5.868476923076923
3.176162918468161
3.7825030912641466
5.0113006848409665
4.318512796133929
3.5030503434977494
3.4399309093587505
3.4399309093587505
3.4399309093587505
4.507027667813406
3.5873223435694293
4.10626057968842
1.9019932312972028
