[0.05002712]
[0.0010022]
[0.0010022]
[0.0010022]
[0.0010022]
[0.0010022]
[0.0010022]
[0.0010022]
[0.0010022]
[0.0010022]
[0.0010022]
[0.0010022]
[0.0010022]
[0.0010022]
[0.0010022]
[0.0010022]
[0.0010022]
[0.0010022]
[0.0010022]
[0.0010022]
[0.0010022]
[0.0010022]
[0.0010022]
[0.0010022]
[0.0010022]
[0.0010022]
[0.0010022]
[0.0010022]
[0.0010022]
[0.0010022]
[0.0010022]
[0.0010022]
[0.0010022]
[0.0010022]
[0.0010022]
[0.0010022]
[0.0010022]
[0.0010022]
[0.0010022]
[0.0010022]
[0.0010022]
[0.0010022]
[0.0010022]
[0.0010022]
[0.0010022]
[0.0010022]
[0.0010022]
[0.0010022]
[0.0010022]
[0.0010022]
[0.0010022]
[0.0010022]
[0.0010022]
[0.0010022]
[0.0010022]
[0.0010022]
[0.0010022]
[0.0010022]
[0.0010022]
[0.0010022]
[0.0010022]
[0.0010022]
[0.0010022]
[0.0010022]
[0.0010022]
[0.0010022]
[0.0010022]
[0.0010022]
[0.0010022]
[0.0010022]
[0.0010022]
[0.0010022]
[0.0010022]
[0.0010022]
[0.0010022]
[0.0010022]
[0.0010022]
[0.0010022]
[0.0010022]
[0.0010022]
[0.0010022]
[0.0010022]
[0.0010022]
[0.0010022]
[0.0010022]
[0.0010022]
[0.0010022]
[0.0010022]
[0.0010022]
[0.0010022]
[0.0010022]
[0.0010022]
[0.0010022]
[0.0010022]
[0.0010022]
[0.0010022]
[0.0010022]
[0.0010022]
[0.0010022]
[0.0010022]
[0.0010022]
[0.0010022]
[0.0010022]
[0.0010022]
[0.0010022]
[0.0010022]
[0.0010022]
[0.0010022]
[0.0010022]
[0.0010022]
[0.0010022]
[0.0010022]
[0.0010022]
[0.0010022]
[0.0010022]
[0.0010022]
[0.0010022]
[0.0010022]
[0.0010022]
[0.0010022]
[0.0010022]
[0.0010022]
[0.0010022]
[0.0010022]
[0.0010022]
[0.0010022]
[0.0010022]
[0.0010022]
[0.0010022]
[0.0010022]
[0.0010022]
[0.0010022]
[0.0010022]
[0.0010022]
[0.0010022]
[0.0010022]
[0.0010022]
[0.0010022]
[0.0010022]
[0.0010022]
[0.0010022]
[0.0010022]
[0.0010022]
[0.0010022]
[0.0010022]
[0.0010022]
[0.0010022]
[0.0010022]
[0.0010022]
[0.0010022]
[0.0010022]
[0.0010022]
[0.0010022]
[0.0010022]
[0.0010022]
[0.0010022]
[0.0010022]
[0.0010022]
[0.0010022]
[0.0010022]
[0.0010022]
[0.0010022]
[0.0010022]
[0.0010022]
[0.0010022]
[0.0010022]
[0.0010022]
[0.0010022]
[0.0010022]
[0.0010022]
[0.0010022]
[0.0010022]
[0.0010022]
[0.0010022]
[0.0010022]
[0.0010022]
[0.0010022]
[0.0010022]
[0.0010022]
[0.0010022]
[0.0010022]
[0.0010022]
[0.0010022]
[0.0010022]
[0.0010022]
[0.0010022]
[0.0010022]
[0.0010022]
[0.0010022]
[0.0010022]
[0.0010022]
[0.0010022]
[0.0010022]
[0.0010022]
[0.0010022]
[0.0010022]
[0.0010022]
[0.0010022]
[0.0010022]
[0.0010022]
[0.0010022]
[0.0010022]
[0.0010022]
[0.0010022]
[0.0010022]
[0.0010022]
[0.0010022]
[0.0010022]
[0.0010022]
[0.0010022]
[0.0010022]
[0.0010022]
[0.0010022]
[0.0010022]
[0.0010022]
[0.0010022]
[0.0010022]
[0.0010022]
[0.0010022]
[0.0010022]
[0.0010022]
[0.0010022]
[0.0010022]
[0.0010022]
[0.0010022]
[0.0010022]
[0.0010022]
[0.0010022]
[0.0010022]
[0.0010022]
[0.0010022]
[0.0010022]
[0.0010022]
[0.0010022]
[0.0010022]
[0.0010022]
[0.0010022]
[0.0010022]
[0.0010022]
[0.0010022]
[0.0010022]
[0.0010022]
[0.0010022]
[0.0010022]
[0.0010022]
[0.0010022]
[0.0010022]
[0.0010022]
[0.0010022]
[0.0010022]
[0.0010022]
[0.0010022]
[0.0010022]
[0.0010022]
[0.0010022]
[0.0010022]
[0.0010022]
[0.0010022]
[0.0010022]
[0.0010022]
[0.0010022]
[0.0010022]
[0.0010022]
[0.0010022]
[0.0010022]
[0.0010022]
[0.0010022]
[0.0010022]
[0.0010022]
[0.0010022]
[0.0010022]
[0.0010022]
[0.0010022]
[0.0010022]
[0.0010022]
[0.0010022]
[0.0010022]
[0.0010022]
[0.0010022]
[0.0010022]
[0.0010022]
[0.0010022]
[0.0010022]
[0.0010022]
[0.0010022]
[0.0010022]
[0.0010022]
[0.0010022]
[0.0010022]
[0.0010022]
[0.0010022]
[0.0010022]
[0.0010022]
[0.0010022]
[0.0010022]
[0.0010022]
[0.0010022]
[0.0010022]
[0.0010022]
[0.0010022]
[0.0010022]
[0.0010022]
[0.0010022]
[0.0010022]
[0.0010022]
[0.0010022]
[0.0010022]
[0.0010022]
[0.0010022]
[0.0010022]
[0.0010022]
[0.0010022]
[0.0010022]
[0.0010022]
[0.0010022]
[0.0010022]
[0.0010022]
[0.0010022]
[0.0010022]
[0.0010022]
[0.0010022]
[0.0010022]
[0.0010022]
[0.0010022]
[0.0010022]
[0.0010022]
[0.0010022]
[0.0010022]
[0.0010022]
[0.0010022]
[0.0010022]
[0.0010022]
[0.0010022]
[0.0010022]
[0.0010022]
[0.0010022]
[0.0010022]
[0.0010022]
[0.0010022]
[0.0010022]
[0.0010022]
[0.0010022]
[0.0010022]
[0.0010022]
[0.0010022]
[0.0010022]
[0.0010022]
[0.0010022]
[0.0010022]
[0.0010022]
[0.0010022]
[0.0010022]
[0.0010022]
[0.0010022]
[0.0010022]
[0.0010022]
[0.0010022]
[0.0010022]
[0.0010022]
[0.0010022]
[0.0010022]
[0.0010022]
[0.0010022]
[0.0010022]
[0.0010022]
[0.0010022]
[0.0010022]
[0.0010022]
[0.0010022]
[0.0010022]
[0.0010022]
[0.0010022]
[0.0010022]
[0.0010022]
[0.0010022]
[0.0010022]
[0.0010022]
[0.0010022]
[0.0010022]
[0.0010022]
[0.0010022]
[0.0010022]
[0.0010022]
[0.0010022]
[0.0010022]
[0.0010022]
[0.0010022]
[0.0010022]
[0.0010022]
[0.0010022]
[0.0010022]
[0.0010022]
[0.0010022]
[0.0010022]
[0.0010022]
[0.0010022]
[0.0010022]
[0.0010022]
[0.0010022]
[0.0010022]
[0.0010022]
[0.0010022]
[0.0010022]
[0.0010022]
[0.0010022]
[0.0010022]
[0.0010022]
[0.00099631]
[0.00099716]
[0.00099716]
[0.00101356]
[0.00101356]
[0.00102099]
[0.00098732]
[0.00101356]
[0.00101356]
[0.00101356]
[0.00102099]
[0.00099643]
[0.00099823]
[0.00102099]
[0.00102099]
[0.00102099]
[0.00102099]
[0.00102099]
[0.00102099]
[0.00102994]
[0.00101336]
[0.00102994]
[0.00101996]
[0.00101443]
[0.00101443]
[0.00101443]
[0.00101443]
[0.0010268]
[0.00099749]
[0.00102678]
[0.00102678]
[0.00102678]
[0.00102677]
[0.00100686]
[0.00102376]
[0.00102376]
[0.00102376]
[0.00106961]
[0.00106961]
[0.00100452]
[0.00098401]
[0.0010201]
[0.00104225]
[0.00104225]
[0.00104225]
[0.00104223]
[0.00104223]
[0.000984]
[0.00104324]
[0.00102481]
[0.00107237]
[0.00119826]
[0.00131395]
[0.00121814]
[0.00123543]
[0.00128145]
[0.00146316]
[0.00123543]
[0.00163022]
[0.00111969]
[0.00111969]
[0.00112179]
[0.0013122]
[0.0013122]
[0.00136232]
[0.00243063]
[0.00270376]
[0.00201986]
[0.00155591]
[0.00171781]
[0.0011649]
[0.00102867]
[0.00076747]
[0.00077122]
[0.00077436]
[0.00077436]
[0.00077436]
[0.00076747]
[0.00077207]
[0.00077208]
[0.00077208]
[0.00076602]
[0.00252565]
[0.00141396]
[0.00141396]
[0.00141396]
[0.00141396]
[0.00141396]
[0.00079786]
[0.00076806]
[0.00076828]
[0.00104139]
[0.002126]
