[0.5385538]
[0.7448094]
[0.7274941]
[0.7417015]
[0.7417015]
[0.736418]
[0.51289594]
[0.51289594]
[0.524505]
[0.63379735]
[0.54306275]
[0.4654812]
[0.4696119]
[0.4696119]
[0.4696119]
[0.4696119]
[0.4696119]
[0.4696119]
[0.4696119]
[0.4696119]
[0.4696119]
[0.4696119]
[0.51528984]
[0.6259477]
[0.6259477]
[0.6259477]
[0.6259477]
[0.6259477]
[0.7173573]
[0.668539]
[0.4599647]
[0.53309274]
[0.64542323]
[0.64542323]
[0.6331867]
[0.52348995]
[0.52348995]
[0.52348995]
[0.4959362]
[0.4725543]
[0.58443207]
[0.49693513]
[0.60725516]
[0.3897535]
[0.45359832]
[0.45359832]
[0.45359832]
[0.6426689]
[0.2583301]
[0.67145634]
[0.72144234]
[0.72144234]
[0.72144234]
[0.72144234]
[0.72144234]
[0.22427829]
[0.54210454]
[0.63666916]
[0.63666916]
[0.63666916]
[0.63666916]
[0.45363474]
[0.23512368]
[0.23512368]
[0.2671996]
[0.34672764]
[0.25002214]
[0.25002214]
[0.2652889]
[0.28501812]
[0.28501812]
[0.26746723]
[0.26746723]
[0.24441488]
[0.4424168]
[0.4424168]
[0.4424168]
[0.4424168]
[0.4424168]
[0.4424168]
[0.4424168]
[0.4424168]
[0.4424168]
[0.24565448]
[0.34694389]
[0.6231078]
[0.23847836]
[0.48285645]
[0.5530858]
[0.24882239]
[0.44240573]
[0.25463495]
[0.25463495]
[0.25463495]
[0.25463495]
[0.25463495]
[0.25463495]
[0.25463495]
[0.25463495]
[0.25463495]
[0.25463495]
[0.25463495]
[0.25463495]
[0.25463495]
[0.25463495]
[0.25463495]
[0.25463495]
[0.25463495]
[0.25463495]
[0.25463495]
[0.25463495]
[0.25463495]
[0.25463495]
[0.25463495]
[0.25463495]
[0.25463495]
[0.25463495]
[0.25463495]
[0.25463495]
[0.25463495]
[0.25463495]
[0.25463495]
[0.25463495]
[0.25463495]
[0.25463495]
[0.25463495]
[0.25463495]
[0.25463495]
[0.25463495]
[0.25463495]
[0.25463495]
[0.25463495]
[0.25463495]
[0.25463495]
[0.25463495]
[0.25463495]
[0.25463495]
[0.25463495]
[0.25463495]
[0.25463495]
[0.25463495]
[0.25463495]
[0.25463495]
[0.25463495]
[0.25463495]
[0.25463495]
[0.25463495]
[0.25463495]
[0.25463495]
[0.25463495]
[0.33256152]
[0.33256152]
[0.33256152]
[0.33256152]
[0.39483523]
[0.27678323]
[0.6208669]
[0.37976852]
[0.2685239]
[0.2685239]
[0.2685239]
[0.2685239]
[0.2685239]
[0.2685239]
[0.2685239]
[0.28559446]
[0.35870165]
[0.35870165]
[0.35870165]
[0.35870165]
[0.35870165]
[0.35870165]
[0.35870165]
[0.35870165]
[0.35870165]
[0.35870165]
[0.35870165]
[0.35870165]
[0.35870165]
[0.35870165]
[0.35870165]
[0.35870165]
[0.35870165]
[0.35870165]
[0.2541364]
[0.3770801]
[0.7280107]
[0.36745206]
[0.5897912]
[0.27872086]
[0.27872086]
[0.2207573]
[0.21102414]
[0.28290063]
[0.27872086]
[0.28984955]
[0.28984955]
[0.5564479]
[0.46825138]
[0.24989955]
[0.3028807]
[0.3028807]
[0.20619005]
[0.20619005]
[0.3214574]
[0.3214574]
[0.3214574]
[0.3214574]
[0.3214574]
[0.3214574]
[0.3214574]
[0.43898562]
[0.43898562]
[0.43898562]
[0.29640678]
[0.23907268]
[0.2949752]
[0.2759992]
[0.2168317]
[0.33126333]
[0.33126333]
[0.24119349]
[0.3420567]
[0.280831]
[0.44701555]
[0.36109003]
[0.36109003]
[0.36109003]
[0.36109003]
[0.36109003]
[0.32562616]
[0.36666912]
[0.28093076]
[0.2774798]
[0.25602257]
[0.24852817]
[0.24852817]
[0.2859674]
[0.29583043]
[0.29583043]
[0.34856492]
[0.34856492]
[0.34856492]
[0.34856492]
[0.34856492]
[0.34856492]
[0.34856492]
[0.34856492]
[0.34856492]
[0.34856492]
[0.34856492]
[0.34856492]
[0.34856492]
[0.3668379]
[0.26739603]
[0.25065792]
[0.29518974]
[0.27008066]
[0.28336424]
[0.28336424]
[0.51096106]
[0.33767864]
[0.32308477]
[0.23524994]
[0.67470515]
[0.34449798]
[0.33011034]
[0.5383465]
[0.20554562]
[0.59881175]
[0.28803104]
[0.31019342]
[0.31019342]
[0.31019342]
[0.31019342]
[0.31019342]
[0.31019342]
[0.31019342]
[0.31019342]
[0.31019342]
[0.31019342]
[0.31019342]
[0.31019342]
[0.31019342]
[0.31019342]
[0.31019342]
[0.31019342]
[0.31019342]
[0.31019342]
[0.31019342]
[0.31019342]
[0.31019342]
[0.31019342]
[0.31019342]
[0.31019342]
[0.31019342]
[0.31019342]
[0.31019342]
[0.31019342]
[0.31019342]
[0.25793427]
[0.6686783]
[0.3177277]
[0.3177277]
[0.3177277]
[0.3177277]
[0.3177277]
[0.31774786]
[0.31774786]
[0.31774786]
[0.31774786]
[0.31774786]
[0.31774786]
[0.31774786]
[0.32762805]
[0.32762805]
[0.32762805]
[0.32762805]
[0.32762805]
[0.32762805]
[0.32762805]
[0.32762805]
[0.32762805]
[0.35928303]
[0.3929192]
[0.3929192]
[0.3929192]
[0.3929192]
[0.3929192]
[0.3929192]
[0.3929192]
[0.3929192]
[0.3929192]
[0.3929192]
[0.3929192]
[0.3929192]
[0.3929192]
[0.3929192]
[0.3929192]
[0.3929192]
[0.3929192]
[0.3929192]
[0.3929192]
[0.3929192]
[0.3929192]
[0.3929192]
[0.3929192]
[0.4408861]
[0.2585285]
[0.29891565]
[0.27200425]
[0.35545754]
[0.31333214]
[0.27680779]
[0.24848738]
[0.3067442]
[0.2279892]
[0.3126136]
[0.38891864]
[0.31430048]
[0.22348414]
[0.39197823]
[0.38779193]
[0.26752165]
[0.49184573]
[0.40362668]
[0.3419352]
[0.37277713]
[0.28601068]
[0.28577846]
[0.3338147]
[0.28820708]
[0.3876333]
[0.3236434]
[0.30323187]
[0.25919923]
[0.2950259]
[0.3651839]
[0.22158247]
[0.25691694]
[0.22980633]
[0.35119873]
[0.22584945]
[0.3715814]
[0.24608284]
[0.29030442]
[0.25261757]
[0.25261757]
[0.39753506]
[0.21334662]
[0.329311]
[0.61786044]
[0.25857726]
[0.21321604]
[0.3544137]
[0.37197575]
[0.30978832]
[0.2962513]
[0.31223866]
[0.22125602]
[0.22125602]
[0.22265968]
[0.3499024]
[0.21322592]
[0.21322592]
[0.21326357]
[0.35886028]
[0.49304798]
[0.25855058]
[0.42167264]
[0.31636336]
[0.35711655]
[0.50867575]
[0.33581904]
[0.46889383]
[0.2082666]
[0.22323602]
[0.22031078]
[0.34219608]
[0.38205162]
[0.46730012]
[0.26136965]
[0.2232944]
[0.34921917]
[0.31848577]
[0.26630166]
[0.22274573]
[0.21447144]
[0.22335933]
[0.2163426]
[0.28843755]
[0.3625518]
[0.3625518]
[0.41193953]
[0.40220764]
[0.2227737]
[0.23613115]
[0.26984498]
[0.2613478]
[0.33890635]
[0.24269345]
[0.3155813]
[0.37030494]
[0.37902555]
[0.2423062]
[0.24229166]
[0.28668618]
[0.34488004]
[0.24658278]
[0.3219873]
[0.2590054]
[0.2938803]
[0.27022034]
[0.28968233]
[0.26704174]
[0.26704174]
[0.26220915]
[0.19263633]
[0.26094198]
[0.22432087]
[0.2704335]
[0.27991468]
[0.27991468]
[0.24987501]
[0.24939452]
[0.30011266]
[0.22799349]
[0.18592599]
[0.17399795]
[0.14234278]
[0.16516726]
[0.26711604]
[0.08727076]
[0.0872397]
[0.0872397]
[0.21917039]
[0.21001418]
[0.2359985]
[0.44365367]
[0.08878253]
[0.27132565]
[0.27132565]
[0.58854586]
[0.30453044]
[0.3038048]
[0.21630071]
[0.264563]
[0.26277205]
[0.20841286]
[0.20841286]
[0.32868809]
[0.23317213]
[0.23167713]
[0.4582052]
[0.40423682]
[0.2215361]
[0.2215361]
[0.2124773]
[0.6129574]
[0.27470824]
