26.102220000000035
25.76352000000004
25.76352000000004
25.76352000000004
25.76352000000004
25.740620000000035
25.642020000000034
25.642020000000034
25.642020000000034
25.642020000000034
25.642020000000034
25.618020000000037
25.618020000000037
25.618020000000037
25.599520000000034
25.599520000000034
25.599520000000034
25.599520000000034
25.599520000000034
25.599520000000034
25.599520000000034
25.599520000000034
25.599520000000034
25.599520000000034
25.599520000000034
25.599520000000034
25.599520000000034
25.599520000000034
25.599520000000034
25.599520000000034
25.599520000000034
25.599520000000034
25.599520000000034
25.599520000000034
25.599520000000034
25.599520000000034
25.599520000000034
25.599520000000034
25.599520000000034
25.599520000000034
25.599520000000034
25.599520000000034
25.599520000000034
25.599520000000034
25.599520000000034
25.599520000000034
25.599520000000034
25.599520000000034
25.599520000000034
25.599520000000034
25.599520000000034
25.599520000000034
25.599520000000034
25.599520000000034
25.599520000000034
25.599520000000034
25.599520000000034
25.599520000000034
25.599520000000034
25.599520000000034
25.599520000000034
25.599520000000034
25.599520000000034
25.599520000000034
25.599520000000034
25.599520000000034
25.599520000000034
25.599520000000034
25.599520000000034
25.599520000000034
25.599520000000034
25.599520000000034
25.599520000000034
25.599520000000034
25.599520000000034
25.599520000000034
25.599520000000034
25.599520000000034
25.599520000000034
25.599520000000034
25.599520000000034
25.599520000000034
25.599520000000034
25.599520000000034
25.599520000000034
25.599520000000034
25.599520000000034
25.599520000000034
25.599520000000034
25.599520000000034
25.599520000000034
25.599520000000034
25.599520000000034
25.599520000000034
25.599520000000034
25.599520000000034
25.599520000000034
25.599520000000034
25.599520000000034
25.599520000000034
25.599520000000034
25.599520000000034
25.599520000000034
25.599520000000034
25.599520000000034
25.599520000000034
25.599520000000034
25.599520000000034
25.599520000000034
25.599520000000034
25.599520000000034
25.599520000000034
25.599520000000034
25.599520000000034
25.599520000000034
25.599520000000034
25.599520000000034
25.599520000000034
25.599520000000034
25.599520000000034
25.599520000000034
25.599520000000034
25.599520000000034
25.599520000000034
25.599520000000034
25.599520000000034
25.599520000000034
25.599520000000034
25.599520000000034
25.599520000000034
25.599520000000034
25.599520000000034
25.599520000000034
25.599520000000034
25.599520000000034
25.599520000000034
25.599520000000034
25.599520000000034
25.599520000000034
25.599520000000034
25.599520000000034
25.599520000000034
25.599520000000034
25.599520000000034
25.599520000000034
25.599520000000034
25.599520000000034
25.599520000000034
25.599520000000034
25.599520000000034
25.599520000000034
25.599520000000034
25.599520000000034
25.599520000000034
25.599520000000034
25.599520000000034
25.599520000000034
25.599520000000034
25.599520000000034
25.599520000000034
25.599520000000034
25.599520000000034
25.599520000000034
25.599520000000034
25.599520000000034
25.599520000000034
25.599520000000034
25.599520000000034
25.599520000000034
25.599520000000034
25.599520000000034
25.599520000000034
25.599520000000034
25.599520000000034
25.599520000000034
25.599520000000034
25.599520000000034
25.599520000000034
25.599520000000034
25.599520000000034
25.599520000000034
25.599520000000034
25.599520000000034
25.599520000000034
25.599520000000034
25.599520000000034
25.599520000000034
25.599520000000034
25.369300000000038
25.369300000000038
25.369300000000038
25.369300000000038
25.369300000000038
25.369300000000038
25.369300000000038
25.369300000000038
25.369300000000038
25.369300000000038
25.369300000000038
25.369300000000038
25.369300000000038
25.369300000000038
25.369300000000038
25.369300000000038
25.369300000000038
25.369300000000038
25.567520000000037
25.567520000000037
25.567520000000037
25.567520000000037
25.567520000000037
25.573620000000034
25.256420000000038
25.256420000000038
25.256420000000038
25.256420000000038
25.256420000000038
25.256420000000038
25.256420000000038
25.256420000000038
25.256420000000038
25.256420000000038
25.256420000000038
25.256420000000038
25.256420000000038
25.256420000000038
25.256420000000038
25.256420000000038
25.256420000000038
25.256420000000038
25.256420000000038
25.256420000000038
25.256420000000038
25.256420000000038
25.256420000000038
25.256420000000038
25.256420000000038
25.256420000000038
25.256420000000038
25.256420000000038
25.256420000000038
25.256420000000038
25.256420000000038
25.256420000000038
25.256420000000038
25.256420000000038
25.256420000000038
25.256420000000038
25.256420000000038
25.256420000000038
25.256420000000038
25.29892000000004
25.29892000000004
25.29892000000004
25.29892000000004
25.29892000000004
25.29892000000004
25.29892000000004
25.29892000000004
25.29892000000004
25.29892000000004
25.29892000000004
25.29892000000004
25.29892000000004
25.29892000000004
25.29892000000004
25.29892000000004
25.29892000000004
25.29892000000004
25.29892000000004
25.29892000000004
25.29892000000004
25.29892000000004
25.29892000000004
25.29892000000004
25.29892000000004
25.29892000000004
25.29892000000004
25.29892000000004
25.29892000000004
25.29892000000004
25.29892000000004
25.29892000000004
25.29892000000004
25.29892000000004
25.29892000000004
25.29892000000004
25.29892000000004
25.29892000000004
25.29892000000004
25.29892000000004
25.29892000000004
25.411520000000035
25.379800000000046
25.379800000000046
25.379800000000046
25.379800000000046
25.379800000000046
25.379800000000046
25.379800000000046
25.379800000000046
25.379800000000046
25.379800000000046
25.379800000000046
25.379800000000046
25.379800000000046
25.379800000000046
25.379800000000046
25.379800000000046
25.379800000000046
25.379800000000046
25.379800000000046
25.276400000000034
25.092420000000036
25.115320000000036
25.115320000000036
25.115320000000036
25.115320000000036
25.115320000000036
25.115320000000036
25.115320000000036
25.115320000000036
25.115320000000036
25.115320000000036
25.115320000000036
25.115320000000036
25.115320000000036
25.115320000000036
25.115320000000036
25.115320000000036
25.115320000000036
25.115320000000036
25.115320000000036
25.115320000000036
25.115320000000036
25.115320000000036
25.115320000000036
25.115320000000036
25.115320000000036
25.115320000000036
25.115320000000036
25.115320000000036
25.115320000000036
25.115320000000036
25.115320000000036
25.115320000000036
25.115320000000036
25.115320000000036
25.115320000000036
25.115320000000036
25.115320000000036
25.115320000000036
25.115320000000036
25.115320000000036
25.115320000000036
25.115320000000036
25.115320000000036
25.115320000000036
25.115320000000036
25.115320000000036
25.115320000000036
25.115320000000036
25.115320000000036
25.115320000000036
25.115320000000036
25.115320000000036
25.115320000000036
25.115320000000036
25.115320000000036
25.115320000000036
25.115320000000036
25.115320000000036
25.115320000000036
25.115320000000036
25.115320000000036
25.115320000000036
25.115320000000036
25.115320000000036
25.115320000000036
25.115320000000036
25.115320000000036
25.115320000000036
25.115320000000036
25.115320000000036
25.115320000000036
25.115320000000036
25.115320000000036
25.115320000000036
25.115320000000036
25.115320000000036
25.115320000000036
25.115320000000036
25.115320000000036
25.115320000000036
25.115320000000036
25.115320000000036
25.115320000000036
25.115320000000036
25.115320000000036
25.115320000000036
25.115320000000036
25.115320000000036
25.115320000000036
25.115320000000036
25.115320000000036
25.115320000000036
25.115320000000036
25.115320000000036
25.115320000000036
25.115320000000036
25.115320000000036
25.115320000000036
25.115320000000036
25.115320000000036
25.115320000000036
25.115320000000036
25.115320000000036
25.115320000000036
25.115320000000036
25.115320000000036
25.115320000000036
25.115320000000036
25.115320000000036
25.115320000000036
25.115320000000036
25.115320000000036
25.115320000000036
25.115320000000036
25.115320000000036
25.115320000000036
25.115320000000036
25.115320000000036
25.115320000000036
25.115320000000036
25.115320000000036
25.115320000000036
25.115320000000036
25.115320000000036
25.115320000000036
25.115320000000036
25.115320000000036
25.115320000000036
25.115320000000036
25.115320000000036
25.115320000000036
25.115320000000036
25.270420000000033
25.251920000000034
25.453220000000027
25.27240000000003
24.969820000000034
24.951320000000035
24.72110000000004
24.65072000000004
25.29060000000003
24.65072000000004
24.933820000000036
24.880320000000033
24.861220000000024
24.69190000000004
24.98202000000002
24.30312000000003
24.30312000000003
24.37762000000002
24.11282000000003
25.317420000000038
24.181820000000023
23.971720000000015
23.65492000000003
24.199420000000032
23.597420000000028
23.57712000000003
24.930620000000033
23.292520000000028
22.31882000000002
23.47342000000001
23.851520000000033
22.527320000000007
22.366620000000005
21.40972000000003
22.268320000000024
21.186420000000023
24.15230000000002
20.719620000000017
20.419020000000014
15.314419999999977
14.938419999999978
8.587200000000001
5.813220000000003
6.997120000000004
3.7504200000000028
2.638020000000001
1.5789999999999997
3.798320000000002
0.9758
23.776300000000017
13.290119999999977
12.97901999999998
22.643900000000023
23.12810000000002
