[0.0179322]
[0.0179322]
[0.01796962]
[0.01796962]
[0.01796962]
[0.01854588]
[0.01793234]
[0.01798895]
[0.01791618]
[0.01791618]
[0.01791618]
[0.01791618]
[0.01798879]
[0.01798879]
[0.01791654]
[0.01797571]
[0.0180312]
[0.0180312]
[0.0180312]
[0.0180312]
[0.0180312]
[0.0180312]
[0.0180312]
[0.0180312]
[0.0180312]
[0.0180312]
[0.0180312]
[0.0180312]
[0.0180312]
[0.0180312]
[0.0180312]
[0.0180312]
[0.0179891]
[0.01796943]
[0.0180248]
[0.0180248]
[0.0180248]
[0.0180248]
[0.0180248]
[0.0180248]
[0.0180248]
[0.0180248]
[0.0180248]
[0.0180248]
[0.0180248]
[0.0180248]
[0.0180248]
[0.0180248]
[0.0180248]
[0.0180248]
[0.0180248]
[0.0180248]
[0.0180248]
[0.0180248]
[0.0180248]
[0.0180248]
[0.0180248]
[0.0180248]
[0.0180248]
[0.0180248]
[0.0180248]
[0.0180248]
[0.0180248]
[0.0180248]
[0.0180248]
[0.0180248]
[0.0180248]
[0.0180248]
[0.0180248]
[0.0180248]
[0.0180248]
[0.0180248]
[0.0180248]
[0.0180248]
[0.0180248]
[0.0180248]
[0.0180248]
[0.0180248]
[0.0180248]
[0.0180248]
[0.0180248]
[0.0180248]
[0.0180248]
[0.0180248]
[0.0180248]
[0.0180248]
[0.0180248]
[0.0180248]
[0.0180248]
[0.0180248]
[0.0180248]
[0.0180248]
[0.0180248]
[0.0180248]
[0.0180248]
[0.0180248]
[0.0180248]
[0.0180248]
[0.0180248]
[0.0180248]
[0.0180248]
[0.0180248]
[0.0180248]
[0.0180248]
[0.0180248]
[0.0180248]
[0.0180248]
[0.0180248]
[0.0180248]
[0.0180248]
[0.0180248]
[0.0180248]
[0.0180248]
[0.0180248]
[0.0180248]
[0.0180248]
[0.0180248]
[0.0180248]
[0.0180248]
[0.0180248]
[0.0180248]
[0.0180248]
[0.0180248]
[0.0180248]
[0.0180248]
[0.0180248]
[0.0180248]
[0.0180248]
[0.0180248]
[0.0180248]
[0.0180248]
[0.0180248]
[0.0180248]
[0.0180248]
[0.0180248]
[0.0180248]
[0.0180248]
[0.0180248]
[0.0180248]
[0.0180248]
[0.0180248]
[0.0180248]
[0.0180248]
[0.0180248]
[0.0180248]
[0.0180248]
[0.0180248]
[0.0180248]
[0.0180248]
[0.0180248]
[0.0180248]
[0.0180248]
[0.01797609]
[0.01810105]
[0.01810105]
[0.01877996]
[0.0180309]
[0.0180309]
[0.0180309]
[0.0180309]
[0.01809369]
[0.01809369]
[0.01809369]
[0.01809369]
[0.0186438]
[0.0186438]
[0.0186438]
[0.0186438]
[0.01796985]
[0.01796985]
[0.01796985]
[0.01796985]
[0.01796985]
[0.01796985]
[0.01796985]
[0.01796985]
[0.01796985]
[0.01796985]
[0.01796985]
[0.01796985]
[0.01796985]
[0.01796985]
[0.01796985]
[0.01796985]
[0.01796985]
[0.01796985]
[0.01796985]
[0.01796985]
[0.01796985]
[0.01796985]
[0.01878045]
[0.01802521]
[0.01802521]
[0.01802521]
[0.01802521]
[0.01802521]
[0.01802521]
[0.01803855]
[0.01803855]
[0.01803855]
[0.01803855]
[0.01803855]
[0.01803855]
[0.01803855]
[0.01803855]
[0.01803855]
[0.01803855]
[0.01803855]
[0.01803855]
[0.01803855]
[0.01803855]
[0.01803855]
[0.01803855]
[0.01803855]
[0.01803855]
[0.01803855]
[0.01803855]
[0.01803855]
[0.01812582]
[0.01812582]
[0.01812582]
[0.01812582]
[0.01812582]
[0.01812582]
[0.01810161]
[0.01810161]
[0.01810161]
[0.01810161]
[0.01817203]
[0.01817203]
[0.01817203]
[0.01817203]
[0.01817203]
[0.01817203]
[0.01817203]
[0.01817203]
[0.01817203]
[0.01817203]
[0.01817203]
[0.01817203]
[0.01817203]
[0.01817203]
[0.01792031]
[0.0180307]
[0.0180307]
[0.0180308]
[0.0180308]
[0.01809327]
[0.01832404]
[0.01832266]
[0.01864491]
[0.01810991]
[0.01810883]
[0.01816422]
[0.01792067]
[0.01809594]
[0.01809594]
[0.01859059]
[0.01859059]
[0.01810999]
[0.01797228]
[0.01804566]
[0.01809497]
[0.01809497]
[0.01797228]
[0.01904633]
[0.01797228]
[0.01807484]
[0.01811044]
[0.01811044]
[0.01823728]
[0.0181692]
[0.01815899]
[0.01826284]
[0.01797524]
[0.0180308]
[0.0193313]
[0.0181009]
[0.01819936]
[0.01825163]
[0.0180308]
[0.0180308]
[0.0180308]
[0.01823467]
[0.01810147]
[0.01810147]
[0.01817194]
[0.018252]
[0.01897061]
[0.01825229]
[0.01825229]
[0.01892907]
[0.01867479]
[0.0191465]
[0.01825234]
[0.01776967]
[0.01801002]
[0.01944835]
[0.01810057]
[0.01944835]
[0.01837089]
[0.01817219]
[0.01944835]
[0.018155]
[0.01944835]
[0.01824794]
[0.01944835]
[0.01826325]
[0.01944835]
[0.01944835]
[0.01845419]
[0.01813269]
[0.01856118]
[0.01823352]
[0.01814503]
[0.01907872]
[0.01907872]
[0.01907872]
[0.01818171]
[0.01819289]
[0.0186322]
[0.018348]
[0.01875731]
[0.01816042]
[0.01827073]
[0.01838145]
[0.01816047]
[0.01824978]
[0.01831531]
[0.01810111]
[0.01826262]
[0.01890264]
[0.01866418]
[0.01810167]
[0.01840162]
[0.01914533]
[0.01843977]
[0.01826288]
[0.01803857]
[0.01803869]
[0.01810803]
[0.01816128]
[0.01856234]
[0.01856234]
[0.01823949]
[0.01836205]
[0.01803872]
[0.01836207]
[0.01912253]
[0.0183333]
[0.01884674]
[0.01823738]
[0.01918499]
[0.01834502]
[0.01827059]
[0.01834326]
[0.01834305]
[0.01847949]
[0.01792264]
[0.01842942]
[0.0182481]
[0.01897594]
[0.01869678]
[0.01850418]
[0.01792142]
[0.01829333]
[0.01819925]
[0.01820534]
[0.01897611]
[0.01877285]
[0.01877285]
[0.01844718]
[0.01900993]
[0.01907741]
[0.01897586]
[0.0180289]
[0.01923008]
[0.01889849]
[0.01825058]
[0.01844837]
[0.01944059]
[0.01875007]
[0.01845192]
[0.0183198]
[0.01880726]
[0.01812076]
[0.01950544]
[0.01817792]
[0.01871598]
[0.01871598]
[0.01892505]
[0.01827057]
[0.01927237]
[0.01927237]
[0.01945062]
[0.01826937]
[0.01826937]
[0.01907342]
[0.02381058]
[0.0185399]
[0.0185399]
[0.01929783]
[0.01827585]
[0.01854248]
[0.01865457]
[0.01876178]
[0.0187733]
[0.02002561]
[0.01946221]
[0.02869939]
[0.02355833]
[0.02282862]
[0.02460312]
[0.02363214]
[0.02110355]
[0.02462145]
[0.02163781]
[0.0246585]
[0.02571604]
[0.02113139]
[0.03012814]
[0.02200188]
[0.02200188]
[0.0319048]
[0.0319048]
[0.0319048]
[0.02441813]
[0.02369216]
[0.02248088]
[0.02248088]
[0.02420845]
[0.03396071]
[0.04156453]
[0.03761023]
[0.02297996]
[0.03155997]
[0.02637657]
[0.0344133]
[0.02641671]
[0.04564233]
[0.04118609]
[0.02726987]
[0.02446382]
[0.02446382]
[0.03153128]
[0.06481565]
[0.04834982]
[0.04834982]
[0.02521997]
[0.25807846]
[0.05280576]
[0.01873105]
[0.03766011]
[0.03766011]
[0.10298374]
[0.03827103]
[0.05087371]
[0.06727667]
[0.04312578]
[0.0246411]
[0.0246411]
[0.0246411]
[0.29687497]
[0.29687497]
[0.02691913]
[0.03890483]
[0.03255374]
[0.20610467]
[0.0453651]
[0.04333377]
[0.13047679]
[0.13047679]
[0.11089398]
[0.03252932]
[0.05850375]
[0.08591545]
[0.06277166]
[0.05196966]
[0.01947842]
[0.03814501]
[0.03565676]
[0.03565676]
[0.01925393]
[0.02088197]
[0.01838748]
[0.02011485]
[0.01862174]
[0.0189799]
[0.0189799]
[0.01934917]
[0.01857394]
[0.01837886]
[0.01860331]
[0.0504968]
[0.01918496]
[0.01859518]
[0.01836032]
[0.02039388]
[0.01936669]
[0.01882098]
