-6.281431695634691
15.237480179594877
16.365604871353057
15.980568402847199
15.648541663559595
15.993052035899055
16.03229842802731
15.322758234214762
14.317798434850392
14.072522112768175
14.600551441021683
15.695789139028735
14.11816958641643
14.218231508090447
15.138687517145124
15.147976232937879
16.521951190861685
16.370163066739313
17.55701528748011
16.98926411950089
16.20712670537941
16.903146903477747
16.96339176958505
17.667513179149896
17.819507623990365
16.840414216286753
16.078696192797587
15.552585568150718
16.79167830702984
16.00905505147726
16.278190465188885
16.366998332002986
16.191655547991502
15.83238163746904
14.761875814820506
16.016564598589607
16.35641799974417
16.526140815901517
15.871953613447902
16.57287122618444
15.800761795960977
17.32483736588663
15.751365342876376
15.289828872724016
14.979651403126198
17.388478699801748
15.8274016770109
15.318821480564585
16.074454228313858
14.67827502909511
14.641763474201987
15.964736229245275
16.00155166347003
15.780958172428722
15.33639954801053
15.108540023361694
14.450980545783633
14.493137347100962
16.1679208481446
15.980898638977118
15.353577370655978
17.55617749078399
17.44714772088653
15.628769272400204
17.15151867523253
18.45755467071593
17.076601331872983
17.67775852028851
16.830036466760678
16.469755876414762
15.53274087827631
16.1366484493201
16.759116484562092
16.18849690143221
15.429992033878499
14.819287575377842
15.975432993332964
14.374646784226519
14.572433109224471
15.146627218529682
14.091241529757518
13.68231936788981
14.499680960664048
16.656372638207745
18.094363307806205
14.766556597477933
15.730887189235352
16.889780137690607
17.074534578172777
16.67483584166191
17.324581923645194
17.38200972188503
16.09847231086198
16.643634096485325
16.107918809834434
15.24983655925904
16.26583108863199
16.210836505502108
15.25294234791114
15.890770221141121
