3.359647855329147
3.240588741802142
3.0323518802512384
2.54944244359859
5.472409676170079
5.472409676170079
5.472409676170079
5.472409676170079
5.472409676170079
5.472409676170079
5.472409676170079
5.472409676170079
5.472409676170079
5.472409676170079
5.472409676170079
5.472409676170079
5.472409676170079
5.472409676170079
5.472409676170079
5.472409676170079
5.472409676170079
5.472409676170079
5.472409676170079
5.472409676170079
5.472409676170079
5.472409676170079
5.472409676170079
5.472409676170079
5.472409676170079
5.472409676170079
5.472409676170079
5.472409676170079
5.472409676170079
5.472409676170079
5.472409676170079
5.472409676170079
5.472409676170079
5.472409676170079
5.472409676170079
5.472409676170079
5.472409676170079
5.472409676170079
5.472409676170079
5.472409676170079
5.472409676170079
5.472409676170079
5.472409676170079
5.472409676170079
5.472409676170079
5.472409676170079
5.472409676170079
5.472409676170079
5.472409676170079
5.472409676170079
5.472409676170079
5.472409676170079
5.472409676170079
5.472409676170079
5.472409676170079
5.472409676170079
5.472409676170079
5.472409676170079
5.472409676170079
5.472409676170079
5.472409676170079
5.472409676170079
5.472409676170079
5.472409676170079
5.472409676170079
5.472409676170079
5.472409676170079
5.472409676170079
5.472409676170079
5.472409676170079
5.472409676170079
5.472409676170079
5.472409676170079
5.472409676170079
5.472409676170079
5.472409676170079
5.472409676170079
5.472409676170079
5.472409676170079
5.472409676170079
5.472409676170079
5.472409676170079
5.472409676170079
5.472409676170079
5.472409676170079
5.472409676170079
5.472409676170079
5.472409676170079
5.472409676170079
5.472409676170079
5.472409676170079
5.472409676170079
5.472409676170079
5.472409676170079
5.472409676170079
5.472409676170079
5.472409676170079
5.472409676170079
5.472409676170079
5.472409676170079
5.472409676170079
5.472409676170079
5.472409676170079
5.472409676170079
5.472409676170079
5.472409676170079
5.472409676170079
5.472409676170079
5.472409676170079
5.472409676170079
5.472409676170079
5.472409676170079
5.472409676170079
5.472409676170079
5.472409676170079
5.472409676170079
5.472409676170079
5.472409676170079
5.472409676170079
5.472409676170079
5.472409676170079
5.472409676170079
5.472409676170079
5.472409676170079
5.472409676170079
5.472409676170079
5.472409676170079
5.472409676170079
5.472409676170079
5.472409676170079
5.472409676170079
5.472409676170079
5.472409676170079
5.472409676170079
5.472409676170079
5.472409676170079
5.472409676170079
5.472409676170079
5.472409676170079
5.472409676170079
5.472409676170079
5.472409676170079
5.472409676170079
5.472409676170079
5.472409676170079
5.472409676170079
5.472409676170079
5.472409676170079
5.472409676170079
5.472409676170079
5.472409676170079
5.472409676170079
5.472409676170079
5.472409676170079
5.472409676170079
5.472409676170079
5.472409676170079
5.472409676170079
5.472409676170079
5.472409676170079
5.472409676170079
5.472409676170079
5.472409676170079
5.472409676170079
5.472409676170079
5.472409676170079
5.472409676170079
5.472409676170079
5.472409676170079
5.472409676170079
5.472409676170079
5.472409676170079
5.472409676170079
5.472409676170079
5.472409676170079
5.472409676170079
5.472409676170079
5.472409676170079
5.472409676170079
5.472409676170079
5.472409676170079
5.472409676170079
5.472409676170079
5.472409676170079
5.472409676170079
5.472409676170079
5.472409676170079
5.472409676170079
5.472409676170079
5.472409676170079
5.472409676170079
5.472409676170079
5.472409676170079
5.472409676170079
5.472409676170079
5.472409676170079
5.472409676170079
5.472409676170079
5.472409676170079
5.472409676170079
5.472409676170079
5.472409676170079
5.472409676170079
5.472409676170079
5.472409676170079
5.472409676170079
5.472409676170079
5.472409676170079
5.472409676170079
5.472409676170079
5.472409676170079
5.472409676170079
5.472409676170079
5.472409676170079
5.472409676170079
5.472409676170079
5.472409676170079
5.472409676170079
5.472409676170079
5.472409676170079
5.472409676170079
5.472409676170079
5.472409676170079
5.472409676170079
5.472409676170079
5.472409676170079
5.472409676170079
5.472409676170079
5.472409676170079
5.472409676170079
5.472409676170079
5.472409676170079
5.472409676170079
5.472409676170079
5.472409676170079
5.472409676170079
5.472409676170079
5.472409676170079
5.472409676170079
5.472409676170079
5.472409676170079
5.472409676170079
5.472409676170079
5.472409676170079
5.472409676170079
5.472409676170079
5.472409676170079
5.472409676170079
5.472409676170079
5.472409676170079
5.472409676170079
5.472409676170079
5.472409676170079
5.472409676170079
5.472409676170079
5.472409676170079
5.472409676170079
5.472409676170079
5.472409676170079
5.472409676170079
5.472409676170079
5.472409676170079
5.472409676170079
5.472409676170079
5.472409676170079
5.472409676170079
5.472409676170079
5.472409676170079
5.472409676170079
5.472409676170079
5.472409676170079
5.472409676170079
5.472409676170079
5.472409676170079
5.472409676170079
5.472409676170079
5.472409676170079
5.472409676170079
5.472409676170079
5.472409676170079
5.472409676170079
5.50043762623049
5.50043762623049
5.50043762623049
5.50043762623049
5.50043762623049
5.50043762623049
5.50043762623049
5.50043762623049
5.50043762623049
5.50043762623049
5.50043762623049
5.50043762623049
5.50043762623049
5.50043762623049
5.50043762623049
5.50043762623049
5.50043762623049
5.50043762623049
5.50043762623049
5.50043762623049
5.50043762623049
5.50043762623049
5.50043762623049
5.50043762623049
5.50043762623049
5.50043762623049
5.50043762623049
5.50043762623049
5.50043762623049
5.50043762623049
5.50043762623049
5.50043762623049
5.50043762623049
5.50043762623049
5.50043762623049
5.50043762623049
5.50043762623049
5.50043762623049
5.50043762623049
5.50043762623049
5.50043762623049
5.50043762623049
5.50043762623049
5.50043762623049
5.50043762623049
5.50043762623049
5.50043762623049
5.50043762623049
5.50043762623049
5.50043762623049
5.50043762623049
5.50043762623049
5.50043762623049
5.50043762623049
5.50043762623049
5.50043762623049
5.50043762623049
5.50043762623049
5.50043762623049
5.50043762623049
5.50043762623049
5.50043762623049
5.50043762623049
5.50043762623049
5.50043762623049
5.50043762623049
5.50043762623049
5.50043762623049
5.50043762623049
5.50043762623049
5.50043762623049
5.50043762623049
5.50043762623049
5.50043762623049
5.50043762623049
5.50043762623049
5.50043762623049
5.50043762623049
5.50043762623049
5.50043762623049
5.50043762623049
5.50043762623049
5.50043762623049
5.50043762623049
5.50043762623049
5.50043762623049
5.50043762623049
5.50043762623049
5.50043762623049
5.50043762623049
5.50043762623049
5.50043762623049
5.50043762623049
5.50043762623049
5.50043762623049
5.50043762623049
5.50043762623049
5.50043762623049
5.50043762623049
5.50043762623049
5.50043762623049
5.50043762623049
5.50043762623049
5.50043762623049
5.50043762623049
5.50043762623049
5.50043762623049
5.50043762623049
5.50043762623049
5.50043762623049
5.50043762623049
5.50043762623049
5.50043762623049
5.50043762623049
5.50043762623049
5.50043762623049
5.50043762623049
5.50043762623049
5.50043762623049
5.50043762623049
5.50043762623049
5.50043762623049
5.50043762623049
5.50043762623049
5.50043762623049
5.50043762623049
5.50043762623049
5.50043762623049
5.50043762623049
5.50043762623049
5.50043762623049
5.50043762623049
5.50043762623049
5.50043762623049
5.50043762623049
5.50043762623049
5.50043762623049
5.50043762623049
5.50043762623049
5.50043762623049
5.50043762623049
5.50043762623049
5.50043762623049
5.50043762623049
5.50043762623049
5.50043762623049
5.50043762623049
5.50043762623049
5.50043762623049
5.50043762623049
5.50043762623049
5.50043762623049
5.50043762623049
5.50043762623049
5.50043762623049
5.50043762623049
5.50043762623049
5.50043762623049
5.50043762623049
5.50043762623049
5.50043762623049
5.50043762623049
5.50043762623049
5.50043762623049
5.50043762623049
5.50043762623049
5.50043762623049
5.50043762623049
5.50043762623049
5.50043762623049
5.50043762623049
5.50043762623049
5.50043762623049
5.50043762623049
5.50043762623049
5.50043762623049
5.50043762623049
5.50043762623049
5.50043762623049
5.50043762623049
5.50043762623049
5.50043762623049
5.50043762623049
5.50043762623049
5.429569286890757
5.512246728123361
5.512246728123361
5.512246728123361
5.508155784435766
5.415034507840021
5.415034507840021
5.494736780479382
5.555107461107655
5.841406262997613
5.705531349519577
5.329548263105403
5.713688402599736
5.358485227762369
5.348150757907899
5.357084146681287
3.1197044523416677
5.518454299609467
5.474129058033948
5.301830470642116
5.5557126346319725
5.102026862278194
5.184441310305846
7.3284153846153846
7.3284153846153846
7.3284153846153846
7.3284153846153846
5.623846034878348
4.343186374261254
3.6639759105322156
1.659109300809794
