8.699020000000003
8.699020000000003
9.16972
8.776520000000001
11.233799999999984
11.233799999999984
13.042699999999979
13.042699999999979
9.065120000000002
9.065120000000002
9.352499999999997
9.336999999999998
9.336999999999998
9.336999999999998
10.545799999999991
11.693699999999982
10.73389999999999
11.72569999999998
11.72569999999998
10.032099999999994
10.899999999999986
10.899999999999986
10.899999999999986
11.367599999999983
9.245519999999997
9.245519999999997
9.882299999999995
9.914299999999995
9.914299999999995
9.599499999999995
9.599499999999995
9.599499999999995
9.599499999999995
9.369719999999997
9.369719999999997
9.369719999999997
9.369719999999997
9.369719999999997
9.369719999999997
9.369719999999997
9.369719999999997
9.369719999999997
9.369719999999997
9.369719999999997
12.64489999999998
12.64489999999998
10.076499999999994
10.155699999999992
10.155699999999992
10.155699999999992
8.842220000000003
9.637399999999996
11.858699999999985
9.872299999999994
12.243499999999983
8.68242
11.915299999999982
9.572099999999997
10.70609999999999
4.101120000000002
4.101120000000002
12.694469999999983
9.523299999999995
9.523299999999995
11.826699999999986
12.53719999999998
11.472169999999984
11.388899999999984
11.137499999999989
10.34629999999999
9.2547
9.209919999999999
12.33679999999998
12.33679999999998
9.734799999999995
9.734799999999995
9.734799999999995
9.734799999999995
9.734799999999995
9.734799999999995
9.734799999999995
9.995899999999994
9.851899999999995
10.332099999999992
10.332099999999992
10.332099999999992
10.332099999999992
10.332099999999992
10.958899999999987
10.62599999999999
10.62599999999999
10.62599999999999
10.404599999999991
11.124999999999988
11.124999999999988
11.124999999999988
11.124999999999988
11.124999999999988
11.124999999999988
11.124999999999988
11.124999999999988
11.124999999999988
11.124999999999988
11.124999999999988
11.124999999999988
11.124999999999988
12.32939999999998
12.32939999999998
12.32939999999998
12.32939999999998
11.773999999999981
11.773999999999981
11.773999999999981
11.773999999999981
11.773999999999981
9.875899999999994
11.924199999999983
12.039899999999982
9.574999999999998
11.642699999999985
11.642699999999985
11.642699999999985
11.642699999999985
11.642699999999985
11.642699999999985
11.642699999999985
11.138299999999987
11.138299999999987
11.138299999999987
11.138299999999987
11.138299999999987
12.71909999999998
12.71909999999998
9.941999999999995
9.941999999999995
9.941999999999995
9.941999999999995
9.941999999999995
9.941999999999995
9.941999999999995
9.941999999999995
9.941999999999995
9.941999999999995
9.941999999999995
9.941999999999995
9.941999999999995
10.56229999999999
9.900899999999995
10.500099999999989
8.393320000000003
10.251799999999992
10.251799999999992
12.446269999999982
8.954600000000001
9.239399999999998
10.82769999999999
10.72409999999999
8.76472
13.04229999999998
10.066999999999993
10.339799999999991
8.874
9.142199999999999
9.428299999999998
9.428299999999998
10.023299999999994
10.023299999999994
10.28379999999999
10.28379999999999
11.165799999999987
11.165799999999987
11.165799999999987
11.165799999999987
10.488199999999992
10.913499999999988
12.05529999999998
10.010599999999993
10.079799999999993
10.65429999999999
10.65429999999999
10.65429999999999
10.65429999999999
10.65429999999999
9.415699999999998
11.408199999999985
8.998599999999998
10.50979999999999
11.005999999999988
11.66149999999998
11.267099999999985
10.902499999999987
10.902499999999987
10.379899999999992
10.379899999999992
11.932399999999982
10.634799999999991
10.634799999999991
10.634799999999991
10.634799999999991
10.634799999999991
10.514999999999992
10.514999999999992
10.514999999999992
10.514999999999992
10.514999999999992
11.731799999999982
11.056599999999987
11.168999999999986
12.287499999999978
9.040099999999999
9.040099999999999
9.040099999999999
9.040099999999999
9.040099999999999
10.70009999999999
11.073299999999989
11.833999999999982
10.928299999999986
10.81409999999999
10.81409999999999
9.0032
9.0032
9.790599999999996
11.168999999999986
10.673199999999989
10.673199999999989
11.99169999999998
11.013099999999989
10.54699999999999
10.54699999999999
10.54699999999999
10.54699999999999
9.611899999999995
11.343299999999987
10.048899999999993
10.78559999999999
9.599369999999993
11.633269999999985
9.384299999999998
10.67589999999999
10.41679999999999
9.603599999999995
9.603599999999995
10.298799999999993
9.716299999999995
11.234899999999985
12.037899999999985
9.165
10.911699999999989
10.64969999999999
10.78559999999999
10.69509999999999
10.69509999999999
10.69509999999999
10.69509999999999
10.69509999999999
10.69509999999999
10.69509999999999
10.69509999999999
10.69509999999999
10.69509999999999
8.932900000000004
8.932900000000004
10.282199999999992
10.658699999999989
9.499999999999998
9.623699999999996
10.075299999999993
10.090099999999994
8.9717
9.609099999999996
10.036699999999993
10.607499999999991
11.084799999999985
10.191699999999992
10.663999999999989
11.574799999999982
10.57939999999999
9.0887
9.0887
9.0887
9.0887
10.358499999999992
10.64119999999999
9.208900000000002
10.663099999999991
10.663099999999991
9.311399999999997
9.497699999999998
10.211099999999993
10.423099999999991
4.189420000000003
4.356600000000003
10.283099999999992
10.283099999999992
10.283099999999992
11.194099999999986
10.745999999999988
10.159699999999994
9.264899999999995
9.518099999999997
8.458000000000004
11.060699999999988
4.729200000000002
8.646800000000002
11.466499999999986
11.188999999999986
8.594920000000004
9.260599999999998
8.843100000000002
11.152999999999986
9.120699999999998
10.71399999999999
9.0203
10.091299999999995
11.653099999999982
10.671699999999992
8.8828
8.416100000000004
7.557300000000006
9.551599999999995
10.56109999999999
10.809999999999988
11.016399999999987
9.183299999999997
10.083299999999994
10.038099999999996
9.816799999999995
12.500499999999981
10.698199999999991
10.698199999999991
10.776099999999989
10.40719999999999
12.041999999999984
10.673299999999989
7.167400000000005
4.880700000000003
10.425999999999991
10.219899999999992
10.945999999999989
6.619090000000004
9.831199999999997
5.928320000000005
10.25189999999999
10.263599999999991
9.643569999999997
8.864199999999999
12.875799999999979
10.096999999999992
3.232800000000001
10.130899999999993
9.387799999999999
8.956000000000001
10.035999999999994
9.878299999999994
9.944899999999993
8.011720000000006
11.295619999999985
12.243899999999979
10.130799999999992
9.801899999999995
7.101600000000005
8.326900000000004
10.356199999999992
9.861499999999996
9.043269999999998
10.002399999999994
11.507599999999986
9.203600000000002
8.251370000000003
6.587900000000005
9.871399999999994
11.437199999999986
9.998599999999993
10.290999999999991
12.008099999999983
10.341899999999992
10.324199999999994
11.66149999999998
4.127400000000003
10.004969999999998
5.485700000000003
11.660399999999985
11.088499999999986
9.989999999999993
10.171699999999992
4.400800000000003
10.259899999999993
4.417500000000003
4.417500000000003
7.456000000000005
10.871499999999989
8.463470000000004
9.771299999999995
9.1121
8.273600000000005
11.623499999999984
10.384499999999992
10.922399999999987
7.784200000000006
8.367500000000003
9.830899999999996
9.853399999999995
5.043800000000004
3.769300000000003
7.377400000000004
9.941699999999994
10.569199999999991
11.384239999999984
9.0862
7.856820000000007
10.221499999999992
9.510299999999997
11.64539999999998
8.756670000000003
7.6516000000000055
9.446199999999997
10.099169999999994
7.239600000000004
2.1936
9.447969999999996
8.146200000000006
9.486899999999999
9.1189
8.706720000000002
8.030600000000007
9.627999999999998
5.884300000000004
2.9395000000000007
10.403999999999991
7.904070000000008
2.5824
5.817300000000004
7.925170000000005
7.566500000000006
2.8511000000000006
9.760079999999997
9.721869999999996
3.2635000000000023
5.068300000000004
7.868590000000007
3.4296000000000024
11.406099999999986
2.6144000000000007
5.6425000000000045
1.7714999999999999
6.557000000000004
2.2851999999999997
4.9482000000000035
2.9654000000000016
2.9654000000000016
2.9654000000000016
9.329069999999998
7.768000000000004
9.607499999999996
2.1544999999999996
2.3171999999999997
2.3171999999999997
2.3171999999999997
2.3171999999999997
1.3639
3.570400000000002
5.408400000000004
0.7871999999999999
14.344199999999974
1.3702999999999996
10.558699999999993
10.017099999999994
0.4765999999999999
11.12099999999999
9.597099999999998
9.7557
10.092299999999993
10.092299999999993
1.21207
0.5799699999999999
13.126199999999978
8.770000000000001
0.33157000000000003
10.738399999999988
11.410699999999986
0.56297
10.359799999999993
9.818699999999994
10.359699999999991
10.092599999999992
10.261299999999991
9.835999999999995
10.205399999999994
8.568900000000003
9.683699999999998
10.079699999999994
9.172320000000001
9.954499999999996
10.168199999999993
11.735499999999986
10.494019999999988
10.313999999999991
5.5057000000000045
6.710800000000005
