[0.16864417]
[0.7353144]
[0.73131865]
[0.73131865]
[0.73131865]
[0.73131865]
[0.73131865]
[0.73131865]
[0.73131865]
[0.73131865]
[0.16577311]
[0.7233502]
[0.70584446]
[0.7307348]
[0.7307348]
[0.7293826]
[0.7293826]
[0.7293826]
[0.7293826]
[0.7293826]
[0.7293826]
[0.7293826]
[0.7293826]
[0.7293826]
[0.7293826]
[0.7293826]
[0.7293826]
[0.7293826]
[0.7293826]
[0.7293826]
[0.7293826]
[0.7293826]
[0.7293826]
[0.7293826]
[0.7293826]
[0.7293826]
[0.7161702]
[0.7161702]
[0.7129102]
[0.7413603]
[0.72134113]
[0.72134113]
[0.72134113]
[0.16614725]
[0.16614725]
[0.70986557]
[0.16505882]
[0.7403372]
[0.61788565]
[0.61788565]
[0.7331629]
[0.16567048]
[0.16567048]
[0.72103304]
[0.16835624]
[0.16835624]
[0.16531304]
[0.17293854]
[0.72105426]
[0.72105426]
[0.72105426]
[0.16827299]
[0.73380333]
[0.73380333]
[0.16848451]
[0.16838026]
[0.16838026]
[0.16838026]
[0.16838026]
[0.1743706]
[0.58823335]
[0.60882336]
[0.7334448]
[0.17759538]
[0.17796473]
[0.16918148]
[0.16502878]
[0.16847372]
[0.16915712]
[0.16915712]
[0.16745187]
[0.64181185]
[0.168614]
[0.1691279]
[0.16527128]
[0.1689905]
[0.1689905]
[0.1689905]
[0.1689905]
[0.1689905]
[0.1722049]
[0.1669011]
[0.17874554]
[0.63795847]
[0.1675107]
[0.1675107]
[0.1675107]
[0.1675107]
[0.17025949]
[0.17654365]
[0.17270185]
[0.6293322]
[0.16521162]
[0.16521162]
[0.16493464]
[0.6877486]
[0.16995634]
[0.59712267]
[0.59712267]
[0.59712267]
[0.59712267]
[0.16823632]
[0.6269682]
[0.61508334]
[0.6092753]
[0.17023405]
[0.63748306]
[0.16378891]
[0.16833459]
[0.170612]
[0.56386685]
[0.66701967]
[0.16830824]
[0.16735515]
[0.16735515]
[0.6555036]
[0.6555036]
[0.6555036]
[0.17073268]
[0.16772471]
[0.16940238]
[0.16940238]
[0.16877398]
[0.6202566]
[0.5770427]
[0.17307523]
[0.63547164]
[0.18182062]
[0.18182062]
[0.16587877]
[0.16585188]
[0.16970423]
[0.16583288]
[0.17053807]
[0.17053807]
[0.17000128]
[0.16964194]
[0.16964194]
[0.16964194]
[0.1674861]
[0.17081673]
[0.6008109]
[0.1770273]
[0.17204423]
[0.1827957]
[0.168611]
[0.17425632]
[0.18470347]
[0.17226069]
[0.17226069]
[0.17226069]
[0.57790947]
[0.57790947]
[0.57790947]
[0.57790947]
[0.57790947]
[0.57790947]
[0.57790947]
[0.16843215]
[0.6736449]
[0.5445933]
[0.175594]
[0.1651595]
[0.17983663]
[0.17983663]
[0.17029268]
[0.16829845]
[0.16829845]
[0.17338897]
[0.16894966]
[0.60293376]
[0.6392654]
[0.17315486]
[0.17321779]
[0.17321779]
[0.17068094]
[0.1670073]
[0.17371704]
[0.57239735]
[0.16769686]
[0.16523571]
[0.17085297]
[0.54063374]
[0.54063374]
[0.54063374]
[0.54063374]
[0.16708997]
[0.17033443]
[0.1693255]
[0.1708481]
[0.72506356]
[0.16633764]
[0.17787698]
[0.51835114]
[0.6337847]
[0.1662918]
[0.60838085]
[0.60838085]
[0.60838085]
[0.60838085]
[0.60838085]
[0.60838085]
[0.60838085]
[0.60838085]
[0.60838085]
[0.5480691]
[0.1732325]
[0.17672299]
[0.54661286]
[0.54661286]
[0.17396694]
[0.17887068]
[0.6099837]
[0.16501261]
[0.17157404]
[0.5361366]
[0.17402813]
[0.610152]
[0.5963803]
[0.63095915]
[0.18683267]
[0.59085983]
[0.16434354]
[0.17730157]
[0.54006976]
[0.5860137]
[0.5655384]
[0.5655384]
[0.5655384]
[0.17091224]
[0.16939482]
[0.17403653]
[0.6046188]
[0.6046188]
[0.6046188]
[0.6046188]
[0.17173411]
[0.6657192]
[0.5940005]
[0.17650346]
[0.17041823]
[0.6766941]
[0.16433239]
[0.58676]
[0.58676]
[0.58676]
[0.17515014]
[0.17515014]
[0.44173613]
[0.44173613]
[0.51434255]
[0.6269163]
[0.60084265]
[0.16571428]
[0.18328965]
[0.1825145]
[0.16898908]
[0.17680967]
[0.7000451]
[0.56047636]
[0.16969457]
[0.58765316]
[0.1900576]
[0.5857581]
[0.16586187]
[0.52849716]
[0.5809188]
[0.17262255]
[0.5230334]
[0.5230334]
[0.5230334]
[0.5230334]
[0.5304362]
[0.40389568]
[0.4924455]
[0.54109716]
[0.51966393]
[0.55799425]
[0.46450037]
[0.16550024]
[0.1855357]
[0.49209774]
[0.49209774]
[0.49209774]
[0.49209774]
[0.49209774]
[0.49209774]
[0.49209774]
[0.49209774]
[0.49209774]
[0.49209774]
[0.1689619]
[0.46049353]
[0.4798159]
[0.64705724]
[0.169364]
[0.17591418]
[0.5463568]
[0.63263595]
[0.1705465]
[0.1705465]
[0.4833809]
[0.4833809]
[0.4833809]
[0.41508552]
[0.4737819]
[0.17635523]
[0.38411438]
[0.463916]
[0.463916]
[0.4784728]
[0.17821921]
[0.5225007]
[0.16822447]
[0.1766983]
[0.17017646]
[0.16934054]
[0.5388155]
[0.47861725]
[0.47861725]
[0.16512065]
[0.4798168]
[0.1644281]
[0.4027621]
[0.58129185]
[0.58129185]
[0.48259437]
[0.3955369]
[0.17469996]
[0.17612745]
[0.65592724]
[0.171309]
[0.1863663]
[0.64197755]
[0.41624615]
[0.60452205]
[0.5178835]
[0.53851825]
[0.55529076]
[0.17651537]
[0.46450037]
[0.477869]
[0.46450037]
[0.5512408]
[0.42026302]
[0.17147405]
[0.16920629]
[0.40778762]
[0.50930625]
[0.49977323]
[0.4229246]
[0.41217497]
[0.5815291]
[0.37254983]
[0.37254983]
[0.5956037]
[0.4920478]
[0.44021425]
[0.17717592]
[0.58816355]
[0.17313619]
[0.45742962]
[0.42292732]
[0.3897729]
[0.39033714]
[0.35807344]
[0.40088516]
[0.45248586]
[0.655703]
[0.48600903]
[0.35781866]
[0.1739687]
[0.1715536]
[0.17340069]
[0.50993]
[0.42128295]
[0.20559925]
[0.5676569]
[0.5462102]
[0.40426052]
[0.18192574]
[0.1804661]
[0.3194938]
[0.44714326]
[0.45595622]
[0.43517658]
[0.40705496]
[0.47703978]
[0.1894368]
[0.18573497]
[0.21721195]
[0.38862386]
[0.44043982]
[0.30754265]
[0.40896994]
[0.6423884]
[0.51373845]
[0.50334185]
[0.18520322]
[0.19504343]
[0.5274713]
[0.41088232]
[0.36152145]
[0.38773414]
[0.26728028]
[0.51569474]
[0.38621306]
[0.38621306]
[0.21950038]
[0.16721919]
[0.47701627]
[0.41175342]
[0.43258166]
[0.2846674]
[0.43648446]
[0.27601504]
[0.4667528]
[0.35025725]
[0.3960102]
[0.31312466]
[0.3397719]
[0.24848627]
[0.34387234]
[0.2880758]
[0.34229392]
[0.28291017]
[0.35924304]
[0.3353575]
[0.45171165]
[0.46185043]
[0.46185043]
[0.46185043]
[0.46185043]
[0.38471574]
[0.4316374]
[0.34289253]
[0.3361933]
[0.35546732]
[0.37818283]
[0.3288588]
[0.3588902]
[0.20681532]
[0.27984935]
[0.27984935]
[0.44355157]
[0.3904866]
[0.31592423]
[0.3759654]
[0.3468061]
[0.21772319]
[0.20723589]
[0.263591]
[0.45324227]
[0.15746494]
[0.27607986]
[0.38705164]
[0.35922506]
[0.33642218]
[0.33687472]
[0.18492416]
[0.31291088]
[0.19346468]
[0.17302456]
[0.25400096]
[0.16711473]
[0.15446237]
[0.15837483]
[0.16440704]
[0.60834837]
[0.3297977]
[0.34293616]
[0.17886795]
[0.5516972]
[0.5996073]
[0.22886887]
[0.24926652]
[0.20748565]
[0.17129835]
[0.16480187]
[0.16684929]
[0.59315276]
[0.18954931]
[0.16941735]
[0.43814662]
[0.17525874]
[0.16451839]
[0.41890088]
[0.55646837]
[0.17534402]
[0.17117104]
