18.799799999999994
18.799799999999994
18.596599999999995
18.33849999999999
18.33849999999999
18.33849999999999
18.153999999999986
18.64029999999999
18.64029999999999
18.64029999999999
18.64029999999999
18.64029999999999
18.734399999999994
17.524919999999977
17.524919999999977
17.524919999999977
17.524919999999977
18.313499999999987
18.313499999999987
18.313499999999987
18.313499999999987
18.313499999999987
18.313499999999987
18.313499999999987
18.313499999999987
18.386319999999987
18.391299999999987
18.391299999999987
18.391299999999987
18.391299999999987
18.56409999999999
18.56409999999999
18.56409999999999
18.109099999999987
18.109099999999987
18.109099999999987
18.109099999999987
18.109099999999987
17.448719999999977
17.948399999999985
17.948399999999985
17.948399999999985
17.948399999999985
17.948399999999985
17.948399999999985
17.948399999999985
17.948399999999985
17.948399999999985
17.948399999999985
17.948399999999985
17.948399999999985
17.948399999999985
17.948399999999985
17.948399999999985
17.948399999999985
18.25019999999999
18.25019999999999
18.25019999999999
18.25019999999999
18.25019999999999
18.25019999999999
18.25019999999999
18.25019999999999
18.25019999999999
18.25019999999999
18.25019999999999
18.25019999999999
18.25019999999999
18.25019999999999
18.25019999999999
18.25019999999999
18.25019999999999
18.25019999999999
18.25019999999999
18.25019999999999
18.25019999999999
18.25019999999999
18.25019999999999
18.25019999999999
18.25019999999999
18.25019999999999
18.25019999999999
18.25019999999999
18.25019999999999
18.25019999999999
18.25019999999999
18.25019999999999
18.25019999999999
18.25019999999999
18.25019999999999
18.25019999999999
18.25019999999999
18.25019999999999
18.237299999999987
17.990899999999986
17.990899999999986
17.990899999999986
17.990899999999986
17.990899999999986
17.990899999999986
17.990899999999986
17.990899999999986
17.990899999999986
17.763899999999982
17.763899999999982
17.763899999999982
17.763899999999982
17.763899999999982
17.763899999999982
18.45509999999999
18.45509999999999
18.45509999999999
18.45509999999999
18.45509999999999
18.45509999999999
18.45509999999999
18.45509999999999
18.45509999999999
18.45509999999999
18.45509999999999
18.45509999999999
18.45509999999999
17.134819999999973
18.621199999999995
17.78511999999998
17.78511999999998
17.78511999999998
17.78511999999998
17.300919999999977
17.300919999999977
17.300919999999977
17.300919999999977
17.300919999999977
17.300919999999977
17.300919999999977
17.300919999999977
17.300919999999977
17.300919999999977
17.300919999999977
17.300919999999977
17.300919999999977
17.300919999999977
17.300919999999977
17.300919999999977
17.300919999999977
17.300919999999977
17.300919999999977
17.300919999999977
17.300919999999977
17.300919999999977
17.300919999999977
17.300919999999977
17.300919999999977
17.300919999999977
17.300919999999977
17.300919999999977
17.300919999999977
17.300919999999977
17.300919999999977
17.300919999999977
17.300919999999977
17.300919999999977
17.300919999999977
17.300919999999977
17.300919999999977
17.300919999999977
17.300919999999977
17.300919999999977
17.300919999999977
17.300919999999977
17.300919999999977
17.300919999999977
17.300919999999977
17.300919999999977
17.300919999999977
17.300919999999977
17.300919999999977
17.300919999999977
17.300919999999977
17.300919999999977
17.300919999999977
17.300919999999977
17.300919999999977
17.300919999999977
17.300919999999977
17.300919999999977
17.300919999999977
17.300919999999977
17.300919999999977
17.300919999999977
17.300919999999977
17.300919999999977
17.300919999999977
17.300919999999977
17.300919999999977
17.300919999999977
17.300919999999977
17.300919999999977
17.300919999999977
17.300919999999977
17.300919999999977
17.300919999999977
17.300919999999977
17.300919999999977
17.300919999999977
17.300919999999977
17.300919999999977
18.089499999999987
18.089499999999987
18.089499999999987
18.089499999999987
18.089499999999987
17.300919999999977
17.300919999999977
17.300919999999977
17.300919999999977
17.527899999999978
18.589599999999994
17.300919999999977
17.300919999999977
17.300919999999977
18.171999999999986
18.089499999999983
18.089499999999983
18.089499999999983
17.907099999999982
18.24399999999999
18.24399999999999
18.24399999999999
18.24399999999999
18.24399999999999
18.24399999999999
18.24399999999999
18.55639999999999
17.91041999999998
17.91041999999998
17.91041999999998
17.550799999999978
17.996219999999987
17.422899999999977
17.422899999999977
18.173999999999985
18.024999999999988
18.32059999999999
18.32059999999999
18.32059999999999
18.126499999999986
16.992499999999975
17.735299999999985
17.91469999999998
17.872199999999985
17.713499999999982
17.37751999999998
17.37751999999998
17.815799999999985
17.37751999999998
17.860099999999985
17.115699999999975
16.74471999999997
17.228919999999974
16.744719999999973
17.37751999999998
17.224719999999973
17.224719999999973
17.224719999999973
16.910819999999973
17.68779999999998
16.910819999999973
17.853899999999985
17.607119999999977
17.885099999999984
17.885099999999984
17.087819999999972
18.10859999999999
18.10859999999999
18.389999999999993
17.813499999999983
17.347799999999975
17.46539999999998
17.842499999999983
17.736399999999982
17.779999999999983
17.303899999999974
17.434599999999982
17.25009999999998
17.25009999999998
17.25009999999998
17.25009999999998
17.477099999999982
17.83419999999998
18.31349999999999
16.983699999999974
16.983699999999974
18.042699999999982
17.469999999999978
17.210699999999978
17.575699999999983
16.787119999999973
16.354619999999965
16.89169999999997
16.52071999999997
17.839499999999983
17.73109999999998
16.52071999999997
16.52071999999997
17.441019999999977
17.72229999999998
17.40929999999998
16.74711999999997
16.996119999999976
17.310699999999976
16.574699999999968
16.574699999999968
17.050919999999973
17.25349999999998
17.97779999999998
16.68681999999997
17.486599999999978
17.473719999999975
16.91479999999997
17.956699999999984
17.894099999999984
17.473399999999977
16.69591999999997
17.486499999999978
16.371219999999965
16.371219999999965
16.69591999999997
17.45899999999998
17.49189999999998
16.66879999999997
16.66879999999997
16.66879999999997
17.38851999999998
16.452319999999965
17.08361999999997
17.171599999999977
17.751699999999985
17.280099999999976
17.03491999999997
16.779019999999967
16.970799999999976
16.431219999999968
16.278699999999965
17.49609999999998
16.62151999999997
17.89689999999998
17.396799999999974
17.287099999999977
17.350699999999975
17.59509999999998
16.600619999999967
17.19661999999997
17.296919999999975
16.222819999999963
18.04329999999998
17.58519999999998
18.194299999999988
17.418899999999976
16.66949999999997
16.79371999999997
17.352119999999978
17.528299999999977
16.88481999999997
15.720219999999962
16.48659999999997
16.856699999999968
17.244299999999978
17.062299999999976
16.363619999999965
15.330399999999967
17.304299999999973
16.635519999999968
15.443399999999967
16.441599999999966
16.635519999999968
16.91009999999997
16.270719999999965
13.203839999999975
16.421019999999967
16.935099999999974
13.942019999999973
16.819499999999973
16.208519999999965
14.643499999999971
13.973219999999971
13.522499999999978
16.261799999999965
13.425899999999976
15.744019999999962
13.976199999999974
13.976199999999974
13.608899999999972
13.410319999999974
16.125619999999962
16.125619999999962
13.514299999999974
12.983819999999977
13.721199999999975
12.261519999999981
13.11789999999998
11.697919999999984
12.411099999999982
11.821119999999983
12.177699999999982
10.934019999999988
11.970999999999982
12.101999999999983
11.614019999999984
11.057819999999989
11.109919999999988
9.561419999999998
9.822499999999996
11.332099999999985
10.165599999999994
9.790719999999995
10.080099999999995
10.520499999999991
9.19202
8.678320000000003
9.692819999999996
7.948520000000007
8.7896
8.652820000000002
9.582499999999996
9.582499999999996
9.490499999999997
9.189599999999999
8.8712
8.180500000000006
6.782200000000006
5.329020000000003
5.329020000000003
6.5282200000000055
6.226000000000005
6.394520000000004
6.269220000000004
6.554200000000007
6.256320000000004
4.726200000000003
5.141520000000003
5.541120000000004
5.541120000000004
3.9704400000000026
4.055100000000002
5.115200000000004
4.856200000000003
4.856200000000003
4.644720000000002
5.168500000000004
4.128100000000003
3.8741200000000022
5.6675800000000045
3.2821000000000016
4.929400000000003
3.7504200000000028
4.301600000000003
1.7852000000000001
1.70062
3.7454000000000027
3.2681000000000022
3.6099000000000023
17.65159999999998
2.642620000000001
2.6438000000000006
1.83982
1.83982
1.9725
1.3659
2.3047000000000004
1.5824
1.7077
0.5952999999999999
1.8796000000000002
1.4766000000000001
1.8966
-0.1849
16.701199999999968
17.466699999999975
17.131499999999974
17.349319999999974
17.349319999999974
6.5918000000000045
15.99379999999996
6.078000000000004
10.006899999999995
17.92029999999998
17.234119999999976
16.66949999999997
16.349799999999966
18.691399999999998
17.44611999999998
17.44611999999998
17.401099999999982
17.39909999999998
18.147699999999983
17.45439999999998
10.879899999999987
16.964699999999972
16.55559999999997
