22.66650000000003
21.913200000000028
21.913200000000028
23.03210000000003
22.756800000000034
22.756800000000034
22.756800000000034
22.756800000000034
22.756800000000034
22.756800000000034
22.756800000000034
22.756800000000034
22.756800000000034
22.756800000000034
22.756800000000034
22.756800000000034
22.756800000000034
22.756800000000034
22.756800000000034
22.756800000000034
22.756800000000034
22.756800000000034
22.756800000000034
22.756800000000034
22.756800000000034
22.756800000000034
22.756800000000034
22.756800000000034
22.756800000000034
22.756800000000034
21.77540000000003
21.77540000000003
21.77540000000003
21.77540000000003
22.119300000000027
22.261600000000026
21.961000000000027
22.00350000000003
22.00350000000003
22.00350000000003
22.00350000000003
22.00350000000003
22.00350000000003
22.00350000000003
22.00350000000003
22.00350000000003
22.00350000000003
22.00350000000003
22.00350000000003
22.00350000000003
22.249700000000033
20.936600000000023
22.68980000000003
21.78800000000003
21.78800000000003
21.78800000000003
21.78800000000003
21.78800000000003
21.78800000000003
21.78800000000003
21.78800000000003
21.78800000000003
21.78800000000003
21.78800000000003
21.78800000000003
21.78800000000003
21.78800000000003
21.78800000000003
21.78800000000003
21.78800000000003
21.78800000000003
21.78800000000003
21.78800000000003
21.78800000000003
21.78800000000003
22.44150000000003
22.44150000000003
22.44150000000003
22.44150000000003
22.44150000000003
22.44150000000003
22.44150000000003
22.44150000000003
22.44150000000003
22.44150000000003
22.44150000000003
22.44150000000003
22.44150000000003
22.44150000000003
22.44150000000003
22.44150000000003
22.44150000000003
22.44150000000003
22.44150000000003
22.44150000000003
22.44150000000003
22.44150000000003
22.44150000000003
22.44150000000003
22.44150000000003
22.44150000000003
22.44150000000003
22.44150000000003
22.44150000000003
22.44150000000003
22.44150000000003
22.44150000000003
22.44150000000003
22.44150000000003
22.44150000000003
22.44150000000003
22.44150000000003
22.44150000000003
21.45390000000003
22.05700000000003
22.36620000000003
21.976600000000026
21.360400000000034
21.50640000000003
21.50640000000003
21.50640000000003
21.50640000000003
21.50640000000003
21.50640000000003
21.50640000000003
21.50640000000003
21.50640000000003
21.50640000000003
21.50640000000003
21.50640000000003
21.50640000000003
21.355300000000028
21.355300000000028
21.355300000000028
21.355300000000028
21.355300000000028
21.355300000000028
21.355300000000028
21.355300000000028
21.355300000000028
21.355300000000028
21.355300000000028
21.548300000000026
21.74630000000003
22.051400000000026
21.20130000000003
21.48820000000003
21.48820000000003
21.48820000000003
21.48820000000003
21.48820000000003
21.48820000000003
21.48820000000003
21.48820000000003
21.48820000000003
21.48820000000003
21.48820000000003
21.48820000000003
20.87790000000003
20.87790000000003
20.87790000000003
20.87790000000003
20.87790000000003
20.87790000000003
21.158800000000028
21.158800000000028
21.158800000000028
21.158800000000028
21.282400000000028
21.282400000000028
21.282400000000028
21.282400000000028
21.282400000000028
21.282400000000028
21.282400000000028
21.282400000000028
21.282400000000028
21.282400000000028
21.282400000000028
21.282400000000028
21.282400000000028
21.282400000000028
21.282400000000028
21.282400000000028
21.282400000000028
21.282400000000028
21.282400000000028
21.282400000000028
21.282400000000028
21.282400000000028
21.282400000000028
21.282400000000028
21.282400000000028
21.282400000000028
21.282400000000028
21.282400000000028
21.282400000000028
21.282400000000028
21.282400000000028
21.282400000000028
21.282400000000028
21.282400000000028
21.282400000000028
21.282400000000028
21.282400000000028
21.282400000000028
21.282400000000028
21.282400000000028
21.282400000000028
21.282400000000028
21.282400000000028
21.282400000000028
21.282400000000028
21.282400000000028
21.282400000000028
21.282400000000028
21.282400000000028
21.282400000000028
21.282400000000028
21.282400000000028
21.282400000000028
21.282400000000028
21.282400000000028
21.282400000000028
21.282400000000028
21.282400000000028
21.282400000000028
21.282400000000028
21.282400000000028
21.282400000000028
21.282400000000028
21.282400000000028
21.282400000000028
21.282400000000028
21.282400000000028
21.282400000000028
21.282400000000028
21.282400000000028
21.282400000000028
21.282400000000028
21.282400000000028
21.282400000000028
21.282400000000028
21.282400000000028
21.282400000000028
21.282400000000028
21.282400000000028
21.282400000000028
21.282400000000028
21.282400000000028
21.282400000000028
21.282400000000028
21.282400000000028
21.282400000000028
21.282400000000028
21.282400000000028
21.282400000000028
21.282400000000028
21.282400000000028
21.282400000000028
21.282400000000028
21.282400000000028
21.282400000000028
21.282400000000028
21.282400000000028
21.282400000000028
21.282400000000028
21.282400000000028
21.282400000000028
21.282400000000028
21.282400000000028
21.282400000000028
21.282400000000028
21.282400000000028
21.282400000000028
21.282400000000028
21.282400000000028
21.282400000000028
21.282400000000028
21.282400000000028
21.282400000000028
21.282400000000028
21.282400000000028
21.282400000000028
21.282400000000028
21.282400000000028
21.282400000000028
21.282400000000028
21.282400000000028
21.282400000000028
21.282400000000028
21.282400000000028
21.282400000000028
21.282400000000028
21.282400000000028
21.282400000000028
21.282400000000028
21.282400000000028
21.282400000000028
21.282400000000028
21.282400000000028
21.282400000000028
21.282400000000028
21.282400000000028
21.282400000000028
21.282400000000028
21.282400000000028
21.282400000000028
21.282400000000028
21.282400000000028
21.282400000000028
21.282400000000028
21.282400000000028
21.282400000000028
21.282400000000028
21.282400000000028
21.282400000000028
21.282400000000028
21.282400000000028
21.282400000000028
21.282400000000028
21.282400000000028
21.282400000000028
21.282400000000028
21.282400000000028
21.282400000000028
21.282400000000028
21.282400000000028
21.448500000000028
21.79330000000003
21.753600000000027
21.753600000000027
21.027700000000028
20.858200000000025
20.858200000000025
20.858200000000025
20.858200000000025
21.02430000000003
21.02430000000003
21.02430000000003
21.02430000000003
21.02430000000003
21.02430000000003
21.02430000000003
21.02430000000003
21.02430000000003
21.02430000000003
21.02430000000003
21.02430000000003
21.02430000000003
21.02430000000003
21.02430000000003
21.02430000000003
21.02430000000003
21.02430000000003
21.02430000000003
21.02430000000003
21.02430000000003
21.02430000000003
21.02430000000003
21.02430000000003
21.02430000000003
21.02430000000003
21.465470000000032
21.465470000000032
21.02430000000003
21.017000000000024
21.47400000000003
22.004500000000032
21.098100000000027
21.342500000000026
20.775300000000023
20.775300000000023
20.775300000000023
20.892300000000024
20.892300000000024
20.892300000000024
20.775300000000023
20.775300000000023
20.797500000000024
20.964700000000022
21.067600000000027
20.789800000000024
20.63420000000002
20.63420000000002
20.63420000000002
20.594500000000025
21.61440000000003
20.677400000000024
19.929500000000022
19.929500000000022
20.934300000000025
19.931600000000017
20.50220000000002
20.047700000000013
20.86740000000003
20.35270000000002
21.547400000000028
20.41930000000002
20.64290000000002
20.620700000000024
21.063500000000026
21.063500000000026
19.932700000000015
20.66460000000002
19.962600000000016
20.321300000000022
20.311200000000024
20.941700000000022
20.049300000000017
20.470900000000018
20.274500000000018
19.907500000000013
18.316100000000002
19.390200000000007
19.35370000000001
20.05730000000002
18.876500000000004
18.85730000000001
18.725300000000008
17.69469999999999
18.603900000000003
18.292700000000004
17.845700000000004
16.94429999999998
17.779999999999998
17.931969999999996
17.29779999999999
15.608499999999973
17.507199999999994
17.464699999999993
16.816499999999987
16.30559999999998
16.124999999999975
18.76790000000001
15.65739999999998
15.617699999999978
15.617699999999978
15.617699999999978
15.617699999999978
15.042399999999976
15.882599999999977
15.204199999999974
14.816299999999979
15.110599999999978
15.216799999999976
15.216799999999976
15.216799999999976
15.216799999999976
14.96949999999998
14.96949999999998
15.138799999999973
15.01099999999998
15.23379999999998
14.90109999999998
15.00959999999998
14.82669999999998
14.640099999999975
13.600799999999978
14.020699999999982
14.72139999999998
14.793799999999974
15.662599999999976
13.906999999999982
14.13879999999998
14.316499999999982
14.697799999999974
13.984999999999976
13.984999999999976
13.984999999999976
13.835899999999981
13.047499999999983
13.047499999999983
12.931899999999981
14.15779999999998
12.710599999999983
11.538499999999983
12.209799999999985
11.561899999999985
10.40279999999999
10.40279999999999
11.519099999999987
11.221299999999989
11.976499999999985
10.37619999999999
10.008499999999989
9.356099999999994
15.485599999999971
9.101599999999992
2.3688000000000002
3.1572000000000013
2.545600000000001
1.5311
2.0873
0.9494
21.451900000000034
19.436200000000014
19.17980000000001
19.64200000000001
14.966299999999979
