19.31380000000001
18.4228
18.1146
17.083899999999986
17.083899999999986
17.083899999999986
16.69379999999998
17.031399999999984
15.529599999999977
15.91729999999997
15.91729999999997
14.133699999999974
14.133699999999974
14.133699999999974
14.133699999999974
14.133699999999974
14.133699999999974
14.133699999999974
14.133699999999974
14.133699999999974
14.133699999999974
14.133699999999974
14.133699999999974
14.133699999999974
14.133699999999974
14.133699999999974
14.133699999999974
14.87689999999998
15.667899999999975
15.667899999999975
15.667899999999975
15.667899999999975
15.667899999999975
15.58729999999997
15.143399999999977
15.143399999999977
15.143399999999977
15.143399999999977
15.09869999999998
15.015899999999979
14.176199999999973
14.176199999999973
14.176199999999973
15.201199999999968
14.938199999999977
14.938199999999977
14.938199999999977
14.78749999999998
13.81769999999998
13.81769999999998
13.81769999999998
13.81769999999998
13.81769999999998
15.359099999999978
14.772099999999977
14.053299999999975
14.35609999999998
13.638299999999976
15.487499999999965
13.174699999999975
13.174699999999975
13.174699999999975
13.174699999999975
13.183299999999981
14.932599999999978
14.01099999999998
14.01099999999998
14.172299999999971
15.01569999999998
15.01569999999998
15.01569999999998
15.01569999999998
15.01569999999998
15.01569999999998
15.01569999999998
15.01569999999998
15.01569999999998
14.74469999999998
14.846799999999979
14.81479999999998
14.840499999999981
13.966499999999982
13.966499999999982
13.966499999999982
14.70019999999998
14.70019999999998
14.70019999999998
14.180099999999978
14.180099999999978
14.43019999999998
14.599199999999977
14.74639999999998
14.74639999999998
14.74639999999998
14.74639999999998
14.74639999999998
14.74639999999998
14.788899999999979
14.11569999999998
14.11569999999998
14.010779999999974
14.251799999999967
13.047699999999983
14.24549999999998
14.526799999999978
14.74809999999998
14.54999999999998
14.54999999999998
14.54999999999998
14.54999999999998
14.54999999999998
14.462099999999968
14.462099999999968
14.462099999999968
14.462099999999968
14.462099999999968
14.462099999999968
14.462099999999968
14.462099999999968
14.462099999999968
14.15889999999998
14.166599999999981
14.166599999999981
14.166599999999981
14.166599999999981
14.166599999999981
14.166599999999981
14.166599999999981
14.166599999999981
14.166599999999981
14.166599999999981
14.166599999999981
14.166599999999981
14.166599999999981
14.166599999999981
14.166599999999981
14.166399999999982
14.166399999999982
14.166399999999982
14.166399999999982
14.15889999999998
14.15889999999998
14.15889999999998
14.15889999999998
14.15889999999998
14.50369999999998
14.000499999999981
14.000499999999981
14.50369999999998
14.190199999999981
14.36919999999998
14.36919999999998
14.36919999999998
14.36919999999998
14.36919999999998
14.36919999999998
14.36919999999998
14.36919999999998
14.36919999999998
14.36919999999998
14.36919999999998
14.36919999999998
14.36919999999998
14.36919999999998
14.36919999999998
14.36919999999998
14.36919999999998
14.36919999999998
14.36919999999998
14.36919999999998
14.36919999999998
14.36919999999998
14.36919999999998
14.36919999999998
14.36919999999998
14.36919999999998
14.36919999999998
14.36919999999998
14.36919999999998
14.36919999999998
14.36919999999998
14.36919999999998
14.36919999999998
14.36919999999998
14.36919999999998
14.36919999999998
14.36919999999998
14.36919999999998
14.36919999999998
14.36919999999998
14.36919999999998
14.36919999999998
14.36919999999998
14.36919999999998
14.36919999999998
14.36919999999998
14.36919999999998
14.36919999999998
14.36919999999998
14.36919999999998
14.36919999999998
14.36919999999998
14.36919999999998
14.36919999999998
14.36919999999998
14.36919999999998
14.36919999999998
14.36919999999998
14.36919999999998
14.36919999999998
14.36919999999998
14.36919999999998
14.36919999999998
14.36919999999998
14.36919999999998
14.36919999999998
14.36919999999998
14.36919999999998
14.36919999999998
14.36919999999998
14.36919999999998
14.36919999999998
14.36919999999998
14.36919999999998
14.36919999999998
14.36919999999998
14.36919999999998
14.36919999999998
14.36919999999998
14.36919999999998
14.36919999999998
14.36919999999998
14.36919999999998
14.36919999999998
14.36919999999998
14.36919999999998
14.36919999999998
14.36919999999998
14.36919999999998
14.36919999999998
14.36919999999998
14.36919999999998
14.36919999999998
14.36919999999998
14.36919999999998
14.36919999999998
14.36919999999998
14.36919999999998
14.36919999999998
14.36919999999998
14.36919999999998
14.36919999999998
14.36919999999998
14.36919999999998
14.36919999999998
14.36919999999998
14.36919999999998
14.36919999999998
14.36919999999998
14.36919999999998
14.47069999999998
14.47069999999998
13.749799999999981
14.228699999999979
14.114499999999978
13.86169999999998
13.86169999999998
13.86169999999998
13.86169999999998
13.86169999999998
14.330799999999979
14.14069999999998
14.14069999999998
14.14069999999998
14.14069999999998
14.14069999999998
14.14069999999998
14.14069999999998
14.14069999999998
14.14069999999998
14.14069999999998
14.14069999999998
14.14069999999998
14.14069999999998
14.14069999999998
14.09819999999998
14.09819999999998
14.09819999999998
14.09819999999998
14.09819999999998
14.09819999999998
14.09819999999998
14.09819999999998
14.09819999999998
14.09819999999998
14.09819999999998
14.09819999999998
14.09819999999998
14.09819999999998
14.09819999999998
14.09819999999998
14.09819999999998
14.09819999999998
14.09819999999998
14.09819999999998
14.09819999999998
14.09819999999998
14.09819999999998
14.09819999999998
14.09819999999998
14.09819999999998
14.09819999999998
14.09819999999998
14.09819999999998
14.09819999999998
14.35819999999998
14.07199999999998
14.07199999999998
14.07199999999998
14.07199999999998
14.047999999999982
14.09989999999998
14.09989999999998
14.09989999999998
14.14569999999998
13.835999999999972
13.835999999999972
13.835999999999972
13.835999999999972
14.483099999999968
14.483099999999968
13.964699999999981
13.964699999999981
13.51069999999998
13.51069999999998
13.51069999999998
13.51069999999998
13.51069999999998
13.51069999999998
13.51069999999998
13.51069999999998
13.51069999999998
13.51069999999998
13.51069999999998
13.51069999999998
13.51069999999998
13.51069999999998
13.51069999999998
13.51069999999998
13.51069999999998
13.51069999999998
13.51069999999998
13.51069999999998
13.51069999999998
13.51069999999998
13.228799999999975
13.77419999999997
14.057499999999981
14.058299999999981
13.66259999999998
14.00729999999998
14.00729999999998
14.00729999999998
13.199299999999981
13.90799999999998
14.08009999999998
13.76349999999998
13.76349999999998
13.82249999999998
13.82249999999998
13.82249999999998
13.49249999999998
13.49249999999998
13.725399999999983
13.764199999999981
14.25869999999998
12.645799999999971
12.645799999999971
13.764199999999981
12.954499999999983
12.791799999999983
13.071099999999982
12.954499999999983
13.582899999999983
13.768299999999982
13.570399999999982
13.53339999999998
13.53339999999998
12.797399999999982
13.129899999999974
13.072799999999981
13.47169999999998
13.47169999999998
13.22559999999998
12.857699999999982
12.96299999999998
11.442399999999987
11.14679999999999
11.14679999999999
13.76049999999998
12.797299999999982
11.22069999999999
13.125499999999981
12.84819999999998
10.923499999999988
12.678899999999981
11.180999999999987
11.358099999999986
12.430599999999977
12.307499999999983
13.228499999999983
12.640599999999981
10.55099999999999
10.252999999999991
8.159300000000004
9.141399999999996
1.6866
8.153800000000002
8.153800000000002
8.153800000000002
8.153800000000002
7.792100000000002
3.646720000000002
3.646720000000002
3.646720000000002
3.646720000000002
3.646720000000002
3.646720000000002
4.248300000000001
7.270300000000003
7.213600000000002
6.674400000000002
2.619700000000001
5.594100000000002
5.330000000000002
4.940800000000002
4.748300000000001
4.731300000000001
4.192100000000001
3.4332000000000003
3.4774000000000003
2.0971
-0.17039999999999988
-0.17039999999999988
-0.3363
2.2321999999999997
2.7470000000000003
2.4894999999999996
2.4894999999999996
2.7073
0.15250000000000002
0.11280000000000001
6.373000000000003
15.606299999999965
14.202699999999968
18.781900000000004
13.069199999999976
14.518599999999978
13.665199999999981
13.022199999999982
13.022199999999982
14.12929999999998
14.098199999999979
14.38049999999998
13.35819999999998
13.35819999999998
13.35819999999998
13.35819999999998
13.35819999999998
13.35819999999998
13.35819999999998
13.32619999999998
13.925999999999979
12.968099999999982
12.801999999999982
12.153799999999983
12.64529999999998
12.48489999999998
12.62959999999998
11.891099999999982
14.990899999999979
12.227099999999982
14.00639999999998
14.00639999999998
14.574199999999978
13.53009999999998
13.90419999999997
13.51829999999998
13.51099999999998
13.120899999999981
13.82069999999998
13.706999999999972
12.61939999999998
12.729699999999982
14.700999999999981
13.236799999999977
12.605599999999976
13.554999999999982
13.071199999999982
10.670299999999987
