[0.12161585]
[0.03822208]
[0.03822208]
[0.03822208]
[0.02610582]
[0.02248893]
[0.02248893]
[0.02248893]
[0.02248893]
[0.02248893]
[0.00309515]
[0.00309515]
[0.00309515]
[0.00309515]
[0.00309515]
[0.00309515]
[0.00309515]
[0.00309515]
[0.00309515]
[0.00309515]
[0.00309515]
[0.00309515]
[0.00309515]
[0.00309515]
[0.00309515]
[0.00309515]
[0.00309515]
[0.00309515]
[0.00309515]
[0.00309515]
[0.00309515]
[0.00309515]
[0.00309515]
[0.00309515]
[0.00309515]
[0.00309515]
[0.00309515]
[0.00309515]
[0.00309515]
[0.00309515]
[0.00309515]
[0.00309515]
[0.00309515]
[0.00309515]
[0.00309515]
[0.00309515]
[0.00309515]
[0.00309515]
[0.00309515]
[0.00309515]
[0.00309515]
[0.00309515]
[0.00309515]
[0.00309515]
[0.00309515]
[0.00309515]
[0.00309515]
[0.00309515]
[0.00309515]
[0.00309515]
[0.00309515]
[0.00309515]
[0.00309515]
[0.00309515]
[0.00309515]
[0.00309515]
[0.00309515]
[0.00309515]
[0.00309515]
[0.00309515]
[0.00309515]
[0.00309515]
[0.00309515]
[0.00309515]
[0.00309515]
[0.00309515]
[0.00309515]
[0.00309515]
[0.00309515]
[0.00309515]
[0.00309515]
[0.00309515]
[0.00309515]
[0.00309515]
[0.00309515]
[0.00309515]
[0.00309515]
[0.00309515]
[0.00309515]
[0.00309515]
[0.00309515]
[0.00309515]
[0.00309515]
[0.00309515]
[0.00309515]
[0.00309515]
[0.00309515]
[0.00309515]
[0.00309515]
[0.00309515]
[0.00309515]
[0.00309515]
[0.00309515]
[0.00309515]
[0.00309515]
[0.00309515]
[0.00309515]
[0.00309515]
[0.00309515]
[0.00309515]
[0.00309515]
[0.00309515]
[0.00309515]
[0.00309515]
[0.00309515]
[0.00309515]
[0.00309515]
[0.00309515]
[0.00309515]
[0.00309515]
[0.00309515]
[0.00309515]
[0.00309515]
[0.00309515]
[0.00309515]
[0.00309515]
[0.00309515]
[0.00309515]
[0.00309515]
[0.00309515]
[0.00309515]
[0.00309515]
[0.00309515]
[0.00309515]
[0.00309515]
[0.00309515]
[0.00309515]
[0.00309515]
[0.00309515]
[0.00309515]
[0.00309515]
[0.00309515]
[0.00309515]
[0.00309515]
[0.00309515]
[0.00309515]
[0.00309515]
[0.00309515]
[0.00309515]
[0.00309515]
[0.00309515]
[0.00309515]
[0.00309515]
[0.00309515]
[0.00309515]
[0.00309515]
[0.00309515]
[0.00309515]
[0.00309515]
[0.00309515]
[0.00309515]
[0.00309515]
[0.00309515]
[0.00309515]
[0.00309515]
[0.00309515]
[0.00309515]
[0.00309515]
[0.00309515]
[0.00309515]
[0.00309515]
[0.00309515]
[0.00309515]
[0.00309515]
[0.00309515]
[0.00309515]
[0.00312792]
[0.00312792]
[0.00312792]
[0.00312792]
[0.00312792]
[0.00312792]
[0.00312792]
[0.00312792]
[0.00312792]
[0.00312792]
[0.00312792]
[0.00312792]
[0.00312792]
[0.00312792]
[0.00312792]
[0.00312792]
[0.00312792]
[0.00312792]
[0.00312792]
[0.00312792]
[0.00312792]
[0.00312792]
[0.00312792]
[0.00312792]
[0.00312792]
[0.00312792]
[0.00312792]
[0.00312792]
[0.00312792]
[0.00312792]
[0.00312792]
[0.00312792]
[0.00312792]
[0.00312792]
[0.00312792]
[0.00312792]
[0.00312792]
[0.00312792]
[0.00312792]
[0.00312792]
[0.00312792]
[0.00312792]
[0.00312792]
[0.00312792]
[0.00312792]
[0.00312792]
[0.00312792]
[0.00312792]
[0.00312792]
[0.00312792]
[0.00312792]
[0.00312792]
[0.00312792]
[0.00312792]
[0.00312792]
[0.00312792]
[0.00312792]
[0.00312792]
[0.00312792]
[0.00312792]
[0.00312792]
[0.00312792]
[0.00312792]
[0.00312792]
[0.00312792]
[0.00312792]
[0.00312792]
[0.00312792]
[0.00312792]
[0.00312792]
[0.00312792]
[0.00312792]
[0.00312792]
[0.00312792]
[0.00312792]
[0.00312792]
[0.00312792]
[0.00312792]
[0.00312792]
[0.00312792]
[0.00312792]
[0.00312792]
[0.00312792]
[0.00312792]
[0.00312792]
[0.00312792]
[0.00312792]
[0.00312792]
[0.00312792]
[0.00312792]
[0.00312792]
[0.00312792]
[0.00312792]
[0.00312792]
[0.00312792]
[0.00312792]
[0.00312792]
[0.00312792]
[0.00312792]
[0.00312792]
[0.00312792]
[0.00312792]
[0.00312792]
[0.00312792]
[0.00312792]
[0.00312792]
[0.00312792]
[0.00312792]
[0.00312792]
[0.00312792]
[0.00312792]
[0.00312792]
[0.00312792]
[0.00312792]
[0.00312792]
[0.00312792]
[0.00312792]
[0.00312792]
[0.00312792]
[0.00312792]
[0.00312792]
[0.00312792]
[0.00312792]
[0.00312792]
[0.00312792]
[0.00312792]
[0.00312792]
[0.00312792]
[0.00312792]
[0.00312792]
[0.00312792]
[0.00312792]
[0.00312792]
[0.00312792]
[0.00312792]
[0.00312792]
[0.00312792]
[0.00312792]
[0.00312792]
[0.00312792]
[0.0030713]
[0.0030886]
[0.0030886]
[0.0030886]
[0.0030886]
[0.00306699]
[0.00306699]
[0.00312792]
[0.003072]
[0.00307133]
[0.00312792]
[0.00311903]
[0.00311908]
[0.00311908]
[0.00311908]
[0.00311908]
[0.00311908]
[0.00311908]
[0.00311913]
[0.00311913]
[0.00311913]
[0.00311913]
[0.00311913]
[0.00311897]
[0.00311897]
[0.00311912]
[0.00317392]
[0.00312792]
[0.00312792]
[0.00312792]
[0.00312792]
[0.00312792]
[0.00316165]
[0.00316165]
[0.0031618]
[0.0031618]
[0.00316157]
[0.00316178]
[0.00306635]
[0.00317392]
[0.0030713]
[0.00317392]
[0.00317392]
[0.00308247]
[0.00308247]
[0.00308247]
[0.00314304]
[0.00308994]
[0.00311078]
[0.00307372]
[0.00315047]
[0.00315047]
[0.00315047]
[0.003098]
[0.003207]
[0.003207]
[0.003207]
[0.003207]
[0.00311938]
[0.0031338]
[0.00311938]
[0.0030951]
[0.0030951]
[0.00314375]
[0.00310649]
[0.00310454]
[0.00314375]
[0.0031528]
[0.00314375]
[0.00314375]
[0.00319215]
[0.00311938]
[0.00326852]
[0.00326852]
[0.00307124]
[0.00307128]
[0.00318263]
[0.00311869]
[0.00612817]
[0.00310649]
[0.00310987]
[0.00308893]
[0.00307152]
[0.00318042]
[0.00309452]
[0.00309029]
[0.00307242]
[0.0030923]
[0.0030706]
[0.00308342]
[0.00308342]
[0.00306682]
[0.00306398]
[0.00306726]
[0.00306479]
[0.00307715]
[0.00312649]
[0.01477581]
[0.01477581]
[0.01477581]
[0.01477581]
[0.01477581]
[0.01477581]
[0.01477581]
[0.00307311]
[0.00306096]
[0.00304308]
[0.00303778]
[0.00303778]
[0.00303778]
[0.00303778]
[0.00304786]
[0.00304786]
[0.00304786]
[0.00305876]
[0.00305321]
[0.00304448]
[0.00306179]
[0.00301801]
[0.00303195]
[0.00303195]
[0.00303195]
[0.00304211]
[0.00307678]
[0.00305661]
[0.00303039]
[0.00308187]
[0.00304344]
[0.00304344]
[0.00304344]
[0.00304344]
[0.00304344]
[0.00304344]
[0.00304344]
[0.00304344]
[0.00304344]
[0.0117702]
[0.00308119]
[0.00315652]
[0.00305188]
[0.00305188]
[0.0030217]
[0.01104805]
[0.00305049]
[0.00306185]
[0.00306185]
[0.00303854]
[0.00302697]
[0.00303306]
[0.00879597]
[0.00879597]
[0.00301043]
[0.00301043]
[0.00305195]
[0.00305195]
[0.00303525]
[0.00302585]
[0.0030138]
[0.0030138]
[0.00302238]
[0.00674657]
[0.00306787]
[0.00459708]
[0.00320879]
[0.00320879]
[0.0062169]
[0.00332006]
[0.0054291]
[0.00351439]
[0.00295965]
[0.00295993]
[0.00295993]
[0.00296256]
[0.00296256]
[0.00295763]
[0.00295763]
[0.00296004]
[0.00296004]
[0.00295763]
[0.00295763]
[0.00295763]
[0.00305397]
[0.00295781]
[0.00326676]
