4.624700000000003
5.390900000000004
6.042400000000003
3.4811000000000023
3.4811000000000023
2.876100000000001
3.4669000000000016
2.924900000000001
7.0129200000000065
6.2130200000000055
3.118600000000001
7.146700000000005
3.091000000000001
7.118200000000007
7.232200000000006
4.493400000000004
5.902300000000006
6.6490200000000055
3.1877000000000013
5.4127000000000045
7.608800000000007
6.091300000000006
2.30987
6.763900000000006
6.763900000000006
4.769890000000002
3.787270000000002
6.1078000000000054
6.8180800000000055
3.4354000000000013
5.228900000000004
5.583000000000005
6.604400000000006
5.827720000000006
5.827720000000006
6.604400000000006
3.7508700000000017
4.040400000000002
4.171800000000004
3.367100000000002
5.264100000000004
4.709200000000004
5.628200000000006
3.961600000000003
3.961600000000003
3.961600000000003
7.258300000000006
5.474000000000004
4.799400000000003
5.138800000000004
5.138800000000004
4.030700000000003
4.030700000000003
6.683800000000006
5.3407200000000055
5.346100000000005
5.327920000000003
3.3480000000000016
5.748600000000004
4.479100000000005
5.932920000000003
4.944400000000004
5.015100000000004
6.735900000000006
7.0639000000000065
4.503800000000004
5.628500000000004
4.9794000000000045
5.731670000000004
5.845000000000005
6.702100000000006
5.077700000000003
4.2633000000000045
5.451400000000003
3.555500000000002
5.035900000000004
6.3726000000000065
5.841300000000006
1.9532000000000003
6.483000000000006
5.069200000000004
5.733300000000005
7.247300000000008
5.624500000000004
5.624500000000004
4.4223700000000035
5.640400000000005
5.208300000000004
5.208300000000004
4.614200000000004
5.019500000000003
5.019500000000003
5.755800000000006
5.423500000000005
5.538700000000004
5.897770000000004
2.9148700000000014
2.9148700000000014
5.548300000000004
5.301420000000005
5.010200000000004
5.258400000000005
5.258400000000005
3.8908000000000023
5.2058200000000046
4.6250000000000036
4.076900000000005
4.347600000000004
4.941800000000004
4.941800000000004
4.451000000000002
3.5130000000000026
5.607500000000004
5.607500000000004
4.645900000000003
4.451900000000003
4.564400000000004
6.103000000000004
4.956000000000003
3.509070000000002
4.7927000000000035
3.4054000000000024
4.652700000000003
4.652700000000003
4.652700000000003
4.652700000000003
4.613180000000003
5.357900000000004
5.0957000000000034
5.0957000000000034
5.0957000000000034
4.642620000000004
4.430600000000003
4.430600000000003
4.430600000000003
4.430600000000003
3.519870000000002
3.519870000000002
3.519870000000002
5.451200000000005
5.451200000000005
5.6527000000000065
4.897400000000004
5.565200000000004
5.404400000000004
5.3674700000000035
4.553700000000004
5.418500000000004
5.418500000000004
4.954500000000003
4.804100000000003
4.490000000000004
5.654100000000005
5.802500000000004
3.3462000000000005
4.820420000000004
4.820420000000004
4.820420000000004
4.820420000000004
5.229800000000005
5.838170000000004
2.8611000000000013
4.7386000000000035
3.978900000000003
3.978900000000003
3.978900000000003
5.5053000000000045
4.081100000000004
4.474100000000003
4.474100000000003
4.474100000000003
4.682000000000004
5.982500000000005
5.982500000000005
5.621700000000004
5.816400000000005
5.767200000000005
4.081100000000004
4.217120000000003
3.8452000000000037
5.127600000000005
7.729900000000007
4.603300000000003
3.416400000000001
4.512000000000003
6.629600000000007
4.915900000000003
4.981500000000003
4.224420000000003
3.819270000000002
2.4279000000000006
3.953000000000002
3.953000000000002
5.751200000000003
6.476400000000007
3.916000000000003
3.916000000000003
3.916000000000003
4.958400000000004
4.958400000000004
3.662020000000002
4.868300000000004
4.868300000000004
4.868300000000004
4.868300000000004
4.868300000000004
4.146220000000003
3.9087000000000023
3.8378000000000023
3.8378000000000023
3.8378000000000023
3.8378000000000023
3.8378000000000023
3.8378000000000023
5.085900000000003
3.4545000000000035
3.4545000000000035
5.377500000000004
4.960170000000004
4.419400000000003
4.6139000000000046
3.353600000000001
4.6048000000000044
3.7166700000000024
4.825800000000004
3.785400000000002
5.151080000000004
3.799500000000002
5.433500000000003
4.4776000000000025
5.260200000000005
5.260200000000005
4.405300000000004
4.934270000000003
3.277400000000002
1.5631
1.5631
3.492700000000002
3.492700000000002
3.492700000000002
3.492700000000002
3.492700000000002
3.848300000000002
4.849800000000004
5.010970000000004
5.0488000000000035
5.276620000000004
3.839800000000003
3.9993000000000025
4.705600000000005
5.3773000000000035
6.682800000000006
3.3074000000000012
6.545900000000005
4.780000000000005
6.360500000000005
5.611200000000005
5.1085800000000035
5.390300000000004
6.877200000000006
4.5625000000000036
5.426300000000005
5.235000000000005
5.071120000000004
5.163900000000005
5.401100000000005
5.592400000000005
2.554800000000001
5.288700000000004
4.089500000000003
6.277200000000006
5.644100000000006
5.644100000000006
5.141700000000004
5.430300000000004
5.454800000000004
6.286300000000005
5.213400000000004
4.737500000000004
4.737500000000004
4.737500000000004
4.349400000000003
4.349400000000003
4.349400000000003
4.349400000000003
4.398800000000003
5.3410000000000055
3.232800000000001
7.238300000000005
4.476600000000003
5.654200000000004
2.553470000000001
4.256500000000003
5.651500000000005
4.870100000000004
6.468000000000006
5.2356700000000025
4.379300000000003
4.149800000000003
3.171800000000002
2.5171
4.967120000000004
5.995700000000005
5.102300000000006
3.728500000000003
3.728500000000003
4.177870000000003
4.0954200000000025
3.474520000000002
3.821500000000002
4.097970000000003
4.2401000000000035
4.2153000000000045
5.473200000000004
4.231700000000003
2.1647
2.8115000000000006
2.655900000000001
2.978900000000001
3.5344000000000015
3.3375000000000012
4.782220000000004
4.953300000000004
3.482800000000002
5.354100000000004
4.2222000000000035
4.948320000000004
2.719070000000001
3.6676000000000033
4.8914700000000035
4.3057000000000025
2.4727700000000006
5.4409000000000045
4.607000000000004
4.886700000000004
3.137100000000001
3.0787000000000013
4.141200000000002
5.061600000000004
5.061600000000004
5.061600000000004
5.061600000000004
4.556700000000004
3.873800000000002
3.2147000000000014
4.028000000000004
4.0347000000000035
3.547200000000002
4.407700000000004
3.461700000000002
5.635400000000005
4.139400000000003
4.139400000000003
4.139400000000003
1.7746
3.780870000000002
4.019820000000003
4.0340000000000025
3.0076000000000023
5.095900000000004
2.822000000000001
4.6715000000000035
3.5923000000000025
3.3176000000000005
3.873400000000003
1.4571
3.799100000000002
2.1986
4.739220000000004
3.739200000000002
4.159900000000003
3.8247000000000027
4.385120000000004
5.580900000000005
2.8858000000000006
3.367300000000002
3.410500000000002
2.9814000000000007
3.2490000000000014
3.2749000000000015
4.3206000000000016
3.929700000000002
6.017800000000004
3.6225000000000023
3.6225000000000023
1.7852000000000001
4.304000000000003
3.0249000000000015
4.694200000000004
4.400300000000003
3.643900000000002
4.826700000000003
5.0320000000000045
4.577020000000004
3.0886700000000014
3.2932000000000015
4.726900000000004
3.029700000000001
2.778900000000001
2.778900000000001
3.3264000000000022
4.142300000000003
3.5866000000000016
4.090500000000002
4.006600000000003
4.072220000000002
3.8487000000000036
3.788700000000003
4.542180000000004
4.847200000000004
1.5908
3.687800000000002
2.613900000000001
3.432400000000002
3.789200000000003
1.4163
2.981600000000001
4.563500000000003
3.3143000000000025
4.420800000000003
0.5444
3.0683000000000016
3.413000000000002
3.9055200000000028
4.125700000000003
3.508500000000003
3.843900000000003
5.224200000000005
3.687700000000002
3.9513000000000034
5.2356700000000025
2.0938
4.331900000000003
3.753500000000003
3.9726000000000026
3.917920000000003
4.084020000000002
2.8259000000000016
3.618900000000002
4.2634000000000025
2.2135999999999996
3.083400000000001
4.277620000000003
1.1894
3.4678000000000013
2.2602
2.644400000000001
2.3045999999999998
0.9758
2.887200000000001
2.887200000000001
1.9255
1.5824
3.438620000000002
2.2118
1.1419
1.8926
0.37129999999999996
1.5065
1.6556
0.8022
1.1164
5.454800000000004
1.11917
5.450600000000004
0.0040000000000000036
-0.1849
3.6764000000000028
5.533700000000005
0.82795
5.011380000000004
4.791500000000003
3.9135000000000026
4.1041000000000025
1.2342
4.672680000000004
4.152700000000003
4.048200000000003
4.436800000000003
4.790200000000003
4.971000000000004
4.965200000000002
4.538000000000003
4.025700000000001
5.3729800000000045
4.330020000000003
4.450720000000003
3.9609000000000023
5.111280000000004
3.552200000000002
4.1838200000000025
3.9022000000000023
4.905720000000004
4.4985000000000035
4.4985000000000035
4.431200000000003
3.867200000000003
6.946700000000005
5.180300000000004
4.956300000000004
