[0.06552329]
[0.06552329]
[0.07072255]
[0.07072255]
[0.06567571]
[0.06567571]
[0.06567571]
[0.06567571]
[0.06567571]
[0.06567571]
[0.06567571]
[0.06567571]
[0.06567571]
[0.06567571]
[0.06567571]
[0.06997041]
[0.06997041]
[0.06997041]
[0.06997041]
[0.06997041]
[0.06997041]
[0.06997041]
[0.06997041]
[0.06997041]
[0.06997041]
[0.06997041]
[0.06997041]
[0.06997041]
[0.06997041]
[0.06997041]
[0.06997041]
[0.06997041]
[0.06997041]
[0.06997041]
[0.06997041]
[0.06997041]
[0.06997041]
[0.06997041]
[0.06997041]
[0.06997041]
[0.06997041]
[0.06997041]
[0.06997041]
[0.06997041]
[0.06997041]
[0.06997041]
[0.06997041]
[0.06997041]
[0.06997041]
[0.06997041]
[0.06997041]
[0.06997041]
[0.06997041]
[0.06997041]
[0.06997041]
[0.06997041]
[0.06997041]
[0.06997041]
[0.06997041]
[0.07071892]
[0.07071892]
[0.07071892]
[0.07305671]
[0.06635374]
[0.07150542]
[0.06713285]
[0.06617079]
[0.06617079]
[0.06584671]
[0.07022462]
[0.06536546]
[0.06964917]
[0.0719851]
[0.0719851]
[0.0719851]
[0.06585533]
[0.06585551]
[0.06585551]
[0.06585551]
[0.06585551]
[0.06585551]
[0.06585551]
[0.06585551]
[0.0705268]
[0.0705268]
[0.0705268]
[0.0705268]
[0.06982179]
[0.0711937]
[0.06592432]
[0.06784217]
[0.07072373]
[0.0682368]
[0.06919175]
[0.06585413]
[0.06585413]
[0.06585413]
[0.06585413]
[0.06585413]
[0.0664994]
[0.07243594]
[0.06552262]
[0.07348601]
[0.0719851]
[0.07565443]
[0.0734909]
[0.07028046]
[0.06671431]
[0.06671431]
[0.06636075]
[0.06987137]
[0.06987137]
[0.07027999]
[0.07027999]
[0.06512395]
[0.06613047]
[0.06595793]
[0.06732095]
[0.06732095]
[0.06732095]
[0.06732095]
[0.06732095]
[0.07243659]
[0.07243659]
[0.07243659]
[0.07150515]
[0.07150515]
[0.07150515]
[0.07150515]
[0.07343477]
[0.07343477]
[0.07343477]
[0.06552154]
[0.06552154]
[0.07317518]
[0.06617103]
[0.06617103]
[0.0646944]
[0.0646944]
[0.07120902]
[0.07712496]
[0.07038229]
[0.07038229]
[0.07038229]
[0.07038229]
[0.07038229]
[0.06795573]
[0.07026903]
[0.07026903]
[0.07026903]
[0.07102838]
[0.07102838]
[0.07102838]
[0.07102838]
[0.07040211]
[0.07040211]
[0.07040211]
[0.07040211]
[0.07040211]
[0.07040211]
[0.06694384]
[0.06646353]
[0.07704278]
[0.07711659]
[0.06756662]
[0.06714764]
[0.07632713]
[0.07297141]
[0.07297141]
[0.07297141]
[0.06852993]
[0.07063691]
[0.07063691]
[0.07020521]
[0.06729703]
[0.06678175]
[0.06678175]
[0.07207719]
[0.07783812]
[0.06716415]
[0.06782578]
[0.0715858]
[0.06642446]
[0.06642446]
[0.06754797]
[0.06575772]
[0.06575772]
[0.06615476]
[0.07516606]
[0.07490605]
[0.07339145]
[0.0678133]
[0.06683125]
[0.06566677]
[0.07193668]
[0.07490605]
[0.07490605]
[0.07490605]
[0.07490605]
[0.07490605]
[0.07490605]
[0.07490605]
[0.07490605]
[0.07490605]
[0.07251176]
[0.07251176]
[0.06729693]
[0.07293749]
[0.0663298]
[0.0663298]
[0.07361609]
[0.0729417]
[0.0729417]
[0.0729417]
[0.0729417]
[0.0729417]
[0.0729417]
[0.0729417]
[0.0729417]
[0.0729417]
[0.0729417]
[0.0729417]
[0.0729417]
[0.0729417]
[0.0729417]
[0.0729417]
[0.0729417]
[0.07251187]
[0.07251187]
[0.06669091]
[0.0678317]
[0.0678317]
[0.0678317]
[0.0678317]
[0.06728457]
[0.06755441]
[0.07138485]
[0.06494165]
[0.06494165]
[0.06494165]
[0.06783177]
[0.07084336]
[0.07448421]
[0.065383]
[0.07146883]
[0.073783]
[0.06477751]
[0.06543185]
[0.06543185]
[0.06543185]
[0.07287973]
[0.06904308]
[0.06595881]
[0.07293875]
[0.07074167]
[0.06809983]
[0.07098502]
[0.07098502]
[0.06583988]
[0.07404907]
[0.06596994]
[0.07577676]
[0.07295734]
[0.07161544]
[0.0714661]
[0.07611752]
[0.06821975]
[0.06821975]
[0.0747426]
[0.07404973]
[0.0692637]
[0.06756153]
[0.06703745]
[0.07241518]
[0.07348607]
[0.06809758]
[0.07958411]
[0.06608915]
[0.06608915]
[0.06608915]
[0.07868093]
[0.07398528]
[0.07357506]
[0.07357506]
[0.07357506]
[0.07357506]
[0.07357506]
[0.07357506]
[0.07357506]
[0.07357506]
[0.07357506]
[0.06688688]
[0.0810173]
[0.07298243]
[0.07544266]
[0.06491814]
[0.06705942]
[0.06928884]
[0.06636103]
[0.07375868]
[0.06538229]
[0.06928915]
[0.07316279]
[0.06913706]
[0.06920417]
[0.07547574]
[0.06967387]
[0.07352757]
[0.07161927]
[0.06509125]
[0.06966264]
[0.06617736]
[0.06966273]
[0.07352777]
[0.06604841]
[0.07013875]
[0.07391902]
[0.07687665]
[0.07459038]
[0.07670578]
[0.07352495]
[0.07196849]
[0.06673511]
[0.07090062]
[0.07429706]
[0.0685624]
[0.07074493]
[0.07305426]
[0.07366104]
[0.07857171]
[0.07494837]
[0.07467633]
[0.06510141]
[0.06496254]
[0.07889923]
[0.06956585]
[0.07541642]
[0.07937706]
[0.07801285]
[0.06615222]
[0.0740707]
[0.06787106]
[0.07372569]
[0.06815176]
[0.06864648]
[0.07433316]
[0.06637504]
[0.06639575]
[0.082256]
[0.07014542]
[0.06838816]
[0.06732638]
[0.06490847]
[0.07040552]
[0.07040552]
[0.06960462]
[0.06932154]
[0.07624499]
[0.06587619]
[0.0687576]
[0.07237221]
[0.07288653]
[0.07288653]
[0.07288653]
[0.07269282]
[0.07349836]
[0.06805973]
[0.06459404]
[0.07250671]
[0.07363996]
[0.07671317]
[0.06732804]
[0.06637798]
[0.07693352]
[0.07550555]
[0.07055418]
[0.06421569]
[0.07886451]
[0.06497189]
[0.07340016]
[0.07221167]
[0.06613185]
[0.08566284]
[0.06564757]
[0.08890811]
[0.08256496]
[0.07572102]
[0.06770669]
[0.08444081]
[0.07222833]
[0.07595218]
[0.08976918]
[0.08104189]
[0.07252771]
[0.07746892]
[0.07535581]
[0.08921655]
[0.07449602]
[0.07892386]
[0.11226193]
[0.07868982]
[0.07954853]
[0.07925444]
[0.07337631]
[0.07916845]
[0.07798223]
[0.41245508]
[0.63217115]
[0.10496011]
[0.18681261]
[0.63895494]
[0.10768445]
[0.09132222]
[0.11448464]
[0.10728958]
[0.0811241]
[0.17969613]
[0.09693872]
[0.10120847]
[0.43504062]
[0.16808715]
[0.10870977]
[0.25874618]
[0.10147617]
[0.33206105]
[0.28753102]
[0.17867678]
[0.30851683]
[0.11104126]
[0.20509394]
[0.20509394]
[0.24932575]
[0.10199697]
[0.29092783]
[0.43968618]
[0.43968618]
[0.12487955]
[0.1202151]
[0.5491633]
[0.12683119]
[0.24173336]
[0.13097207]
[0.26877353]
[0.3430225]
[0.3430225]
[0.1815925]
[0.12307949]
[0.5270521]
[0.22433574]
[0.3408655]
[0.18504941]
[0.20022069]
[0.18469685]
[0.06673103]
[0.06644507]
[0.45456845]
[0.20965421]
[0.21139967]
[0.29797605]
[0.1316951]
[0.1316951]
[0.3399616]
[0.12381259]
[0.32397786]
[0.1792811]
[0.10547794]
[0.22027548]
[0.3355125]
[0.07363119]
[0.06909406]
[0.07184327]
[0.07552929]
[0.08281492]
[0.07919592]
[0.06668218]
[0.07726707]
[0.06774025]
[0.07858849]
[0.0649811]
[0.06762201]
[0.06770375]
[0.09837852]
[0.07698616]
[0.06872164]
[0.06548253]
[0.09398389]
[0.06812818]
[0.09104599]
[0.06594634]
[0.07000355]
[0.06910086]
[0.06745629]
[0.07786242]
[0.07610027]
[0.07891502]
[0.0755318]
[0.06917061]
[0.06917061]
[0.0689816]
[0.06579061]
