4.2981433951275845
4.2981433951275845
4.2981433951275845
4.2981433951275845
4.2981433951275845
4.2981433951275845
4.2981433951275845
4.2981433951275845
4.2981433951275845
4.2981433951275845
4.2981433951275845
4.2981433951275845
4.2981433951275845
4.2981433951275845
4.2981433951275845
4.2981433951275845
4.2981433951275845
4.2981433951275845
4.2981433951275845
4.2981433951275845
4.2981433951275845
4.2981433951275845
4.2981433951275845
4.2981433951275845
4.2981433951275845
4.2981433951275845
4.2981433951275845
4.2981433951275845
4.2981433951275845
4.2981433951275845
4.2981433951275845
4.2981433951275845
4.2981433951275845
4.2981433951275845
4.2981433951275845
4.2981433951275845
4.2981433951275845
4.2981433951275845
4.2981433951275845
4.2981433951275845
4.2981433951275845
4.2981433951275845
4.2981433951275845
4.2981433951275845
4.2981433951275845
4.2981433951275845
4.2981433951275845
4.2981433951275845
4.2981433951275845
4.2981433951275845
4.2981433951275845
4.2981433951275845
4.2981433951275845
4.2981433951275845
4.2981433951275845
4.2981433951275845
4.2981433951275845
4.2981433951275845
4.2981433951275845
4.2981433951275845
4.2981433951275845
4.2981433951275845
4.2981433951275845
4.2981433951275845
4.2981433951275845
4.2981433951275845
4.2981433951275845
4.2981433951275845
4.2981433951275845
4.2981433951275845
4.2981433951275845
4.2981433951275845
4.2981433951275845
4.2981433951275845
4.2981433951275845
4.2981433951275845
4.2981433951275845
4.2981433951275845
4.2981433951275845
4.2981433951275845
4.2981433951275845
4.2981433951275845
4.2981433951275845
4.2981433951275845
4.2981433951275845
4.2981433951275845
4.2981433951275845
4.2981433951275845
4.2981433951275845
4.2981433951275845
4.2981433951275845
4.2981433951275845
4.2981433951275845
4.2981433951275845
4.2981433951275845
4.2981433951275845
4.2981433951275845
4.2981433951275845
4.2981433951275845
4.2981433951275845
4.2981433951275845
4.2981433951275845
4.2981433951275845
4.2981433951275845
4.2981433951275845
4.2981433951275845
4.2981433951275845
4.2981433951275845
4.2981433951275845
4.2981433951275845
4.2981433951275845
4.2981433951275845
4.2981433951275845
4.2981433951275845
4.2981433951275845
4.2981433951275845
4.2981433951275845
4.2981433951275845
4.2981433951275845
4.2981433951275845
4.2981433951275845
4.2981433951275845
4.2981433951275845
4.2981433951275845
4.2981433951275845
4.2981433951275845
4.2981433951275845
4.2981433951275845
4.2981433951275845
4.2981433951275845
4.2981433951275845
4.2981433951275845
4.2981433951275845
4.2981433951275845
4.2981433951275845
4.2981433951275845
4.2981433951275845
4.2981433951275845
4.2981433951275845
4.2981433951275845
4.2981433951275845
4.2981433951275845
4.2981433951275845
4.2981433951275845
4.2981433951275845
4.2981433951275845
4.2981433951275845
4.2981433951275845
4.2981433951275845
4.2981433951275845
4.2981433951275845
4.2981433951275845
4.2981433951275845
4.2981433951275845
4.2981433951275845
4.2981433951275845
4.2981433951275845
4.2981433951275845
4.2981433951275845
4.2981433951275845
4.2981433951275845
4.2981433951275845
4.2981433951275845
4.2981433951275845
4.2981433951275845
4.2981433951275845
4.2981433951275845
4.2981433951275845
4.2981433951275845
4.2981433951275845
4.2981433951275845
4.2981433951275845
4.2981433951275845
4.2981433951275845
4.2981433951275845
4.2981433951275845
4.2981433951275845
4.2981433951275845
4.2981433951275845
4.2981433951275845
4.2981433951275845
4.2981433951275845
4.2981433951275845
4.2981433951275845
4.2981433951275845
4.2981433951275845
4.2981433951275845
4.2981433951275845
4.2981433951275845
4.2981433951275845
4.2981433951275845
4.2981433951275845
4.2981433951275845
4.2981433951275845
4.2981433951275845
4.2981433951275845
4.2981433951275845
4.2981433951275845
4.2981433951275845
4.2981433951275845
4.2981433951275845
4.2981433951275845
4.2981433951275845
4.2981433951275845
4.2981433951275845
4.2981433951275845
4.2981433951275845
4.2981433951275845
4.2981433951275845
4.2981433951275845
4.2981433951275845
4.2981433951275845
4.2981433951275845
4.2981433951275845
4.2981433951275845
4.2981433951275845
4.2981433951275845
4.2981433951275845
4.2981433951275845
4.2981433951275845
4.2981433951275845
4.2981433951275845
4.2981433951275845
4.2981433951275845
4.2981433951275845
4.2981433951275845
4.2981433951275845
4.2981433951275845
4.2981433951275845
4.2981433951275845
4.2981433951275845
4.2981433951275845
4.2981433951275845
4.2981433951275845
4.2981433951275845
4.2981433951275845
4.2981433951275845
4.2981433951275845
4.2981433951275845
4.2981433951275845
4.2981433951275845
4.2981433951275845
4.2981433951275845
4.2981433951275845
4.2981433951275845
4.2981433951275845
4.2981433951275845
4.2981433951275845
4.2981433951275845
4.2981433951275845
4.2981433951275845
4.2981433951275845
4.2981433951275845
4.2981433951275845
4.2981433951275845
4.2981433951275845
4.2981433951275845
4.2981433951275845
4.2981433951275845
4.2981433951275845
4.2981433951275845
4.2981433951275845
4.2981433951275845
4.2981433951275845
4.2981433951275845
4.2981433951275845
4.2981433951275845
4.2981433951275845
4.2981433951275845
4.2981433951275845
4.2981433951275845
4.2981433951275845
4.2981433951275845
4.2981433951275845
4.2981433951275845
4.2981433951275845
4.2981433951275845
4.2981433951275845
4.2981433951275845
4.2981433951275845
4.2981433951275845
4.2981433951275845
4.2981433951275845
4.2981433951275845
4.2981433951275845
4.2981433951275845
4.2981433951275845
4.2981433951275845
4.2981433951275845
4.2981433951275845
4.2981433951275845
4.2981433951275845
4.2981433951275845
4.2981433951275845
4.2981433951275845
4.2981433951275845
4.2981433951275845
4.2981433951275845
4.2981433951275845
4.2981433951275845
4.2981433951275845
4.2981433951275845
4.2981433951275845
4.2981433951275845
4.2981433951275845
4.2981433951275845
4.2981433951275845
4.1283639889783235
4.326116974142705
4.214850708951101
4.214850708951101
4.214850708951101
4.224212028073641
4.247877134436592
4.379934163096002
4.324495195893729
4.324495195893729
4.117271877143315
4.2000562168981865
4.288599127825597
4.662257727824304
4.215355604236512
4.268988839857315
4.268988839857315
4.221135461765253
4.20521605352174
4.20521605352174
4.207778420731368
4.207778420731368
4.690961878357591
4.373606212098389
4.58603885244454
4.58603885244454
4.58603885244454
4.695561403794352
4.5728038357339305
4.613883015456415
4.613883015456415
4.613883015456415
4.4504784981860155
4.531506778649342
4.458922233490012
4.567471859639871
4.483294344606961
4.483294344606961
4.422489314443993
4.422489314443993
4.424465120555901
4.486277125877036
4.486277125877036
4.406013796817976
4.406013796817976
4.620648348617928
4.432160431217984
4.433102339232422
4.604296372179002
4.414133855928709
4.414133855928709
4.414133855928709
4.502134297526348
4.561901702030159
4.659108185241481
4.198214413425047
4.198214413425047
4.198214413425047
4.198214413425047
4.678906722856249
4.207380815632704
4.119037123972094
4.119037123972094
4.215559462861128
4.129762254664909
4.129762254664909
4.497122441743008
4.6113853496972865
4.6113853496972865
4.6113853496972865
4.732871342585627
4.626872200712148
4.508203072355636
4.587057495631685
4.833592783617573
4.48539978440035
4.48539978440035
4.422678267706321
4.64971617439126
4.518621782103146
4.697585706098218
4.679102928444382
4.679102928444382
4.679102928444382
4.9790443769479555
4.665036734408539
4.665036734408539
4.665036734408539
4.345859080052549
4.688545320125186
4.619632276162401
4.619632276162401
4.570075187939379
4.370686438439917
5.04764949731573
4.695947870567997
4.267076346424136
5.243099648721216
5.243099648721216
5.103531308336838
5.103531308336838
5.103531308336838
4.151094349048963
4.075517543306345
4.344966438759812
4.441275575099317
5.121830355519759
6.067736088895764
6.067736088895764
4.355357901976098
4.105727082501819
4.193717863105366
4.452892299935693
4.445450887782899
4.445450887782899
3.7006135015508983
4.123303799341901
4.115775145419141
4.115775145419141
4.155100027554786
3.911975522988431
4.010629569093454
4.010629569093454
3.805597054482199
3.8467183692350115
4.140045762950205
3.6497171630032987
4.1138947443968465
4.278173534554637
3.720722693135775
3.5721670458990937
3.643198425748828
3.252444559695858
4.014249459384743
3.5712609708870584
3.403898528808746
3.9311818991715795
3.9311818991715795
3.414799489724551
3.9103070868766165
3.9618766004636976
3.19427728721221
3.7620612583756428
3.6248092944000128
3.5806072580956148
3.192391246269171
3.593438439414297
3.454169591321067
3.454169591321067
3.698566082365213
3.698566082365213
3.1347108779047774
3.5211982779998303
3.213470606187821
3.511033919155347
3.6831035315561014
2.5196063348801054
3.745176919818073
3.298322556882951
3.4313272088443814
3.343962478082311
2.4207089171161744
3.6479298637962163
2.5935569155524902
2.2057798182227017
2.8926557263590293
5.309510595932903
3.0415521725145913
2.6708631887339855
3.122425745824512
3.2246690472306003
3.2246690472306003
3.2246690472306003
3.3774107574443466
1.0
3.040964730942676
3.7780887373179493
3.4521952464431074
3.36553289826497
3.9051363175169307
3.4814508674954636
7.3284153846153846
4.182593051825021
4.182593051825021
4.182593051825021
5.752608148477145
5.469428067923335
5.469428067923335
5.646911809881242
3.550553460918483
3.865862557698775
6.19965900506612
5.320089801124434
