[0.7628555]
[0.6936302]
[0.46015903]
[0.45087466]
[0.44571796]
[0.42795694]
[0.42795694]
[0.42795694]
[0.42795694]
[0.42795694]
[0.33465585]
[0.33472702]
[0.33472702]
[0.33472702]
[0.20932703]
[0.20932703]
[0.20219597]
[0.20012474]
[0.13256809]
[0.13220385]
[0.13220385]
[0.13220385]
[0.13220385]
[0.13220385]
[0.13220385]
[0.13220385]
[0.13220385]
[0.12899014]
[0.11901055]
[0.10530514]
[0.10530514]
[0.10530514]
[0.07724061]
[0.07724057]
[0.07724057]
[0.07724057]
[0.07724057]
[0.07724057]
[0.07724057]
[0.07724057]
[0.07724057]
[0.04830725]
[0.04830725]
[0.04830725]
[0.04830725]
[0.04830725]
[0.04830725]
[0.04830725]
[0.04830725]
[0.04830725]
[0.04830725]
[0.04830725]
[0.04830725]
[0.04830725]
[0.04830725]
[0.04830725]
[0.04830725]
[0.04830725]
[0.04830725]
[0.04830725]
[0.04830725]
[0.04830725]
[0.04830725]
[0.04830725]
[0.04830725]
[0.04830725]
[0.04830725]
[0.04830725]
[0.04830725]
[0.04157997]
[0.04157997]
[0.04157997]
[0.04157997]
[0.04157997]
[0.03719492]
[0.0346654]
[0.03061321]
[0.03061321]
[0.03061321]
[0.0203651]
[0.01509563]
[0.01509563]
[0.01509563]
[0.01509563]
[0.01509563]
[0.01509563]
[0.01509563]
[0.01509563]
[0.01509563]
[0.01509563]
[0.01509563]
[0.01509563]
[0.01509563]
[0.01317951]
[0.01317951]
[0.01317951]
[0.01317951]
[0.01317951]
[0.01317951]
[0.01317951]
[0.01317951]
[0.01317951]
[0.01317951]
[0.01317951]
[0.01317951]
[0.01320753]
[0.01320753]
[0.01245554]
[0.01245554]
[0.01245554]
[0.01245554]
[0.01245554]
[0.01245554]
[0.01245554]
[0.01245554]
[0.01245554]
[0.01245554]
[0.01245554]
[0.01245554]
[0.01245554]
[0.01245554]
[0.01245554]
[0.01245554]
[0.01245554]
[0.01245554]
[0.01245554]
[0.01245554]
[0.01245554]
[0.01245554]
[0.01245554]
[0.01245554]
[0.01245554]
[0.01245554]
[0.01245554]
[0.01245554]
[0.01245554]
[0.01245554]
[0.01245554]
[0.01245554]
[0.01245554]
[0.01245554]
[0.01245554]
[0.01245554]
[0.01245554]
[0.01245554]
[0.01245554]
[0.01245554]
[0.01245554]
[0.01245554]
[0.01245554]
[0.01245554]
[0.01245554]
[0.01245554]
[0.01245554]
[0.01245554]
[0.01245554]
[0.01245554]
[0.01245554]
[0.01245554]
[0.01245554]
[0.01245554]
[0.01245554]
[0.01245554]
[0.01245554]
[0.01245554]
[0.01245554]
[0.01245554]
[0.01245554]
[0.01245554]
[0.01245554]
[0.01245554]
[0.01245554]
[0.01245554]
[0.01245554]
[0.01245554]
[0.01245554]
[0.01245554]
[0.01245554]
[0.01245554]
[0.01245554]
[0.01245554]
[0.01245554]
[0.01245554]
[0.01245554]
[0.01245554]
[0.01245554]
[0.01245554]
[0.01245554]
[0.01245554]
[0.01245554]
[0.01245554]
[0.01245554]
[0.01245554]
[0.01245554]
[0.01245554]
[0.01245554]
[0.01245554]
[0.01245554]
[0.01245554]
[0.01245554]
[0.01245554]
[0.01245554]
[0.01245554]
[0.01245554]
[0.01245554]
[0.01245554]
[0.01245554]
[0.01245554]
[0.01245554]
[0.01245554]
[0.01245554]
[0.02761348]
[0.02761348]
[0.02761348]
[0.02761348]
[0.02761348]
[0.02761348]
[0.02761348]
[0.02761348]
[0.02761348]
[0.02761348]
[0.02761348]
[0.02761348]
[0.02761348]
[0.02761348]
[0.02761348]
[0.02761348]
[0.00975846]
[0.00975846]
[0.00975846]
[0.0001581]
[0.0001581]
[0.0001581]
[0.0001581]
[0.0001581]
[0.0001581]
[0.0001581]
[0.0001581]
[0.0001581]
[0.0001581]
[0.0001581]
[0.0001581]
[0.0001581]
[0.0001581]
[0.0001581]
[0.0001581]
[0.0001581]
[0.0001581]
[0.0001581]
[0.0001581]
[0.0001581]
[0.0001581]
[0.0001581]
[0.0001581]
[0.0001581]
[0.0001581]
[0.0001581]
[0.0001581]
[0.0001581]
[0.0001581]
[0.0001581]
[0.0001581]
[0.0001581]
[0.0001581]
[0.0001581]
[0.0001581]
[0.0001581]
[0.0001581]
[0.0001581]
[0.0001581]
[0.0001581]
[0.0001581]
[0.0001581]
[0.0001581]
[0.0001581]
[0.0001581]
[0.0001581]
[0.0001581]
[0.0001581]
[0.0001581]
[0.0001581]
[0.0001581]
[0.0001581]
[0.0001581]
[0.0001581]
[0.0001581]
[0.0001581]
[0.0001581]
[0.0001581]
[0.0001581]
[0.0001581]
[0.0001581]
[0.0001581]
[0.0001581]
[0.0001581]
[0.0001581]
[0.0001581]
[0.0001581]
[0.0001581]
[0.0001581]
[0.0001581]
[0.0001581]
[0.0001581]
[0.0001581]
[0.0001581]
[0.0001581]
[0.0001581]
[0.0001581]
[0.0001581]
[0.0001581]
[0.0001581]
[0.0001581]
[0.0001581]
[0.0001581]
[0.0001581]
[0.0001581]
[0.0001581]
[0.0001581]
[0.0001581]
[0.0001581]
[0.0001581]
[0.0001581]
[0.0001581]
[0.0001581]
[0.0001581]
[0.0001581]
[0.0001581]
[0.0001581]
[0.0001581]
[0.0001581]
[0.0001581]
[0.0001581]
[0.0001581]
[0.0001581]
[0.0001581]
[0.0001581]
[0.0001581]
[0.0001581]
[0.0001581]
[0.0001581]
[0.0001581]
[0.0001581]
[0.0001581]
[0.0001581]
[0.0001581]
[0.0001581]
[0.0001581]
[0.0001581]
[0.0001581]
[0.0001581]
[0.0001581]
[0.00015561]
[0.00015561]
[0.00015561]
[0.00016415]
[0.00016415]
[0.00017627]
[0.00731682]
[0.00731682]
[0.00731682]
[0.00731682]
[0.00731682]
[0.00601263]
[0.00601263]
[0.00601263]
[0.00601263]
[0.00601263]
[0.00601263]
[0.00601263]
[0.00601263]
[0.00601263]
[0.00601263]
[0.00601263]
[0.00601263]
[0.00601263]
[0.00601263]
[0.00601263]
[0.00601263]
[0.00601263]
[0.00601263]
[0.00601263]
[0.00601263]
[0.00601263]
[0.00601263]
[0.00601263]
[0.00601263]
[0.00601263]
[0.00601263]
[0.00601263]
[0.00601263]
[0.00601263]
[0.00601263]
[0.00601263]
[0.00601263]
[0.00601263]
[0.00601263]
[0.00601263]
[0.00601263]
[0.00601263]
[0.00601263]
[0.00601263]
[0.00601263]
[0.00601263]
[0.00601263]
[0.00601263]
[0.00601263]
[0.00601263]
[0.00601263]
[0.00601263]
[0.00601263]
[0.00601263]
[0.00601263]
[0.00601263]
[0.00601263]
[0.00601263]
[0.00601263]
[0.00601263]
[0.00601263]
[0.00601263]
[0.00601263]
[0.00601263]
[0.00601263]
[0.00601263]
[0.00601263]
[0.00601263]
[0.00601263]
[0.00601263]
[0.00601263]
[0.00601263]
[0.00601263]
[0.00601263]
[0.00601263]
[0.00601263]
[0.00601263]
[0.00601263]
[0.00601263]
[0.00601263]
[0.00601263]
[0.00601263]
[0.00601263]
[0.00617251]
[0.00617251]
[0.00617251]
[0.00017907]
[0.00017907]
[0.00024945]
[0.00024945]
[0.00035184]
[0.00299616]
[0.00299616]
[0.00299616]
[0.00299616]
[0.00299616]
[0.00299616]
[0.00299616]
[0.00299616]
[0.00299616]
[0.00299616]
[0.00299616]
[0.00299616]
[0.00299616]
[0.00299616]
[0.00299616]
[0.00299616]
[0.00299616]
[0.00299616]
[0.00299616]
[0.00299616]
[0.00299616]
[0.00299616]
[0.00299616]
[0.00299616]
[0.00299616]
[0.00299616]
[0.00299616]
[0.00299616]
[0.00299616]
[0.00299616]
[0.00299616]
[0.00252384]
[0.00252384]
[0.00612781]
[0.00612781]
[0.00612781]
[0.00612781]
[0.00612781]
[0.00612781]
[0.00612781]
[0.00612781]
[0.00612781]
[0.00612781]
[0.00612781]
[0.00612781]
[0.00612781]
[0.00113432]
[0.00099197]
[0.00049652]
[0.0003497]
[0.00039313]
[0.00030306]
