3.8735062003247114
3.8735062003247114
3.8735062003247114
3.7432572269391704
3.7432572269391704
3.7432572269391704
3.79227440351497
3.79227440351497
3.79227440351497
3.79227440351497
3.79227440351497
3.79227440351497
3.79227440351497
3.79227440351497
3.79227440351497
4.027796441191338
4.053379837654379
4.053379837654379
4.053379837654379
3.7641102873451837
3.8118814100705896
3.8118814100705896
3.853641596702941
3.853641596702941
3.853641596702941
3.78272435838284
3.78272435838284
3.78272435838284
3.78272435838284
3.78272435838284
3.78272435838284
3.78272435838284
3.78272435838284
3.8429184547598583
3.8429184547598583
3.8429184547598583
3.8429184547598583
3.8429184547598583
4.327617678471925
4.327617678471925
4.301600549250544
4.301600549250544
4.301600549250544
4.301600549250544
3.9484103735325347
3.9484103735325347
3.9484103735325347
3.9484103735325347
3.9484103735325347
3.9484103735325347
3.9484103735325347
3.9484103735325347
3.9484103735325347
3.7461821512018574
4.008167803417957
3.909805037726591
3.8550348002436365
3.8550348002436365
3.951664823499118
3.7474696271587282
3.7474696271587282
3.7474696271587282
3.7474696271587282
3.6673554719763093
3.6673554719763093
3.9859038282413435
3.7781205705549556
3.7781205705549556
3.7781205705549556
3.7781205705549556
3.7781205705549556
3.7803367432683235
3.7803367432683235
3.9149466953735326
3.9149466953735326
4.2613143127239805
3.938959379318863
3.938959379318863
3.938959379318863
3.970308437828402
3.7920978075208573
3.8424386338747887
3.8424386338747887
3.8424386338747887
3.8424386338747887
3.8424386338747887
3.7958219516629077
3.7958219516629077
3.7958219516629077
3.7958219516629077
3.7958219516629077
3.7958219516629077
3.843790072676133
3.843790072676133
3.843790072676133
3.843790072676133
3.843790072676133
3.8903621445522116
3.8903621445522116
3.8903621445522116
3.8903621445522116
4.00904204768876
3.95780439456475
3.749721261149271
3.749721261149271
3.749721261149271
3.749721261149271
3.749721261149271
3.749721261149271
3.749721261149271
3.749721261149271
3.749721261149271
3.749721261149271
3.749721261149271
3.749721261149271
3.749721261149271
3.9512894307983917
3.850453614715488
3.850453614715488
3.850453614715488
3.850453614715488
3.850453614715488
3.905264972586176
3.852815582663186
3.8090079981745344
3.8090079981745344
3.8090079981745344
3.8090079981745344
3.8090079981745344
3.8090079981745344
4.025600063344315
4.025600063344315
3.8162329283864818
4.186861482423011
3.8638194474498153
3.8638194474498153
3.8638194474498153
3.8638194474498153
3.768557320238366
3.768557320238366
3.768557320238366
3.768557320238366
3.768557320238366
3.768557320238366
3.768557320238366
3.768557320238366
3.768557320238366
3.8688562271548577
3.9557636250483093
3.9557636250483093
4.010917121609239
4.266668405732892
3.8820422736664852
3.8820422736664852
3.9545651499189383
3.9545651499189383
3.767257605875513
4.155222967789096
4.234484157572879
4.234484157572879
4.234484157572879
4.082698216142456
3.9840959202919404
4.027354058684592
4.027354058684592
4.288517979800932
4.288517979800932
4.288517979800932
4.148620959545092
4.148620959545092
4.148620959545092
4.1515186855633335
4.1515186855633335
4.028063782229712
3.8164660611202823
4.122507705630854
3.9691870026818723
3.9691870026818723
3.8443371270115563
3.5904174679513785
3.926537227130919
4.1174622282591695
3.7716087948765775
3.9380707688211025
3.9172766816108116
4.13994697661661
3.9478881795304996
3.9240665467220044
3.9240665467220044
3.9240665467220044
3.9240665467220044
3.9240665467220044
3.9983325656844286
3.9983325656844286
3.9983325656844286
3.9983325656844286
3.682428029460821
3.8599292242146817
3.8599292242146817
4.1583111935423736
3.751497516808633
3.9519222021101346
3.6584797676150345
4.331772682449851
3.939551270567902
3.9429283384144522
3.9429283384144522
3.9429283384144522
3.9429283384144522
3.669221257916412
3.669221257916412
3.756728141287236
3.7655843273314797
3.6223679855398547
4.1828324606271385
4.1828324606271385
3.679744997334888
4.026764235515541
3.833739751932
3.7443522111736804
4.429252470794568
4.122031784342839
4.211542528808064
3.989426846954646
4.221352842565484
3.8486210822399443
3.8961565349914515
3.9301438121280228
3.858396864352569
3.968990488685641
4.203510864432653
3.781040834490984
3.74151750010296
4.015257185524114
3.7268770666645104
4.190138763577034
4.094141402312106
3.8212863478145636
3.8941263873011964
4.1213403105611945
4.034207744631122
3.8136713586529396
3.937120094118738
4.244511605960199
3.9166451363306933
4.016770192090996
3.903176862511187
3.9307246490244836
3.738599311229313
4.041143883199857
3.8927464208386366
4.018864802335636
3.7429063278763364
3.9004761165323067
3.9004761165323067
4.209893663642834
4.083280131670318
3.6656712255722335
3.8953586909215545
4.112457028273143
4.243508963700753
3.823729307548784
3.7377786800654853
3.8336952258410175
3.8471134214751768
3.8477590003835296
4.304602773769977
3.9328385821961493
3.9280578385395675
3.938024848664626
4.231746283057444
4.061920625023839
3.9862107168313425
4.0896800632598485
3.9975484211943595
3.9141940105569457
4.428808646876041
3.705164624822901
3.9677828657028726
4.04912147885609
4.249627394593357
3.961185129389916
3.86519732639041
3.9016655041604107
4.183913204294102
3.810162064143798
4.160205806428809
3.945453832838899
4.140643489480926
3.736773269950734
4.300662386429481
4.228703879250687
3.9692473212109904
4.0164209109996385
4.128472887688007
4.035785705159983
3.9369496225297054
3.898860557986529
3.9112642104568573
4.5376046619744415
4.008339716332403
4.225490726620354
4.225520839270461
3.9533196413218263
4.293060114418391
3.6959109841685205
4.15575781458623
4.63575112356117
4.113540948271044
3.8549164909391775
4.10077702676115
4.547678367354729
4.494197143618637
3.7756684065704196
3.6484203750339343
4.234469747291255
4.619860377523006
3.9072681693799423
3.9590166235365736
3.9713135902231764
4.372162259388805
3.9746110266908072
4.754944490603988
4.18136524698825
4.695116511146155
3.84838252564347
4.296335696440943
3.85938076913441
5.187377907419728
4.394889397747584
4.301167695078073
3.9241577490292414
4.575135099678743
4.519831291775846
3.8446966718845106
3.7467073967307414
3.927502564456475
4.819605061892572
3.821872352219314
4.247952365999147
4.701019828681701
4.52885879910215
4.17119098452348
4.563551570909472
3.7329790666764966
3.7329790666764966
4.668483931064149
3.909325907245444
4.0450288595899115
4.000174929064932
4.505939584454081
5.0002693922387085
5.061814140506063
4.303371162082369
4.726291358025386
4.650552120830871
3.999900052644554
3.559867083995078
4.183231670937811
3.7813406480455276
4.817648745197385
3.944210686398927
4.585298943615668
4.040857928909325
4.720789348697344
3.619435728918682
4.688337406525276
4.9570582891908135
4.241066194231967
3.615724484029821
5.188194597146168
4.690987377052461
3.9463537735451837
4.046406508012302
4.801911200801528
3.950265536901229
4.387126160001089
4.373711617525229
3.7046559907097123
4.819639442845469
5.186035630944188
3.636387719265419
3.690600129709649
3.53774860236952
3.6812019754137824
3.409315072085457
3.6301731342088894
3.4115150007399357
3.687027249708576
3.41914621861533
3.6368967165000043
3.519586750512838
3.529615856541943
3.6330362242004517
3.55453667668914
3.6834410124670995
4.250029222423675
3.0033330079620484
3.227193182046765
4.740860740367707
3.358377077144726
3.269670906354783
3.2338383613151
3.0812454979012776
3.2435127057712503
3.2230370802910633
3.4726776176810397
3.7360617667506784
3.5319209895317805
2.933815115267656
3.3559778788920376
3.3559778788920376
3.1431735082626666
2.5781648016764738
3.1622061955283822
2.584099318725219
2.8300614721701596
3.431862669101827
4.625762923971192
3.237078315186384
3.2840260592090047
2.474169376293295
2.801542347571372
3.467064559530275
3.108383133188358
2.773667327872271
2.814169394098977
3.031369946847162
2.462715264887459
2.754642320590378
2.1477586212581876
2.036206291632217
2.9379953102549994
2.29746554330829
3.0740844148790654
3.1889045724214036
2.7569179204869965
5.290320843617518
5.192305749277896
4.761486638695923
1.9366572813638712
3.061748842437103
3.323446195222685
3.7497509847727564
3.159811059780136
3.0710533334729693
1.659109300809794
2.984718662615215
2.984718662615215
2.812497670005122
2.803155882762473
2.7948041345107235
4.324330423439992
4.3375831706927395
4.468807654613176
3.669121765103238
3.669121765103238
3.669121765103238
4.08999868818016
5.266924495088402
4.043614072795545
4.043614072795545
4.043614072795545
4.043614072795545
5.797581868954468
4.057921765103237
5.20324808832237
4.780644842026316
4.044899361164216
7.3284153846153846
7.3284153846153846
4.407072101907305
5.600566942853209
5.427304277272472
4.229507765502397
4.517455574047798
4.345572242255035
4.318418310364251
4.891160964600828
4.892088025010184
5.1327286107798855
5.169917665640072
5.522264467360186
4.532479755042022
3.860900618846144
4.443481464763697
3.0965388162146112
4.31647277721703
4.855173249262454
5.72484887588119
4.01963140371036
5.2444996232384495
6.073143393266627
5.375795341382699
3.3727678135497072
5.073041460053394
6.482459732435748
5.754451346494346
5.595010088872218
6.694087044726199
