[0.00017985]
[0.00018558]
[0.00018558]
[0.00018558]
[0.00018558]
[0.00018558]
[0.00018558]
[0.00018558]
[0.00018558]
[0.00018558]
[0.00018558]
[0.00018558]
[0.00018558]
[0.00018558]
[0.00018558]
[0.00018558]
[0.00018558]
[0.00018558]
[0.00018558]
[0.00018558]
[0.00018558]
[0.00018558]
[0.00018558]
[0.00018558]
[0.00018558]
[0.00018558]
[0.00018558]
[0.00018558]
[0.00018558]
[0.00018558]
[0.00018558]
[0.00018558]
[0.00018558]
[0.00018558]
[0.00018558]
[0.00018558]
[0.00018558]
[0.00018558]
[0.00018558]
[0.00018558]
[0.00018558]
[0.00018558]
[0.00018558]
[0.00018558]
[0.00018558]
[0.00018558]
[0.00018558]
[0.00018558]
[0.00018558]
[0.00018558]
[0.00018558]
[0.00018558]
[0.00018558]
[0.00018558]
[0.00018558]
[0.00018558]
[0.00018558]
[0.00018558]
[0.00018558]
[0.00018558]
[0.00018558]
[0.00018558]
[0.00018558]
[0.00018558]
[0.00018558]
[0.00018558]
[0.00018558]
[0.00018558]
[0.00018558]
[0.00018558]
[0.00018558]
[0.00018558]
[0.00018558]
[0.00018558]
[0.00018558]
[0.00018558]
[0.00018558]
[0.00018558]
[0.00018558]
[0.00018558]
[0.00018558]
[0.00018558]
[0.00018558]
[0.00018558]
[0.00018558]
[0.00018558]
[0.00018558]
[0.00018558]
[0.00018558]
[0.00018558]
[0.00018558]
[0.00018558]
[0.00018558]
[0.00018558]
[0.00018558]
[0.00018558]
[0.00018558]
[0.00018558]
[0.00018558]
[0.00018558]
[0.00018558]
[0.00018558]
[0.00018558]
[0.00018558]
[0.00018558]
[0.00018558]
[0.00018558]
[0.00018558]
[0.00018558]
[0.00018558]
[0.00018558]
[0.00018558]
[0.00018558]
[0.00018558]
[0.00018558]
[0.00018558]
[0.00018558]
[0.00018558]
[0.00018558]
[0.00018558]
[0.00018558]
[0.00018558]
[0.00018558]
[0.00018558]
[0.00018558]
[0.00018558]
[0.00018558]
[0.00018558]
[0.00018558]
[0.00018558]
[0.00018558]
[0.00018558]
[0.00018558]
[0.00018558]
[0.00018558]
[0.00018558]
[0.00018558]
[0.00018558]
[0.00018558]
[0.00018558]
[0.00018558]
[0.00018558]
[0.00018558]
[0.00018558]
[0.00018558]
[0.00018558]
[0.00018558]
[0.00018558]
[0.00018558]
[0.00018558]
[0.00018558]
[0.00018558]
[0.00018558]
[0.00018558]
[0.00018558]
[0.00018558]
[0.00018558]
[0.00018558]
[0.00018558]
[0.00018558]
[0.00018558]
[0.00018558]
[0.00018558]
[0.00018558]
[0.00018558]
[0.00018558]
[0.00018558]
[0.00018558]
[0.00018558]
[0.00018558]
[0.00018558]
[0.00018558]
[0.00018558]
[0.00018558]
[0.00018558]
[0.00018558]
[0.00018558]
[0.00018558]
[0.00018558]
[0.00018558]
[0.00018558]
[0.00018558]
[0.00018558]
[0.00018558]
[0.00018558]
[0.00018558]
[0.00018558]
[0.00018558]
[0.00018558]
[0.00018558]
[0.00018558]
[0.00018558]
[0.00018558]
[0.00018558]
[0.00018558]
[0.00018558]
[0.00018558]
[0.00018558]
[0.00018558]
[0.00018558]
[0.00018558]
[0.00018558]
[0.00018558]
[0.00018558]
[0.00018558]
[0.00018558]
[0.00018558]
[0.00018558]
[0.00018558]
[0.00018558]
[0.00018558]
[0.00018558]
[0.00018558]
[0.00018558]
[0.00018558]
[0.00018558]
[0.00018558]
[0.00018558]
[0.00018558]
[0.00018558]
[0.00018558]
[0.00018558]
[0.00018558]
[0.00018558]
[0.00018558]
[0.00018558]
[0.00018558]
[0.00018558]
[0.00018558]
[0.00018558]
[0.00018558]
[0.00018558]
[0.00018558]
[0.00018558]
[0.00018558]
[0.00018558]
[0.00018558]
[0.00018558]
[0.00018558]
[0.00018558]
[0.00018558]
[0.00018558]
[0.00018558]
[0.00018558]
[0.00018558]
[0.00018558]
[0.00018558]
[0.00018558]
[0.00018558]
[0.00018558]
[0.00018558]
[0.00018558]
[0.00018558]
[0.00018558]
[0.00018558]
[0.00018558]
[0.00018558]
[0.00018558]
[0.00018558]
[0.00018558]
[0.00018558]
[0.00018558]
[0.00018558]
[0.00018558]
[0.00018558]
[0.00018558]
[0.00018558]
[0.00018558]
[0.00018558]
[0.00018558]
[0.00018558]
[0.00018558]
[0.00018558]
[0.00018558]
[0.00018558]
[0.00018558]
[0.00018558]
[0.00018558]
[0.00018558]
[0.00018558]
[0.00018558]
[0.00018558]
[0.00018558]
[0.00018558]
[0.00018558]
[0.00018558]
[0.00018558]
[0.00018558]
[0.00018558]
[0.00018558]
[0.00018558]
[0.00018558]
[0.00018558]
[0.00018558]
[0.00018558]
[0.00018558]
[0.00018558]
[0.00018558]
[0.00018558]
[0.00018558]
[0.00018558]
[0.00018558]
[0.00018558]
[0.00018558]
[0.00018558]
[0.00018558]
[0.00018558]
[0.00018558]
[0.00018558]
[0.00018558]
[0.00018558]
[0.00018558]
[0.00018558]
[0.00018558]
[0.00018558]
[0.00018558]
[0.00018558]
[0.00018558]
[0.00018558]
[0.00018558]
[0.00018558]
[0.00018558]
[0.00018558]
[0.00018558]
[0.00018558]
[0.00018558]
[0.00018558]
[0.00018558]
[0.00018558]
[0.00018558]
[0.00018558]
[0.00018558]
[0.00018558]
[0.00018558]
[0.00018558]
[0.00018558]
[0.00018558]
[0.00018558]
[0.00018558]
[0.00018558]
[0.00018558]
[0.00018558]
[0.00018558]
[0.00018558]
[0.00018558]
[0.00018558]
[0.00018558]
[0.00018558]
[0.00018558]
[0.00018558]
[0.00018558]
[0.00018558]
[0.00018558]
[0.00018558]
[0.00018558]
[0.00018558]
[0.00018558]
[0.00018558]
[0.00018558]
[0.00018558]
[0.00018558]
[0.00018558]
[0.00018558]
[0.00018558]
[0.00018558]
[0.00018558]
[0.00018558]
[0.00018558]
[0.00018558]
[0.00018558]
[0.00018558]
[0.00018558]
[0.00018558]
[0.00018558]
[0.00018558]
[0.00018558]
[0.00018558]
[0.00018558]
[0.00018558]
[0.00018558]
[0.00018558]
[0.00018558]
[0.00018558]
[0.00018558]
[0.00018558]
[0.00018558]
[0.00018558]
[0.00018558]
[0.00018558]
[0.00018558]
[0.00018558]
[0.00018558]
[0.00018558]
[0.00018558]
[0.00018558]
[0.00018558]
[0.00018558]
[0.00018558]
[0.00018558]
[0.00018558]
[0.00018558]
[0.00018558]
[0.00018558]
[0.00018558]
[0.00018558]
[0.00018558]
[0.00018558]
[0.00018558]
[0.00018558]
[0.00018558]
[0.00018558]
[0.00018558]
[0.00018558]
[0.00018558]
[0.00018558]
[0.00018558]
[0.00018558]
[0.00018558]
[0.00018558]
[0.00018558]
[0.00018558]
[0.00018558]
[0.000186]
[0.00018212]
[0.00018894]
[0.00018628]
[0.00018628]
[0.0001891]
[0.0001891]
[0.00019096]
[0.00018859]
[0.00018906]
[0.00019575]
[0.0001834]
[0.00018642]
[0.00019243]
[0.00018355]
[0.00019276]
[0.00018485]
[0.00018485]
[0.00019729]
[0.00019729]
[0.00018371]
[0.00020263]
[0.00020469]
[0.0003291]
[0.00022349]
[0.00032516]
[0.00032516]
[0.00031926]
[0.00036825]
[0.00028471]
[0.00036538]
[0.00044072]
[0.00043889]
[0.00042274]
[0.0003088]
[0.0003687]
[0.00032529]
[0.00032201]
[0.00054994]
[0.00054994]
[0.00046787]
[0.00032172]
[0.0004335]
[0.00029604]
[0.00029604]
[0.00029604]
[0.00029604]
[0.00029604]
[0.00029604]
[0.00029604]
[0.00029604]
[0.00029604]
[0.00029604]
[0.00029604]
[0.00029604]
[0.00029604]
[0.00029604]
[0.00046453]
[0.00019145]
[0.00016259]
[0.07119661]
[0.07119661]
[0.07119661]
[0.07119661]
[0.07119661]
[0.07119661]
[0.07119661]
[0.07119661]
[0.07119661]
[0.01709039]
[0.01709039]
[0.01709039]
[0.01709039]
[0.08211327]
[0.00048181]
[0.00104154]
[0.00104154]
[0.00039759]
