2.7282113478572025
3.709410732718391
3.709410732718391
3.709410732718391
3.709410732718391
3.175137365488223
3.175137365488223
3.175137365488223
3.175137365488223
3.175137365488223
3.175137365488223
3.175137365488223
3.175137365488223
3.175137365488223
3.175137365488223
3.175137365488223
3.175137365488223
3.2389315840380384
3.2277476544324353
3.0840784687030904
3.0840784687030904
3.0840784687030904
3.0840784687030904
3.0840784687030904
3.0840784687030904
3.0840784687030904
3.0840784687030904
3.0840784687030904
3.0840784687030904
3.0840784687030904
3.0840784687030904
3.0840784687030904
3.0840784687030904
3.0840784687030904
3.0840784687030904
3.0840784687030904
3.0840784687030904
3.0840784687030904
3.0840784687030904
3.0840784687030904
3.0840784687030904
3.0840784687030904
3.0840784687030904
2.8558036555495097
2.692811624817928
2.759096844409278
2.759096844409278
2.759096844409278
2.759096844409278
2.759096844409278
2.759096844409278
2.759096844409278
2.759096844409278
2.759096844409278
2.759096844409278
2.759096844409278
2.759096844409278
2.759096844409278
2.759096844409278
2.759096844409278
2.759096844409278
2.759096844409278
2.759096844409278
2.759096844409278
2.759096844409278
2.759096844409278
2.759096844409278
2.759096844409278
2.759096844409278
2.759096844409278
2.759096844409278
2.759096844409278
2.759096844409278
2.759096844409278
2.759096844409278
2.759096844409278
2.759096844409278
2.759096844409278
2.759096844409278
2.759096844409278
2.759096844409278
2.759096844409278
2.759096844409278
2.759096844409278
2.759096844409278
2.759096844409278
2.759096844409278
2.759096844409278
2.759096844409278
2.759096844409278
2.759096844409278
2.759096844409278
2.759096844409278
2.759096844409278
2.759096844409278
2.759096844409278
2.759096844409278
2.759096844409278
2.759096844409278
2.759096844409278
2.759096844409278
2.759096844409278
2.759096844409278
2.759096844409278
2.759096844409278
2.759096844409278
2.759096844409278
2.759096844409278
2.759096844409278
2.759096844409278
2.759096844409278
2.759096844409278
2.759096844409278
2.759096844409278
2.759096844409278
2.759096844409278
2.759096844409278
2.759096844409278
2.759096844409278
2.759096844409278
2.759096844409278
2.759096844409278
2.759096844409278
2.759096844409278
2.759096844409278
2.759096844409278
2.759096844409278
2.759096844409278
2.759096844409278
2.759096844409278
2.759096844409278
2.759096844409278
2.759096844409278
2.759096844409278
2.759096844409278
2.759096844409278
2.759096844409278
2.759096844409278
2.759096844409278
2.759096844409278
2.759096844409278
2.759096844409278
2.759096844409278
2.759096844409278
2.759096844409278
2.759096844409278
2.759096844409278
2.759096844409278
2.759096844409278
2.759096844409278
2.759096844409278
2.759096844409278
2.759096844409278
2.759096844409278
2.759096844409278
2.759096844409278
2.759096844409278
2.759096844409278
2.759096844409278
2.759096844409278
2.759096844409278
2.759096844409278
2.759096844409278
2.759096844409278
2.759096844409278
2.759096844409278
2.759096844409278
2.759096844409278
2.759096844409278
2.759096844409278
2.759096844409278
2.759096844409278
2.759096844409278
2.759096844409278
2.759096844409278
2.759096844409278
2.759096844409278
2.759096844409278
2.759096844409278
2.759096844409278
2.759096844409278
2.759096844409278
2.759096844409278
2.759096844409278
2.759096844409278
2.759096844409278
2.759096844409278
2.759096844409278
2.759096844409278
2.759096844409278
2.759096844409278
2.759096844409278
2.759096844409278
2.759096844409278
2.759096844409278
2.759096844409278
2.759096844409278
2.759096844409278
2.759096844409278
2.759096844409278
2.759096844409278
2.759096844409278
2.759096844409278
2.759096844409278
2.759096844409278
2.759096844409278
2.759096844409278
2.759096844409278
2.759096844409278
2.759096844409278
2.759096844409278
2.759096844409278
2.759096844409278
2.759096844409278
2.759096844409278
2.759096844409278
2.759096844409278
2.759096844409278
2.759096844409278
2.759096844409278
2.759096844409278
2.759096844409278
2.759096844409278
2.759096844409278
2.759096844409278
2.759096844409278
2.759096844409278
2.759096844409278
2.759096844409278
2.759096844409278
2.759096844409278
2.759096844409278
2.759096844409278
2.759096844409278
2.759096844409278
2.759096844409278
2.759096844409278
2.429670932252222
2.429670932252222
2.429670932252222
2.429670932252222
2.429670932252222
2.429670932252222
2.429670932252222
2.429670932252222
2.89122770000116
2.89122770000116
2.89122770000116
2.89122770000116
2.89122770000116
2.89122770000116
2.89122770000116
2.89122770000116
2.89122770000116
2.89122770000116
2.89122770000116
2.89122770000116
2.89122770000116
2.89122770000116
2.89122770000116
2.89122770000116
2.89122770000116
2.89122770000116
2.89122770000116
2.89122770000116
2.89122770000116
2.89122770000116
2.89122770000116
2.89122770000116
2.89122770000116
2.89122770000116
2.89122770000116
2.89122770000116
2.89122770000116
2.89122770000116
2.89122770000116
2.89122770000116
2.89122770000116
2.89122770000116
2.89122770000116
2.89122770000116
2.89122770000116
2.89122770000116
2.89122770000116
2.89122770000116
2.89122770000116
2.89122770000116
2.89122770000116
2.89122770000116
2.89122770000116
2.89122770000116
2.89122770000116
2.89122770000116
2.89122770000116
2.89122770000116
2.89122770000116
2.89122770000116
2.89122770000116
2.89122770000116
2.89122770000116
2.89122770000116
2.89122770000116
2.89122770000116
2.89122770000116
2.89122770000116
2.89122770000116
2.89122770000116
2.89122770000116
2.89122770000116
2.89122770000116
2.89122770000116
2.89122770000116
2.89122770000116
2.89122770000116
2.89122770000116
2.89122770000116
2.89122770000116
2.89122770000116
2.89122770000116
2.89122770000116
2.89122770000116
2.89122770000116
2.89122770000116
3.164768765807308
3.164768765807308
3.164768765807308
3.164768765807308
3.164768765807308
2.834917668773972
2.834917668773972
2.834917668773972
2.834917668773972
2.834917668773972
2.834917668773972
2.834917668773972
2.834917668773972
2.834917668773972
2.834917668773972
2.834917668773972
2.834917668773972
2.834917668773972
2.834917668773972
2.834917668773972
2.834917668773972
2.834917668773972
2.834917668773972
2.834917668773972
2.834917668773972
2.834917668773972
2.834917668773972
2.834917668773972
2.834917668773972
2.834917668773972
2.834917668773972
2.834917668773972
2.834917668773972
2.834917668773972
2.834917668773972
2.834917668773972
2.834917668773972
2.834917668773972
2.834917668773972
2.834917668773972
2.834917668773972
2.834917668773972
2.834917668773972
2.834917668773972
2.834917668773972
2.834917668773972
2.834917668773972
2.834917668773972
2.834917668773972
2.834917668773972
2.834917668773972
2.834917668773972
2.834917668773972
2.834917668773972
2.834917668773972
2.834917668773972
2.834917668773972
2.834917668773972
2.834917668773972
2.834917668773972
2.834917668773972
2.834917668773972
2.834917668773972
2.834917668773972
2.834917668773972
2.834917668773972
2.834917668773972
2.834917668773972
2.834917668773972
2.834917668773972
2.834917668773972
2.834917668773972
2.834917668773972
2.834917668773972
2.834917668773972
2.834917668773972
2.834917668773972
2.834917668773972
2.834917668773972
2.834917668773972
2.834917668773972
2.834917668773972
2.834917668773972
2.834917668773972
2.834917668773972
2.834917668773972
2.834917668773972
2.834917668773972
2.834917668773972
2.834917668773972
2.834917668773972
2.834917668773972
2.834917668773972
2.834917668773972
2.834917668773972
2.834917668773972
2.834917668773972
2.834917668773972
3.0256006266793207
2.7240445918508964
2.7240445918508964
2.7240445918508964
3.119321162547947
2.8250300009079528
2.8250300009079528
3.191257060121689
3.191257060121689
3.191257060121689
3.191257060121689
3.191257060121689
3.191257060121689
3.191257060121689
3.191257060121689
3.191257060121689
3.191257060121689
3.191257060121689
3.191257060121689
3.191257060121689
3.191257060121689
3.191257060121689
3.191257060121689
3.191257060121689
3.191257060121689
3.191257060121689
3.191257060121689
3.191257060121689
3.191257060121689
3.191257060121689
3.191257060121689
3.191257060121689
3.191257060121689
3.191257060121689
3.191257060121689
3.191257060121689
3.191257060121689
3.191257060121689
3.191257060121689
2.8613176687739728
2.9023918046214785
2.929880885970592
2.817471514927819
4.342098243532391
3.3057003246722916
3.2536068928976087
3.2158428565842474
2.7319058629769177
2.7319058629769177
2.7319058629769177
2.7319058629769177
3.097410963466082
3.160526561238621
2.8756083326013435
3.2973421651408588
3.8943845307132516
3.043156260854902
3.9214523869421267
3.2698673737224926
4.172309750682342
4.40210215913714
3.2875111250617683
4.081384562279032
4.373594466829449
1.0
3.6263745623048536
3.45484956706646
5.007069317125621
3.36208030613661
6.667815384615385
6.667815384615385
3.677312324983731
3.095020148302888
3.4951274494541593
4.021654030392909
6.168681973048093
6.168681973048093
3.6300997571464677
6.4172844948405885
