3.906889946847161
2.893035600254258
3.599245768866239
3.1747616731876285
3.1747616731876285
3.1747616731876285
3.650696166744222
2.656398315186383
2.6293473712284623
3.206304607860181
3.044297748942581
3.783684360903157
3.428240352818362
4.026138197985763
3.4563248139590774
3.9338333020227374
3.640881451453607
2.756079220163759
2.756079220163759
3.3087697270669416
4.8340594665086245
3.5239474665860158
4.745783633633933
4.144431391802767
3.254545603506707
3.4594400895368356
2.606666263479008
3.7040540717296455
3.7015480340513367
4.446338303690885
3.12692808894204
3.1618418445981487
3.937192041473205
4.055549559109835
3.779918172159345
3.279948523944098
3.729560614469582
3.5764445110329106
3.5764445110329106
2.4990913468605935
2.4990913468605935
3.9068109027647164
3.7459804159129844
2.632586188489551
3.7260453314625455
3.7260453314625455
2.665325079211067
4.134187148176583
3.912221726693133
3.9617212452131056
3.9617212452131056
3.9617212452131056
3.9617212452131056
3.5379595203905962
3.5379595203905962
4.7025726926072515
4.424755809777828
4.424755809777828
2.894357826088555
3.2405441357752114
3.4143375460545684
3.5658636999899755
3.6269807367495916
3.9596757610329103
4.921339084110459
3.084585857186757
2.9892497826853557
3.799764615298649
3.2598892610999446
3.0223879984443034
3.0223879984443034
4.022412458515946
3.001667759577977
3.7682729334960046
2.551381530937105
2.551381530937105
3.7023041243039057
5.632855036612188
3.536023125442261
3.536023125442261
4.016579941774407
2.7025681806351223
3.8429645384179496
3.3319280537172116
3.3319280537172116
3.3319280537172116
3.5761046409416863
3.7742324918021417
3.5492927006431803
3.7692216309352036
3.7692216309352036
3.2670998188980587
3.213338078715294
3.213338078715294
3.3443633491189226
3.2609888634933286
3.654257732186757
3.5770314641635323
3.2626274651721623
4.119065181771353
3.193703188777585
3.6287902896213655
3.861556146842891
4.163910857186757
3.8524211740261167
4.760888430828363
3.477366430363645
4.060962539879064
2.705335318141705
3.306228523944098
3.455790424494449
4.923387074925613
3.5238337902995074
2.4758223664262644
3.186993642901773
2.9325675504564277
5.2616895220715145
3.680655225318624
3.4197008585988833
3.3678932489723383
3.3678932489723383
2.953093627753077
3.4141139394726725
3.3587022675399787
3.2848666440998127
3.258139084110459
3.1224925917898725
3.1224925917898725
3.790965724281474
3.230572251837968
3.911352364429579
3.6872577693694772
3.8403666156894856
5.697997180981709
3.790447235660401
3.908544836933995
2.6868826376518804
2.943138607062524
3.6341409900024857
3.3321876926072527
3.7799262364716393
3.7799262364716393
3.510201520666471
3.428798677177334
3.9152146166490667
2.859855195751093
3.219228228542387
3.3329995821547094
3.261518581032659
2.567952610098013
3.7402177377233006
5.286323876247129
3.923383693725218
4.503771944517048
3.509487539879065
3.264712907302192
5.4385220493346695
5.6140559785658395
5.096625327390816
3.8564190484981973
3.550157365703292
4.272285359909005
5.200273107348631
3.4513034052636806
3.4513034052636806
3.4513034052636806
3.3442290955915155
5.053468954092839
5.053468954092839
3.6151449731102705
3.6151449731102705
3.6151449731102705
3.6151449731102705
3.044924617833395
4.689761653219054
3.7493106635527287
3.092170967805232
2.497869360518054
3.736356770648295
3.798498308478723
3.3305419387952817
3.1271782582863885
3.3804004458710573
4.2593296344906575
4.1969531959219415
4.1969531959219415
5.110970899259962
3.614670825968039
5.047068669877293
3.4178690831242022
3.140929038761098
3.3023185582895724
3.6592024789966224
3.4664173475713715
3.251383835548374
3.4620380344336077
4.340449038761099
3.2281652609187237
3.384784346036888
3.765091784812756
4.16963070403856
2.8513993187252193
4.0570277490449635
2.841814170218381
4.1487691644778515
3.202061818725219
3.4117191458691796
3.4983846552636804
3.5538870633631543
4.306234432026294
3.295227603556649
3.333113501417526
3.333113501417526
3.5224401841098345
3.7873824825031104
3.825108628165842
3.7538751341846615
5.106760376417526
4.152059836957051
3.5709449918021416
3.5709449918021416
5.232667750620129
4.413626241802141
3.786992242500098
3.786992242500098
4.205273871710918
4.066436136051086
5.411711178433804
5.78638196604333
3.3700805687252178
3.675392422449823
3.675392422449823
3.527508123647282
3.3893820232608594
5.177677221748462
3.201689507286721
3.1213877490449633
4.393320304675257
3.6064153484008257
3.312161668210363
4.0546035022589475
3.8191746473297457
4.1354145349833065
3.2799380787152934
4.165766313565879
4.806920543509092
5.309029032757381
5.235505362298721
4.636598078715292
4.3641996647377095
2.9855277143157313
5.685171661344397
4.045913142871543
4.045913142871543
4.045913142871543
4.045913142871543
2.9392922963464194
4.636835297607453
3.0600552462691715
3.0600552462691715
3.2717633684025262
4.050689350348245
4.101980516876848
3.8015740113527237
3.0806332129559877
4.764913911410913
5.249201420229207
4.298716017707891
3.629715577222637
5.0794623616888295
3.0067951057362645
3.9053058052531338
4.094050177809219
3.872568438332597
5.195397107139245
5.541411311238393
5.193857437721499
3.538961668210362
3.4022035738788112
3.3782118781276287
4.13445163259648
2.9853382204240315
3.3483247872830706
3.898674137456128
3.8187962876270145
4.163323416589167
3.6236806760948346
4.2983530909990915
5.277815493630802
3.7971132610329104
4.179799318725218
4.179799318725218
4.910869738530665
4.091694243871555
4.027979055488916
3.8928119637726724
5.26067665685782
4.0459884083856235
6.210328176597966
4.722545714157256
4.77406927031508
4.480525597502989
4.33565631112398
4.4114617640373375
3.955339627214258
4.897825175824026
2.8819180009521723
4.836357132712077
4.366342737708336
3.615521181771353
3.168233060610131
3.2860178529629094
4.813067309484524
3.4593919793647983
4.590226272983571
3.7673291897633607
3.9880307617063355
4.481862086472881
4.631642075966912
3.1081934283085557
4.809085551242765
2.495280568725219
4.400501236176642
3.693967951002122
5.1483258398520935
3.4650279633162224
4.184979956670734
3.7285726360329114
5.304165961192735
5.304165961192735
5.304165961192735
4.994957652759915
3.7721867449065316
5.18409991883333
5.18409991883333
5.18409991883333
4.859859911778644
5.0189610257113735
5.654501175767635
3.8490783509647937
3.1662501966756036
4.9897273313320385
4.711576789491382
3.8070806948331786
3.322202704098424
3.17562220695776
4.260269507286722
4.295223417420056
3.962037642901042
5.5720506102751655
3.032869287506503
4.491960849930273
3.7454324918021413
3.3898632754975386
3.9959716903102285
4.740078464133421
4.79038938853345
4.564584189704368
3.050509287506501
4.674204366802142
5.8429055488899175
4.071775520648296
4.959239614919303
3.6267236994950727
3.155627947485888
3.839169355910366
4.709823230639084
4.107224557213716
5.081095215568718
4.09091854386895
2.94459578322226
3.658698151187134
4.628033056640873
5.316188911112457
4.966088999043836
2.985989830379115
3.953298349309849
4.696244377052597
4.205579177616391
4.263748039334338
4.490374389662939
4.92778305004401
4.0241622708541325
6.082818711433134
4.451258128187192
3.5726507872879436
5.0057601830874425
2.7890333303149184
4.530511759196567
2.187637853379403
3.733555135017527
5.316719782513953
4.241118309109833
4.449830214731309
4.564233784366596
4.378387780263681
4.990381513755159
3.2186572136262894
4.164672395648294
4.037856775692349
4.693877259374153
5.178614868855877
4.183345130866726
4.662298837955987
2.8980850722541476
4.338770537505374
4.23668250029956
5.295787433071423
3.182957505448666
5.28670550598691
3.7383876786805628
4.003006041617541
6.274769963161825
3.8592884744365303
4.939729724809412
4.39910515288999
3.0824621241536763
4.692315747133831
5.383607084148634
3.8319621715540455
4.090270858767604
6.510200982322993
4.97641941194053
4.312246776418151
4.935133017766519
2.8300688226495865
3.305635248477122
5.1854425304601826
5.7789276636707765
4.444414693043631
5.354931476183039
4.201958653981531
4.425823105873094
4.608244480206899
5.572742820928185
5.136173620325125
2.174195500173445
4.055081057587646
4.055081057587646
3.91161222381837
4.341907172267566
3.8566737384979293
3.9700632626374386
4.4611950436016325
5.938041832039268
3.9860613175169313
3.7899031924811366
5.942116622610173
4.508138431083365
4.6260768926218265
4.6260768926218265
4.865413869924888
4.26736921069073
4.870111154145714
3.785772423250368
4.799353815698749
4.554174193811528
5.988843565925988
5.161988661061295
4.427933707981568
3.4966468474151053
5.7736404981470875
4.124540184109833
5.8988887786893525
5.410791412101106
5.639860620833293
5.275878362033836
4.7515543836592204
2.502176176792453
4.24570364744527
4.692098397506618
5.28907842632516
4.905774336204058
4.736145533646166
5.382015213311188
5.335302308582939
5.076966037487011
3.3282487547150037
5.807588394720703
5.176334138821666
5.3013144819210325
5.582139083874773
6.2016025220348565
6.119215797102397
6.0139971327134445
4.591712765515039
5.2324825948651315
4.995524065612649
7.077079738663171
5.631784096330407
5.153683333125195
5.517975366840499
4.548159935411188
4.372187054055255
5.694174333839522
5.832934459630486
4.465521614788308
4.837902507806152
3.985137686603534
5.59656714932513
