15.305799999999966
15.372499999999967
15.449099999999966
15.228399999999967
14.67219999999997
15.316899999999967
14.63409999999997
14.487199999999971
14.487199999999971
13.581599999999975
15.00216999999997
14.095319999999974
12.927619999999978
14.931199999999968
14.78719999999997
13.187499999999975
13.173999999999976
15.571419999999963
14.143099999999972
13.111299999999977
13.331599999999973
13.978599999999973
14.59229999999997
13.705499999999972
14.480999999999971
13.529499999999976
13.202499999999977
11.786299999999983
11.786299999999983
11.786299999999983
13.286499999999975
13.286499999999975
13.286499999999975
13.286499999999975
12.872299999999978
13.315399999999974
13.367099999999976
13.194999999999975
13.847499999999972
13.98279999999997
12.878399999999978
13.169619999999975
11.336819999999985
11.336819999999985
11.336819999999985
13.210299999999975
13.359399999999976
11.508599999999987
11.710099999999985
13.435599999999974
12.271599999999982
13.470169999999975
13.206599999999975
14.089799999999972
13.592699999999972
13.592699999999972
13.592699999999972
11.670099999999985
11.670099999999985
13.059699999999976
11.473499999999985
12.504519999999978
13.819499999999973
14.63949999999997
14.63949999999997
12.358499999999978
12.683199999999978
11.799899999999983
14.608299999999971
14.608299999999971
11.914599999999984
11.914599999999984
11.260619999999987
13.499799999999976
13.244399999999974
11.502699999999987
12.891599999999977
12.891599999999977
12.891599999999977
13.114799999999976
13.344719999999976
12.797599999999976
13.400699999999974
13.030299999999976
13.369799999999973
11.838399999999984
11.385919999999986
11.385919999999986
13.368699999999974
13.009699999999976
13.121999999999975
13.317099999999973
13.317099999999973
11.408599999999986
13.499099999999975
11.790399999999982
11.885599999999982
12.742899999999977
11.838399999999984
13.399499999999975
12.921299999999977
13.963519999999972
12.885499999999976
13.295099999999973
13.539619999999974
12.074399999999981
12.91616999999998
13.602219999999974
12.827499999999976
13.889799999999973
13.889799999999973
11.112599999999988
11.112599999999988
11.112599999999988
11.112599999999988
11.409799999999986
11.409799999999986
12.70999999999998
12.854299999999975
12.854299999999975
12.854299999999975
12.854299999999975
13.499819999999975
12.620919999999977
11.845799999999983
11.845799999999983
13.574199999999975
11.908199999999983
11.816899999999983
13.428199999999972
12.679099999999979
13.110799999999976
11.684099999999985
12.854299999999975
10.87541999999999
12.659599999999976
13.788199999999973
14.223499999999971
12.636799999999978
13.397499999999974
12.862699999999977
11.436319999999986
13.188899999999975
13.341899999999974
11.03639999999999
12.146699999999978
12.146699999999978
12.146699999999978
12.146699999999978
11.400799999999986
12.435499999999978
11.036399999999988
12.690599999999975
12.676799999999977
12.544719999999979
12.544719999999979
11.495499999999987
12.048299999999982
13.098819999999977
13.487919999999976
13.487919999999976
12.836269999999976
12.10299999999998
13.762299999999973
12.28379999999998
11.496799999999984
11.684299999999983
12.897799999999977
11.127899999999988
11.127899999999988
11.761899999999983
11.512699999999986
12.44431999999998
11.672699999999985
11.672699999999985
13.995899999999972
11.505599999999985
12.781199999999977
12.933619999999976
13.126099999999976
11.758799999999985
14.049299999999972
12.641869999999978
13.801499999999972
12.748399999999975
13.402599999999973
10.505999999999991
11.972719999999981
10.53439999999999
11.287599999999987
11.531399999999987
12.74139999999998
11.959899999999982
11.959899999999982
12.135799999999982
13.167399999999976
12.180199999999981
11.873099999999983
12.543399999999977
11.366199999999985
10.365619999999993
10.365619999999993
10.365619999999993
11.096119999999988
11.595899999999983
11.595899999999983
12.809499999999977
12.809499999999977
12.809499999999977
10.60869999999999
11.968399999999981
12.992399999999975
12.992399999999975
13.296919999999975
11.595799999999985
14.425499999999968
12.24299999999998
11.534899999999986
12.701699999999978
11.199999999999989
13.199299999999974
13.608799999999974
14.30721999999997
13.106899999999976
12.974119999999976
13.614199999999972
11.97329999999998
12.28619999999998
11.226919999999986
12.829899999999977
13.155099999999972
13.167499999999974
11.666999999999984
13.293819999999974
11.202299999999987
13.120519999999978
14.17739999999997
12.059699999999982
14.40179999999997
11.83049999999998
12.58939999999998
12.738419999999977
13.558799999999975
11.303199999999986
11.685499999999985
11.079699999999983
11.353599999999986
11.353599999999986
11.263299999999985
11.263299999999985
11.579599999999983
10.145419999999993
10.145419999999993
10.145419999999993
10.145419999999993
10.145419999999993
10.145419999999993
12.320999999999978
10.845499999999989
12.405719999999981
11.16619999999999
11.16619999999999
11.317599999999985
11.955599999999981
12.665299999999979
11.077199999999989
13.544299999999975
11.99909999999998
12.549399999999977
12.916719999999978
12.099299999999982
12.32989999999998
12.013799999999982
12.013799999999982
12.749499999999978
10.871599999999988
11.847699999999982
12.06591999999998
10.962499999999988
10.825719999999984
9.642019999999995
12.960199999999974
12.887299999999977
11.583199999999984
11.583199999999984
13.169699999999974
11.659799999999985
12.258399999999979
12.41749999999998
11.530399999999986
11.362099999999986
10.735099999999989
10.573519999999991
12.32861999999998
11.787299999999982
10.879299999999988
10.874119999999989
10.874119999999989
10.89469999999999
10.379599999999991
11.991919999999983
11.015399999999989
13.524699999999974
12.315569999999983
11.268999999999988
11.827669999999982
11.679699999999983
10.75439999999999
12.265999999999982
11.013699999999988
11.127799999999988
10.082399999999994
11.329499999999987
11.293799999999989
12.355699999999977
11.333899999999986
12.866299999999974
12.018419999999983
11.104799999999987
12.54229999999998
12.40649999999998
10.383019999999993
12.710719999999977
12.695199999999977
11.454699999999985
12.859799999999977
9.980919999999994
11.983299999999984
11.974999999999982
9.3601
10.68779999999999
12.278899999999977
11.170299999999989
12.789999999999976
13.306799999999972
12.45669999999998
11.451299999999984
11.545699999999986
12.459699999999978
12.803999999999977
10.491699999999993
13.834999999999972
12.268899999999979
10.635919999999992
13.419999999999973
9.590819999999999
12.39639999999998
11.327019999999987
11.772399999999985
10.192899999999993
13.224599999999972
11.932299999999978
12.967099999999977
11.153699999999988
12.852719999999978
11.188499999999985
10.935199999999988
11.264299999999986
13.031299999999975
10.418099999999992
10.398699999999993
11.869999999999983
10.344999999999988
13.127299999999973
12.20179999999998
12.64799999999998
9.730519999999997
12.198019999999982
9.905289999999995
12.115599999999983
10.81899999999999
11.167799999999989
12.752369999999981
10.771499999999985
9.318919999999999
11.141899999999987
11.350799999999987
11.596799999999982
10.144319999999995
11.92189999999998
10.857599999999989
9.810299999999996
10.344499999999991
9.932099999999997
11.647499999999983
11.192599999999988
10.957899999999988
9.976299999999991
7.787520000000006
11.546899999999983
10.826099999999988
8.671400000000002
10.129399999999993
11.241799999999984
12.515699999999978
11.314299999999987
10.261519999999994
10.365299999999992
9.532799999999998
9.939899999999993
11.424799999999987
9.551299999999998
8.287420000000003
7.628600000000007
6.365600000000006
5.506800000000005
9.353779999999999
9.13018
7.043600000000007
7.460100000000006
6.982600000000006
7.225700000000006
7.1946000000000065
13.311399999999974
4.856200000000003
7.324700000000008
4.644720000000002
2.2490000000000006
13.488199999999974
3.7608000000000033
4.512700000000004
5.253000000000004
13.468299999999974
3.890100000000003
3.1892000000000014
5.528900000000004
3.0173000000000014
10.666099999999993
2.4611
4.645000000000003
9.957799999999995
3.557400000000002
2.9384000000000015
3.073600000000002
10.80021999999999
9.928619999999995
1.3659
1.3659
3.525600000000002
1.9725
2.9920000000000018
0.10580000000000006
2.0485
3.306200000000002
1.532
0.8432
13.085499999999977
1.3404
1.21207
0.7842
0.1064
1.4781
1.5188
10.836599999999988
10.317919999999994
-0.8781000000000001
15.700699999999966
12.065699999999982
13.091399999999975
12.997599999999977
12.37229999999998
11.462599999999982
11.879899999999983
8.918820000000002
10.568599999999988
13.076799999999976
11.985199999999983
11.732699999999982
11.078199999999988
8.685420000000002
11.466699999999983
11.649599999999985
12.35351999999998
11.556799999999985
12.786399999999977
11.746999999999984
12.406399999999982
10.545099999999993
11.921899999999983
8.256200000000005
10.244299999999992
15.317789999999967
13.078799999999976
13.309999999999974
11.269899999999984
12.29751999999998
10.241899999999992
14.929599999999969
12.333519999999979
13.253799999999973
10.999499999999987
11.83839999999998
12.251299999999981
12.108199999999982
12.32709999999998
10.956299999999988
9.821299999999997
11.032699999999988
12.956599999999977
12.675299999999977
