[0.06125862]
[0.06125862]
[0.06125862]
[0.06125862]
[0.06125862]
[0.06125862]
[0.06125862]
[0.06125862]
[0.06125862]
[0.06125862]
[0.06125862]
[0.06125862]
[0.06125862]
[0.06125862]
[0.06114328]
[0.06115927]
[0.06115927]
[0.06115954]
[0.06115954]
[0.06115954]
[0.06115954]
[0.06115954]
[0.06119402]
[0.06119402]
[0.06119402]
[0.06119415]
[0.06119415]
[0.06119415]
[0.06119415]
[0.06119415]
[0.06119415]
[0.06119415]
[0.06119415]
[0.06119415]
[0.06119415]
[0.06119415]
[0.06119415]
[0.06119415]
[0.06112535]
[0.06112535]
[0.06112535]
[0.06112535]
[0.06112535]
[0.06112535]
[0.06112535]
[0.06112535]
[0.06112535]
[0.06112535]
[0.06112535]
[0.06112535]
[0.06112535]
[0.06112535]
[0.06112535]
[0.06112535]
[0.06112535]
[0.06112535]
[0.06112535]
[0.06112535]
[0.06112535]
[0.06112535]
[0.06112535]
[0.06112535]
[0.06112535]
[0.06112535]
[0.06112535]
[0.06112535]
[0.06112535]
[0.06112535]
[0.06112535]
[0.06112535]
[0.06112535]
[0.06112535]
[0.06112535]
[0.06112535]
[0.06112535]
[0.06112535]
[0.06112535]
[0.06112535]
[0.06112535]
[0.06112535]
[0.06112535]
[0.06112535]
[0.06112535]
[0.06112535]
[0.06112535]
[0.06112535]
[0.06112535]
[0.06112535]
[0.06112535]
[0.06112535]
[0.06112535]
[0.06112535]
[0.06112535]
[0.06112535]
[0.06112535]
[0.06112535]
[0.06112535]
[0.06112535]
[0.06112535]
[0.06112535]
[0.06112535]
[0.06112535]
[0.06112535]
[0.06112535]
[0.06112535]
[0.06112535]
[0.06112535]
[0.06112535]
[0.06112535]
[0.06112535]
[0.06112535]
[0.06112535]
[0.06112535]
[0.06112535]
[0.06112535]
[0.06112535]
[0.06112535]
[0.06112535]
[0.06112535]
[0.06114109]
[0.06114109]
[0.06114109]
[0.06114109]
[0.06114109]
[0.06114109]
[0.06114109]
[0.06114109]
[0.06114109]
[0.06114109]
[0.06114109]
[0.06114109]
[0.06114109]
[0.06114109]
[0.06114109]
[0.06114109]
[0.06114109]
[0.06114109]
[0.06114109]
[0.06114109]
[0.06114109]
[0.06114109]
[0.06114109]
[0.06114109]
[0.06114109]
[0.06114109]
[0.06114109]
[0.06114109]
[0.06114109]
[0.06114109]
[0.06114109]
[0.06114109]
[0.06114109]
[0.06114109]
[0.06114109]
[0.06114109]
[0.06114109]
[0.06114109]
[0.06114109]
[0.06114109]
[0.06114109]
[0.06114109]
[0.06114109]
[0.06114109]
[0.06114109]
[0.06114109]
[0.06114109]
[0.06114109]
[0.06114109]
[0.06114109]
[0.06114109]
[0.06114109]
[0.06114109]
[0.06114109]
[0.06113531]
[0.06113531]
[0.06113531]
[0.06113531]
[0.06113531]
[0.06113531]
[0.06113531]
[0.06113531]
[0.06117132]
[0.06117132]
[0.06117132]
[0.06117132]
[0.06115634]
[0.06115634]
[0.06115634]
[0.06115634]
[0.06115634]
[0.06113553]
[0.06113553]
[0.06113553]
[0.06113553]
[0.06113553]
[0.06113553]
[0.06113553]
[0.06113553]
[0.06113553]
[0.06113553]
[0.06113553]
[0.06117034]
[0.06117034]
[0.06117034]
[0.06121246]
[0.06111386]
[0.06115666]
[0.06115666]
[0.06115666]
[0.06115666]
[0.06115666]
[0.06115666]
[0.06115648]
[0.0611978]
[0.06115653]
[0.06113906]
[0.06113906]
[0.06112396]
[0.06112026]
[0.06185249]
[0.06129285]
[0.06129285]
[0.06115656]
[0.06185249]
[0.0611239]
[0.06136919]
[0.06185249]
[0.06114303]
[0.06114303]
[0.06113805]
[0.06111386]
[0.06116033]
[0.0616459]
[0.06113712]
[0.06118457]
[0.06142278]
[0.06118342]
[0.06112393]
[0.06112393]
[0.06169099]
[0.06127779]
[0.06115897]
[0.06111517]
[0.06119737]
[0.06116694]
[0.06113354]
[0.06112584]
[0.06114372]
[0.06129051]
[0.06110639]
[0.06118679]
[0.0611978]
[0.0611978]
[0.06110637]
[0.06110637]
[0.06110637]
[0.06122381]
[0.0611438]
[0.06119777]
[0.06119262]
[0.06113329]
[0.06119777]
[0.06139326]
[0.06139326]
[0.06128407]
[0.06118917]
[0.06171959]
[0.06117805]
[0.06117805]
[0.06117824]
[0.06119777]
[0.06119777]
[0.06114308]
[0.06114308]
[0.06122257]
[0.06125538]
[0.06138853]
[0.06113906]
[0.06117797]
[0.06117843]
[0.06116192]
[0.06112398]
[0.06125538]
[0.06125538]
[0.06116795]
[0.0612229]
[0.06119454]
[0.06125538]
[0.06122315]
[0.06115029]
[0.0611697]
[0.0611697]
[0.06118106]
[0.06118106]
[0.06125942]
[0.06217421]
[0.06132759]
[0.061184]
[0.06115927]
[0.06121336]
[0.0611697]
[0.06131708]
[0.06117696]
[0.06131936]
[0.06131936]
[0.06121391]
[0.06119717]
[0.06168506]
[0.06168302]
[0.06125629]
[0.06125629]
[0.06116704]
[0.06120959]
[0.06126787]
[0.06117723]
[0.06117723]
[0.0612524]
[0.06136081]
[0.06134672]
[0.06141461]
[0.06115927]
[0.06115924]
[0.06133352]
[0.06125487]
[0.0615228]
[0.06116532]
[0.06127247]
[0.06129681]
[0.06115492]
[0.06119331]
[0.06110828]
[0.06110828]
[0.06169558]
[0.06125157]
[0.06113036]
[0.06122384]
[0.06138416]
[0.06130292]
[0.06130292]
[0.06129543]
[0.06124966]
[0.06140164]
[0.06118507]
[0.06118507]
[0.0612338]
[0.06134503]
[0.06128706]
[0.06140851]
[0.06118454]
[0.06129213]
[0.06128286]
[0.06136054]
[0.06136469]
[0.06123998]
[0.06134173]
[0.06129213]
[0.06115519]
[0.0611538]
[0.06160162]
[0.06156725]
[0.06122071]
[0.06119709]
[0.0616478]
[0.06212343]
[0.06129112]
[0.06160194]
[0.06216617]
[0.06180801]
[0.06115568]
[0.0612697]
[0.06197959]
[0.06197959]
[0.06134135]
[0.0613132]
[0.06252652]
[0.06586664]
[0.06217235]
[0.06336971]
[0.06155293]
[0.06206809]
[0.06206809]
[0.0618311]
[0.06209209]
[0.0620771]
[0.06268393]
[0.06292679]
[0.06521565]
[0.06271707]
[0.06321202]
[0.0662671]
[0.06156262]
[0.06275086]
[0.06296627]
[0.06298383]
[0.06210415]
[0.06184687]
[0.06469462]
[0.0611877]
[0.06113373]
[0.06286962]
[0.0625564]
[0.06186597]
[0.06715548]
[0.07372843]
[0.06175796]
[0.06494558]
[0.06464674]
[0.08825769]
[0.06582218]
[0.06462062]
[0.06543083]
[0.06715683]
[0.07322498]
[0.06613071]
[0.06351092]
[0.06351092]
[0.08419526]
[0.06253164]
[0.06582277]
[0.06582277]
[0.06582277]
[0.06582277]
[0.07216723]
[0.07789008]
[0.13506794]
[0.41548726]
[0.24081933]
[0.07574968]
[0.07574968]
[0.13928472]
[0.27697146]
[0.90144]
[0.12120674]
[0.7897381]
[0.30505264]
[0.30505264]
[0.10026768]
[0.0711562]
[0.09745137]
[0.06928382]
[0.10679885]
[0.06748191]
[0.09604607]
[0.24439694]
[0.0976596]
[0.246031]
[0.06944052]
[0.06944052]
[0.08153829]
[0.08153829]
[0.08153829]
[0.08153829]
[0.07756756]
[0.95689994]
[0.07055197]
[0.0888223]
[0.08288099]
[0.09906995]
[0.5987941]
[0.17636491]
[0.08003176]
[0.06225399]
[0.06225399]
[0.06137954]
[0.06127596]
[0.06127596]
[0.06127596]
[0.06130734]
[0.1207544]
[0.11650687]
[0.26385453]
[0.2489008]
[0.9741721]
[0.0611749]
[0.06121451]
[0.06094278]
[0.06124556]
[0.06133352]
[0.06153825]
[0.06136529]
[0.06114383]
[0.06117109]
[0.06133965]
[0.5884109]
[0.06134851]
[0.06117532]
[0.06116233]
[0.06122032]
[0.46677792]
[0.06122238]
[0.06132323]
[0.06170371]
[0.07714389]
[0.06128563]
[0.06136043]
[0.06142118]
[0.06127123]
[0.06140213]
[0.06214535]
[0.06148474]
