[0.6343767]
[0.286892]
[0.591283]
[0.2861887]
[0.2861887]
[0.5485173]
[0.286892]
[0.286537]
[0.5275036]
[0.5662733]
[0.29723543]
[0.2979837]
[0.5315067]
[0.53742045]
[0.53742045]
[0.51280516]
[0.547317]
[0.5188548]
[0.5557956]
[0.5557956]
[0.5557956]
[0.5557956]
[0.28580374]
[0.28580374]
[0.4727536]
[0.4727536]
[0.4727536]
[0.4727536]
[0.48489064]
[0.48489064]
[0.28489894]
[0.4933431]
[0.47261053]
[0.46726477]
[0.4585812]
[0.4713466]
[0.48431617]
[0.48431617]
[0.48431617]
[0.48431617]
[0.475454]
[0.49379504]
[0.46915227]
[0.46915227]
[0.46915227]
[0.46915227]
[0.46915227]
[0.48949254]
[0.48949254]
[0.48949254]
[0.48949254]
[0.48949254]
[0.48949254]
[0.48949254]
[0.48949254]
[0.48949254]
[0.2921987]
[0.47523934]
[0.47234046]
[0.47234046]
[0.47234046]
[0.47234046]
[0.47234046]
[0.47234046]
[0.47234046]
[0.47234046]
[0.4540735]
[0.493936]
[0.5165156]
[0.5155284]
[0.4797531]
[0.2871376]
[0.49756286]
[0.4387539]
[0.5132793]
[0.47831532]
[0.4382764]
[0.4527448]
[0.2961246]
[0.28827363]
[0.47613102]
[0.4728102]
[0.5562965]
[0.4782583]
[0.51073796]
[0.45603794]
[0.45603794]
[0.45603794]
[0.45603794]
[0.45603794]
[0.45603794]
[0.45603794]
[0.45603794]
[0.45603794]
[0.45603794]
[0.45603794]
[0.45603794]
[0.45603794]
[0.45603794]
[0.45603794]
[0.45603794]
[0.45603794]
[0.45603794]
[0.45603794]
[0.45603794]
[0.45603794]
[0.45603794]
[0.45603794]
[0.45603794]
[0.45603794]
[0.45603794]
[0.45603794]
[0.38996026]
[0.44018403]
[0.44018403]
[0.44018403]
[0.43584213]
[0.43584207]
[0.43584207]
[0.43584207]
[0.43584207]
[0.43584207]
[0.43584207]
[0.43584207]
[0.43584207]
[0.43584207]
[0.43584207]
[0.43584207]
[0.43584207]
[0.43584207]
[0.43584207]
[0.43584207]
[0.43584207]
[0.43584207]
[0.43584207]
[0.43584207]
[0.43584207]
[0.43584207]
[0.43584207]
[0.43584207]
[0.43584207]
[0.43584207]
[0.43584207]
[0.43584207]
[0.43584207]
[0.43584207]
[0.43584207]
[0.43584207]
[0.43584207]
[0.43584207]
[0.43584207]
[0.43584207]
[0.43584207]
[0.43584207]
[0.42912617]
[0.42912617]
[0.48768225]
[0.39907554]
[0.39907554]
[0.53061175]
[0.44065776]
[0.44065776]
[0.44065776]
[0.44065776]
[0.44065776]
[0.44065776]
[0.44065776]
[0.44065776]
[0.44065776]
[0.44065776]
[0.44065776]
[0.44065776]
[0.44065776]
[0.44065776]
[0.44065776]
[0.44065776]
[0.44065776]
[0.44065776]
[0.44065776]
[0.44065776]
[0.44065776]
[0.44065776]
[0.44065776]
[0.44065776]
[0.3909436]
[0.3909436]
[0.3909436]
[0.45904115]
[0.44341272]
[0.40687305]
[0.40687305]
[0.40687305]
[0.40687305]
[0.40687305]
[0.40687305]
[0.40687305]
[0.40687305]
[0.40687305]
[0.40687305]
[0.40687305]
[0.40687305]
[0.40687305]
[0.40687305]
[0.40687305]
[0.40687305]
[0.4553639]
[0.4553639]
[0.4553639]
[0.46411467]
[0.46755317]
[0.46755317]
[0.46755317]
[0.46755317]
[0.44522798]
[0.44522798]
[0.44522798]
[0.46927348]
[0.3956687]
[0.3591511]
[0.3591511]
[0.3591511]
[0.4254775]
[0.4254775]
[0.4254775]
[0.4254775]
[0.47831532]
[0.47831532]
[0.47831532]
[0.47831532]
[0.4699404]
[0.50068307]
[0.43826255]
[0.3829312]
[0.39084265]
[0.42661703]
[0.42648852]
[0.42506558]
[0.42506558]
[0.447361]
[0.41528708]
[0.42313042]
[0.42313042]
[0.42313042]
[0.42313042]
[0.42313042]
[0.55557144]
[0.55557144]
[0.44531637]
[0.4255132]
[0.40509528]
[0.40633565]
[0.40633565]
[0.40633565]
[0.40633565]
[0.40633565]
[0.40633565]
[0.42537406]
[0.4557231]
[0.44296724]
[0.44296724]
[0.44296724]
[0.46557897]
[0.28734383]
[0.45463172]
[0.4210387]
[0.46192896]
[0.41740543]
[0.41740543]
[0.4702144]
[0.4702144]
[0.4702144]
[0.4702144]
[0.4702144]
[0.4702144]
[0.4702144]
[0.4702144]
[0.41196436]
[0.41196436]
[0.41196436]
[0.46598014]
[0.5115931]
[0.4287796]
[0.4287796]
[0.53594637]
[0.53594637]
[0.53594637]
[0.53594637]
[0.43475613]
[0.4179349]
[0.43939558]
[0.40095377]
[0.40095377]
[0.43658346]
[0.40605706]
[0.4548314]
[0.44456014]
[0.4406073]
[0.40610823]
[0.43981302]
[0.43981302]
[0.43964574]
[0.43964574]
[0.40673384]
[0.46697584]
[0.4336447]
[0.4336447]
[0.4336447]
[0.4336447]
[0.4336447]
[0.45315355]
[0.44460434]
[0.45610592]
[0.41785458]
[0.41505596]
[0.45621294]
[0.5496944]
[0.43581283]
[0.42838335]
[0.396685]
[0.4174398]
[0.47840473]
[0.43993393]
[0.43993393]
[0.43993393]
[0.43993393]
[0.42820674]
[0.47852826]
[0.559974]
[0.4349908]
[0.4297463]
[0.41831714]
[0.4441374]
[0.39071193]
[0.39071193]
[0.4621433]
[0.4621433]
[0.4621433]
[0.44096705]
[0.4096478]
[0.4096478]
[0.4096478]
[0.4096478]
[0.4096478]
[0.4096478]
[0.4096478]
[0.4096478]
[0.4096478]
[0.4068781]
[0.40957636]
[0.39541474]
[0.43196258]
[0.41587237]
[0.41587237]
[0.41587237]
[0.41587237]
[0.41587237]
[0.41587237]
[0.41587237]
[0.41587237]
[0.41587237]
[0.41587237]
[0.41587237]
[0.41587237]
[0.41278523]
[0.42963862]
[0.41940045]
[0.42354813]
[0.36714387]
[0.4437792]
[0.4417974]
[0.41116455]
[0.4087579]
[0.4256105]
[0.42983657]
[0.42633796]
[0.4010065]
[0.41338623]
[0.41338623]
[0.41338623]
[0.41525716]
[0.38298166]
[0.4171569]
[0.39543927]
[0.3975472]
[0.3944725]
[0.37976998]
[0.4289136]
[0.44634253]
[0.40195236]
[0.40879124]
[0.4378058]
[0.37652332]
[0.4340655]
[0.43591303]
[0.42623958]
[0.40621114]
[0.3716764]
[0.38931492]
[0.4610918]
[0.4537316]
[0.37878934]
[0.39345583]
[0.4235661]
[0.38677692]
[0.37664893]
[0.39230126]
[0.39230126]
[0.43513268]
[0.34278336]
[0.3604825]
[0.40565124]
[0.38651288]
[0.3770934]
[0.37801903]
[0.3950574]
[0.37401152]
[0.40205273]
[0.41862053]
[0.39502466]
[0.431546]
[0.39286053]
[0.37129238]
[0.39675993]
[0.39881095]
[0.396659]
[0.37375888]
[0.35522503]
[0.37570873]
[0.37240312]
[0.38864058]
[0.38864058]
[0.37403616]
[0.45283437]
[0.34737018]
[0.3741827]
[0.3772676]
[0.35731444]
[0.41350818]
[0.36779895]
[0.43545496]
[0.3741435]
[0.40245116]
[0.43292663]
[0.3930756]
[0.3608739]
[0.39553818]
[0.48393887]
[0.45991609]
[0.3611731]
[0.38746926]
[0.36827824]
[0.322833]
[0.4385946]
[0.4592975]
[0.41706946]
[0.3628666]
[0.4160165]
[0.4378101]
[0.2623445]
[0.41997808]
[0.39482573]
[0.53113663]
[0.24998659]
[0.22930981]
[0.44081166]
[0.22182117]
[0.18256557]
[0.15550807]
[0.15031798]
[0.13599381]
[0.19566177]
[0.4648471]
[0.15087926]
[0.4059629]
[0.3405939]
[0.44307825]
[0.38503572]
[0.4076193]
[0.3584407]
[0.4376217]
[0.35608107]
[0.36928895]
[0.43618497]
[0.2961115]
[0.38690656]
[0.38690656]
[0.45150214]
[0.54058975]
[0.54058975]
[0.35523835]
[0.44653937]
[0.467651]
[0.5668995]
[0.3748549]
[0.5383142]
[0.397175]
[0.3655481]
[0.34032777]
[0.3727242]
[0.27913696]
