11.429999999999987
13.971999999999971
8.354600000000005
6.811800000000006
7.436400000000004
7.432100000000004
13.453899999999972
7.951900000000004
10.025199999999995
10.191299999999993
10.191299999999993
11.333519999999984
10.357399999999991
10.759599999999988
13.006499999999976
8.298500000000004
10.83619999999999
9.912099999999995
9.912099999999995
10.693489999999986
8.617600000000007
8.385300000000003
9.635099999999996
12.494789999999979
5.274570000000004
10.995989999999985
12.616399999999977
10.116599999999991
9.886699999999994
9.886699999999994
10.66359999999999
10.122899999999994
5.703300000000004
10.288999999999993
11.034699999999987
12.540199999999977
5.957400000000005
8.355000000000004
8.483800000000004
6.3159000000000045
7.304440000000006
7.304440000000006
7.304440000000006
5.572200000000003
6.916800000000004
6.140100000000006
9.584699999999998
9.617699999999997
8.393600000000006
6.565800000000006
12.226299999999979
10.49259999999999
10.49259999999999
10.220989999999988
9.721099999999996
6.687600000000005
6.687600000000005
6.687600000000005
6.687600000000005
6.687600000000005
6.687600000000005
6.687600000000005
6.687600000000005
6.687600000000005
6.687600000000005
6.687600000000005
6.687600000000005
6.687600000000005
7.7473000000000045
7.7473000000000045
7.145400000000005
9.2216
10.15089999999999
8.268000000000004
7.283000000000004
5.626400000000004
9.3071
9.680099999999996
6.990000000000006
8.6915
9.626399999999995
9.2174
12.650099999999977
10.483499999999989
9.0319
6.996020000000005
6.996020000000005
6.996020000000005
6.996020000000005
6.996020000000005
6.996020000000005
6.202100000000005
9.349799999999995
9.349799999999995
8.388500000000004
7.497900000000007
7.497900000000007
11.174889999999982
7.171800000000005
7.171800000000005
7.171800000000005
7.171800000000005
9.594699999999992
8.390200000000004
11.132389999999983
9.0763
9.0763
10.180219999999991
6.513700000000006
11.383989999999981
11.298489999999981
11.298489999999981
6.8867000000000065
12.917199999999976
9.1864
7.656000000000005
12.437699999999978
12.170199999999978
6.478300000000004
8.309600000000005
8.309600000000005
6.764200000000004
10.803089999999985
9.070199999999998
8.592100000000004
8.717400000000003
11.650299999999987
11.650299999999987
11.93779999999998
7.664000000000007
8.475700000000005
8.475700000000005
6.112500000000005
10.58099999999999
6.730770000000006
9.209499999999995
9.5754
5.226000000000004
7.1718000000000055
7.838900000000007
8.793599999999998
6.933200000000006
13.457299999999973
6.347200000000004
5.237170000000004
7.924400000000007
8.256200000000002
8.561200000000003
6.611400000000005
6.611400000000005
7.152500000000004
6.618200000000004
6.671070000000006
7.981700000000004
10.535099999999991
6.9763000000000055
9.835299999999991
9.666519999999995
10.692889999999986
10.347489999999993
6.418670000000005
6.418670000000005
6.418670000000005
6.418670000000005
12.143299999999979
8.028600000000006
6.697200000000004
9.504899999999994
6.611400000000006
7.012600000000005
7.591600000000006
12.478599999999977
4.747800000000004
8.737499999999999
11.107489999999983
6.858600000000005
10.457399999999991
10.457399999999991
10.457399999999991
6.922600000000006
12.431099999999978
9.652319999999996
5.6086700000000045
5.475370000000005
8.813700000000003
8.5526
8.5526
11.90979999999998
5.0514000000000046
6.482220000000004
11.675399999999982
6.783900000000004
7.205000000000005
10.22858999999999
6.9495800000000045
6.197500000000005
6.783900000000004
6.975700000000004
8.945419999999997
8.476900000000004
5.924170000000005
11.674799999999985
8.064500000000006
8.064500000000006
6.693800000000006
8.225700000000007
11.410799999999982
11.410799999999982
7.704600000000006
10.696699999999991
8.252300000000002
6.225100000000005
11.082799999999986
10.689499999999985
10.327389999999994
8.124800000000006
5.631400000000005
8.590100000000001
6.868800000000005
8.938
11.18209999999999
6.391020000000005
7.920700000000006
4.809300000000005
8.052700000000007
10.714599999999987
10.40129999999999
5.0206000000000035
8.599499999999999
8.599499999999999
8.599499999999999
8.599499999999999
8.599499999999999
9.357399999999998
9.782299999999996
11.21039999999999
5.598900000000005
6.3410700000000055
8.5664
10.121999999999993
8.470900000000004
13.563199999999972
9.2815
12.912499999999975
10.67659999999999
5.025400000000005
6.801200000000005
5.807400000000005
11.447799999999983
6.754000000000006
7.084420000000006
9.442099999999996
10.962099999999987
7.569400000000006
7.572700000000006
8.148200000000006
6.609900000000005
8.548100000000002
4.978200000000005
10.388899999999987
9.1294
7.7701000000000064
10.747899999999985
5.950970000000005
6.627000000000006
7.070800000000006
8.043300000000006
8.043300000000006
8.043300000000006
5.481170000000005
7.952800000000008
5.555800000000005
7.676400000000006
12.070999999999978
6.838420000000005
6.053700000000005
6.053700000000005
10.115899999999991
6.782540000000006
6.112500000000005
7.928500000000006
8.113100000000005
10.945589999999985
12.26269999999998
10.568999999999988
7.279300000000004
9.513089999999998
6.3639000000000046
9.313799999999997
7.264700000000005
7.264700000000005
6.842500000000005
7.321800000000004
7.099100000000005
6.1040700000000045
8.835799999999999
6.744000000000006
5.973800000000004
5.973800000000004
11.026189999999984
7.083100000000006
5.661170000000007
5.333670000000004
7.418000000000006
6.165700000000005
8.4732
6.305300000000005
6.214800000000005
6.627600000000005
8.5979
7.098300000000005
7.098300000000005
7.098300000000005
9.3723
9.163199999999998
6.744000000000006
4.877700000000004
6.882800000000007
6.692900000000005
9.304499999999999
8.387700000000004
9.315999999999995
8.737499999999997
7.586500000000007
8.167500000000006
7.158000000000006
7.939800000000007
7.369200000000006
5.980000000000005
6.860000000000004
7.926500000000006
7.650500000000007
7.770600000000006
7.939400000000005
6.733300000000004
7.159300000000005
7.704500000000006
6.877100000000004
8.412800000000004
6.791500000000005
10.05789999999999
10.102799999999993
9.365219999999997
7.467200000000005
5.3799000000000055
6.424200000000005
7.933400000000008
7.7427000000000055
10.90689999999999
6.517370000000006
5.874870000000005
5.141520000000003
6.668600000000006
7.142900000000007
6.892200000000007
9.536599999999993
6.480700000000006
7.8433000000000055
6.062400000000005
11.065899999999989
7.059200000000005
7.138100000000004
8.072000000000006
7.890000000000009
6.344000000000006
9.0033
9.1074
5.416400000000004
6.044600000000005
6.855720000000006
8.800699999999999
6.231020000000005
3.586000000000001
5.709000000000004
5.342200000000004
3.492700000000002
5.559600000000005
6.670800000000003
5.728200000000004
8.414100000000005
7.042800000000005
7.898600000000006
6.571200000000005
6.528200000000004
5.844600000000004
4.689720000000004
3.823100000000003
8.9438
6.622800000000004
9.491199999999994
4.584000000000002
3.367620000000002
5.997700000000004
6.708200000000005
3.6423000000000023
5.934600000000004
6.930800000000006
3.118000000000001
3.5306000000000015
6.535600000000006
4.941800000000002
6.452800000000005
4.805870000000004
8.605799999999999
7.355600000000006
5.338500000000004
6.996900000000005
7.056300000000006
3.829800000000003
5.960100000000005
4.409500000000003
6.168420000000005
6.1261000000000045
7.169100000000006
3.6698200000000023
4.638320000000004
4.620980000000003
4.459700000000004
6.713870000000006
2.6324000000000005
-0.12789999999999985
3.8359200000000024
4.481200000000003
1.3602
5.751800000000005
6.880400000000006
5.551270000000004
4.157000000000003
4.386800000000004
12.918799999999974
2.7144000000000013
5.789070000000006
2.5463000000000005
3.664500000000003
10.174999999999994
0.18447000000000002
7.7678000000000065
6.154200000000003
0.5857
1.1923
2.954600000000001
2.4167000000000005
0.7614000000000001
5.485200000000003
1.7485
6.900300000000006
1.0349000000000002
7.454120000000008
6.922500000000004
6.7556000000000065
0.6448
6.012300000000004
6.958100000000005
8.162800000000006
1.3474
3.0512000000000015
6.429520000000005
0.15250000000000002
12.627199999999975
0.6361
10.050289999999995
5.464570000000004
7.939500000000008
8.021000000000008
9.803599999999998
9.1718
11.55329999999998
6.985140000000007
6.693400000000005
6.874900000000006
8.400900000000005
10.239699999999992
10.33018999999999
8.358900000000004
6.3803000000000045
9.519099999999996
6.736000000000005
8.358000000000004
11.593599999999983
5.3514000000000035
5.881300000000004
7.564900000000006
5.117300000000005
5.9226000000000045
5.911370000000005
8.493000000000004
7.713900000000006
12.12529999999998
6.539900000000006
9.641199999999998
7.834000000000007
7.405100000000006
10.067899999999993
6.063300000000005
7.8863000000000065
10.085599999999989
9.0967
10.186089999999995
11.856299999999981
10.988699999999985
