[0.37548885]
[0.11484165]
[0.11484165]
[0.07413599]
[0.06979764]
[0.06362523]
[0.06362523]
[0.06362523]
[0.04287894]
[0.04287894]
[0.04287894]
[0.04287894]
[0.04287894]
[0.04287894]
[0.04287894]
[0.04287894]
[0.04287894]
[0.04287894]
[0.04287894]
[0.04287894]
[0.04287894]
[0.04287894]
[0.04287894]
[0.04287894]
[0.04287894]
[0.04287894]
[0.04287894]
[0.04287894]
[0.04287894]
[0.04287894]
[0.04287894]
[0.04287894]
[0.04287894]
[0.04178619]
[0.04178619]
[0.04178619]
[0.04178619]
[0.04178619]
[0.04178619]
[0.04178619]
[0.04178619]
[0.04178619]
[0.04178619]
[0.04178619]
[0.04178619]
[0.04178619]
[0.04178619]
[0.04178619]
[0.04178619]
[0.04178619]
[0.04178619]
[0.04178619]
[0.03835844]
[0.03835844]
[0.03835844]
[0.03835844]
[0.03835844]
[0.03835844]
[0.03444518]
[0.02846345]
[0.02846345]
[0.02846345]
[0.02366381]
[0.02366381]
[0.02366381]
[0.02366381]
[0.02366381]
[0.02366381]
[0.02366381]
[0.02366381]
[0.02366381]
[0.02366381]
[0.02366381]
[0.02366381]
[0.02366381]
[0.02366381]
[0.02366381]
[0.02366381]
[0.02366381]
[0.02366381]
[0.02366381]
[0.02366381]
[0.02366381]
[0.02366381]
[0.02366381]
[0.02180958]
[0.00244922]
[0.00244922]
[0.00244922]
[0.00244922]
[0.00244922]
[0.00244922]
[0.00244922]
[0.00244922]
[0.00244922]
[0.00244922]
[0.00244922]
[0.00244922]
[0.00244922]
[0.00244922]
[0.00244922]
[0.00244922]
[0.00244922]
[0.00244922]
[0.00244922]
[0.00244922]
[0.00244922]
[0.00244922]
[0.00244922]
[0.00244922]
[0.00244922]
[0.00244922]
[0.00244922]
[0.00244922]
[0.00244922]
[0.00244922]
[0.00244922]
[0.00244922]
[0.00244922]
[0.00244922]
[0.00244922]
[0.00244922]
[0.00244922]
[0.00244922]
[0.00244922]
[0.00244922]
[0.00244922]
[0.00244922]
[0.00244922]
[0.00244922]
[0.00244922]
[0.00244922]
[0.00244922]
[0.00244922]
[0.00244922]
[0.00244922]
[0.00244922]
[0.00244922]
[0.00244922]
[0.00244922]
[0.00244922]
[0.00244922]
[0.00244922]
[0.00244922]
[0.00244922]
[0.00244922]
[0.00244922]
[0.00244922]
[0.00244922]
[0.00244922]
[0.00244922]
[0.00244922]
[0.00244922]
[0.00244922]
[0.00244922]
[0.00244922]
[0.00244922]
[0.00244922]
[0.00244922]
[0.00244922]
[0.00244922]
[0.00244922]
[0.00244922]
[0.00244922]
[0.00244922]
[0.00244922]
[0.00244922]
[0.00244922]
[0.00244922]
[0.00244922]
[0.00244922]
[0.00244922]
[0.00244922]
[0.00244922]
[0.00244922]
[0.00244922]
[0.00244922]
[0.00244922]
[0.00244922]
[0.00244922]
[0.00244922]
[0.00244922]
[0.00244922]
[0.00244922]
[0.00244922]
[0.00244922]
[0.00244922]
[0.00244922]
[0.00244922]
[0.00244922]
[0.00244922]
[0.00244922]
[0.00244922]
[0.00244922]
[0.00244922]
[0.00244922]
[0.00244922]
[0.00244922]
[0.00244922]
[0.00244922]
[0.00244922]
[0.00244922]
[0.00244922]
[0.00244922]
[0.00244922]
[0.00244922]
[0.00244922]
[0.00244922]
[0.00244922]
[0.00244922]
[0.00244922]
[0.00244922]
[0.00244922]
[0.00244922]
[0.00244922]
[0.00244922]
[0.00244922]
[0.00244922]
[0.00244922]
[0.00244922]
[0.00244922]
[0.00244922]
[0.00244922]
[0.00244922]
[0.00244922]
[0.00244922]
[0.00244922]
[0.00244922]
[0.00244922]
[0.00244922]
[0.00244922]
[0.00244922]
[0.00244922]
[0.00244922]
[0.00244922]
[0.00244922]
[0.00244922]
[0.00244922]
[0.00244922]
[0.00244922]
[0.00244922]
[0.00244922]
[0.00244922]
[0.00244922]
[0.00244922]
[0.00244922]
[0.00244922]
[0.00244922]
[0.00244922]
[0.00244922]
[0.00244922]
[0.00244922]
[0.00244922]
[0.00244922]
[0.00244922]
[0.00244922]
[0.00244922]
[0.00244922]
[0.00244922]
[0.00244922]
[0.00244922]
[0.00244922]
[0.00244922]
[0.00244922]
[0.00244922]
[0.00244922]
[0.00244922]
[0.00244922]
[0.00244922]
[0.00244922]
[0.00244922]
[0.00244922]
[0.00244922]
[0.00244922]
[0.00244922]
[0.00244922]
[0.00244922]
[0.00244922]
[0.00244922]
[0.00244922]
[0.00244922]
[0.00244922]
[0.00244922]
[0.00244922]
[0.00244922]
[0.00244922]
[0.00244922]
[0.00244922]
[0.00244922]
[0.00244922]
[0.00244922]
[0.00244922]
[0.00244922]
[0.00244922]
[0.00244922]
[0.00244922]
[0.00244922]
[0.00244922]
[0.00244922]
[0.00244922]
[0.00244922]
[0.00244922]
[0.00244922]
[0.00244922]
[0.00244922]
[0.00244922]
[0.00244922]
[0.00244922]
[0.00244922]
[0.00244873]
[0.0024487]
[0.0024524]
[0.0024524]
[0.0024524]
[0.0024524]
[0.00245288]
[0.00245245]
[0.00245245]
[0.00245245]
[0.00245247]
[0.00245247]
[0.00245247]
[0.0024524]
[0.0024524]
[0.0024524]
[0.0024524]
[0.0024524]
[0.0024524]
[0.0024524]
[0.0024524]
[0.0024524]
[0.0024524]
[0.0024524]
[0.0024524]
[0.0024524]
[0.0024524]
[0.0024524]
[0.0024524]
[0.0024524]
[0.0024524]
[0.0024524]
[0.0024524]
[0.0024524]
[0.00244611]
[0.00244667]
[0.00244624]
[0.00244624]
[0.00244624]
[0.00244624]
[0.00244624]
[0.00244624]
[0.00244818]
[0.00245205]
[0.01976913]
[0.00245625]
[0.00245014]
[0.00245272]
[0.00245272]
[0.0024515]
[0.01938308]
[0.00244589]
[0.00244777]
[0.00244777]
[0.00244511]
[0.00245155]
[0.00245551]
[0.00245163]
[0.00245573]
[0.0024454]
[0.00244506]
[0.01462681]
[0.01462681]
[0.01462681]
[0.01462681]
[0.01462681]
[0.01462681]
[0.01462681]
[0.00245511]
[0.00244587]
[0.00244409]
[0.00244558]
[0.00244558]
[0.00244435]
[0.00244783]
[0.0024502]
[0.00245164]
[0.01222787]
[0.01613843]
[0.00244799]
[0.01137309]
[0.00244605]
[0.00244842]
[0.00244898]
[0.00244859]
[0.00244698]
[0.00244969]
[0.00816849]
[0.00816849]
[0.00816849]
[0.00816849]
[0.00816849]
[0.00816849]
[0.00816849]
[0.00816849]
[0.00816849]
[0.00816849]
[0.00816849]
[0.00816849]
[0.00816849]
[0.00816849]
[0.00816849]
[0.00816849]
[0.00816849]
[0.00816849]
[0.00816849]
[0.00816849]
[0.00816849]
[0.00816849]
[0.00816849]
[0.00816849]
[0.00816849]
[0.00816849]
[0.00816849]
[0.00816849]
[0.00816849]
[0.00816849]
[0.00816849]
[0.00816849]
[0.00816849]
[0.00816849]
[0.00816849]
[0.00816849]
[0.00816849]
[0.00624626]
[0.0024756]
[0.0024756]
[0.0024756]
[0.00418748]
[0.0024582]
[0.00246526]
[0.00552077]
[0.00718171]
[0.00718171]
[0.00718171]
[0.00718171]
[0.00718171]
[0.00254318]
[0.00532152]
[0.00532152]
[0.00532152]
[0.00532152]
[0.00295041]
[0.00295041]
[0.00264246]
[0.00264246]
[0.00264246]
[0.00265165]
[0.00275467]
[0.00671452]
[0.00267057]
[0.00515646]
[0.00426391]
[0.00426391]
[0.00426391]
[0.00426391]
[0.00426391]
[0.00426391]
[0.00284204]
[0.00566794]
[0.00262254]
[0.00270206]
[0.00270206]
[0.00344387]
[0.00565292]
[0.00565292]
[0.00565292]
[0.00565292]
[0.00565292]
[0.00565292]
[0.00565292]
[0.00565292]
[0.00565292]
[0.0026588]
[0.00374826]
[0.00306019]
[0.00260714]
[0.00260714]
[0.00397557]
[0.00449457]
[0.00511592]
[0.0032053]
[0.0046776]
[0.00246976]
[0.00246222]
[0.00250307]
[0.00750449]
[0.00250113]
[0.00256165]
[0.00264694]
[0.00279131]
