4.285500000000001
3.3253000000000013
3.3253000000000013
2.719300000000001
0.8674000000000002
1.3604999999999998
1.3604999999999998
1.3604999999999998
4.0836000000000015
4.0836000000000015
4.0836000000000015
4.0836000000000015
4.0836000000000015
4.0836000000000015
4.0836000000000015
4.0836000000000015
4.0836000000000015
4.0836000000000015
4.0836000000000015
4.0836000000000015
4.0836000000000015
4.0836000000000015
4.0836000000000015
4.0836000000000015
4.0836000000000015
4.0836000000000015
4.0836000000000015
4.0836000000000015
4.0836000000000015
4.0836000000000015
4.0836000000000015
4.0836000000000015
4.0836000000000015
2.1643000000000003
2.1643000000000003
2.1643000000000003
2.1643000000000003
2.1643000000000003
2.1643000000000003
2.1643000000000003
2.1643000000000003
2.1643000000000003
2.1643000000000003
2.1643000000000003
2.1643000000000003
2.1643000000000003
2.1643000000000003
2.1643000000000003
2.1643000000000003
2.1643000000000003
2.1643000000000003
2.1643000000000003
3.2295000000000016
3.2295000000000016
3.2295000000000016
3.2295000000000016
3.2295000000000016
3.2295000000000016
3.904300000000002
2.7085000000000012
2.7085000000000012
2.7085000000000012
1.9139000000000004
1.9139000000000004
1.9139000000000004
1.9139000000000004
1.9139000000000004
1.9139000000000004
1.9139000000000004
1.9139000000000004
1.9139000000000004
1.9139000000000004
1.9139000000000004
1.9139000000000004
1.9139000000000004
1.9139000000000004
1.9139000000000004
1.9139000000000004
1.9139000000000004
1.9139000000000004
1.9139000000000004
1.9139000000000004
1.9139000000000004
1.9139000000000004
1.9139000000000004
3.5013000000000014
27.50220000000007
27.50220000000007
27.50220000000007
27.50220000000007
27.50220000000007
27.50220000000007
27.50220000000007
27.50220000000007
27.50220000000007
27.50220000000007
27.50220000000007
27.50220000000007
27.50220000000007
27.50220000000007
27.50220000000007
27.50220000000007
27.50220000000007
27.50220000000007
27.50220000000007
27.50220000000007
27.50220000000007
27.50220000000007
27.50220000000007
27.50220000000007
27.50220000000007
27.50220000000007
27.50220000000007
27.50220000000007
27.50220000000007
27.50220000000007
27.50220000000007
27.50220000000007
27.50220000000007
27.50220000000007
27.50220000000007
27.50220000000007
27.50220000000007
27.50220000000007
27.50220000000007
27.50220000000007
27.50220000000007
27.50220000000007
27.50220000000007
27.50220000000007
27.50220000000007
27.50220000000007
27.50220000000007
27.50220000000007
27.50220000000007
27.50220000000007
27.50220000000007
27.50220000000007
27.50220000000007
27.50220000000007
27.50220000000007
27.50220000000007
27.50220000000007
27.50220000000007
27.50220000000007
27.50220000000007
27.50220000000007
27.50220000000007
27.50220000000007
27.50220000000007
27.50220000000007
27.50220000000007
27.50220000000007
27.50220000000007
27.50220000000007
27.50220000000007
27.50220000000007
27.50220000000007
27.50220000000007
27.50220000000007
27.50220000000007
27.50220000000007
27.50220000000007
27.50220000000007
27.50220000000007
27.50220000000007
27.50220000000007
27.50220000000007
27.50220000000007
27.50220000000007
27.50220000000007
27.50220000000007
27.50220000000007
27.50220000000007
27.50220000000007
27.50220000000007
27.50220000000007
27.50220000000007
27.50220000000007
27.50220000000007
27.50220000000007
27.50220000000007
27.50220000000007
27.50220000000007
27.50220000000007
27.50220000000007
27.50220000000007
27.50220000000007
27.50220000000007
27.50220000000007
27.50220000000007
27.50220000000007
27.50220000000007
27.50220000000007
27.50220000000007
27.50220000000007
27.50220000000007
27.50220000000007
27.50220000000007
27.50220000000007
27.50220000000007
27.50220000000007
27.50220000000007
27.50220000000007
27.50220000000007
27.50220000000007
27.50220000000007
27.50220000000007
27.50220000000007
27.50220000000007
27.50220000000007
27.50220000000007
27.50220000000007
27.50220000000007
27.50220000000007
27.50220000000007
27.50220000000007
27.50220000000007
27.50220000000007
27.50220000000007
27.50220000000007
27.50220000000007
27.50220000000007
27.50220000000007
27.50220000000007
27.50220000000007
27.50220000000007
27.50220000000007
27.50220000000007
27.50220000000007
27.50220000000007
27.50220000000007
27.50220000000007
27.50220000000007
27.50220000000007
27.50220000000007
27.50220000000007
27.50220000000007
27.50220000000007
27.50220000000007
27.50220000000007
27.50220000000007
27.50220000000007
27.50220000000007
27.50220000000007
27.50220000000007
27.50220000000007
27.50220000000007
27.50220000000007
27.50220000000007
27.50220000000007
27.50220000000007
27.50220000000007
27.50220000000007
27.50220000000007
27.50220000000007
27.50220000000007
27.50220000000007
27.50220000000007
27.50220000000007
27.50220000000007
27.50220000000007
27.50220000000007
27.50220000000007
27.50220000000007
27.50220000000007
27.50220000000007
27.50220000000007
27.50220000000007
27.50220000000007
27.50220000000007
27.50220000000007
27.50220000000007
27.50220000000007
27.50220000000007
27.50220000000007
27.50220000000007
27.50220000000007
27.50220000000007
27.50220000000007
27.50220000000007
27.50220000000007
27.50220000000007
27.50220000000007
27.50220000000007
27.50220000000007
27.50220000000007
27.50220000000007
27.50220000000007
27.50220000000007
27.50220000000007
27.50220000000007
27.50220000000007
27.50220000000007
27.50220000000007
27.50220000000007
27.50220000000007
27.50220000000007
27.50220000000007
27.50220000000007
27.50220000000007
27.50220000000007
27.50220000000007
27.50220000000007
27.50220000000007
27.50220000000007
27.50220000000007
27.50220000000007
27.50220000000007
27.112100000000066
27.112100000000066
27.018000000000068
27.018000000000068
27.018000000000068
27.018000000000068
26.995100000000072
26.85400000000007
26.85400000000007
26.85400000000007
26.854000000000063
26.854000000000063
26.854000000000063
26.854000000000063
26.854000000000063
26.854000000000063
26.854000000000063
26.854000000000063
26.854000000000063
26.854000000000063
26.854000000000063
26.854000000000063
26.854000000000063
26.854000000000063
26.854000000000063
26.854000000000063
26.854000000000063
26.854000000000063
26.854000000000063
26.854000000000063
26.854000000000063
26.854000000000063
26.854000000000063
26.854000000000063
27.065100000000065
27.154100000000067
27.111600000000067
27.111600000000067
27.111600000000067
27.111600000000067
27.111600000000067
27.111600000000067
26.72200000000006
26.785600000000063
2.286700000000001
26.20580000000007
26.166100000000068
26.358600000000056
26.35860000000005
26.35860000000005
1.5201999999999998
26.43870000000006
25.92150000000007
25.92150000000007
26.102500000000056
25.663400000000056
25.22870000000007
25.166100000000046
24.566700000000072
24.38140000000004
23.991300000000034
6.824380000000003
6.824380000000003
6.824380000000003
6.824380000000003
6.824380000000003
6.824380000000003
6.824380000000003
23.189000000000036
23.160700000000027
22.43090000000002
22.000000000000018
22.000000000000018
21.79340000000002
21.351800000000015
20.99910000000001
20.02250000000001
6.094800000000004
2.0951
18.89040000000001
4.921100000000001
18.59320000000001
18.153600000000008
17.295399999999997
17.239999999999995
16.739199999999993
16.52479999999999
7.486800000000004
7.486800000000004
7.486800000000004
7.486800000000004
7.486800000000004
7.486800000000004
7.486800000000004
7.486800000000004
7.486800000000004
7.486800000000004
7.486800000000004
7.486800000000004
7.486800000000004
7.486800000000004
7.486800000000004
7.486800000000004
7.486800000000004
7.486800000000004
7.486800000000004
7.486800000000004
7.486800000000004
7.486800000000004
7.486800000000004
7.486800000000004
7.486800000000004
7.486800000000004
7.486800000000004
7.486800000000004
7.486800000000004
7.486800000000004
7.486800000000004
7.486800000000004
7.486800000000004
7.486800000000004
7.486800000000004
7.486800000000004
7.486800000000004
7.253900000000003
13.455699999999988
13.455699999999988
13.455699999999988
10.254699999999989
13.415999999999986
12.551899999999987
5.726200000000004
6.608500000000005
6.608500000000005
6.608500000000005
6.608500000000005
6.608500000000005
9.132299999999995
6.002800000000002
6.002800000000002
6.002800000000002
6.002800000000002
7.977000000000004
7.977000000000004
8.4841
8.4841
8.4841
8.415700000000001
10.182799999999991
6.458200000000005
8.405399999999998
7.0846000000000044
6.539500000000005
6.539500000000005
6.539500000000005
6.539500000000005
6.539500000000005
6.539500000000005
7.749400000000003
6.901800000000004
8.076400000000003
7.295700000000005
7.295700000000005
5.413400000000003
2.7693000000000008
2.7693000000000008
2.7693000000000008
2.7693000000000008
2.7693000000000008
2.7693000000000008
2.7693000000000008
2.7693000000000008
2.7693000000000008
8.641699999999998
6.1464000000000025
6.406900000000003
8.673399999999999
8.673399999999999
6.2374000000000045
3.1626000000000003
-0.04660000000000003
1.2795999999999998
5.641280000000004
0.11280000000000001
26.323820000000048
12.11959999999999
6.311100000000005
11.182899999999991
7.843500000000003
7.572200000000004
8.686700000000002
