0.6931381821632385
0.6895912289619446
0.685873806476593
0.6822671890258789
0.6785716414451599
0.6748411059379578
0.6713330149650574
0.667705774307251
0.664029061794281
0.6606990098953247
0.6646476984024048
0.6617549061775208
0.6589475274085999
0.6560272574424744
0.6530011892318726
0.6501482725143433
0.6471652984619141
0.6442229747772217
0.641228199005127
0.6382407546043396
0.6544777750968933
0.6520625948905945
0.6495948433876038
0.647011935710907
0.6444166898727417
0.6417794823646545
0.6391291618347168
0.6364583373069763
0.6336767077445984
0.6308724284172058
0.6427538394927979
0.640083909034729
0.6373777389526367
0.6346181631088257
0.6318070292472839
0.628953218460083
0.6260497570037842
0.6231067776679993
0.6201047301292419
0.6170279383659363
0.6209178566932678
0.6177660226821899
0.6145445108413696
0.6112502217292786
0.6078843474388123
0.6044389009475708
0.6009131669998169
0.5972929000854492
0.5935735106468201
0.5897544622421265
0.5944566130638123
0.5906531810760498
0.5867548584938049
0.5827736258506775
0.5787256360054016
0.5746173858642578
0.5704379081726074
0.5661756992340088
0.5618248581886292
0.557389497756958
0.57319575548172
0.568618655204773
0.5638030171394348
0.5589774250984192
0.5543271899223328
0.5499188303947449
0.5456094145774841
0.5411544442176819
0.5364251136779785
0.5314816236495972
0.5503318905830383
0.545965313911438
0.5413310527801514
0.536536693572998
0.5317744016647339
0.5271956920623779
0.5228037238121033
0.5184421539306641
0.5139327049255371
0.5092426538467407
0.534879207611084
0.5300468802452087
0.5245954990386963
0.5193189978599548
0.5147858262062073
0.510855495929718
0.5067673325538635
0.5020291209220886
0.4969145655632019
0.49200811982154846
0.5173699259757996
0.5131271481513977
0.5077706575393677
0.5024047493934631
0.498012512922287
0.4945532977581024
0.49097344279289246
0.48653748631477356
0.48163729906082153
0.47710955142974854
0.5025352239608765
0.497447669506073
0.4903436303138733
0.48426181077957153
0.4810112416744232
0.47937554121017456
0.4764710068702698
0.47150734066963196
0.4660971760749817
0.4619777500629425
0.5222241878509521
0.5189119577407837
0.51247638463974
0.5061081647872925
0.5025079250335693
0.5015915036201477
0.5005590915679932
0.49726200103759766
0.49231916666030884
0.4878089725971222
0.5442586541175842
0.5422762632369995
0.5361998081207275
0.5293459892272949
0.5251576900482178
0.5244731307029724
0.5247774720191956
0.523061215877533
0.5188620686531067
0.5140575766563416
0.5653018355369568
0.5652977824211121
0.564002513885498
0.5610641837120056
0.5573808550834656
0.5542718172073364
0.5524687170982361
0.5515563488006592
0.5504204034805298
0.5483168959617615
0.6493875980377197
0.6475200057029724
0.6448615193367004
0.6417730450630188
0.6387889385223389
0.6362470388412476
0.6340658068656921
0.6318526864051819
0.6292629241943359
0.6262752413749695
0.6582292318344116
0.6554070115089417
0.6516214609146118
0.6477845311164856
0.64475417137146
0.6426239609718323
0.6407230496406555
0.6382965445518494
0.6351742744445801
0.6318202018737793
0.6646578907966614
0.6623872518539429
0.6596552133560181
0.6564169526100159
0.6529872417449951
0.6497861742973328
0.6470276713371277
0.6445704102516174
0.6420757174491882
0.639312744140625
0.6537413001060486
0.6499872207641602
0.6464773416519165
0.6435596346855164
0.6411437392234802
0.6388518810272217
0.6363348364830017
0.6335102319717407
0.6305888891220093
0.6279059052467346
0.6286773681640625
0.626822292804718
0.6249833703041077
0.6230152249336243
0.6208620667457581
0.618709921836853
0.6167687773704529
0.615018367767334
0.6132894158363342
0.6115362048149109
0.5863179564476013
0.5847302079200745
0.5830084085464478
0.5811507701873779
0.5792145133018494
0.5772318840026855
0.5751932263374329
0.5731359720230103
0.571027398109436
0.5689530372619629
0.5935466289520264
0.591658890247345
0.5898987650871277
0.5884566307067871
0.5871648788452148
0.585827112197876
0.5843268632888794
0.5827085971832275
0.581219494342804
0.579865038394928
0.614713728427887
0.6130855679512024
0.6112266778945923
0.609329104423523
0.6074982285499573
0.6056782603263855
0.6037505269050598
0.6016837954521179
0.5995724201202393
0.5975269079208374
0.5748111605644226
0.5727695226669312
0.570936381816864
0.5690232515335083
0.5667845010757446
0.5644546747207642
0.5621877312660217
0.5599696040153503
0.557762622833252
0.5554262399673462
0.5102260112762451
0.5072028636932373
0.5039881467819214
0.5007967948913574
0.4973289668560028
0.4938928484916687
0.49063077569007874
0.4877425730228424
0.48490235209465027
0.4820629954338074
0.5497491359710693
0.5466612577438354
0.5432693958282471
0.54152512550354
0.5407129526138306
0.5389740467071533
0.5359674096107483
0.5329819321632385
0.5310308933258057
0.5296268463134766
0.648141086101532
0.6339274048805237
0.6200758218765259
0.615929365158081
0.6189479231834412
0.6195051670074463
0.6131218671798706
0.6028107404708862
0.5944873094558716
0.5919416546821594
0.5285352468490601
0.529119074344635
0.5305725932121277
0.5298277139663696
0.5264561772346497
0.5226239562034607
0.5203131437301636
0.5192820429801941
0.5178265571594238
0.5150048136711121
0.4614652395248413
0.44977712631225586
0.44144272804260254
0.43934741616249084
0.43837907910346985
0.4329140782356262
0.42420926690101624
0.4170052409172058
0.41347992420196533
0.41199594736099243
0.5089552998542786
0.5072875022888184
0.5056353807449341
0.5038884878158569
0.5020411014556885
0.5000324249267578
0.49790942668914795
0.49572035670280457
0.4934781491756439
0.49111688137054443
0.5957748889923096
0.590052604675293
0.583117663860321
0.5779169797897339
0.5754783749580383
0.5739701390266418
0.5707044005393982
0.564950704574585
0.5583599805831909
0.5530472993850708
0.5675281882286072
0.5660997033119202
0.564724326133728
0.5624567270278931
0.5590884685516357
0.5552973747253418
0.5520700216293335
0.5497466325759888
0.5476896166801453
0.5450670123100281
0.5276105999946594
0.5231063961982727
0.5194442272186279
0.5175837278366089
0.5166517496109009
0.514945387840271
0.5118034482002258
0.5081698894500732
0.5053219795227051
0.5035442113876343
0.49363142251968384
0.4899698793888092
0.48433947563171387
0.48030105233192444
0.47926533222198486
0.4791983962059021
0.47728171944618225
0.47352880239486694
0.47006890177726746
0.46823641657829285
0.5743998885154724
0.5728542804718018
0.5716462731361389
0.5704938769340515
0.5688585042953491
0.566373884677887
0.563123881816864
0.5595130324363708
0.555930495262146
0.5525004267692566
0.5089260339736938
0.5076184868812561
0.5063204765319824
0.5049546360969543
0.5035622119903564
0.5022569298744202
0.5010954737663269
0.500004768371582
0.49883973598480225
0.4975223243236542
0.35251960158348083
0.34126564860343933
0.33170560002326965
0.3283381164073944
0.3230619430541992
0.3122410774230957
0.30309492349624634
0.29900920391082764
0.2972159683704376
0.29474934935569763
0.3987824618816376
0.39854365587234497
0.39824628829956055
0.39769744873046875
0.39687734842300415
0.39588889479637146
0.3948515057563782
0.3938339650630951
0.392842173576355
0.3918571174144745
0.5844650864601135
0.5772546529769897
0.5650495886802673
0.5508741736412048
0.5399863123893738
0.5374810099601746
0.542402982711792
0.5471065044403076
0.5451788902282715
0.5368376970291138
0.40914297103881836
0.3745500147342682
0.3456036150455475
0.33076217770576477
0.33042940497398376
0.34195423126220703
0.3573254942893982
0.36106663942337036
0.34965980052948
0.3348749577999115
0.5328283309936523
0.5205716490745544
0.5089579820632935
0.4987468421459198
0.4917159378528595
0.48996224999427795
0.49399781227111816
0.501255989074707
0.5071752071380615
0.508204460144043
0.36589813232421875
0.3329971134662628
0.29284268617630005
0.25979578495025635
0.24002982676029205
0.23310792446136475
0.23739662766456604
0.2515607476234436
0.26782241463661194
0.27072668075561523
0.3722350299358368
0.34854423999786377
0.3314496874809265
0.32249942421913147
0.31902819871902466
0.3190455734729767
0.3213515281677246
0.3248788118362427
0.32846543192863464
0.3310149312019348
0.4699655771255493
0.4698660671710968
0.46938252449035645
0.46854597330093384
0.46739551424980164
0.46597951650619507
0.464348703622818
0.4625542461872101
0.460645854473114
0.4586663544178009
0.46291083097457886
0.46017077565193176
0.45703449845314026
0.45380958914756775
0.45082467794418335
0.44833996891975403
0.4464479982852936
0.4450322687625885
0.4438059628009796
0.44243955612182617
0.27969783544540405
0.2656385004520416
0.24394360184669495
0.22234345972537994
0.2060856819152832
0.19707836210727692
0.1947520673274994
0.19696523249149323
0.20026911795139313
0.20088507235050201
0.20587295293807983
0.19738520681858063
0.18846271932125092
0.1811012178659439
0.17580614984035492
0.17245548963546753
0.1707216501235962
0.17017212510108948
0.17029233276844025
0.17054492235183716
0.18670831620693207
0.1862442046403885
0.18522308766841888
0.18370354175567627
0.1818590611219406
0.17990855872631073
0.1780499964952469
0.17641648650169373
0.1750597059726715
0.17395538091659546
0.24907183647155762
0.24895916879177094
0.24856454133987427
0.24789652228355408
0.24702472984790802
0.24604007601737976
0.24503076076507568
0.24406906962394714
0.24320675432682037
0.2424696385860443
0.47159212827682495
0.46815770864486694
0.4633960425853729
0.4574280083179474
0.45042872428894043
0.4427310526371002
0.4349680244922638
0.4281533360481262
0.4233930706977844
0.4208786189556122
0.32900765538215637
0.3213067352771759
0.3033266067504883
0.28413981199264526
0.26947373151779175
0.2608526051044464
0.25747019052505493
0.25790801644325256
0.26076987385749817
0.2646506726741791
0.47326749563217163
0.4728240370750427
0.46546506881713867
0.45340749621391296
0.4384113848209381
0.4215747117996216
0.4044691026210785
0.3902936279773712
0.38364049792289734
0.38728058338165283
0.28555217385292053
0.2885735332965851
0.26645249128341675
0.2326013743877411
0.20072945952415466
0.17827264964580536
0.1663818061351776
0.1636306494474411
0.16839900612831116
0.17744243144989014
0.2370937317609787
0.22385811805725098
0.20661409199237823
0.19542784988880157
0.1892826408147812
0.18627022206783295
0.18536992371082306
0.1859886199235916
0.18759757280349731
0.18958637118339539
0.28354766964912415
0.2838568687438965
0.28418877720832825
0.2844526469707489
0.2845585346221924
0.28443676233291626
0.2840586006641388
0.28343498706817627
0.28261494636535645
0.281663715839386
0.46995609998703003
0.4665461778640747
0.4603140354156494
0.4515351355075836
0.4408695101737976
0.4296215772628784
0.41976413130760193
0.4132387042045593
0.4104945957660675
0.40957003831863403
0.28614315390586853
0.2695445418357849
0.2399183064699173
0.21018967032432556
0.18829824030399323
0.1758938729763031
0.17152813076972961
0.17361962795257568
0.18113385140895844
0.19160936772823334
0.2843976616859436
0.27428075671195984
0.25474098324775696
0.2396167665719986
0.23052844405174255
0.2253548800945282
0.22276970744132996
0.22220346331596375
0.22326457500457764
0.22545021772384644
0.3136650025844574
0.3123309314250946
0.3114980161190033
0.31113651394844055
0.31098657846450806
0.31062451004981995
0.3096238374710083
0.30774131417274475
0.30501750111579895
0.3017387390136719
0.21956004202365875
0.2087940126657486
0.19650176167488098
0.18571628630161285
0.17792409658432007
0.17332413792610168
0.1714951992034912
0.17187070846557617
0.17387592792510986
0.17679435014724731
0.32268190383911133
0.32324373722076416
0.3179433047771454
0.30997586250305176
0.302051842212677
0.2951870262622833
0.2895171344280243
0.28505074977874756
0.2818920612335205
0.2801932394504547
0.3030359745025635
0.3042892813682556
0.305857390165329
0.3070712685585022
0.30733412504196167
0.3063453137874603
0.3042066693305969
0.3013332486152649
0.2982557713985443
0.29542064666748047
0.31191396713256836
0.31007838249206543
0.3086891174316406
0.3076228201389313
0.3067297041416168
0.3058640658855438
0.30490270256996155
0.30375364422798157
0.3023568093776703
0.3006857633590698
0.4597203731536865
0.44688355922698975
0.4279094934463501
0.40569353103637695
0.3865237236022949
0.37842056155204773
0.38338953256607056
0.3919806480407715
0.39176100492477417
0.3793834447860718
0.269614040851593
0.23085516691207886
0.19921086728572845
0.18063421547412872
0.17289435863494873
0.17234990000724792
0.1765347719192505
0.18343393504619598
0.18977876007556915
0.19141201674938202
0.20481564104557037
0.19040784239768982
0.17787525057792664
0.16952556371688843
0.16425824165344238
0.16106869280338287
0.1594577431678772
0.15916061401367188
0.15991395711898804
0.16133280098438263
0.1760900914669037
0.1772623211145401
0.1777941882610321
0.1775350719690323
0.1765424907207489
0.1750360131263733
0.17330269515514374
0.1716046780347824
0.17012211680412292
0.16894185543060303
0.2158709466457367
0.21602846682071686
0.21614575386047363
0.21613876521587372
0.21595525741577148
0.21557049453258514
0.21498171985149384
0.21420295536518097
0.21326211094856262
0.21219587326049805
0.30578523874282837
0.30137869715690613
0.29558348655700684
0.2888968884944916
0.28218603134155273
0.2767162621021271
0.2737882137298584
0.27388665080070496
0.27594730257987976
0.2776799499988556
0.21925212442874908
0.20407503843307495
0.1809338927268982
0.15925244987010956
0.14394798874855042
0.13548818230628967
0.13237488269805908
0.1329437494277954
0.13589012622833252
0.1401263326406479
0.23387542366981506
0.23781023919582367
0.23810970783233643
0.23500724136829376
0.22976107895374298
0.22373536229133606
0.2178293615579605
0.2124815583229065
0.20785820484161377
0.2040083110332489
0.3399970531463623
0.32834506034851074
0.31460046768188477
0.29998183250427246
0.2874315679073334
0.28136497735977173
0.28447240591049194
0.2933187782764435
0.29945865273475647
0.29665541648864746
0.20945817232131958
0.17697462439537048
0.1431233286857605
0.11676003038883209
0.09974446892738342
0.09067055583000183
0.08767274767160416
0.08928082138299942
0.09431014955043793
0.10135913640260696
0.15330766141414642
0.15272822976112366
0.13993574678897858
0.12452005594968796
0.11181068420410156
0.10263187438249588
0.09665072709321976
0.09346834570169449
0.09266012161970139
0.09366916865110397
0.08848289400339127
0.0906839519739151
0.09240900725126266
0.09326502680778503
0.09306894987821579
0.09186375886201859
0.08987227827310562
0.08741195499897003
0.08480644971132278
0.08232150971889496
0.0766870379447937
0.07487768679857254
0.0734604150056839
0.072418212890625
0.07170361280441284
0.0712517648935318
0.07098980247974396
0.07084249705076218
0.07073958218097687
0.07061987370252609
0.07217054814100266
0.07189659774303436
0.071474589407444
0.07092080265283585
0.07026993483304977
0.069566510617733
0.06885484606027603
0.06817296147346497
0.06754803657531738
0.0669952854514122
0.0649692639708519
0.06459391862154007
0.06427588313817978
0.06400308758020401
0.06376205384731293
0.0635390654206276
0.06332197040319443
0.06310102343559265
0.06286913901567459
0.06262234598398209
0.06707778573036194
0.06678649038076401
0.06646568328142166
0.06612691283226013
0.06578244268894196
0.06544335931539536
0.06511890888214111
0.06481471657752991
0.0645332783460617
0.06427408009767532
0.06071636453270912
0.060535065829753876
0.060345783829689026
0.06014413759112358
0.05992874503135681
0.059700220823287964
0.0594613142311573
0.05921546369791031
0.05896686762571335
0.05871933326125145
0.06268686056137085
0.06241339072585106
0.06214544549584389
0.061887722462415695
0.061642564833164215
0.061409782618284225
0.0611877404153347
0.060972992330789566
0.060762204229831696
0.060552213340997696
0.058664947748184204
0.058404408395290375
0.05813626945018768
0.057865239679813385
0.05759543180465698
0.057329896837472916
0.05707092955708504
0.05681997537612915
0.056577183306217194
0.05634194612503052
0.0644037276506424
0.06421224772930145
0.06392697244882584
0.06357461959123611
0.06319145858287811
0.06281467527151108
0.06247389689087868
0.0621863529086113
0.0619564987719059
0.06177627295255661
0.060748592019081116
0.06068947911262512
0.06053018569946289
0.06027638167142868
0.05994957312941551
0.0595797523856163
0.05919875577092171
0.05883502960205078
0.058509375900030136
0.05823301896452904
0.05303444713354111
0.052927080541849136
0.052833881229162216
0.05273570492863655
0.05261828750371933
0.0524742528796196
0.052302442491054535
0.052107591181993484
0.05189748853445053
0.051681797951459885
0.05749007314443588
0.0571092925965786
0.05671944096684456
0.056360598653554916
0.056058451533317566
0.05582251772284508
0.055647753179073334
0.05551831051707268
0.05541312322020531
0.05531052500009537
0.06086771935224533
0.06073901057243347
0.06057204306125641
0.06037258729338646
0.060152649879455566
0.05992575362324715
0.05970500782132149
0.059500113129615784
0.059316057711839676
0.05915326252579689
0.05105511471629143
0.05087311565876007
0.050705816596746445
0.05055401846766472
0.05041595548391342
0.05028807744383812
0.050165727734565735
0.050044577568769455
0.04992080479860306
0.049792300909757614
0.045884232968091965
0.045739538967609406
0.045585162937641144
0.04542481526732445
0.045262567698955536
0.045101992785930634
0.04494577273726463
0.044795576483011246
0.044652000069618225
0.04451476037502289
0.04805150628089905
0.04792581498622894
0.04769440367817879
0.047386929392814636
0.04704126715660095
0.046694524586200714
0.04637591168284416
0.04610363766551018
0.04588446766138077
0.04571526497602463
0.051117535680532455
0.051104139536619186
0.051029521971940994
0.05088650435209274
0.050683584064245224
0.050439465790987015
0.05017700046300888
0.04991767182946205
0.0496780201792717
0.04946829006075859
0.04552407190203667
0.04542792961001396
0.04534308984875679
0.04526255279779434
0.04518049210309982
0.045093122869729996
0.044997651129961014
0.04489344358444214
0.0447806641459465
0.04466059431433678
0.04300147294998169
0.04288700595498085
0.042774152010679245
0.042663201689720154
0.042553938925266266
0.04244614019989967
0.04233935847878456
0.0422331765294075
0.042127158492803574
0.04202088341116905
0.04528670758008957
0.04518218711018562
0.045071374624967575
0.044955674558877945
0.044836144894361496
0.04471380636096001
0.04458925500512123
0.04446334391832352
0.04433654993772507
0.04420910403132439
0.05068492144346237
0.050570882856845856
0.05045226961374283
0.05033096298575401
0.05020856112241745
0.05008597671985626
0.04996378347277641
0.049842290580272675
0.04972109571099281
0.04959966614842415
0.04104704409837723
0.04094480723142624
0.040826085954904556
0.04069643095135689
0.040561869740486145
0.040428344160318375
0.040300220251083374
0.040180034935474396
0.04006912186741829
0.03996700420975685
0.04652700945734978
0.04644043371081352
0.04635040462017059
0.04625735804438591
0.04616061598062515
0.046058859676122665
0.045950815081596375
0.04583575949072838
0.04571355879306793
0.0455847792327404
0.04052349552512169
0.040425099432468414
0.040328074246644974
0.04023222252726555
0.04013761878013611
0.04004371911287308
0.039950523525476456
0.03985763341188431
0.03976469859480858
0.03967167064547539
0.03896942362189293
0.0388750322163105
0.03877381235361099
0.038667794317007065
0.03855960816144943
0.0384511724114418
0.0383441299200058
0.03823912516236305
0.03813648968935013
0.03803597763180733
0.043758783489465714
0.04363071173429489
0.04343143850564957
0.043183937668800354
0.04291440546512604
0.042646780610084534
0.0423995777964592
0.04218342527747154
0.04200161620974541
0.04185081645846367
0.04011101648211479
0.04017213359475136
0.040082450956106186
0.03986307606101036
0.039551980793476105
0.03919363394379616
0.038831211626529694
0.03849979117512703
0.03822338208556175
0.03801382705569267
