4.798067156468171
4.798067156468171
4.847010973325327
4.6341809552901925
4.6341809552901925
4.6341809552901925
4.6341809552901925
4.6341809552901925
4.6341809552901925
4.6341809552901925
4.6341809552901925
4.6341809552901925
4.6341809552901925
4.6341809552901925
4.6341809552901925
4.6341809552901925
4.6341809552901925
4.6341809552901925
4.6341809552901925
4.6341809552901925
4.6341809552901925
4.6341809552901925
4.6341809552901925
4.6341809552901925
4.806673202898695
4.757468326857387
4.757468326857387
4.757468326857387
4.757468326857387
4.757468326857387
4.757468326857387
4.757468326857387
4.757468326857387
4.757468326857387
4.757468326857387
4.653905692405242
4.653905692405242
4.653905692405242
4.653905692405242
4.653905692405242
4.653905692405242
4.653905692405242
4.653905692405242
4.653905692405242
4.653905692405242
4.653905692405242
4.653905692405242
4.653905692405242
4.653905692405242
4.653905692405242
4.653905692405242
4.653905692405242
4.653905692405242
4.653905692405242
4.653905692405242
4.653905692405242
4.653905692405242
4.653905692405242
4.653905692405242
4.653905692405242
4.653905692405242
4.653905692405242
4.653905692405242
4.653905692405242
4.653905692405242
4.653905692405242
4.653905692405242
4.653905692405242
4.653905692405242
4.653905692405242
4.653905692405242
4.653905692405242
4.653905692405242
4.653905692405242
4.653905692405242
4.653905692405242
4.653905692405242
4.653905692405242
4.653905692405242
4.653905692405242
4.653905692405242
4.653905692405242
4.653905692405242
4.653905692405242
4.653905692405242
4.653905692405242
4.653905692405242
4.653905692405242
4.653905692405242
4.653905692405242
4.653905692405242
4.653905692405242
4.653905692405242
4.653905692405242
4.653905692405242
4.653905692405242
4.653905692405242
4.653905692405242
4.653905692405242
4.653905692405242
4.653905692405242
4.653905692405242
4.653905692405242
4.653905692405242
4.653905692405242
4.653905692405242
4.653905692405242
4.653905692405242
4.653905692405242
4.653905692405242
4.653905692405242
4.653905692405242
4.653905692405242
4.653905692405242
4.653905692405242
4.653905692405242
4.653905692405242
4.653905692405242
4.653905692405242
4.653905692405242
4.653905692405242
4.653905692405242
4.653905692405242
4.653905692405242
4.653905692405242
4.653905692405242
4.653905692405242
4.653905692405242
4.653905692405242
4.653905692405242
4.653905692405242
4.653905692405242
4.653905692405242
4.653905692405242
4.653905692405242
4.653905692405242
4.653905692405242
4.653905692405242
4.653905692405242
4.653905692405242
4.653905692405242
4.653905692405242
4.653905692405242
4.653905692405242
4.653905692405242
4.653905692405242
4.653905692405242
4.653905692405242
4.653905692405242
4.653905692405242
4.653905692405242
4.653905692405242
4.653905692405242
4.653905692405242
4.653905692405242
4.653905692405242
4.653905692405242
4.653905692405242
4.653905692405242
4.653905692405242
4.653905692405242
4.653905692405242
4.653905692405242
4.653905692405242
4.653905692405242
4.653905692405242
4.653905692405242
4.653905692405242
4.653905692405242
4.653905692405242
4.653905692405242
4.653905692405242
4.653905692405242
4.653905692405242
4.653905692405242
4.653905692405242
4.653905692405242
4.653905692405242
4.653905692405242
4.653905692405242
4.653905692405242
4.653905692405242
4.653905692405242
4.653905692405242
4.653905692405242
4.653905692405242
4.653905692405242
4.653905692405242
4.653905692405242
4.653905692405242
4.653905692405242
4.653905692405242
4.653905692405242
4.653905692405242
4.653905692405242
4.653905692405242
4.653905692405242
4.653905692405242
4.653905692405242
4.653905692405242
4.653905692405242
4.653905692405242
4.653905692405242
4.653905692405242
4.653905692405242
4.653905692405242
4.653905692405242
4.653905692405242
4.653905692405242
4.653905692405242
4.653905692405242
4.653905692405242
4.653905692405242
4.653905692405242
4.653905692405242
4.653905692405242
4.653905692405242
4.653905692405242
4.653905692405242
4.653905692405242
4.653905692405242
4.653905692405242
4.653905692405242
4.653905692405242
4.653905692405242
4.653905692405242
4.653905692405242
4.653905692405242
4.653905692405242
4.653905692405242
4.653905692405242
4.653905692405242
4.653905692405242
4.653905692405242
4.653905692405242
4.653905692405242
4.653905692405242
4.653905692405242
4.653905692405242
4.653905692405242
4.653905692405242
4.653905692405242
4.653905692405242
4.653905692405242
4.653905692405242
4.653905692405242
4.653905692405242
4.653905692405242
4.653905692405242
4.653905692405242
4.653905692405242
4.653905692405242
4.653905692405242
4.653905692405242
4.653905692405242
4.653905692405242
4.653905692405242
4.653905692405242
4.653905692405242
4.653905692405242
4.653905692405242
4.653905692405242
4.653905692405242
4.653905692405242
4.653905692405242
4.653905692405242
4.653905692405242
4.653905692405242
4.653905692405242
4.653905692405242
4.653905692405242
4.653905692405242
4.653905692405242
4.653905692405242
4.653905692405242
4.653905692405242
4.653905692405242
4.653905692405242
4.653905692405242
4.650026551145116
4.8421242854066096
4.592493507725942
4.592493507725942
5.046791237859473
4.632448013523259
4.545513594428035
4.545513594428035
4.652290716697339
4.652290716697339
4.652290716697339
4.652290716697339
4.652290716697339
4.652290716697339
4.652290716697339
4.828810026639883
4.884207574891379
4.889603799342051
4.624732067293531
4.62706305878514
4.649788665443375
4.649788665443375
4.548863461130717
4.548863461130717
4.654968757621104
4.563681760725858
4.563681760725858
4.91448801646658
4.5942940751677686
4.5942940751677686
4.594990959612319
4.594990959612319
4.594990959612319
4.594990959612319
4.594990959612319
4.68979251407926
4.68979251407926
4.714252357032491
4.735583441023201
4.7406352545391774
4.7406352545391774
4.693177288889942
4.695336714956104
4.721359122202713
4.8387854049715475
4.7595903729820215
4.82124521554878
4.552616172677995
4.631757175316386
4.830940154578448
4.830940154578448
4.831448093698151
4.833437426752984
4.387238245305791
4.858209162479404
4.697549249481357
4.681186202568655
4.544913656317329
4.651721629556738
4.651721629556738
4.651721629556738
4.651721629556738
4.485484539605186
4.694284111038632
4.8797977630730305
4.8797977630730305
4.7585520446476615
4.714666782319435
4.714666782319435
4.530090841098864
4.530090841098864
4.530090841098864
4.9291206780527865
4.760445921811424
4.648609747390653
4.415827775729758
4.803071939732613
4.803071939732613
4.819900445526052
4.82194149773809
4.44169761135094
4.44169761135094
4.826167085621708
4.803140546865357
4.917529266334491
4.917529266334491
4.456861517249332
4.456861517249332
4.7757185132555735
4.493552645599517
4.69197630802689
4.791214009469204
4.367279542604953
5.322575397323794
4.476128557803294
4.748025386993092
5.170988062429208
5.170988062429208
4.792675763559901
4.796755111385988
4.796755111385988
5.209943162891561
4.7323080736705725
4.919802050242416
4.376523831050006
4.980515414894893
4.360203706484552
4.942074468258624
4.774052788286925
4.382002329036053
4.842015199658372
5.136875031023427
5.171437427467273
5.171437427467273
5.171437427467273
5.17783167203026
4.749624374985837
4.781351074456714
4.801181593393728
4.802344526833345
5.125335394114628
5.242015099797939
5.242015099797939
5.190139860615869
4.790903997890844
4.790903997890844
4.39140059516162
4.39140059516162
5.257459711732494
5.202153450183474
4.154388890487388
5.136860614737778
5.153368740504995
4.664881673097356
4.684909112975473
4.828600721093203
4.828600721093203
4.184316933917891
4.117679636104571
4.8663384452383465
4.381545378371467
4.984322009116374
4.2001395373080905
4.094612016055654
4.507227688052623
4.737878711019933
4.927111460929016
4.945215368315269
3.8606195090160886
3.6342578222452753
4.685284967213281
3.804317623734109
4.968161863161908
4.74865129636281
3.745869130545869
3.8972191539865033
3.6296108997511833
3.6317799229307806
3.6360469093338814
3.6360469093338814
3.743027587765946
3.467619245254842
3.7635852297290837
3.7635852297290837
3.7635852297290837
3.7771781544560454
3.6828400877659444
3.7886589470312995
3.559477160914316
3.569449382388541
3.426703835548375
3.840624074739912
3.526861445325604
2.913168943524518
2.913168943524518
4.053886234476775
4.146603919732318
3.9910764973966764
3.781576320473534
4.285462410278974
3.487345764190051
3.9669083489269052
3.7313032958143992
1.192665672972261
4.780377957005522
3.850561578340603
3.850561578340603
3.4973863549229076
3.3449484875546354
3.3449484875546354
3.2749923487614243
3.2359130546205073
2.8460270589832053
3.4392844318459845
2.7475679189493913
3.75987135980343
3.1638132405938526
3.119323046467981
3.36553289826497
3.737584584929518
3.040964730942676
3.4814508674954636
4.7465912788317715
5.868096709582548
5.689915805841428
5.714135182683151
5.077016784599084
5.0854987755493095
3.439949266142042
3.439949266142042
3.439949266142042
5.8285896968026085
6.4171639721925695
5.354797455918751
5.645329352526727
5.338142147195599
5.846411253224705
5.789329975346036
5.302261529498693
5.302261529498693
5.302261529498693
