[0.00187361]
[0.00187361]
[0.0018927]
[0.00188103]
[0.00188095]
[0.00188089]
[0.00188089]
[0.00188089]
[0.00188089]
[0.00188089]
[0.00188089]
[0.00188089]
[0.00188089]
[0.00188089]
[0.00188089]
[0.00188089]
[0.00188089]
[0.00188089]
[0.0018812]
[0.0018812]
[0.0018812]
[0.0018812]
[0.0018812]
[0.0018812]
[0.0018812]
[0.00190436]
[0.00190436]
[0.00190436]
[0.00190436]
[0.00190436]
[0.00190436]
[0.00190436]
[0.00190436]
[0.00190436]
[0.00190436]
[0.00190436]
[0.00190436]
[0.00190436]
[0.00189466]
[0.00190433]
[0.00190433]
[0.00190433]
[0.0019044]
[0.0019044]
[0.0019044]
[0.0019044]
[0.0019044]
[0.0019044]
[0.0019044]
[0.0019044]
[0.0019044]
[0.0019044]
[0.0019044]
[0.0019044]
[0.0019044]
[0.0019044]
[0.0019044]
[0.0019044]
[0.0019044]
[0.0019044]
[0.0019044]
[0.0019044]
[0.0019044]
[0.0019044]
[0.0019044]
[0.0019044]
[0.0019044]
[0.0019044]
[0.0019044]
[0.0019044]
[0.0019044]
[0.0019044]
[0.0019044]
[0.0019044]
[0.0019044]
[0.0019044]
[0.0019044]
[0.0019044]
[0.0019044]
[0.0019044]
[0.0019044]
[0.0019044]
[0.0019044]
[0.0019044]
[0.0019044]
[0.0019044]
[0.0019044]
[0.0019044]
[0.0019044]
[0.0019044]
[0.0019044]
[0.0019044]
[0.0019044]
[0.0019044]
[0.0019044]
[0.0019044]
[0.0019044]
[0.0019044]
[0.0019044]
[0.0019044]
[0.0019044]
[0.0019044]
[0.0019044]
[0.0019044]
[0.0019044]
[0.0019044]
[0.0019044]
[0.0019044]
[0.0019044]
[0.0019044]
[0.0019044]
[0.0019044]
[0.0019044]
[0.0019044]
[0.0019044]
[0.0019044]
[0.0019044]
[0.0019044]
[0.0019044]
[0.0019044]
[0.0019044]
[0.0019044]
[0.0019044]
[0.0019044]
[0.0019044]
[0.0019044]
[0.0019044]
[0.0019044]
[0.0019044]
[0.0019044]
[0.0019044]
[0.0019044]
[0.0019044]
[0.0019044]
[0.0019044]
[0.0019044]
[0.0019044]
[0.0019044]
[0.0019044]
[0.0019044]
[0.0019044]
[0.0019044]
[0.0019044]
[0.0019044]
[0.0019044]
[0.0019044]
[0.0019044]
[0.0019044]
[0.0019044]
[0.0019044]
[0.0019044]
[0.0019044]
[0.0019044]
[0.0019044]
[0.0019044]
[0.0019044]
[0.0019044]
[0.0019044]
[0.0019044]
[0.0019044]
[0.0019044]
[0.0019044]
[0.0019044]
[0.0019044]
[0.0019044]
[0.0019044]
[0.0019044]
[0.0019044]
[0.0019044]
[0.0019044]
[0.0019044]
[0.0019044]
[0.0019044]
[0.0019044]
[0.0019044]
[0.0019044]
[0.0019044]
[0.0019044]
[0.0019044]
[0.0019044]
[0.0019044]
[0.0019044]
[0.0019044]
[0.0019044]
[0.0019044]
[0.0019044]
[0.0019044]
[0.0019044]
[0.0019044]
[0.0019044]
[0.0019044]
[0.0019044]
[0.0019044]
[0.0019044]
[0.0019044]
[0.0019044]
[0.0019044]
[0.0019044]
[0.0019044]
[0.0019044]
[0.0019044]
[0.0019044]
[0.0019044]
[0.0019044]
[0.0019044]
[0.0019044]
[0.0019044]
[0.0019044]
[0.0019044]
[0.00194926]
[0.0018805]
[0.00188072]
[0.00188072]
[0.00189484]
[0.00189067]
[0.0019329]
[0.00188089]
[0.00188089]
[0.00188918]
[0.00193286]
[0.00193286]
[0.00193286]
[0.00193286]
[0.00193286]
[0.00193286]
[0.00193286]
[0.00193286]
[0.00190175]
[0.00190175]
[0.00190175]
[0.00190175]
[0.0019359]
[0.00190449]
[0.00190454]
[0.00193528]
[0.00193528]
[0.00187951]
[0.00188604]
[0.00188604]
[0.00188604]
[0.00188604]
[0.00188604]
[0.00188604]
[0.00188604]
[0.00188604]
[0.00188604]
[0.00188604]
[0.00188604]
[0.00188604]
[0.00188604]
[0.00188604]
[0.00188604]
[0.00188604]
[0.00188604]
[0.00188604]
[0.00188604]
[0.00188604]
[0.00188604]
[0.00188604]
[0.00188604]
[0.00188604]
[0.00188604]
[0.00188604]
[0.00188604]
[0.00188604]
[0.00188604]
[0.00188604]
[0.00188604]
[0.00188604]
[0.00188604]
[0.00188604]
[0.0018795]
[0.00187954]
[0.00193829]
[0.001858]
[0.0019359]
[0.0019359]
[0.0019032]
[0.00187483]
[0.00193343]
[0.00190669]
[0.00188629]
[0.00188629]
[0.00188211]
[0.00194243]
[0.00194243]
[0.00188727]
[0.00188805]
[0.00197467]
[0.00193401]
[0.00185525]
[0.0019045]
[0.00192454]
[0.00189758]
[0.00187516]
[0.00187516]
[0.00187516]
[0.00187516]
[0.00187516]
[0.00187516]
[0.00187516]
[0.00187516]
[0.00187516]
[0.00187516]
[0.00187516]
[0.00189947]
[0.00188796]
[0.00190693]
[0.00185707]
[0.00190875]
[0.00192009]
[0.00193681]
[0.00191985]
[0.00192319]
[0.0018972]
[0.0018972]
[0.0018972]
[0.0018972]
[0.00192243]
[0.00190531]
[0.00189729]
[0.0018974]
[0.0018974]
[0.0018974]
[0.00192445]
[0.001924]
[0.00191683]
[0.00193239]
[0.00190535]
[0.00190118]
[0.0018865]
[0.00196246]
[0.0019073]
[0.00189577]
[0.00187976]
[0.00187976]
[0.00187976]
[0.00187976]
[0.00187976]
[0.00187976]
[0.00187976]
[0.00187976]
[0.00187976]
[0.00187976]
[0.00187009]
[0.00201833]
[0.00187386]
[0.00189844]
[0.00193082]
[0.00190435]
[0.00214453]
[0.00204444]
[0.00190984]
[0.00188606]
[0.00189152]
[0.00195703]
[0.0020392]
[0.0020392]
[0.00201675]
[0.00190552]
[0.00203859]
[0.00214059]
[0.00203899]
[0.002024]
[0.00195039]
[0.00228568]
[0.00223292]
[0.00199003]
[0.0021404]
[0.0021404]
[0.00210689]
[0.00210745]
[0.00230766]
[0.00195826]
[0.0019583]
[0.00198765]
[0.0033167]
[0.00230177]
[0.00496145]
[0.00201855]
[0.00201855]
[0.00201855]
[0.00201855]
[0.00201855]
[0.00201855]
[0.00201855]
[0.00201855]
[0.00201855]
[0.00201855]
[0.00201855]
[0.00201855]
[0.00201855]
[0.00201855]
[0.00201855]
[0.00201855]
[0.00201855]
[0.00201855]
[0.00201855]
[0.00201855]
[0.00201855]
[0.00201855]
[0.00201855]
[0.00201855]
[0.00201855]
[0.00201855]
[0.00201855]
[0.00201855]
[0.00201855]
[0.00201855]
[0.00201855]
[0.00201855]
[0.00201855]
[0.00201855]
[0.00201855]
[0.00201855]
[0.00201855]
[0.00201855]
[0.00201855]
[0.00201855]
[0.00201855]
[0.00201855]
[0.00201855]
[0.00201855]
[0.00201855]
[0.00201855]
[0.00201855]
[0.00201855]
[0.00201855]
[0.00201855]
[0.00201855]
[0.00201855]
[0.00201855]
[0.00201855]
[0.00201855]
[0.00201855]
[0.00207154]
[0.00195823]
[0.00195823]
[0.00201578]
[0.00197807]
[0.00218319]
[0.00218319]
[0.00218319]
[0.00218319]
[0.00201962]
[0.00197383]
[0.00197383]
[0.00197383]
[0.00197383]
[0.00197383]
[0.00202048]
[0.00202048]
[0.00202048]
[0.00205346]
[0.00321481]
[0.00207125]
[0.00207125]
[0.00207125]
[0.00194227]
[0.00197401]
[0.00197401]
[0.00197401]
[0.00197401]
[0.00300574]
[0.00203804]
[0.00211548]
[0.0020305]
[0.00200744]
[0.00201511]
[0.00201511]
[0.00279984]
[0.00283783]
[0.00332828]
[0.00304748]
[0.00207464]
[0.00191406]
[0.00518414]
[0.00518414]
[0.00382817]
[0.00252995]
[0.00526011]
[0.06261925]
[0.0018924]
[0.00215633]
[0.00889524]
[0.02734103]
[0.00697125]
[0.00697125]
[0.00697125]
[0.00697125]
[0.00167296]
[0.00201035]
[0.00364402]
[0.00174121]
[0.0019289]
[0.0018494]
[0.00194748]
[0.01004097]
[0.00194158]
[0.00190863]
