6.891900000000005
5.329020000000003
5.329020000000003
5.405620000000003
5.405620000000003
6.089800000000004
6.599500000000005
5.252820000000004
5.252820000000004
5.666300000000004
5.132100000000003
5.132100000000003
5.132100000000003
5.1236400000000035
5.1236400000000035
5.1236400000000035
6.128800000000005
4.815220000000004
4.815220000000004
4.506800000000003
5.309300000000004
6.932100000000004
5.653200000000004
6.447900000000004
6.447900000000004
4.430600000000003
5.0957000000000034
3.993000000000002
5.073600000000004
5.073600000000004
5.073600000000004
6.231100000000005
5.103920000000003
5.026100000000003
5.026100000000003
5.026100000000003
3.9704400000000026
3.9704400000000026
3.9704400000000026
3.9704400000000026
3.9704400000000026
3.9704400000000026
3.9704400000000026
5.333000000000005
5.333000000000005
4.969400000000004
4.776800000000004
4.776800000000004
3.4718000000000018
3.4718000000000018
3.4718000000000018
3.4718000000000018
3.4718000000000018
4.526600000000003
3.662020000000002
3.662020000000002
3.662020000000002
3.662020000000002
3.662020000000002
3.662020000000002
3.662020000000002
3.662020000000002
3.662020000000002
3.662020000000002
3.662020000000002
3.662020000000002
3.662020000000002
3.662020000000002
3.662020000000002
3.662020000000002
3.662020000000002
3.662020000000002
3.857000000000003
3.857000000000003
3.857000000000003
3.857000000000003
3.857000000000003
3.857000000000003
3.478900000000001
3.478900000000001
3.478900000000001
3.478900000000001
3.478900000000001
3.478900000000001
5.111600000000004
4.641020000000004
3.353600000000001
3.353600000000001
3.353600000000001
3.353600000000001
3.353600000000001
3.353600000000001
3.353600000000001
3.353600000000001
3.353600000000001
3.353600000000001
4.727820000000004
5.981200000000005
4.454640000000003
4.942900000000003
4.942900000000003
4.942900000000003
4.942900000000003
4.942900000000003
4.942900000000003
4.942900000000003
4.942900000000003
4.942900000000003
3.277400000000002
3.277400000000002
3.277400000000002
3.277400000000002
3.277400000000002
3.277400000000002
3.277400000000002
3.277400000000002
3.277400000000002
3.277400000000002
3.277400000000002
3.277400000000002
3.277400000000002
3.277400000000002
3.277400000000002
3.277400000000002
3.277400000000002
4.473840000000004
4.473840000000004
4.473840000000004
4.726520000000004
4.726520000000004
4.165420000000003
3.3340000000000014
3.8378000000000023
3.8378000000000023
4.146220000000003
4.386700000000004
3.265600000000002
3.585820000000002
3.585820000000002
4.492100000000003
3.7923000000000027
3.7923000000000027
3.7923000000000027
3.7923000000000027
3.7923000000000027
3.8942400000000026
4.341200000000003
4.784800000000003
5.0549000000000035
5.0549000000000035
5.1090000000000035
5.1090000000000035
4.307520000000003
5.296100000000004
5.296100000000004
4.518640000000003
4.595240000000003
4.250920000000003
3.9425000000000026
4.552800000000003
5.032800000000004
5.462200000000004
4.114800000000003
5.048200000000004
3.0292000000000012
3.7543200000000025
3.823100000000003
2.839800000000001
5.002400000000004
6.649500000000006
4.9360000000000035
4.948500000000004
3.958400000000003
3.456640000000002
3.456640000000002
4.372920000000003
4.372920000000003
3.148220000000002
3.148220000000002
3.769400000000002
3.367620000000002
4.293800000000003
4.293800000000003
4.293800000000003
3.0592000000000015
4.336300000000003
2.639100000000001
2.639100000000001
6.3311000000000055
3.1845000000000017
4.421100000000003
4.810300000000003
4.671300000000004
4.203600000000003
3.561700000000002
3.561700000000002
3.561700000000002
3.561700000000002
3.4593000000000016
3.4372000000000016
5.006220000000004
4.739300000000003
2.9830000000000014
2.9830000000000014
2.9830000000000014
3.499900000000002
3.166100000000001
2.2490000000000006
2.2490000000000006
2.2490000000000006
2.2490000000000006
2.2490000000000006
2.2490000000000006
2.2490000000000006
2.2490000000000006
2.2490000000000006
2.2490000000000006
2.2490000000000006
2.2490000000000006
2.2490000000000006
2.2490000000000006
2.2490000000000006
2.2490000000000006
2.2490000000000006
2.2490000000000006
2.2490000000000006
2.2490000000000006
2.2490000000000006
2.2490000000000006
4.595500000000002
2.30344
3.7912200000000027
3.054000000000001
4.916400000000003
4.056100000000003
3.3654400000000013
3.0570200000000014
3.1953000000000014
4.036020000000003
5.255300000000004
5.2641000000000036
2.8123000000000014
2.8596000000000013
4.075400000000002
2.873900000000001
4.302100000000004
4.921800000000003
2.5085000000000006
3.846700000000003
6.358720000000004
5.110600000000004
2.8202000000000007
1.8256999999999999
4.872700000000003
4.316300000000003
3.666000000000002
3.666000000000002
4.6136000000000035
3.172220000000002
1.6866
1.6866
4.482400000000004
2.7197000000000005
4.140520000000003
3.832100000000003
4.118520000000003
5.168020000000004
3.275900000000002
3.275900000000002
3.3614000000000015
3.3614000000000015
4.843200000000004
4.126500000000003
3.4219700000000017
3.4219700000000017
4.6399000000000035
3.976200000000003
4.309000000000003
5.081800000000004
2.7235200000000006
5.050800000000004
3.9982000000000024
3.8945200000000026
3.071900000000001
3.6698200000000023
3.6698200000000023
3.5055000000000023
4.129300000000003
2.1561000000000003
3.3614000000000024
5.139000000000004
3.442000000000002
3.442000000000002
3.442000000000002
2.639800000000001
3.1942200000000014
1.3921999999999999
1.3921999999999999
2.638020000000001
2.638020000000001
3.724000000000002
1.70062
4.419400000000003
3.5275000000000025
4.070300000000003
2.6528
2.1589
2.1589
3.338320000000002
5.066600000000004
2.971300000000001
2.971300000000001
2.971300000000001
2.971300000000001
2.971300000000001
2.971300000000001
3.5555200000000022
3.5555200000000022
3.5555200000000022
3.5555200000000022
3.586100000000002
5.1631000000000045
3.754900000000002
3.9848200000000027
3.7177000000000024
4.015900000000003
3.9224000000000023
1.4990999999999999
1.4990999999999999
2.712300000000001
3.281500000000002
2.896200000000001
2.4253000000000005
1.644
2.6632000000000007
2.6632000000000007
2.6632000000000007
2.6632000000000007
2.2089
3.2685000000000013
2.7022200000000014
4.321620000000003
1.7922999999999996
4.691320000000004
1.5908
3.532300000000002
3.532300000000002
4.166300000000003
3.1960000000000015
3.9910200000000025
3.2863000000000016
4.012720000000003
3.3614000000000024
3.3614000000000024
3.5177000000000023
3.038520000000002
3.4251200000000024
3.3213000000000017
1.428
2.9891000000000014
4.078400000000003
3.0355000000000016
4.200800000000003
3.2070000000000016
3.090700000000002
4.430320000000004
3.545300000000002
3.695100000000002
4.049620000000003
3.7852000000000032
3.7235000000000014
3.3615000000000013
2.5534999999999997
2.922320000000002
3.2070000000000016
3.2802000000000016
2.918800000000002
4.858900000000004
4.872700000000004
4.576100000000004
2.1868999999999996
5.961200000000005
3.5640000000000027
2.2723999999999998
4.268520000000003
3.570820000000002
2.4932000000000007
2.0876
3.5336000000000025
3.0024000000000015
2.847200000000001
3.3511000000000015
2.883820000000001
3.395100000000003
2.9602000000000013
4.156520000000003
4.0915000000000035
5.341400000000004
3.9967200000000034
3.1595000000000013
2.6948000000000008
3.4102000000000023
3.208400000000002
3.0355000000000016
2.9087000000000014
3.2693200000000022
2.558300000000001
2.993000000000001
2.780000000000001
2.3047000000000004
1.0262
2.478300000000001
1.7852000000000001
3.251000000000002
2.977800000000001
2.7025000000000006
2.2568
1.1923
1.1923
3.4780000000000024
1.9145999999999999
1.9145999999999999
1.9145999999999999
1.9145999999999999
1.7305
3.539200000000003
3.084900000000001
2.4806
2.8980000000000015
1.4766000000000001
2.162
3.136700000000002
1.3584
1.1419
2.469300000000001
2.4407000000000005
2.8775000000000013
2.708
0.9275
2.9525000000000015
0.5857
0.5857
2.2302
0.8022
0.8022
0.8022
0.8022
6.129100000000004
6.399500000000005
1.7343000000000002
0.7733000000000001
1.1164
1.1164
1.1164
5.450600000000003
2.962900000000002
3.752200000000002
0.0040000000000000036
3.6716000000000024
3.8377000000000026
2.9648200000000013
3.907300000000002
3.907300000000002
3.6595200000000023
3.229000000000002
4.578600000000003
3.5336000000000025
3.1769200000000017
4.944500000000003
3.952320000000002
6.456700000000005
5.009720000000004
4.619200000000004
2.6149000000000004
4.785300000000004
3.672900000000002
3.672900000000002
3.672900000000002
3.672900000000002
3.672900000000002
3.988000000000003
3.2828000000000017
3.2828000000000017
3.3617000000000017
2.8519000000000005
3.9513000000000034
4.659500000000002
4.025700000000001
3.7584000000000026
3.3683000000000023
5.005800000000003
4.528300000000002
3.9642000000000026
5.425400000000004
3.8439000000000023
3.705300000000003
4.0668200000000025
5.164500000000003
4.651600000000004
4.790200000000004
