[0.5080464]
[0.504037]
[0.48257068]
[0.48257068]
[0.3805164]
[0.3805164]
[0.5016131]
[0.5016131]
[0.3130367]
[0.31725425]
[0.31725425]
[0.31725425]
[0.31725425]
[0.31725425]
[0.31725425]
[0.31725425]
[0.31725425]
[0.31725425]
[0.31725425]
[0.31725425]
[0.31725425]
[0.31725425]
[0.31725425]
[0.31725425]
[0.60020185]
[0.3568578]
[0.61175585]
[0.61175585]
[0.61175585]
[0.46493292]
[0.32186842]
[0.5693001]
[0.6204117]
[0.6204117]
[0.6204117]
[0.6204117]
[0.6204117]
[0.6204117]
[0.6204117]
[0.47709128]
[0.36372894]
[0.36372894]
[0.36372894]
[0.36372894]
[0.36372894]
[0.36372894]
[0.36372894]
[0.37158054]
[0.37158054]
[0.37158054]
[0.37158054]
[0.37158054]
[0.37158054]
[0.37158054]
[0.37158054]
[0.5112884]
[0.5112884]
[0.6269975]
[0.6269975]
[0.40082154]
[0.57251877]
[0.57251877]
[0.57251877]
[0.57251877]
[0.57251877]
[0.44739187]
[0.4739763]
[0.5627299]
[0.5627299]
[0.48401135]
[0.48401135]
[0.48401135]
[0.48401135]
[0.48401135]
[0.5808154]
[0.5492502]
[0.5492502]
[0.5492502]
[0.5492502]
[0.5076363]
[0.5076363]
[0.5076363]
[0.5076363]
[0.5076363]
[0.5076363]
[0.5076363]
[0.5076363]
[0.5076363]
[0.5076363]
[0.5076363]
[0.5076363]
[0.5076363]
[0.5076363]
[0.45243582]
[0.5760569]
[0.5686871]
[0.56662744]
[0.56662744]
[0.56662744]
[0.56662744]
[0.56662744]
[0.56662744]
[0.56662744]
[0.56662744]
[0.56662744]
[0.56662744]
[0.56662744]
[0.56662744]
[0.56662744]
[0.56662744]
[0.56662744]
[0.56662744]
[0.56662744]
[0.56662744]
[0.56662744]
[0.56662744]
[0.56662744]
[0.56662744]
[0.56662744]
[0.56662744]
[0.56662744]
[0.56662744]
[0.56662744]
[0.56662744]
[0.56662744]
[0.56662744]
[0.56662744]
[0.56662744]
[0.56662744]
[0.56662744]
[0.56662744]
[0.56662744]
[0.56662744]
[0.56662744]
[0.56662744]
[0.56662744]
[0.56662744]
[0.56662744]
[0.56662744]
[0.56662744]
[0.56662744]
[0.56662744]
[0.56662744]
[0.56662744]
[0.56662744]
[0.56662744]
[0.56662744]
[0.56662744]
[0.56662744]
[0.56662744]
[0.56662744]
[0.56662744]
[0.56662744]
[0.56662744]
[0.56662744]
[0.56662744]
[0.56662744]
[0.56662744]
[0.56662744]
[0.56662744]
[0.56662744]
[0.56662744]
[0.56662744]
[0.56662744]
[0.56662744]
[0.56662744]
[0.56662744]
[0.44739187]
[0.5406395]
[0.3710438]
[0.3710438]
[0.3710438]
[0.3710438]
[0.460317]
[0.5012149]
[0.5012149]
[0.5012149]
[0.46565726]
[0.46565726]
[0.46565726]
[0.3865833]
[0.3865833]
[0.3865833]
[0.3865833]
[0.3865833]
[0.5841113]
[0.3632709]
[0.5719933]
[0.45667264]
[0.45667264]
[0.45667264]
[0.45667264]
[0.47547707]
[0.51278496]
[0.5194972]
[0.5841113]
[0.5935377]
[0.5935377]
[0.5935377]
[0.5935377]
[0.5935377]
[0.39136186]
[0.5492502]
[0.5492502]
[0.601523]
[0.601523]
[0.601523]
[0.601523]
[0.601523]
[0.60092926]
[0.33884028]
[0.46491644]
[0.52781856]
[0.4010967]
[0.55084264]
[0.49731678]
[0.41989347]
[0.41989347]
[0.40621477]
[0.36714125]
[0.6108478]
[0.43559167]
[0.50667965]
[0.49014625]
[0.57249945]
[0.57249945]
[0.57249945]
[0.46703613]
[0.46703613]
[0.46703613]
[0.46703613]
[0.5393781]
[0.5393781]
[0.5393781]
[0.38660508]
[0.5736227]
[0.47663227]
[0.60607237]
[0.3917627]
[0.48221055]
[0.5719933]
[0.5602246]
[0.39945775]
[0.31629792]
[0.48267397]
[0.41610324]
[0.5419493]
[0.5419493]
[0.5419493]
[0.36353558]
[0.3359266]
[0.3359266]
[0.3359266]
[0.5434861]
[0.5434861]
[0.5695369]
[0.5719933]
[0.39680448]
[0.4549887]
[0.3740341]
[0.58193517]
[0.58193517]
[0.4301285]
[0.4913044]
[0.5968196]
[0.38364726]
[0.58670694]
[0.58670694]
[0.58670694]
[0.5289195]
[0.5289195]
[0.5289195]
[0.5289195]
[0.40846473]
[0.39796624]
[0.39796624]
[0.39796624]
[0.39796624]
[0.39796624]
[0.39796624]
[0.47655073]
[0.6000114]
[0.3993261]
[0.3993261]
[0.44954926]
[0.45442495]
[0.29239863]
[0.59667337]
[0.42473593]
[0.479905]
[0.479905]
[0.35876313]
[0.35876313]
[0.38999146]
[0.5415507]
[0.4755505]
[0.4755505]
[0.4755505]
[0.4755505]
[0.4755505]
[0.4755505]
[0.44369763]
[0.48455766]
[0.4844397]
[0.4844397]
[0.37871584]
[0.39347407]
[0.4699121]
[0.30740616]
[0.32546183]
[0.56851476]
[0.57301295]
[0.3981204]
[0.43565643]
[0.32789543]
[0.4642718]
[0.41682938]
[0.5741364]
[0.53909254]
[0.5328434]
[0.30174306]
[0.48985523]
[0.44904193]
[0.5399616]
[0.48938894]
[0.30913398]
[0.34989464]
[0.36835194]
[0.47207892]
[0.37215662]
[0.41745916]
[0.57629085]
[0.55788493]
[0.42365825]
[0.3588939]
[0.4509245]
[0.38187015]
[0.36994025]
[0.37091333]
[0.35365257]
[0.45318085]
[0.49619213]
[0.5550044]
[0.3980405]
[0.571987]
[0.43562114]
[0.43562114]
[0.59983945]
[0.38603312]
[0.33267707]
[0.49521726]
[0.40724814]
[0.51088285]
[0.35088477]
[0.45882252]
[0.45882252]
[0.5928084]
[0.31417263]
[0.45203945]
[0.5182011]
[0.55421364]
[0.38939378]
[0.30348414]
[0.52995753]
[0.34662446]
[0.3582627]
[0.33307058]
[0.5267263]
[0.60790205]
[0.58268785]
[0.43650258]
[0.3678224]
[0.56735873]
[0.369674]
[0.3072868]
[0.43335232]
[0.3324541]
[0.29515857]
[0.37114123]
[0.46551892]
[0.37384456]
[0.52549815]
[0.40198344]
[0.5758481]
[0.5758481]
[0.5731677]
[0.53156996]
[0.6314147]
[0.41984394]
[0.4808584]
[0.36707366]
[0.45245597]
[0.4168527]
[0.44214293]
[0.5378425]
[0.39300573]
[0.35700366]
[0.49722156]
[0.49284384]
[0.39277184]
[0.39217934]
[0.3626448]
[0.364092]
[0.52101624]
[0.4736967]
[0.5062986]
[0.4256253]
[0.48288196]
[0.42702392]
[0.44614094]
[0.38764295]
[0.3723805]
[0.41202053]
[0.41482547]
[0.45324996]
[0.5004523]
[0.33455768]
[0.37434044]
[0.38225964]
[0.5068972]
[0.3171352]
[0.31682518]
[0.39405736]
[0.37276745]
[0.40597007]
[0.56740606]
[0.4488223]
[0.4558007]
[0.44632754]
[0.6034891]
[0.50704384]
[0.33011168]
[0.36687467]
[0.36291897]
[0.50711226]
[0.38831833]
[0.47226685]
[0.3864648]
[0.56440187]
[0.4715664]
[0.52128637]
[0.3645499]
[0.3379312]
[0.6243417]
[0.48656294]
[0.44004944]
[0.31136134]
[0.39016473]
[0.36290637]
[0.42381895]
[0.48748824]
[0.44252712]
[0.3360859]
[0.38662502]
[0.3384701]
[0.40601745]
[0.40265012]
[0.44358644]
[0.34524724]
[0.34524724]
[0.34524724]
[0.34524724]
[0.43427387]
[0.29466933]
[0.410533]
[0.34021395]
[0.26142237]
[0.5504919]
[0.30812636]
[0.5710645]
[0.50648177]
[0.5044624]
[0.26968005]
[0.23958753]
[0.5091554]
[0.31410125]
[0.31652886]
[0.33519524]
[0.46048352]
[0.4621376]
[0.48961762]
[0.49834952]
[0.38756132]
[0.37540567]
[0.41787773]
[0.38027135]
[0.41389847]
[0.48542488]
[0.5495895]
[0.3945721]
[0.3781958]
[0.48156786]
[0.48156786]
[0.33350778]
[0.40146434]
[0.32834676]
[0.3954685]
[0.3932158]
[0.40763286]
[0.29620084]
