[0.04847622]
[0.04845274]
[0.04845274]
[0.04829936]
[0.04820295]
[0.04811089]
[0.04817318]
[0.04817318]
[0.04867889]
[0.04867889]
[0.04867889]
[0.04810433]
[0.04810433]
[0.04810433]
[0.04810042]
[0.04810042]
[0.04810042]
[0.04810042]
[0.04833473]
[0.04831605]
[0.04819207]
[0.04819207]
[0.04819207]
[0.04819207]
[0.04819207]
[0.04819207]
[0.04819207]
[0.04819207]
[0.04819207]
[0.04819207]
[0.04819207]
[0.04819207]
[0.04819207]
[0.04819207]
[0.04819207]
[0.04819207]
[0.04819207]
[0.04821857]
[0.04874181]
[0.04810427]
[0.04810427]
[0.04810427]
[0.04810427]
[0.04810427]
[0.04836717]
[0.04836717]
[0.04836717]
[0.04820404]
[0.04820404]
[0.04810791]
[0.04810791]
[0.04933304]
[0.04821511]
[0.04821511]
[0.04821511]
[0.048299]
[0.048299]
[0.04875768]
[0.04829921]
[0.04829921]
[0.0482992]
[0.0482992]
[0.04832811]
[0.0481906]
[0.0481906]
[0.0481906]
[0.0481906]
[0.0481906]
[0.0481906]
[0.0481906]
[0.0481906]
[0.0481906]
[0.0481906]
[0.0481906]
[0.0481906]
[0.0481906]
[0.0481906]
[0.0481906]
[0.0481906]
[0.0481906]
[0.0481906]
[0.0481906]
[0.0481906]
[0.0481906]
[0.0481906]
[0.0481906]
[0.0481906]
[0.0481906]
[0.0481906]
[0.04820258]
[0.04820258]
[0.04819107]
[0.04819107]
[0.04833442]
[0.04833442]
[0.04818123]
[0.04818123]
[0.04818123]
[0.04804075]
[0.04804075]
[0.04820216]
[0.04820216]
[0.04821625]
[0.04821625]
[0.04821625]
[0.04821625]
[0.04821625]
[0.04809411]
[0.04863973]
[0.04863973]
[0.04863973]
[0.04846942]
[0.04846942]
[0.04846942]
[0.04846942]
[0.04846942]
[0.04846942]
[0.04846942]
[0.04846942]
[0.04846942]
[0.04846942]
[0.04846942]
[0.04846942]
[0.04846942]
[0.04838667]
[0.04821838]
[0.04864399]
[0.04812792]
[0.04820247]
[0.04820247]
[0.04823591]
[0.04811864]
[0.04811067]
[0.04811067]
[0.04811067]
[0.04811067]
[0.04811067]
[0.04811067]
[0.04811067]
[0.04811067]
[0.04811067]
[0.04811067]
[0.04811067]
[0.04811067]
[0.04811067]
[0.04811067]
[0.04811067]
[0.04811067]
[0.04811067]
[0.04811067]
[0.04811067]
[0.04822817]
[0.04822817]
[0.04822984]
[0.04820188]
[0.04853895]
[0.04822877]
[0.04822877]
[0.04822877]
[0.04822877]
[0.04822877]
[0.04822877]
[0.04822877]
[0.04822877]
[0.04822877]
[0.04822877]
[0.04822877]
[0.04822877]
[0.04821433]
[0.04821433]
[0.04821433]
[0.04825312]
[0.04896698]
[0.04896698]
[0.04821489]
[0.04824075]
[0.04824075]
[0.04824075]
[0.04824075]
[0.04824075]
[0.04824075]
[0.04824075]
[0.04824075]
[0.04820241]
[0.04878736]
[0.04878736]
[0.04819088]
[0.04819088]
[0.04846942]
[0.04811028]
[0.04874181]
[0.04820199]
[0.04833367]
[0.04811827]
[0.04887445]
[0.04840298]
[0.04803101]
[0.04850322]
[0.04836815]
[0.04821571]
[0.04851473]
[0.04862405]
[0.04820262]
[0.04820199]
[0.04820199]
[0.04820199]
[0.04820199]
[0.04820199]
[0.04820199]
[0.04820199]
[0.04820199]
[0.04820199]
[0.04859387]
[0.04887656]
[0.04872617]
[0.04837688]
[0.04810407]
[0.04877231]
[0.04821417]
[0.04810344]
[0.04811689]
[0.04824419]
[0.04804458]
[0.04899497]
[0.0481184]
[0.0482442]
[0.04819208]
[0.04814044]
[0.0481299]
[0.0486473]
[0.04841767]
[0.04822706]
[0.04900247]
[0.04826148]
[0.04841815]
[0.04840583]
[0.04811063]
[0.04872112]
[0.04843595]
[0.04811003]
[0.0485276]
[0.04938478]
[0.04909373]
[0.04851755]
[0.04884021]
[0.04924902]
[0.04811049]
[0.04811049]
[0.04811049]
[0.04970707]
[0.04815339]
[0.04850405]
[0.04863063]
[0.04851679]
[0.0486288]
[0.0486288]
[0.0486288]
[0.0486288]
[0.04863058]
[0.04963405]
[0.04851133]
[0.04837267]
[0.04878571]
[0.0484028]
[0.0487993]
[0.04892804]
[0.04825236]
[0.0484243]
[0.04816717]
[0.0483944]
[0.04862554]
[0.04944939]
[0.04840659]
[0.04822714]
[0.04894962]
[0.04894962]
[0.04878413]
[0.04885751]
[0.0485207]
[0.0488208]
[0.04844848]
[0.04865425]
[0.04940095]
[0.04824532]
[0.04851035]
[0.04851092]
[0.04851092]
[0.04813739]
[0.0482447]
[0.04823605]
[0.04851323]
[0.04869981]
[0.04926553]
[0.04867264]
[0.0482902]
[0.0486466]
[0.04826341]
[0.04846567]
[0.04924285]
[0.04864781]
[0.04813099]
[0.04824768]
[0.04838943]
[0.04862354]
[0.048391]
[0.0491886]
[0.04862155]
[0.04815667]
[0.04902295]
[0.04815667]
[0.04815692]
[0.04872895]
[0.04872893]
[0.04880613]
[0.04826348]
[0.0495966]
[0.04833839]
[0.0483644]
[0.04850877]
[0.04811227]
[0.04863901]
[0.04848906]
[0.04855813]
[0.04870409]
[0.04940191]
[0.04818899]
[0.04829771]
[0.04827248]
[0.04910092]
[0.04817026]
[0.04813711]
[0.0481347]
[0.04831754]
[0.04855622]
[0.04816893]
[0.04848966]
[0.04868812]
[0.0486294]
[0.0487031]
[0.04826717]
[0.0490754]
[0.04820538]
[0.04840271]
[0.04882436]
[0.04881543]
[0.04910853]
[0.04848184]
[0.04815667]
[0.04869346]
[0.0486366]
[0.04889516]
[0.04993332]
[0.04990951]
[0.04921388]
[0.04900636]
[0.04910615]
[0.04951409]
[0.04993757]
[0.04994576]
[0.05036412]
[0.04887671]
[0.04994297]
[0.04994297]
[0.04994297]
[0.05053168]
[0.05046266]
[0.04951953]
[0.05011624]
[0.05011624]
[0.05011624]
[0.05011624]
[0.04903104]
[0.04904736]
[0.04904736]
[0.04904736]
[0.04837836]
[0.04982802]
[0.05037766]
[0.05110583]
[0.04924595]
[0.05004303]
[0.05039408]
[0.05111061]
[0.05005415]
[0.05006147]
[0.05340834]
[0.05143524]
[0.05008119]
[0.05042715]
[0.05074002]
[0.0494944]
[0.0494944]
[0.05226354]
[0.05226354]
[0.04890405]
[0.05472282]
[0.05208015]
[0.05133984]
[0.054616]
[0.05487903]
[0.06459251]
[0.05513058]
[0.05491014]
[0.07274956]
[0.05271794]
[0.04990337]
[0.05496505]
[0.05496505]
[0.05496505]
[0.05209208]
[0.05333987]
[0.05220542]
[0.05490781]
[0.0552878]
[0.24444607]
[0.05449035]
[0.05615826]
[0.5400015]
[0.05311742]
[0.06238293]
[0.06208543]
[0.05244967]
[0.0626212]
[0.05652907]
[0.04965167]
[0.054655]
[0.06325772]
[0.05272882]
[0.05812157]
[0.15107433]
[0.0613309]
[0.09384027]
[0.06745695]
[0.06735822]
[0.07624607]
[0.07624607]
[0.04848868]
[0.12586078]
[0.06950948]
[0.08168203]
[0.09311287]
[0.12468163]
[0.07399225]
[0.3186362]
[0.12555116]
[0.08184238]
[0.19791417]
[0.15511897]
[0.20540236]
[0.2786691]
[0.06064297]
[0.10274891]
[0.10274891]
[0.23618981]
[0.17183042]
[0.15292512]
[0.06062322]
[0.09693638]
[0.0922436]
[0.12622151]
[0.09213765]
[0.17801113]
[0.13309774]
[0.2060586]
[0.12815313]
[0.10860427]
[0.2682889]
[0.29950088]
[0.28377083]
[0.24896504]
[0.25064725]
[0.14545086]
[0.2709986]
[0.17623249]
[0.24109879]
[0.16133852]
[0.09738526]
[0.05649237]
[0.04961415]
[0.07263595]
[0.04569681]
[0.08479855]
[0.15149161]
[0.04834748]
[0.05238848]
[0.04998081]
[0.04992916]
[0.05038269]
[0.04908229]
[0.11195238]
[0.04930796]
[0.17992675]
[0.05111875]
[0.07964452]
[0.06936536]
[0.06214651]
[0.05864617]
[0.05319833]
[0.05915804]
[0.05844605]
