-0.17039999999999988
-0.17039999999999988
-0.17039999999999988
-0.17039999999999988
-0.17039999999999988
-0.17039999999999988
-0.17039999999999988
-0.17039999999999988
-0.17039999999999988
4.384700000000002
3.3024000000000013
3.298300000000002
3.298300000000002
6.071500000000004
6.032200000000003
6.032200000000003
6.032200000000003
5.176600000000001
5.176600000000001
5.176600000000001
3.4993000000000016
5.684800000000003
8.518600000000005
6.107600000000003
6.423300000000003
6.423300000000003
6.369900000000006
6.047200000000003
7.449800000000004
5.844500000000004
9.172399999999998
6.698800000000006
6.698800000000006
6.698800000000006
4.979420000000003
6.720100000000005
6.720100000000005
8.365800000000005
8.365800000000005
8.442400000000005
8.442400000000005
8.442400000000005
7.760100000000007
5.735800000000004
5.0968000000000035
5.0968000000000035
4.2962000000000025
6.317500000000004
7.836700000000006
10.18989999999999
5.118100000000003
5.118100000000003
5.118100000000003
5.118100000000003
5.118100000000003
5.118100000000003
5.118100000000003
5.118100000000003
5.118100000000003
5.118100000000003
5.118100000000003
5.118100000000003
5.118100000000003
5.118100000000003
5.118100000000003
5.118100000000003
5.6052000000000035
8.117900000000006
5.079000000000002
6.840400000000005
5.049700000000002
7.753600000000006
7.753600000000006
6.966200000000003
5.089800000000003
5.151200000000003
6.449500000000003
6.449500000000003
6.449500000000003
6.449500000000003
6.449500000000003
6.449500000000003
6.449500000000003
6.449500000000003
6.449500000000003
6.449500000000003
6.449500000000003
6.449500000000003
6.449500000000003
6.449500000000003
6.449500000000003
6.449500000000003
5.826000000000005
5.778300000000004
6.839500000000003
6.839500000000003
6.839500000000003
6.839500000000003
6.839500000000003
6.839500000000003
4.850400000000003
5.119100000000003
6.253920000000005
5.6719000000000035
5.6719000000000035
5.6719000000000035
5.6719000000000035
5.6719000000000035
5.6719000000000035
5.6719000000000035
5.6719000000000035
5.6719000000000035
5.6719000000000035
5.6719000000000035
5.6719000000000035
5.6719000000000035
5.6719000000000035
6.372900000000005
6.5205000000000055
6.249000000000004
6.249000000000004
6.249000000000004
6.249000000000004
6.249000000000004
6.249000000000004
6.249000000000004
6.249000000000004
6.249000000000004
6.249000000000004
6.249000000000004
6.249000000000004
6.249000000000004
6.249000000000004
6.249000000000004
6.249000000000004
6.249000000000004
6.249000000000004
6.249000000000004
6.451920000000004
8.951199999999998
8.951199999999998
8.951199999999998
8.951199999999998
8.951199999999998
8.951199999999998
8.951199999999998
8.951199999999998
8.951199999999998
8.951199999999998
8.951199999999998
8.951199999999998
6.584920000000004
6.584920000000004
4.622700000000003
6.1806000000000045
5.628500000000003
5.331700000000001
5.752200000000003
6.606220000000003
6.606220000000003
6.606220000000003
6.606220000000003
6.719700000000004
6.709500000000005
6.709500000000005
6.142600000000004
6.1875200000000055
6.208820000000006
6.741400000000004
6.741400000000004
6.262700000000004
6.262700000000004
6.262700000000004
9.073099999999998
6.424200000000004
5.861800000000003
6.423600000000004
3.862200000000003
4.467200000000003
4.467200000000003
4.467200000000003
4.467200000000003
4.467200000000003
4.467200000000003
4.467200000000003
4.467200000000003
4.467200000000003
6.071700000000003
4.9379000000000035
4.9379000000000035
4.9379000000000035
4.9379000000000035
4.9379000000000035
4.9379000000000035
4.9379000000000035
4.9379000000000035
4.9379000000000035
4.9379000000000035
4.9379000000000035
4.9379000000000035
4.9379000000000035
4.9379000000000035
4.9379000000000035
4.9379000000000035
4.9379000000000035
4.9379000000000035
4.9379000000000035
4.9379000000000035
4.9379000000000035
4.9379000000000035
4.9379000000000035
4.9379000000000035
4.9379000000000035
4.9379000000000035
4.9379000000000035
4.9379000000000035
4.9379000000000035
4.9379000000000035
4.9379000000000035
4.9379000000000035
4.9379000000000035
4.9379000000000035
4.9379000000000035
4.9379000000000035
4.9379000000000035
4.9379000000000035
4.9379000000000035
4.9379000000000035
4.9379000000000035
4.9379000000000035
4.9379000000000035
4.9379000000000035
4.9379000000000035
4.9379000000000035
4.9379000000000035
4.9379000000000035
4.9379000000000035
4.9379000000000035
4.9379000000000035
4.9379000000000035
4.9379000000000035
4.9379000000000035
4.9379000000000035
4.9379000000000035
4.9379000000000035
4.9379000000000035
4.9379000000000035
4.9379000000000035
4.9379000000000035
4.9379000000000035
4.9379000000000035
4.9379000000000035
4.9379000000000035
4.9379000000000035
4.857300000000004
4.857300000000004
11.005699999999985
7.2759000000000045
7.2759000000000045
7.2759000000000045
7.2759000000000045
7.2759000000000045
7.2759000000000045
6.762200000000004
6.752000000000005
4.817200000000003
3.9576000000000033
11.518899999999984
4.818500000000003
4.818500000000003
4.818500000000003
4.818500000000003
4.818500000000003
4.818500000000003
4.818500000000003
5.972500000000004
6.058000000000004
7.740400000000004
7.740400000000004
6.437400000000004
11.659999999999982
8.584920000000004
5.023400000000004
5.956300000000003
4.452500000000003
8.517100000000003
8.046400000000006
8.046400000000006
5.495100000000003
7.071800000000004
7.071800000000004
7.071800000000004
7.071800000000004
7.071800000000004
7.071800000000004
7.071800000000004
7.071800000000004
7.071800000000004
7.071800000000004
7.071800000000004
7.071800000000004
7.862500000000005
6.023700000000003
5.928200000000004
6.466800000000004
6.466800000000004
8.388600000000002
8.8785
6.087920000000005
6.087920000000005
6.087920000000005
7.363200000000005
7.465200000000006
7.465200000000006
7.465200000000006
6.387090000000004
5.998200000000003
5.076600000000003
8.532300000000003
7.000200000000004
6.853700000000005
2.2176
2.2176
6.920600000000004
5.208700000000003
6.1749000000000045
6.422500000000005
6.422500000000005
6.422500000000005
6.422500000000005
5.661200000000004
5.661200000000004
5.661200000000004
5.661200000000004
5.661200000000004
5.661200000000004
3.1016000000000012
6.869600000000004
11.702099999999982
5.381800000000004
5.381800000000004
5.381800000000004
5.381800000000004
5.381800000000004
5.381800000000004
5.381800000000004
5.381800000000004
3.7695000000000025
6.319100000000005
4.478800000000002
4.478800000000002
11.715799999999984
7.211500000000006
7.211500000000006
7.211500000000006
5.887300000000003
6.242600000000005
11.124999999999984
3.901300000000003
5.455000000000003
6.135300000000004
7.610300000000006
8.638000000000002
6.658700000000006
5.0020000000000024
7.1883000000000035
6.444000000000004
5.652000000000004
2.688300000000001
5.015500000000002
7.796100000000005
3.1732000000000014
4.213000000000004
6.148500000000003
6.148500000000003
5.936600000000004
6.193800000000006
6.208200000000004
10.131099999999991
5.770100000000004
5.691400000000004
6.041000000000004
7.178200000000004
8.6611
4.640000000000003
5.270500000000004
5.309820000000004
4.301600000000003
10.877399999999986
5.518100000000005
5.835620000000004
6.2599000000000045
6.441200000000005
4.890600000000004
4.440600000000003
6.026600000000005
6.576900000000005
4.633900000000002
7.226200000000005
6.757200000000004
6.381700000000005
7.419300000000005
2.4620000000000006
6.322900000000005
1.4537
5.6825000000000045
8.8997
6.967100000000006
5.8144000000000045
5.779600000000003
5.770100000000005
4.360000000000003
6.3537000000000035
6.883920000000005
4.789500000000004
3.9878000000000027
6.170000000000004
7.138900000000005
6.097700000000004
6.723900000000005
7.118300000000006
5.514300000000005
8.861899999999999
6.196200000000005
5.991300000000003
5.958000000000005
6.249400000000005
3.0954000000000015
5.615300000000004
4.499200000000004
3.651600000000002
5.9714000000000045
6.460600000000004
2.6602000000000006
4.984500000000003
2.726300000000001
2.1491
4.215400000000003
4.941000000000003
5.621900000000003
5.223100000000003
6.566000000000004
6.084300000000004
6.076600000000004
6.365100000000004
6.7191000000000045
5.211420000000005
5.878120000000004
3.091400000000001
4.689800000000003
5.845900000000005
5.403000000000004
5.867300000000003
5.990100000000004
2.0809
4.564700000000004
4.755200000000003
4.869100000000002
6.237600000000004
4.374600000000003
5.524600000000005
0.7628
5.443100000000003
0.6288
2.872400000000002
0.8176999999999999
0.8176999999999999
-0.3363
2.0287
4.677000000000003
0.11280000000000001
7.5159000000000065
7.5159000000000065
8.035100000000005
5.128000000000004
5.434200000000004
3.5214000000000016
5.515100000000004
6.575220000000005
4.309000000000004
5.102600000000003
8.562700000000001
8.092000000000006
5.188400000000003
6.494400000000003
8.145800000000007
6.182800000000005
4.576800000000004
5.921700000000004
5.281700000000004
8.295300000000003
3.6603000000000026
2.2805
3.8372000000000024
8.023200000000005
4.909000000000004
8.066600000000003
8.7531
7.662800000000008
8.299100000000003
