[0.02549984]
[0.02549984]
[0.02549984]
[0.00040321]
[0.00040321]
[0.00040321]
[0.00040321]
[0.00040321]
[0.00040321]
[0.00040321]
[0.00040321]
[0.00040321]
[0.00040321]
[0.00040321]
[0.00040321]
[0.00040321]
[0.00040321]
[0.00040321]
[0.00040321]
[0.00040321]
[0.00040321]
[0.00040321]
[0.00040321]
[0.00040321]
[0.00040321]
[0.00040321]
[0.00040321]
[0.00040321]
[0.00040321]
[0.00040321]
[0.00040321]
[0.00040321]
[0.00040321]
[0.00040321]
[0.00040321]
[0.00040321]
[0.00040321]
[0.00040321]
[0.00040321]
[0.00040321]
[0.00040321]
[0.00040321]
[0.00040321]
[0.00040321]
[0.00040321]
[0.00040321]
[0.00040321]
[0.00040321]
[0.00040321]
[0.00040321]
[0.00040321]
[0.00040321]
[0.00040321]
[0.00040321]
[0.00040321]
[0.00040321]
[0.00040321]
[0.00040321]
[0.00040321]
[0.00040321]
[0.00040321]
[0.00040321]
[0.00040321]
[0.00040321]
[0.00040321]
[0.00040321]
[0.00040321]
[0.00040321]
[0.00040321]
[0.00040321]
[0.00040321]
[0.00040321]
[0.00040321]
[0.00040321]
[0.00040321]
[0.00040321]
[0.00040321]
[0.00040321]
[0.00040321]
[0.00040321]
[0.00040321]
[0.00040321]
[0.00040321]
[0.00040321]
[0.00040321]
[0.00040321]
[0.00040321]
[0.00040321]
[0.00040321]
[0.00040321]
[0.00040321]
[0.00040321]
[0.00040321]
[0.00040321]
[0.00040321]
[0.00040321]
[0.00040321]
[0.00040321]
[0.00040321]
[0.00040321]
[0.00040321]
[0.00040321]
[0.00040321]
[0.00040321]
[0.00040321]
[0.00040321]
[0.00040321]
[0.00040321]
[0.00040321]
[0.00040321]
[0.00040321]
[0.00040321]
[0.00040321]
[0.00040321]
[0.00040321]
[0.00040321]
[0.00040321]
[0.00040321]
[0.00040321]
[0.00040321]
[0.00040321]
[0.00040321]
[0.00040321]
[0.00040321]
[0.00040321]
[0.00040321]
[0.00040321]
[0.00040321]
[0.00040321]
[0.00040321]
[0.00040321]
[0.00040321]
[0.00040321]
[0.00040321]
[0.00040321]
[0.00040321]
[0.00040321]
[0.00040321]
[0.00040321]
[0.00040321]
[0.00040321]
[0.00040321]
[0.00040321]
[0.00040321]
[0.00040321]
[0.00040321]
[0.00040321]
[0.00040321]
[0.00040321]
[0.00040321]
[0.00040321]
[0.00040321]
[0.00040321]
[0.00040321]
[0.00040321]
[0.00040321]
[0.00040321]
[0.00040321]
[0.00040321]
[0.00040321]
[0.00040321]
[0.00040321]
[0.00040321]
[0.00040321]
[0.00040321]
[0.00040321]
[0.00040321]
[0.00040321]
[0.00040321]
[0.00040321]
[0.00040321]
[0.00040321]
[0.00040321]
[0.00040321]
[0.00040321]
[0.00040321]
[0.00040321]
[0.00040321]
[0.00040321]
[0.00040321]
[0.00040321]
[0.00040321]
[0.00040321]
[0.00040321]
[0.00040321]
[0.00040321]
[0.00040321]
[0.00040321]
[0.00040321]
[0.00040321]
[0.00040321]
[0.00040321]
[0.00040321]
[0.00040321]
[0.00040321]
[0.00040321]
[0.00040321]
[0.00040321]
[0.00040321]
[0.00040321]
[0.00040321]
[0.00040321]
[0.00040321]
[0.00040321]
[0.00040321]
[0.00040321]
[0.00040321]
[0.00040321]
[0.00040321]
[0.00040321]
[0.00040321]
[0.00040321]
[0.00040321]
[0.00040321]
[0.00040321]
[0.00040321]
[0.00040321]
[0.00040321]
[0.00040321]
[0.00040321]
[0.00040321]
[0.00040321]
[0.00040321]
[0.00040321]
[0.00040321]
[0.00040321]
[0.00040321]
[0.00040321]
[0.00040321]
[0.00040321]
[0.00040321]
[0.00040321]
[0.00040321]
[0.00040321]
[0.00040321]
[0.00040321]
[0.00040321]
[0.00040321]
[0.00040321]
[0.00040321]
[0.00040321]
[0.00040321]
[0.00040321]
[0.00040321]
[0.00040321]
[0.00040321]
[0.00040321]
[0.00040321]
[0.00040321]
[0.00040321]
[0.00040321]
[0.00040321]
[0.00040321]
[0.00040321]
[0.00040321]
[0.00040321]
[0.00040321]
[0.00040321]
[0.00040321]
[0.00040321]
[0.00040321]
[0.00040321]
[0.00040321]
[0.00040321]
[0.00040321]
[0.00040321]
[0.00040321]
[0.00040321]
[0.00040321]
[0.00040321]
[0.00040321]
[0.00040321]
[0.00040321]
[0.00040321]
[0.00040321]
[0.00040321]
[0.00040321]
[0.00040321]
[0.00040321]
[0.00040321]
[0.00040321]
[0.00040321]
[0.00040321]
[0.00040321]
[0.00040321]
[0.00040321]
[0.00040321]
[0.00040321]
[0.00040321]
[0.00040321]
[0.00040321]
[0.00040321]
[0.00040321]
[0.00040321]
[0.00040321]
[0.00040321]
[0.00040321]
[0.00040321]
[0.00040321]
[0.00040321]
[0.00040321]
[0.00040321]
[0.00040321]
[0.00040321]
[0.00040321]
[0.00040321]
[0.00040321]
[0.00040321]
[0.00040321]
[0.00040321]
[0.00040321]
[0.00040321]
[0.00040321]
[0.00040321]
[0.00040321]
[0.00040321]
[0.00040321]
[0.00040321]
[0.00040321]
[0.00040321]
[0.00040321]
[0.00040321]
[0.00040321]
[0.00040321]
[0.00040321]
[0.00040321]
[0.00040321]
[0.00040321]
[0.00040321]
[0.00040321]
[0.00040321]
[0.00040321]
[0.00040321]
[0.00040321]
[0.00040321]
[0.00040321]
[0.00040321]
[0.00040321]
[0.00040321]
[0.00040321]
[0.00040321]
[0.00040321]
[0.00040321]
[0.00040321]
[0.00040321]
[0.00040321]
[0.00040321]
[0.00040321]
[0.00040321]
[0.00040321]
[0.00040321]
[0.00040321]
[0.00040321]
[0.00040321]
[0.00040321]
[0.00040321]
[0.00040321]
[0.00040321]
[0.00040321]
[0.00040321]
[0.00040321]
[0.00040321]
[0.00040321]
[0.00040321]
[0.00040321]
[0.00040321]
[0.00040321]
[0.00040321]
[0.00040321]
[0.00040321]
[0.00040321]
[0.00040321]
[0.00040321]
[0.00040321]
[0.00040321]
[0.00040321]
[0.00040321]
[0.00040321]
[0.00040321]
[0.00040321]
[0.00040321]
[0.00040321]
[0.00040321]
[0.00040321]
[0.00040321]
[0.00040321]
[0.00040321]
[0.00040321]
[0.00040321]
[0.00040321]
[0.00040321]
[0.00040321]
[0.00040321]
[0.00040321]
[0.00040321]
[0.00040299]
[0.00040347]
[0.00040347]
[0.00040324]
[0.00040324]
[0.00040324]
[0.00040324]
[0.00040324]
[0.00040324]
[0.00040324]
[0.00040347]
[0.00040347]
[0.00040347]
[0.00040347]
[0.00040347]
[0.00040347]
[0.0004033]
[0.00040327]
[0.00040327]
[0.00040327]
[0.00040327]
[0.00040327]
[0.00040327]
[0.00040302]
[0.00040302]
[0.00040304]
[0.00040327]
[0.00040327]
[0.00040327]
[0.00040327]
[0.00040327]
[0.00040305]
[0.00040325]
[0.00040325]
[0.00040325]
[0.00040325]
[0.00040325]
[0.0004033]
[0.00040308]
[0.00040377]
[0.0004035]
[0.00040228]
[0.00040409]
[0.00040341]
[0.00040344]
[0.00040344]
[0.00040344]
[0.00040358]
[0.00040358]
[0.0004035]
[0.00040333]
[0.00040268]
[0.00040268]
[0.00040272]
[0.00040257]
[0.00040298]
[0.00040264]
[0.00040281]
[0.00040333]
[0.00040353]
[0.00040353]
[0.00040353]
[0.0004039]
[0.0004039]
[0.0004039]
[0.00040396]
[0.00040396]
[0.00040359]
[0.00040359]
[0.00040359]
[0.00040359]
[0.00040412]
[0.00040396]
[0.00040353]
[0.0004033]
[0.00040185]
[0.000405]
[0.0083842]
[0.00040496]
[0.00040601]
[0.00040398]
[0.00041201]
[0.00357775]
[0.00357775]
[0.00357775]
[0.00357775]
[0.00041001]
[0.00211773]
[0.00211773]
[0.00211773]
[0.00041252]
[0.00055369]
[0.00048868]
[0.00048868]
[0.00048868]
[0.00049115]
[0.00049115]
[0.00055255]
[0.00054453]
[0.00220902]
[0.00381672]
[0.00049674]
[0.00040463]
[0.00040434]
[0.00040382]
