[0.00022522]
[0.00022522]
[0.00022522]
[0.00022522]
[0.00022522]
[0.00022522]
[0.00022522]
[0.00022522]
[0.00022522]
[0.00022522]
[0.00022522]
[0.00022522]
[0.00022522]
[0.00022522]
[0.00022522]
[0.00022522]
[0.00022522]
[0.00022522]
[0.00022522]
[0.00022522]
[0.00022522]
[0.00022522]
[0.00022522]
[0.00022522]
[0.00022522]
[0.00022522]
[0.00022522]
[0.00022522]
[0.00022522]
[0.00022522]
[0.00022522]
[0.00022522]
[0.00022522]
[0.00022522]
[0.00022522]
[0.00022522]
[0.00022522]
[0.00022522]
[0.00022522]
[0.00022522]
[0.00022522]
[0.00022522]
[0.00022522]
[0.00022522]
[0.00022522]
[0.00022522]
[0.00022522]
[0.00022522]
[0.00022522]
[0.00022522]
[0.00022522]
[0.00022522]
[0.00022522]
[0.00022522]
[0.00022522]
[0.00022522]
[0.00022522]
[0.00022522]
[0.00022522]
[0.00022522]
[0.00022522]
[0.00022522]
[0.00022522]
[0.00022522]
[0.00022522]
[0.00022522]
[0.00022522]
[0.00022522]
[0.00022522]
[0.00022522]
[0.00022522]
[0.00022522]
[0.00022522]
[0.00022522]
[0.00022522]
[0.00022522]
[0.00022522]
[0.00022522]
[0.00022522]
[0.00022522]
[0.00022522]
[0.00022522]
[0.00022522]
[0.00022522]
[0.00022522]
[0.00022522]
[0.00022522]
[0.00022522]
[0.00022522]
[0.00022522]
[0.00022522]
[0.00022522]
[0.00022522]
[0.00022522]
[0.00022522]
[0.00022522]
[0.00022522]
[0.00022522]
[0.00022522]
[0.00022522]
[0.00022522]
[0.00022522]
[0.00022522]
[0.00022522]
[0.00022522]
[0.00022522]
[0.00022522]
[0.00022522]
[0.00022522]
[0.00022522]
[0.00022522]
[0.00022522]
[0.00022522]
[0.00022522]
[0.00022522]
[0.00022522]
[0.00022522]
[0.00022522]
[0.00022522]
[0.00022522]
[0.00022522]
[0.00022522]
[0.00022522]
[0.00022522]
[0.00022522]
[0.00022522]
[0.00022522]
[0.00022522]
[0.00022522]
[0.00022522]
[0.00022522]
[0.00022522]
[0.00022522]
[0.00022522]
[0.00022522]
[0.00022522]
[0.00022522]
[0.00022522]
[0.00022522]
[0.00022522]
[0.00022522]
[0.00022522]
[0.00022522]
[0.00022522]
[0.00022522]
[0.00022522]
[0.00022522]
[0.00022522]
[0.00022522]
[0.00022522]
[0.00022522]
[0.00022522]
[0.00022522]
[0.00022522]
[0.00022522]
[0.00022522]
[0.00022522]
[0.00022522]
[0.00022522]
[0.00022522]
[0.00022522]
[0.00022522]
[0.00022522]
[0.00022522]
[0.00022522]
[0.00022522]
[0.00022522]
[0.00022522]
[0.00022522]
[0.00022522]
[0.00022522]
[0.00022522]
[0.00022522]
[0.00022522]
[0.00022522]
[0.00022522]
[0.00022522]
[0.00022522]
[0.00022522]
[0.00022522]
[0.00022522]
[0.00022522]
[0.00022522]
[0.00022522]
[0.00022522]
[0.00022522]
[0.00022522]
[0.00022522]
[0.00022522]
[0.00022522]
[0.00022522]
[0.00022522]
[0.00022522]
[0.00022522]
[0.00022522]
[0.00022522]
[0.00022522]
[0.00022522]
[0.00022522]
[0.00022522]
[0.00022522]
[0.00022522]
[0.00022522]
[0.00022522]
[0.00022522]
[0.00022522]
[0.00022522]
[0.00022522]
[0.00022522]
[0.00022522]
[0.00022522]
[0.00022522]
[0.00022522]
[0.00022522]
[0.00022522]
[0.00022522]
[0.00022522]
[0.00022522]
[0.00022522]
[0.00022522]
[0.00022522]
[0.00022522]
[0.00022522]
[0.00022522]
[0.00022522]
[0.00022522]
[0.00022522]
[0.00022522]
[0.00022522]
[0.00022522]
[0.00022522]
[0.00022522]
[0.00022522]
[0.00022522]
[0.00022522]
[0.00022522]
[0.00022522]
[0.00022522]
[0.00022522]
[0.00022522]
[0.00022522]
[0.00022522]
[0.00022522]
[0.00022522]
[0.00022522]
[0.00022522]
[0.00022522]
[0.00022522]
[0.00022522]
[0.00022522]
[0.00022522]
[0.00022522]
[0.00022522]
[0.00022522]
[0.00022522]
[0.00022522]
[0.00022522]
[0.00022522]
[0.00022522]
[0.00022522]
[0.00022522]
[0.00022522]
[0.00022522]
[0.00022522]
[0.00022522]
[0.00022522]
[0.00022522]
[0.00022522]
[0.00022522]
[0.00022522]
[0.00022522]
[0.00022522]
[0.00022522]
[0.00022522]
[0.00022522]
[0.00022522]
[0.00022522]
[0.00022522]
[0.00022522]
[0.00022522]
[0.00022522]
[0.00022522]
[0.00022522]
[0.00022522]
[0.00022522]
[0.00022522]
[0.00022522]
[0.00022522]
[0.00022522]
[0.00022522]
[0.00022522]
[0.00022522]
[0.00022522]
[0.00022522]
[0.00022522]
[0.00022522]
[0.00022522]
[0.00022522]
[0.00022522]
[0.00022522]
[0.00022522]
[0.00022522]
[0.00022522]
[0.00022522]
[0.00022522]
[0.00022522]
[0.00022522]
[0.00022522]
[0.00022522]
[0.00022522]
[0.00022522]
[0.00022522]
[0.00022522]
[0.00022522]
[0.00022522]
[0.00022522]
[0.00022522]
[0.00022522]
[0.00022522]
[0.00022522]
[0.00022522]
[0.00022522]
[0.00022522]
[0.00022522]
[0.00022522]
[0.00022522]
[0.00022522]
[0.00022522]
[0.00022522]
[0.00022522]
[0.00022522]
[0.00022522]
[0.00022522]
[0.00022522]
[0.00022522]
[0.00022522]
[0.00022522]
[0.00022522]
[0.00022522]
[0.00022522]
[0.00022522]
[0.00022522]
[0.00022522]
[0.00022522]
[0.00022522]
[0.00022522]
[0.00022522]
[0.00022522]
[0.00022522]
[0.00022522]
[0.00022522]
[0.00022522]
[0.00022522]
[0.00022522]
[0.00022522]
[0.00022522]
[0.00022522]
[0.00022522]
[0.00022522]
[0.00022522]
[0.00022522]
[0.00022522]
[0.00022522]
[0.00022522]
[0.00022522]
[0.00022522]
[0.00022522]
[0.00022522]
[0.00022522]
[0.00022522]
[0.00022522]
[0.00022522]
[0.00022522]
[0.00022522]
[0.00022522]
[0.00022522]
[0.00022522]
[0.00022522]
[0.00022522]
[0.00022522]
[0.00022522]
[0.00022522]
[0.00022522]
[0.00022522]
[0.00022522]
[0.00022522]
[0.00022522]
[0.00022522]
[0.00022522]
[0.00022522]
[0.00022522]
[0.00022522]
[0.00022522]
[0.00022522]
[0.00022522]
[0.00022522]
[0.00022522]
[0.00022522]
[0.00022522]
[0.00022522]
[0.00022522]
[0.00022522]
[0.00022522]
[0.00022522]
[0.00022522]
[0.00022522]
[0.00022522]
[0.00022522]
[0.00022522]
[0.00022522]
[0.00022522]
[0.00022522]
[0.00022522]
[0.00022522]
[0.00022522]
[0.00022522]
[0.00022522]
[0.00022522]
[0.00022522]
[0.00022522]
[0.00022522]
[0.00022522]
[0.00022522]
[0.00022522]
[0.00022522]
[0.00022522]
[0.00022522]
[0.00022522]
[0.00022522]
[0.00022522]
[0.00022522]
[0.00022522]
[0.00022522]
[0.00022522]
[0.00022522]
[0.00022522]
[0.00022522]
[0.00022522]
[0.00022522]
[0.00022522]
[0.00022522]
[0.00022522]
[0.00022522]
[0.00022522]
[0.00022522]
[0.00022522]
[0.00022522]
[0.00023644]
[0.0002294]
[0.00022922]
[0.00022922]
[0.0002294]
[0.00022163]
[0.0002294]
[0.0002304]
[0.00023399]
[0.00023975]
[0.00028046]
[0.0002463]
[0.000278]
[0.00026058]
[0.00029329]
[0.00039822]
[0.00032132]
[0.00031164]
[0.00038423]
[0.0003754]
[0.0003754]
[0.00032321]
[0.0003583]
[0.00047359]
[0.00038116]
[0.00036828]
[0.00033808]
[0.00030964]
[0.00035257]
[0.00052608]
[0.00043138]
[0.00032974]
[0.00041175]
[0.00032571]
[0.00034202]
[0.00034202]
[0.00034202]
[0.00034202]
[0.00034202]
[0.00034202]
[0.00034202]
[0.00034202]
[0.00034202]
[0.00034202]
[0.00034202]
[0.00018287]
[0.00033146]
[0.02847428]
[0.00031722]
[0.00031722]
[0.00031722]
[0.00031722]
[0.00031722]
