0.0
0.0
0.002
0.034
0.052
0.08
0.072
0.096
0.132
0.194
0.2
0.312
0.272
0.33
0.326
0.266
0.394
0.334
0.608
0.462
0.614
0.458
0.522
0.38
0.554
0.494
0.556
0.486
0.638
0.548
0.58
0.304
0.426
0.276
0.64
0.532
0.54
0.438
0.408
0.59
0.634
0.702
0.532
0.302
0.64
0.354
0.612
0.616
0.55
0.64
0.778
0.556
0.722
0.514
0.35
0.452
0.74
0.34
0.622
0.41
0.16
0.482
0.37
0.394
0.476
0.472
0.362
0.386
0.454
0.568
0.45
0.558
0.512
0.372
0.376
0.418
0.486
0.546
0.45
0.35
0.656
0.26
0.246
0.336
0.284
0.372
0.536
0.472
0.306
0.21
0.338
0.444
0.338
0.516
0.582
0.356
0.712
0.49
0.476
0.838
