[0.48041302]
[0.50903606]
[0.49899334]
[0.48989493]
[0.4462112]
[0.4462112]
[0.4462112]
[0.46347642]
[0.28299838]
[0.49934152]
[0.52787167]
[0.49177065]
[0.475764]
[0.48245177]
[0.3732837]
[0.3355134]
[0.2597196]
[0.40715924]
[0.47810432]
[0.52270716]
[0.28617424]
[0.5026014]
[0.57454735]
[0.47894716]
[0.39505604]
[0.4879062]
[0.28344604]
[0.28344604]
[0.4647693]
[0.41036418]
[0.3296986]
[0.3996225]
[0.46732557]
[0.46732557]
[0.4709107]
[0.2707919]
[0.2707919]
[0.2707919]
[0.2707919]
[0.37528685]
[0.28407195]
[0.29751277]
[0.503153]
[0.4524669]
[0.3259624]
[0.3259624]
[0.3259624]
[0.3138243]
[0.29035187]
[0.29035187]
[0.35113388]
[0.5171623]
[0.49588132]
[0.44232348]
[0.4295888]
[0.324298]
[0.324298]
[0.324298]
[0.28125182]
[0.2653627]
[0.331765]
[0.49413013]
[0.30372745]
[0.51306087]
[0.48554277]
[0.33154088]
[0.45750797]
[0.27857655]
[0.2925596]
[0.25719142]
[0.28133464]
[0.4438392]
[0.39050797]
[0.33678156]
[0.30915034]
[0.26866245]
[0.2918028]
[0.29908702]
[0.30914164]
[0.30984423]
[0.3291145]
[0.3291145]
[0.3291145]
[0.3291145]
[0.28917935]
[0.43342173]
[0.29753155]
[0.36359867]
[0.30825981]
[0.44480082]
[0.42046306]
[0.3163409]
[0.3163409]
[0.3163409]
[0.2904794]
[0.3477521]
[0.3477521]
[0.2909936]
[0.35658845]
[0.35658845]
[0.35658845]
[0.3132332]
[0.2721291]
[0.2721291]
[0.2721291]
[0.2925154]
[0.2925154]
[0.3451701]
[0.3451701]
[0.3451701]
[0.3451701]
[0.36507416]
[0.36507416]
[0.36507416]
[0.36507416]
[0.2793183]
[0.28544402]
[0.29952633]
[0.29391775]
[0.3303468]
[0.45539483]
[0.57687575]
[0.42159334]
[0.3293973]
[0.39292854]
[0.33286536]
[0.28897876]
[0.3543713]
[0.2981362]
[0.2981362]
[0.2981362]
[0.3387902]
[0.38540718]
[0.36222526]
[0.36222526]
[0.36222526]
[0.29805857]
[0.29805857]
[0.29805857]
[0.29805857]
[0.29805857]
[0.29805857]
[0.29805857]
[0.37780938]
[0.2880416]
[0.36267513]
[0.5336966]
[0.2633436]
[0.2633436]
[0.2633436]
[0.2633436]
[0.2633436]
[0.2633436]
[0.2633436]
[0.2633436]
[0.2633436]
[0.2633436]
[0.2633436]
[0.2633436]
[0.2633436]
[0.2633436]
[0.29389483]
[0.29389483]
[0.31607655]
[0.2776865]
[0.2776865]
[0.2776865]
[0.2776865]
[0.2776865]
[0.2776865]
[0.2776865]
[0.2776865]
[0.2776865]
[0.2776865]
[0.2776865]
[0.2776865]
[0.2776865]
[0.2776865]
[0.2776865]
[0.35872543]
[0.2860086]
[0.2860086]
[0.36597037]
[0.34813893]
[0.30456308]
[0.35451934]
[0.35451934]
[0.3861161]
[0.33706602]
[0.43067452]
[0.42732158]
[0.27704513]
[0.27704513]
[0.27704513]
[0.27704513]
[0.27704513]
[0.27704513]
[0.46462005]
[0.33829436]
[0.36497858]
[0.40089738]
[0.2676155]
[0.28587025]
[0.28587025]
[0.28587025]
[0.28587025]
[0.25585628]
[0.25585628]
[0.25585628]
[0.25585628]
[0.25585628]
[0.25585628]
[0.39943272]
[0.3294174]
[0.35952437]
[0.35952437]
[0.39360365]
[0.37284267]
[0.5029302]
[0.34884724]
[0.312872]
[0.3225292]
[0.33554894]
[0.39478144]
[0.25442293]
[0.41004327]
[0.44240716]
[0.30799556]
[0.33564228]
[0.30076787]
[0.32430163]
[0.31571755]
[0.3378274]
[0.31722486]
[0.42630023]
[0.2790279]
[0.38203207]
[0.2588033]
[0.4116343]
[0.30895784]
[0.3828249]
[0.27345225]
[0.27345225]
[0.27345225]
[0.27345225]
[0.27345225]
[0.3223373]
[0.30512068]
[0.34993768]
[0.34993768]
[0.32304686]
[0.29592055]
[0.29592055]
[0.29592055]
[0.29592055]
[0.29592055]
[0.29592055]
[0.28054902]
[0.2999664]
[0.35616684]
[0.27402365]
[0.27402365]
[0.49822345]
[0.25833017]
[0.25833017]
[0.25833017]
[0.25833017]
[0.25833017]
[0.25833017]
[0.25833017]
[0.2875493]
[0.38410616]
[0.36688194]
[0.43341023]
[0.36162242]
[0.33235055]
[0.26490965]
[0.36089346]
[0.3077301]
[0.31617966]
[0.31617966]
[0.31617966]
[0.31617966]
[0.2720005]
[0.26049575]
[0.33860156]
[0.41814116]
[0.38152626]
[0.34841362]
[0.470332]
[0.37554288]
[0.3670676]
[0.38795808]
[0.3549161]
[0.35384798]
[0.37547538]
[0.30321753]
[0.30321753]
[0.30321753]
[0.33980298]
[0.35287875]
[0.2797966]
[0.47180197]
[0.28754053]
[0.46014303]
[0.29196784]
[0.29196784]
[0.29196784]
[0.31131968]
[0.33048847]
[0.25640687]
[0.29848716]
[0.3104983]
[0.37350023]
[0.48909995]
[0.46131605]
[0.42490402]
[0.27169666]
[0.27169666]
[0.27169666]
[0.27169666]
[0.29912493]
[0.29912493]
[0.36227667]
[0.40179604]
[0.33747002]
[0.30551478]
[0.2989118]
[0.32671613]
[0.2745414]
[0.37371975]
[0.4467648]
[0.28339803]
[0.28339803]
[0.28546822]
[0.29767463]
[0.29836825]
[0.3021862]
[0.3421367]
[0.38132703]
[0.32771856]
[0.28409472]
[0.3435796]
[0.28716606]
[0.28716606]
[0.33962315]
[0.33284897]
[0.28497466]
[0.27568153]
[0.27568153]
[0.27568153]
[0.2670011]
[0.37959272]
[0.36817658]
[0.28494835]
[0.2604961]
[0.2874554]
[0.33418798]
[0.2940315]
[0.38197494]
[0.27396604]
[0.3081405]
[0.40543973]
[0.3509841]
[0.38455045]
[0.30391017]
[0.2908658]
[0.2593239]
[0.27002922]
[0.28998914]
[0.29080692]
[0.29080692]
[0.29544568]
[0.2808953]
[0.2670643]
[0.3153904]
[0.2768231]
[0.28877828]
[0.32655632]
[0.27319705]
[0.26943937]
[0.27051207]
[0.32335252]
[0.3688592]
[0.27088484]
[0.29119802]
[0.43657938]
[0.3723409]
[0.30807626]
[0.31160435]
[0.32399404]
[0.28784314]
[0.39235738]
[0.36780447]
[0.25035918]
[0.25035918]
[0.30502856]
[0.32425258]
[0.2655282]
[0.32887915]
[0.35678673]
[0.30764908]
[0.31483653]
[0.29062787]
[0.30157658]
[0.27990532]
[0.2307747]
[0.3862167]
[0.30369875]
[0.2551105]
[0.33403683]
[0.35241222]
[0.30947235]
[0.32488278]
[0.36951563]
[0.2959149]
[0.31764686]
[0.28555772]
[0.29940483]
[0.30257505]
[0.25035495]
[0.3208353]
[0.25052258]
[0.37694216]
[0.2551057]
[0.32639918]
[0.30297995]
[0.31463188]
[0.59090877]
[0.34462702]
[0.30776784]
[0.2462171]
[0.28863648]
[0.27149507]
[0.30029634]
[0.34095532]
[0.2782179]
[0.29478902]
[0.25364006]
[0.2753583]
[0.2753583]
[0.30228534]
[0.2695703]
[0.31089658]
[0.31089658]
[0.2861412]
[0.30735415]
[0.3065969]
[0.2966043]
[0.2966043]
[0.30930817]
[0.28970197]
[0.28370067]
[0.28370067]
[0.33284238]
[0.29426178]
[0.36459708]
[0.38104898]
[0.24310738]
[0.28499958]
[0.30028802]
[0.30470538]
[0.29534966]
[0.28603956]
[0.27516198]
[0.26547223]
[0.3577345]
[0.3441189]
[0.26874983]
[0.26463044]
[0.27767435]
[0.26326102]
[0.27513036]
[0.27882153]
[0.278115]
[0.31002715]
[0.26010692]
[0.37586728]
[0.25870344]
[0.29183564]
[0.29183564]
[0.29829532]
[0.30419973]
[0.28443146]
[0.46254393]
[0.36980543]
[0.2827732]
[0.2827732]
[0.26136336]
[0.2517168]
[0.3377467]
[0.3249249]
[0.34034365]
[0.3203962]
[0.3181118]
[0.27430502]
[0.39195287]
[0.35854962]
[0.40352905]
[0.4976293]
