3.8572671104225646
3.9071560139974366
3.769561114211264
3.9227574979853053
3.9227574979853053
3.9227574979853053
3.9227574979853053
3.9227574979853053
3.9227574979853053
3.9227574979853053
3.9227574979853053
3.9227574979853053
3.9227574979853053
3.9227574979853053
3.9265736808590344
4.036493970033627
3.7734043219895153
3.881614502775875
3.881614502775875
3.881614502775875
3.881614502775875
3.88386247985237
3.88386247985237
3.88386247985237
3.88386247985237
3.887733440470699
3.891784227939641
3.8572131642302088
3.7038831171149713
4.107287146072908
4.078141487312233
4.078141487312233
4.078141487312233
4.078141487312233
4.078141487312233
4.0805159616615025
4.0805159616615025
3.8375921836818465
3.8375921836818465
3.8375921836818465
4.148555905251828
4.148555905251828
3.956655592975599
3.948004057558709
3.8873030518182965
3.8873030518182965
3.8873030518182965
3.8873030518182965
3.8873030518182965
3.8873030518182965
4.166824522982905
4.166824522982905
4.166824522982905
4.118490070039693
4.118490070039693
4.065455568557483
3.5884802578465287
3.5884802578465287
4.036833301665908
4.036833301665908
4.036833301665908
4.036833301665908
4.036833301665908
4.036833301665908
4.056852247319045
3.9697072225849297
3.6015515473321846
3.6015515473321846
3.6015515473321846
4.1214313825109725
4.1214313825109725
4.028651733103197
4.028651733103197
4.028651733103197
4.028651733103197
4.028651733103197
4.028651733103197
4.060708520625302
3.9292738864451024
3.8728948685163385
4.136079969273047
4.136079969273047
4.136079969273047
4.136079969273047
4.136079969273047
4.136079969273047
4.136079969273047
4.136079969273047
4.136079969273047
4.136079969273047
4.136079969273047
4.136079969273047
4.136079969273047
4.136079969273047
4.136079969273047
4.136079969273047
4.136079969273047
4.136079969273047
4.136079969273047
4.136079969273047
4.136079969273047
4.136079969273047
3.66795753132242
3.66795753132242
3.66795753132242
3.66795753132242
3.66795753132242
3.66795753132242
3.66795753132242
3.66795753132242
3.66795753132242
3.668824519077262
3.668824519077262
3.668824519077262
3.668824519077262
3.668824519077262
3.668824519077262
3.668824519077262
3.668824519077262
3.668824519077262
3.5615449200997205
3.68667521969353
4.049661985878386
4.049661985878386
4.049661985878386
3.6214098937852546
4.051891086023524
4.051891086023524
4.051891086023524
4.051891086023524
4.051891086023524
4.051891086023524
4.051891086023524
3.6935853854232015
4.019736111446067
4.367926958272732
3.9786435789628456
4.115849213744861
3.7400379043713716
4.163510407798718
3.7086412830869318
3.808101770755206
3.808101770755206
3.808101770755206
3.808101770755206
3.808101770755206
4.324530020682021
4.32675912082716
4.32675912082716
3.7760230552959086
3.7760230552959086
3.7760230552959086
3.7195922169030364
3.246155282465928
3.827477016794858
3.841536460874801
4.111220117041253
4.111220117041253
3.959685028400166
4.274314781149245
4.1219420801853905
4.1219420801853905
3.9301359188691816
3.6146684118151446
3.489253095481743
3.7750557483910363
4.015443870220171
3.5189078907573936
3.5189078907573936
3.5189078907573936
3.5189078907573936
4.236971464991032
4.107309669594624
4.298392972792948
3.8902234686353427
3.8902234686353427
4.167428322857295
4.313110010895032
4.313110010895032
3.413553071620134
3.413553071620134
3.7520404869640167
3.9656702621791364
4.097961878446898
3.6008841207379643
3.6008841207379643
3.601091920204089
3.601091920204089
3.601091920204089
3.601091920204089
4.138833152817768
4.138833152817768
3.8187073156886626
3.859588780699296
3.859588780699296
3.861073560787924
3.8773692426953126
3.714885765337449
4.040131849895769
4.095271822342668
4.260178036945193
4.098014453222364
3.8977134925049084
4.088123907366003
3.8202271892749318
3.8462576707683063
4.105005276624236
4.073364209062401
3.639250628545782
3.508888751458181
4.1822086238380365
4.1822086238380365
4.1822086238380365
4.363611772952312
3.8671032107074996
4.018066109388475
4.007588673599696
4.012893633697846
3.795728749303641
3.8425911402525266
4.163891475365135
4.125080893072457
4.266622442424394
4.022686448452676
4.119535560119306
3.637847626857308
3.9874498703068566
3.734822678577963
3.7863396301758883
3.8176111334818144
3.6065973023746656
3.9945139749705003
4.008841882102875
4.172477449260331
3.452439449885574
3.9457709870224003
4.303394176515833
4.146602396583063
4.042609665391934
3.617464175297104
4.025064048291677
4.093061992322501
3.7980885251530427
3.7683456612844672
4.008142686951021
3.6619470401181777
3.888975327302994
3.7276957819258945
4.092395002031781
4.194175587842053
4.194175587842053
3.7647215931573808
3.912704313637528
3.9109053107003993
4.070084982541443
4.27692298183031
3.545506519428276
4.3084312543540095
4.409610114418391
3.7735796368449375
4.032037306190532
3.6088556792643285
3.8149917062323624
4.2317540493805135
3.843083187047659
4.128084032887797
3.602701092059273
3.602701092059273
4.298457451696496
4.020743445936013
4.033260897270722
4.153269541330424
3.9938665577216375
3.851979746180545
3.6185510401058236
4.154026392234995
4.039609329068703
4.285142886589815
4.2940445999816435
4.1262015620784105
4.274354063945475
4.0424576351834896
4.250451972832705
4.171698894109406
4.546600484888264
3.822904174604127
4.209012988516051
4.198141383906453
3.9699787919004486
3.4886336130243354
3.998201831456414
3.9042395966174634
4.0443699826450645
4.22895768971385
4.120729194071561
4.167225843328624
4.4163985983307885
4.179732439362624
3.9863226557391105
4.271050755050313
4.09826225297498
4.146470549990678
4.049173457693318
3.7520021516800526
4.697889022994498
3.7548045072192497
4.476758685413516
4.148852750666187
4.102993726234407
4.3627570641097515
4.074763774776253
4.4572695707545895
3.8434815873204196
4.124897451625719
4.124897451625719
4.124897451625719
4.0187822417811825
4.159080800315904
3.859294586036339
4.218556122746037
3.970579075210453
4.276898798822249
4.109534004950935
3.9981977832608626
4.103990384726808
3.9042025091132615
3.9867874019961658
3.9937692995170133
4.615507329627505
3.9718059655759195
4.4499726416739485
4.197954213310674
3.8913981387003957
4.065517791393626
4.208149832002777
3.687496403246227
4.616478683657084
4.142076916820756
4.246462531567363
4.200982891428672
4.108644983270054
3.93220756249959
3.93220756249959
4.113239204658422
4.092523960870812
3.9075116869973527
3.986946263947015
4.327078651209921
4.516672370115021
4.734403807224233
3.7033810935908633
3.348791596732819
4.8062834935573155
3.7672601498294718
3.8668544648162246
3.968103637398732
3.970738190951801
3.970738190951801
5.057299871193717
4.307006331000866
4.078059150826133
4.143762621691856
3.6416826392047215
3.6416826392047215
4.773755303588876
4.301925521415161
4.09645571878871
3.834628521866941
3.996505307769289
4.8328418953496985
4.86177968474477
4.242302552601953
4.7808442147752155
3.662886857071694
3.7872582932691774
5.283902295297182
4.481161474212162
3.7946311062927975
3.594287178345878
3.641559168116814
3.614812279336805
3.4971036612467836
3.664235824502877
3.9095744932771774
3.8469339585568356
3.5480102719697344
3.5480102719697344
3.045785807287734
3.575096747734648
3.385469873169413
3.7849012035693637
3.8975227008015523
3.5851950000954176
3.78422109464603
4.058818325157453
3.735937777507961
3.9291990726705643
3.407399800308891
3.308456472703927
4.200270934006635
3.203185899835878
2.8033840745425262
4.100205201420954
3.2833070210875084
3.162855236786246
2.953252772660882
3.1440084695972796
3.2255173398208257
3.079013173998675
3.2153874371506967
3.5249132103465737
3.238818496501806
3.5258543899266837
2.8723070934669277
3.387562755843847
3.7802934503920174
3.7802934503920174
3.0719959486152497
2.6952703801519196
2.771932525900908
3.8720853963745547
4.430546620190873
3.938515466304625
3.1756756540162314
4.433416784212522
3.8729476341367928
3.147228886032911
2.4319452321867576
3.474156100693315
4.065782317296396
2.452786845304489
3.0296078378317564
3.0296078378317564
2.677038502914993
2.5653655998242932
2.421550726267558
1.360634776456326
1.360634776456326
3.7625750973706706
3.6553790554889165
3.381556502104184
3.872940132344228
1.2633697403702335
3.0417329641227706
3.1077879645035384
2.3976694318459852
3.594013692739635
3.4562390472306
3.702353826518901
3.4531510636702816
3.442711998828247
3.5919901484967376
2.738080115558061
3.669121765103238
3.669121765103238
3.669121765103238
3.669121765103238
4.514708961223583
4.08999868818016
3.6905945732412384
4.043614072795545
4.11687265907959
4.780644842026316
5.209755302219398
7.3284153846153846
5.214418136861648
3.9921191606207493
5.322801694727648
5.801400630261121
4.315154272340314
5.634612407409946
5.448795658641473
5.578633772812016
6.297211118494158
4.3055616321754595
4.577565778341911
5.089251025407741
4.850045035567364
6.3408202663365945
6.2498844861665654
4.272218336310258
4.349064499284712
4.807530995955201
5.867491715439732
4.130239223983691
5.005784497105826
6.3767032887109885
2.8739372507977734
6.378720031805906
5.071129158095505
5.738859463520104
5.8335186389445415
5.085004190342
4.464109328803232
4.948183760034308
6.915311359099528
6.580842011821049
6.224016685487201
5.57379614323362
5.692467534904589
