18.4802
18.4802
18.4802
18.4802
18.4802
18.4802
18.4802
18.4802
18.4802
18.633
18.633
18.6347
17.83199999999999
17.83199999999999
17.83199999999999
17.83199999999999
17.83199999999999
17.83199999999999
17.83199999999999
17.83199999999999
17.83199999999999
17.83199999999999
17.83199999999999
17.83199999999999
17.83199999999999
17.83199999999999
17.83199999999999
17.83199999999999
17.83199999999999
17.83199999999999
17.83199999999999
17.83199999999999
17.83199999999999
17.83199999999999
17.83199999999999
17.83199999999999
17.83199999999999
17.83199999999999
17.83199999999999
17.946499999999993
18.109599999999997
18.109599999999997
18.109599999999997
18.109599999999997
18.109599999999997
18.109599999999997
18.109599999999997
18.109599999999997
18.109599999999997
18.109599999999997
18.109599999999997
18.109599999999997
18.109599999999997
18.934700000000007
18.934700000000007
18.934700000000007
18.934700000000007
18.934700000000007
18.934700000000007
18.934700000000007
18.934700000000007
18.934700000000007
18.934700000000007
18.934700000000007
18.934700000000007
18.934700000000007
18.934700000000007
18.934700000000007
18.934700000000007
18.934700000000007
18.934700000000007
18.934700000000007
18.934700000000007
18.934700000000007
18.934700000000007
18.934700000000007
18.934700000000007
18.934700000000007
18.934700000000007
18.934700000000007
18.934700000000007
19.100800000000007
17.18379999999998
18.326299999999996
18.1042
18.146299999999997
17.171699999999984
18.544600000000003
18.587100000000003
17.46139999999999
17.46139999999999
17.46139999999999
17.46139999999999
17.46139999999999
17.46139999999999
17.46139999999999
17.46139999999999
17.46139999999999
17.46139999999999
17.46139999999999
17.46139999999999
17.46139999999999
17.46139999999999
17.46139999999999
17.46139999999999
17.46139999999999
17.46139999999999
17.46139999999999
17.46139999999999
17.46139999999999
17.46139999999999
17.46139999999999
17.46139999999999
17.46139999999999
17.46139999999999
17.46139999999999
17.46139999999999
17.46139999999999
17.46139999999999
17.46139999999999
17.46139999999999
17.46139999999999
17.46139999999999
17.46139999999999
17.46139999999999
17.46139999999999
17.46139999999999
17.46139999999999
17.46139999999999
17.46139999999999
17.46139999999999
17.46139999999999
17.46139999999999
17.46139999999999
17.46139999999999
17.46139999999999
17.46139999999999
17.46139999999999
17.46139999999999
17.46139999999999
17.46139999999999
17.46139999999999
17.46139999999999
17.46139999999999
17.46139999999999
17.46139999999999
17.46139999999999
17.46139999999999
17.46139999999999
17.46139999999999
17.46139999999999
17.46139999999999
17.46139999999999
17.46139999999999
17.46139999999999
17.46139999999999
17.46139999999999
17.46139999999999
17.46139999999999
17.46139999999999
17.46139999999999
17.46139999999999
17.46139999999999
17.46139999999999
17.46139999999999
17.46139999999999
17.46139999999999
17.46139999999999
17.46139999999999
17.46139999999999
17.46139999999999
17.46139999999999
17.46139999999999
17.46139999999999
17.46139999999999
17.46139999999999
17.46139999999999
17.46139999999999
17.46139999999999
17.46139999999999
17.46139999999999
17.46139999999999
17.46139999999999
17.46139999999999
17.46139999999999
17.46139999999999
17.46139999999999
17.46139999999999
17.46139999999999
17.46139999999999
17.46139999999999
17.46139999999999
17.46139999999999
17.46139999999999
17.46139999999999
17.46139999999999
17.46139999999999
17.46139999999999
17.46139999999999
17.46139999999999
17.46139999999999
17.46139999999999
17.46139999999999
17.46139999999999
17.46139999999999
17.46139999999999
17.46139999999999
17.46139999999999
17.46139999999999
17.46139999999999
17.46139999999999
17.46139999999999
17.46139999999999
17.46139999999999
17.46139999999999
17.46139999999999
17.46139999999999
17.46139999999999
17.46139999999999
17.46139999999999
17.46139999999999
17.46139999999999
17.46139999999999
17.46139999999999
17.46139999999999
17.46139999999999
17.46139999999999
17.46139999999999
17.46139999999999
17.46139999999999
17.46139999999999
17.46139999999999
17.46139999999999
17.46139999999999
17.46139999999999
17.46139999999999
17.46139999999999
18.497600000000002
17.920799999999993
17.121619999999982
17.121619999999982
17.121619999999982
17.121619999999982
17.121619999999982
17.392999999999986
17.09829999999998
17.22129999999998
17.22129999999998
17.22129999999998
17.22129999999998
17.22129999999998
17.22129999999998
17.22129999999998
17.22129999999998
17.22129999999998
17.22129999999998
17.22129999999998
17.22129999999998
17.22129999999998
17.22129999999998
17.22129999999998
17.22129999999998
17.22129999999998
17.22129999999998
17.22129999999998
17.22129999999998
17.22129999999998
17.22129999999998
17.22129999999998
17.22129999999998
17.22129999999998
17.22129999999998
17.22129999999998
17.22129999999998
17.22129999999998
17.22129999999998
17.22129999999998
17.22129999999998
17.22129999999998
17.22129999999998
17.22129999999998
17.22129999999998
17.22129999999998
17.22129999999998
17.22129999999998
17.22129999999998
17.22129999999998
17.22129999999998
17.22129999999998
17.22129999999998
17.22129999999998
17.22129999999998
17.22129999999998
17.22129999999998
17.22129999999998
17.22129999999998
17.22129999999998
17.22129999999998
17.22129999999998
17.22129999999998
17.22129999999998
17.22129999999998
17.22129999999998
17.22129999999998
17.22129999999998
17.22129999999998
17.22129999999998
17.22129999999998
17.22129999999998
17.22129999999998
17.22129999999998
17.22129999999998
17.22129999999998
17.22129999999998
17.22129999999998
17.22129999999998
17.22129999999998
17.22129999999998
17.22129999999998
17.22129999999998
17.22129999999998
17.22129999999998
17.22129999999998
17.22129999999998
17.22129999999998
17.22129999999998
17.22129999999998
17.22129999999998
17.22129999999998
17.22129999999998
17.22129999999998
17.22129999999998
17.22129999999998
17.22129999999998
17.22129999999998
17.22129999999998
17.22129999999998
17.22129999999998
17.22129999999998
17.22129999999998
17.22129999999998
17.22129999999998
17.22129999999998
17.22129999999998
17.22129999999998
17.22129999999998
17.22129999999998
17.22129999999998
17.22129999999998
17.22129999999998
17.22129999999998
17.22129999999998
17.22129999999998
17.22129999999998
17.22129999999998
17.22129999999998
17.22129999999998
17.22129999999998
17.22129999999998
17.22129999999998
17.22129999999998
17.22129999999998
17.22129999999998
17.22129999999998
17.22129999999998
17.22129999999998
17.22129999999998
17.22129999999998
17.22129999999998
17.22129999999998
17.22129999999998
17.22129999999998
17.22129999999998
17.22129999999998
17.22129999999998
17.22129999999998
17.22129999999998
17.22129999999998
17.22129999999998
17.22129999999998
17.22129999999998
17.22129999999998
17.22129999999998
17.22129999999998
17.22129999999998
17.22129999999998
17.22129999999998
17.22129999999998
17.22129999999998
17.22129999999998
17.22129999999998
17.22129999999998
17.22129999999998
17.22129999999998
17.22129999999998
17.22129999999998
17.22129999999998
17.22129999999998
17.22129999999998
17.22129999999998
17.22129999999998
17.22129999999998
17.22129999999998
17.22129999999998
17.22129999999998
17.22129999999998
17.22129999999998
17.22129999999998
17.22129999999998
17.22129999999998
17.22129999999998
17.22129999999998
17.22129999999998
17.22129999999998
17.22129999999998
17.22129999999998
17.22129999999998
17.22129999999998
17.22129999999998
18.1545
17.263799999999982
16.813199999999977
16.813199999999977
16.813199999999977
16.813199999999977
16.813199999999977
16.813199999999977
16.813199999999977
16.813199999999977
16.813199999999977
16.813199999999977
16.813199999999977
16.813199999999977
16.813199999999977
16.813199999999977
16.813199999999977
16.813199999999977
16.813199999999977
16.813199999999977
16.813199999999977
16.813199999999977
17.279899999999987
16.81319999999998
16.81319999999998
17.44849999999998
16.721499999999974
16.696599999999975
16.873699999999978
16.965999999999983
16.628699999999974
16.628699999999974
17.03839999999998
17.334099999999992
16.826699999999978
17.07669999999998
18.330000000000002
17.974899999999995
17.010099999999984
16.483599999999974
16.747599999999977
16.711599999999976
16.110099999999967
17.096699999999984
16.404399999999974
16.404399999999974
16.028799999999972
15.685399999999971
16.261499999999977
16.751899999999978
16.042299999999965
16.080799999999968
14.82889999999997
15.270799999999975
15.478899999999967
14.824999999999973
14.923199999999973
14.923199999999973
16.05439999999997
15.070399999999976
15.549599999999968
15.608999999999972
15.39531999999997
16.403899999999975
13.653399999999976
4.290500000000002
7.2712000000000065
4.2809000000000035
2.1341200000000002
1.6866
3.225500000000001
3.225500000000001
13.311499999999976
1.3584
0.5601999999999999
5.879000000000004
17.309699999999985
0.6361
16.711199999999973
17.269699999999986
16.263199999999973
