[0.59875125]
[0.55099684]
[0.44497174]
[0.44497174]
[0.4386527]
[0.53197885]
[0.17140411]
[0.17991021]
[0.17045444]
[0.49540702]
[0.16446254]
[0.48314467]
[0.48314467]
[0.16370638]
[0.16370638]
[0.22025053]
[0.16841461]
[0.16841461]
[0.48767948]
[0.4209392]
[0.23293692]
[0.1626516]
[0.1626516]
[0.1626516]
[0.1626516]
[0.41091365]
[0.37025124]
[0.35690945]
[0.18056685]
[0.18860868]
[0.16148433]
[0.54563916]
[0.18062952]
[0.17177369]
[0.17177369]
[0.17177369]
[0.39798084]
[0.16306427]
[0.16306427]
[0.16306427]
[0.16510673]
[0.4389127]
[0.3009294]
[0.1692405]
[0.34759346]
[0.5234085]
[0.25042647]
[0.17307933]
[0.26920578]
[0.26920578]
[0.17057379]
[0.47674116]
[0.2169091]
[0.47372717]
[0.40266043]
[0.16799131]
[0.51367694]
[0.373169]
[0.19136629]
[0.40768793]
[0.5335325]
[0.48409536]
[0.1634717]
[0.17689383]
[0.3630985]
[0.30424592]
[0.36390826]
[0.17782761]
[0.20227619]
[0.29093784]
[0.38109517]
[0.16438818]
[0.16438818]
[0.27287075]
[0.31798714]
[0.17260617]
[0.17260617]
[0.17260617]
[0.17260617]
[0.1680474]
[0.28444272]
[0.16474327]
[0.16474327]
[0.5012001]
[0.5012001]
[0.26606706]
[0.5438524]
[0.42065075]
[0.45359725]
[0.45359725]
[0.45359725]
[0.24545965]
[0.1681764]
[0.1681764]
[0.48464283]
[0.1879592]
[0.21592622]
[0.16985922]
[0.17135268]
[0.17135268]
[0.16859493]
[0.31176478]
[0.16085453]
[0.16085453]
[0.16085453]
[0.16085453]
[0.16085453]
[0.16085453]
[0.16085453]
[0.16085453]
[0.17054333]
[0.50784385]
[0.19060992]
[0.43170926]
[0.43170926]
[0.3992569]
[0.26749474]
[0.2893379]
[0.51630485]
[0.24754135]
[0.521062]
[0.48086935]
[0.23898433]
[0.26527277]
[0.5669483]
[0.16586277]
[0.16586277]
[0.30211696]
[0.30211696]
[0.1696909]
[0.1696909]
[0.27750212]
[0.4812146]
[0.48121464]
[0.17133856]
[0.17133856]
[0.18233918]
[0.3353872]
[0.3353872]
[0.17034331]
[0.24070197]
[0.30325326]
[0.16090608]
[0.16090608]
[0.16090608]
[0.16090608]
[0.18602641]
[0.1723165]
[0.18192959]
[0.2932593]
[0.19660051]
[0.1974166]
[0.41705278]
[0.18352298]
[0.41619056]
[0.40876216]
[0.48111546]
[0.20735972]
[0.4305523]
[0.19636315]
[0.23224147]
[0.39624813]
[0.16283777]
[0.22133732]
[0.38230503]
[0.4410728]
[0.4410728]
[0.18124211]
[0.2549075]
[0.2549075]
[0.27412528]
[0.27412528]
[0.27412528]
[0.18014105]
[0.18014105]
[0.2549075]
[0.2549075]
[0.41194236]
[0.165087]
[0.18679921]
[0.29012388]
[0.4072963]
[0.41103035]
[0.2752995]
[0.373159]
[0.373159]
[0.373159]
[0.373159]
[0.5118664]
[0.26175752]
[0.23369268]
[0.30370995]
[0.3945831]
[0.34377363]
[0.34377363]
[0.33691788]
[0.30344024]
[0.30344024]
[0.30344024]
[0.30344024]
[0.30344024]
[0.30344024]
[0.2917161]
[0.24985947]
[0.29681948]
[0.16227518]
[0.16227518]
[0.30297107]
[0.41077662]
[0.41077662]
[0.1669858]
[0.23793411]
[0.33922613]
[0.33922613]
[0.33922613]
[0.24084859]
[0.4726818]
[0.29481512]
[0.35654244]
[0.35654244]
[0.35654244]
[0.46392992]
[0.46392992]
[0.1732269]
[0.40199697]
[0.19998856]
[0.31985205]
[0.17016599]
[0.23141767]
[0.17414017]
[0.2749498]
[0.2749498]
[0.2749498]
[0.2749498]
[0.2749498]
[0.2749498]
[0.27390572]
[0.34658423]
[0.56653255]
[0.6055056]
[0.17700483]
[0.35755616]
[0.35755616]
[0.1796281]
[0.16970159]
[0.26102594]
[0.26102594]
[0.18032338]
[0.42053273]
[0.30479562]
[0.1819419]
[0.21561201]
[0.1908704]
[0.21416473]
[0.35122102]
[0.35122102]
[0.35122102]
[0.35122102]
[0.26424778]
[0.18064806]
[0.23166408]
[0.29675174]
[0.18091643]
[0.42319664]
[0.2287471]
[0.16462941]
[0.19230966]
[0.30563083]
[0.16321367]
[0.21585022]
[0.35876223]
[0.16668423]
[0.3827683]
[0.3827683]
[0.3827683]
[0.3827683]
[0.24824351]
[0.45805007]
[0.45805007]
[0.17042917]
[0.39538383]
[0.39538383]
[0.44841698]
[0.25634918]
[0.33258075]
[0.1666947]
[0.3181272]
[0.36750612]
[0.2081716]
[0.17116669]
[0.16262369]
[0.50184005]
[0.33647883]
[0.33647883]
[0.3674875]
[0.2109782]
[0.48654783]
[0.18705809]
[0.18705809]
[0.16354962]
[0.18018389]
[0.2849481]
[0.20929043]
[0.1761187]
[0.1721387]
[0.26567033]
[0.16396318]
[0.31674653]
[0.31674653]
[0.31674653]
[0.23943983]
[0.21036272]
[0.42565903]
[0.31225786]
[0.17786816]
[0.4109621]
[0.18044052]
[0.1666316]
[0.23361884]
[0.199216]
[0.31954634]
[0.16627365]
[0.18329556]
[0.16903293]
[0.3704123]
[0.27082622]
[0.24920307]
[0.6069566]
[0.34478185]
[0.25320607]
[0.35364828]
[0.33733225]
[0.31728476]
[0.2526849]
[0.18045779]
[0.3406371]
[0.34081036]
[0.17337938]
[0.49794474]
[0.41164178]
[0.17913033]
[0.34074822]
[0.2503137]
[0.47514978]
[0.4130254]
[0.26479053]
[0.23190044]
[0.19888464]
[0.16668777]
[0.20144098]
[0.1642117]
[0.31871402]
[0.22230294]
[0.172428]
[0.20189041]
[0.19870177]
[0.2773781]
[0.35635808]
[0.19789678]
[0.32797995]
[0.21740864]
[0.33108413]
[0.44722155]
[0.19736733]
[0.29686713]
[0.17149776]
[0.1799605]
[0.18427378]
[0.20160118]
[0.41678673]
[0.21315041]
[0.46166122]
[0.26364186]
[0.17732403]
[0.37099153]
[0.17400318]
[0.17400318]
[0.19376734]
[0.30386814]
[0.22852246]
[0.17819996]
[0.16947137]
[0.2843783]
[0.16832602]
[0.28862533]
[0.19287553]
[0.3032245]
[0.19394602]
[0.16634178]
[0.16998948]
[0.22770071]
[0.17008813]
[0.17011857]
[0.16385773]
[0.34137568]
[0.20987764]
[0.1980587]
[0.20514335]
[0.22650531]
[0.25877213]
[0.24213298]
[0.28709736]
[0.29393467]
[0.18708697]
[0.16618145]
[0.23171398]
[0.17949815]
[0.2113911]
[0.20625746]
[0.21135645]
[0.16997316]
[0.2987855]
[0.25254717]
[0.17915016]
[0.19872595]
[0.18136978]
[0.16800937]
[0.22194393]
[0.16804136]
[0.17757142]
[0.27501693]
[0.2241724]
[0.18900864]
[0.5432337]
[0.32722118]
[0.2114032]
[0.23389618]
[0.30097255]
[0.17411023]
[0.20709512]
[0.17055024]
[0.32118195]
[0.21970439]
[0.16773234]
[0.2948878]
[0.16097853]
[0.20882072]
[0.33666897]
[0.19241811]
[0.18471216]
[0.20027784]
[0.23588005]
[0.1758013]
[0.17291245]
[0.1730221]
[0.17515565]
[0.24068777]
[0.19216715]
[0.1935439]
[0.18645093]
[0.42049173]
[0.18682715]
[0.18425198]
[0.3018125]
[0.3805929]
[0.31521904]
[0.20694962]
[0.26446566]
[0.18265687]
[0.21173762]
[0.36950326]
[0.18199278]
[0.25704658]
[0.25704658]
[0.28293136]
[0.1692506]
[0.19279166]
[0.16686645]
[0.25894144]
[0.16851625]
[0.22876431]
[0.20218526]
[0.42664847]
[0.17820695]
[0.19320299]
[0.21934731]
[0.40799242]
[0.16874197]
[0.54428345]
[0.47137955]
[0.17919879]
[0.4355484]
[0.16677639]
[0.16569501]
[0.20935683]
[0.20188493]
[0.18518066]
[0.17985524]
[0.17286558]
[0.185462]
[0.56517726]
[0.19014797]
[0.1754934]
[0.29881632]
[0.39585248]
[0.18626538]
[0.42815125]
[0.2526016]
[0.46225458]
[0.41634986]
