[0.69726485]
[0.69726485]
[0.69726485]
[0.69726485]
[0.69726485]
[0.69726485]
[0.69726485]
[0.73975986]
[0.5514175]
[0.6106239]
[0.6106239]
[0.6106239]
[0.6106239]
[0.6106239]
[0.63912356]
[0.63912356]
[0.63912356]
[0.63912356]
[0.63912356]
[0.7289362]
[0.6796009]
[0.6194914]
[0.6194914]
[0.6194914]
[0.6194914]
[0.6194914]
[0.6194914]
[0.6194914]
[0.6194914]
[0.6194914]
[0.6297619]
[0.6297619]
[0.6146548]
[0.6146548]
[0.6146548]
[0.6146548]
[0.6146548]
[0.6146548]
[0.6146548]
[0.6146548]
[0.6146548]
[0.6146548]
[0.643941]
[0.643941]
[0.59789824]
[0.04085493]
[0.04085493]
[0.04085493]
[0.04085493]
[0.0400248]
[0.04001949]
[0.04001949]
[0.04001949]
[0.04001949]
[0.04001949]
[0.04001949]
[0.04001949]
[0.04001949]
[0.04001949]
[0.04001949]
[0.04001949]
[0.04001949]
[0.04001949]
[0.04001949]
[0.04001949]
[0.04001949]
[0.04001949]
[0.04001949]
[0.04001949]
[0.04001949]
[0.04001949]
[0.04001949]
[0.04001949]
[0.04001949]
[0.04001949]
[0.04001949]
[0.03920519]
[0.03920519]
[0.03920519]
[0.6084945]
[0.03931427]
[0.04197511]
[0.5818103]
[0.04051355]
[0.04051355]
[0.04051355]
[0.04107131]
[0.04107131]
[0.04107131]
[0.04107131]
[0.04107131]
[0.04133484]
[0.03984182]
[0.03984182]
[0.04025152]
[0.04002203]
[0.04043244]
[0.03983993]
[0.03983993]
[0.04077204]
[0.03950267]
[0.03950267]
[0.04043435]
[0.04043435]
[0.04043435]
[0.04043435]
[0.04043435]
[0.04043435]
[0.04043435]
[0.04043435]
[0.04043435]
[0.04043435]
[0.04053317]
[0.04001945]
[0.04001945]
[0.03920244]
[0.03931193]
[0.0395604]
[0.0395604]
[0.0395604]
[0.0395604]
[0.0395604]
[0.0395604]
[0.0395604]
[0.0395604]
[0.0395604]
[0.0395604]
[0.0395604]
[0.0395604]
[0.0395604]
[0.0395604]
[0.0395604]
[0.0395604]
[0.0395604]
[0.0395604]
[0.0395604]
[0.0395604]
[0.0395604]
[0.50509495]
[0.03946221]
[0.03946221]
[0.63761944]
[0.63761944]
[0.63761944]
[0.63761944]
[0.63761944]
[0.63761944]
[0.04143762]
[0.03976928]
[0.03976928]
[0.03976928]
[0.04004304]
[0.04004304]
[0.04004304]
[0.04004304]
[0.04082359]
[0.03967131]
[0.03967131]
[0.03967131]
[0.03967131]
[0.03967131]
[0.03967131]
[0.03967131]
[0.03967131]
[0.03967131]
[0.03967131]
[0.03967131]
[0.03967131]
[0.03967131]
[0.03967131]
[0.04007882]
[0.04007882]
[0.03931224]
[0.03931224]
[0.04239646]
[0.04077854]
[0.03967023]
[0.03967023]
[0.03967023]
[0.03967023]
[0.03967023]
[0.03967023]
[0.0403658]
[0.03957903]
[0.04061596]
[0.04061596]
[0.03931155]
[0.04208056]
[0.0395724]
[0.04348282]
[0.04348282]
[0.04348281]
[0.0403925]
[0.0403925]
[0.0403925]
[0.0403925]
[0.0403925]
[0.0403925]
[0.0403925]
[0.0403925]
[0.0403925]
[0.0403925]
[0.0403925]
[0.0403925]
[0.0403925]
[0.0403925]
[0.0403925]
[0.0403925]
[0.0403925]
[0.0403925]
[0.0403925]
[0.5488678]
[0.04075073]
[0.04187516]
[0.04193441]
[0.04193441]
[0.04401239]
[0.04116455]
[0.03985065]
[0.04113318]
[0.04150686]
[0.04035547]
[0.04004224]
[0.04021768]
[0.03995686]
[0.04089325]
[0.58955544]
[0.58955544]
[0.04060616]
[0.04060616]
[0.04007344]
[0.5583212]
[0.03967169]
[0.04071364]
[0.04071364]
[0.03899631]
[0.04030875]
[0.04149918]
[0.04149918]
[0.04062731]
[0.04499345]
[0.04017003]
[0.04161539]
[0.04032207]
[0.03789428]
[0.04144956]
[0.5545754]
[0.03993541]
[0.03993541]
[0.03993541]
[0.03993541]
[0.03996706]
[0.03996706]
[0.04235793]
[0.04081317]
[0.04048167]
[0.04073722]
[0.037954]
[0.04004994]
[0.0408597]
[0.04018705]
[0.04018705]
[0.03983968]
[0.0409095]
[0.0403867]
[0.03997562]
[0.0403714]
[0.04060651]
[0.5338683]
[0.5338683]
[0.5338683]
[0.5338683]
[0.5338683]
[0.5338683]
[0.5338683]
[0.5338683]
[0.684473]
[0.04048076]
[0.04081759]
[0.57914793]
[0.04130324]
[0.47904605]
[0.47904605]
[0.47904605]
[0.47904605]
[0.47904605]
[0.47904605]
[0.47904605]
[0.47904605]
[0.47904605]
[0.47904605]
[0.47904605]
[0.47904605]
[0.47904605]
[0.44661224]
[0.44661224]
[0.5400733]
[0.04087074]
[0.04171115]
[0.4043065]
[0.04009975]
[0.0416783]
[0.52440375]
[0.52440375]
[0.52440375]
[0.52440375]
[0.52440375]
[0.52440375]
[0.52440375]
[0.52440375]
[0.52440375]
[0.04133921]
[0.04007595]
[0.56067765]
[0.56067765]
[0.56067765]
[0.039579]
[0.04413168]
[0.04120613]
[0.64182353]
[0.0402038]
[0.046374]
[0.52220297]
[0.52220297]
[0.52220297]
[0.52220297]
[0.52220297]
[0.52220297]
[0.52220297]
[0.52220297]
[0.52220297]
[0.52220297]
[0.52220297]
[0.52220297]
[0.52220297]
[0.52220297]
[0.52220297]
[0.52220297]
[0.04100042]
[0.03967162]
[0.04019204]
[0.04019204]
[0.04125572]
[0.03983531]
[0.60443467]
[0.03841976]
[0.03972721]
[0.63907003]
[0.04738529]
[0.03778938]
[0.04133216]
[0.5167606]
[0.6083131]
[0.6530256]
[0.4387295]
[0.5993436]
[0.03910765]
[0.5270338]
[0.045524]
[0.045524]
[0.04503563]
[0.46301758]
[0.04182736]
[0.04343913]
[0.52802813]
[0.4725987]
[0.4725987]
[0.4725987]
[0.03747]
[0.04250623]
[0.04058504]
[0.43310472]
[0.43310472]
[0.43310472]
[0.04180425]
[0.41449058]
[0.04223225]
[0.04232524]
[0.03766469]
[0.47553864]
[0.53757423]
[0.43351585]
[0.43351585]
[0.43351585]
[0.43351585]
[0.43351585]
[0.04257329]
[0.3423742]
[0.0442189]
[0.04232573]
[0.04086713]
[0.03765092]
[0.04282759]
[0.43477842]
[0.43477842]
[0.43477842]
[0.43477842]
[0.43477842]
[0.43477842]
[0.3975646]
[0.04152079]
[0.04895539]
[0.04836084]
[0.04455369]
[0.4618894]
[0.04252518]
[0.32890007]
[0.5074326]
[0.04283703]
[0.3841158]
[0.0458356]
[0.0490749]
[0.47149175]
[0.05051457]
[0.41951725]
[0.04259836]
[0.0479085]
[0.32368523]
[0.29695466]
[0.04852572]
[0.0477482]
[0.04714253]
[0.05132524]
[0.04849425]
[0.05077874]
[0.41710833]
[0.04791125]
[0.05901818]
[0.24024954]
[0.24024954]
[0.05590079]
[0.2377603]
[0.06538943]
[0.06021757]
[0.06149596]
[0.04705495]
[0.42531782]
[0.10647088]
[0.17986943]
[0.31107602]
[0.45626545]
[0.06202089]
[0.06202089]
[0.12867635]
[0.09325203]
[0.08116689]
[0.14534245]
[0.3581839]
[0.0988428]
[0.14080372]
[0.14080372]
[0.10150766]
[0.11739703]
[0.08613993]
[0.07106128]
[0.34046546]
[0.06412001]
[0.06412001]
[0.17322499]
[0.28979808]
[0.32045203]
[0.36975434]
[0.2771275]
[0.12275021]
[0.03732093]
[0.24215968]
[0.25612694]
[0.08369413]
[0.21088532]
[0.14527634]
[0.09819479]
[0.06430366]
[0.06430366]
[0.24118969]
[0.71935666]
[0.13978204]
[0.09911635]
[0.09911635]
[0.10175571]
[0.03989118]
[0.11568148]
[0.11568148]
[0.11568148]
[0.11568148]
[0.11568148]
[0.11568148]
[0.11568148]
[0.11568148]
[0.09142546]
[0.2537207]
[0.09108011]
[0.08842493]
[0.03279278]
[0.03920177]
[0.3317037]
[0.03942662]
[0.19995207]
[0.03753745]
[0.03809309]
[0.03851328]
