3.3396624683159697
3.3396624683159697
3.3396624683159697
3.3131973789104148
3.3131973789104148
3.3131973789104148
3.3131973789104148
3.3131973789104148
3.3131973789104148
3.3131973789104148
3.3131973789104148
3.3131973789104148
3.3131973789104148
3.3131973789104148
3.3131973789104148
3.3131973789104148
3.3131973789104148
3.3131973789104148
3.3131973789104148
3.3131973789104148
3.3131973789104148
3.3131973789104148
3.3131973789104148
3.3131973789104148
3.3131973789104148
3.3131973789104148
3.3131973789104148
3.3131973789104148
3.3131973789104148
3.3131973789104148
3.3131973789104148
3.3131973789104148
3.3131973789104148
3.3131973789104148
3.3131973789104148
3.3131973789104148
3.3131973789104148
3.3131973789104148
3.3131973789104148
3.3131973789104148
3.3131973789104148
3.3131973789104148
3.3131973789104148
3.3131973789104148
3.3131973789104148
3.3131973789104148
3.3131973789104148
3.3131973789104148
3.3131973789104148
3.3131973789104148
3.3131973789104148
3.3131973789104148
3.3131973789104148
3.3131973789104148
3.3131973789104148
3.3131973789104148
3.3131973789104148
3.3131973789104148
3.3131973789104148
3.3131973789104148
3.3131973789104148
3.3131973789104148
3.3131973789104148
3.3131973789104148
3.3131973789104148
3.3131973789104148
3.3131973789104148
3.3131973789104148
3.3131973789104148
3.3131973789104148
3.3131973789104148
3.3131973789104148
3.3131973789104148
3.3131973789104148
3.3131973789104148
3.3131973789104148
3.3131973789104148
3.3131973789104148
3.3131973789104148
3.3131973789104148
3.3131973789104148
3.3131973789104148
3.3131973789104148
3.3131973789104148
3.3131973789104148
3.3131973789104148
3.3131973789104148
3.3131973789104148
3.3131973789104148
3.3131973789104148
3.3131973789104148
3.3131973789104148
3.3131973789104148
3.3131973789104148
3.3131973789104148
3.3131973789104148
3.3131973789104148
3.3131973789104148
3.3131973789104148
3.3131973789104148
3.3131973789104148
3.3131973789104148
3.3131973789104148
3.3131973789104148
3.3131973789104148
3.3131973789104148
3.3131973789104148
3.3131973789104148
3.3131973789104148
3.3131973789104148
3.3131973789104148
3.3131973789104148
3.3131973789104148
3.3131973789104148
3.3131973789104148
3.3131973789104148
3.3131973789104148
3.3131973789104148
3.3131973789104148
3.3131973789104148
3.3131973789104148
3.3131973789104148
3.3131973789104148
3.3131973789104148
3.3131973789104148
3.3131973789104148
3.3131973789104148
3.3131973789104148
3.3131973789104148
3.3131973789104148
3.3131973789104148
3.3131973789104148
3.3131973789104148
3.3131973789104148
3.3131973789104148
3.3131973789104148
3.3131973789104148
3.3131973789104148
3.3131973789104148
3.3131973789104148
3.3131973789104148
3.3131973789104148
3.3131973789104148
3.3131973789104148
3.3131973789104148
3.3131973789104148
3.3131973789104148
3.3131973789104148
3.3131973789104148
3.3131973789104148
3.3131973789104148
3.3131973789104148
3.3131973789104148
3.3131973789104148
3.3131973789104148
3.3131973789104148
3.3131973789104148
3.3131973789104148
3.3131973789104148
3.3131973789104148
3.3131973789104148
3.3131973789104148
3.3131973789104148
3.3131973789104148
3.3131973789104148
3.5478421550298176
3.5478421550298176
3.5478421550298176
3.5478421550298176
3.5478421550298176
3.6889766775849626
3.924539768274605
4.114137447796752
4.755004452341668
2.4585765577396685
3.692242923534785
3.692242923534785
3.692242923534785
3.692242923534785
3.692242923534785
3.692242923534785
5.007792668384468
4.6068468396187
4.6068468396187
4.077839051977301
5.164424512311003
5.164424512311003
5.164424512311003
5.164424512311003
5.164424512311003
5.164424512311003
5.164424512311003
5.164424512311003
5.164424512311003
4.454942165550326
4.454942165550326
4.454942165550326
4.454942165550326
4.454942165550326
4.454942165550326
4.454942165550326
4.454942165550326
4.454942165550326
4.454942165550326
4.454942165550326
4.454942165550326
4.454942165550326
4.454942165550326
4.454942165550326
4.454942165550326
4.454942165550326
4.454942165550326
4.454942165550326
4.454942165550326
4.454942165550326
4.454942165550326
4.454942165550326
4.454942165550326
4.454942165550326
4.454942165550326
4.454942165550326
4.454942165550326
4.454942165550326
4.454942165550326
4.454942165550326
4.454942165550326
4.454942165550326
4.454942165550326
4.454942165550326
4.454942165550326
4.454942165550326
4.454942165550326
4.454942165550326
4.454942165550326
4.454942165550326
4.454942165550326
4.454942165550326
4.454942165550326
4.454942165550326
4.454942165550326
4.454942165550326
4.454942165550326
4.454942165550326
4.454942165550326
4.454942165550326
4.454942165550326
4.454942165550326
4.454942165550326
4.454942165550326
4.454942165550326
4.454942165550326
4.454942165550326
4.454942165550326
4.454942165550326
4.454942165550326
4.454942165550326
4.454942165550326
4.454942165550326
4.454942165550326
4.454942165550326
4.454942165550326
4.454942165550326
4.454942165550326
4.454942165550326
4.454942165550326
4.454942165550326
4.454942165550326
4.454942165550326
4.454942165550326
4.454942165550326
4.454942165550326
4.454942165550326
4.454942165550326
4.454942165550326
4.454942165550326
4.454942165550326
4.454942165550326
4.454942165550326
4.454942165550326
4.454942165550326
4.454942165550326
4.454942165550326
4.454942165550326
4.454942165550326
4.454942165550326
4.454942165550326
4.454942165550326
4.454942165550326
4.454942165550326
4.454942165550326
4.454942165550326
4.454942165550326
4.454942165550326
4.454942165550326
4.454942165550326
4.454942165550326
4.454942165550326
4.454942165550326
4.454942165550326
4.454942165550326
4.454942165550326
4.454942165550326
4.454942165550326
4.454942165550326
4.454942165550326
4.454942165550326
4.454942165550326
4.454942165550326
4.454942165550326
4.454942165550326
4.454942165550326
4.454942165550326
4.454942165550326
4.454942165550326
4.454942165550326
4.454942165550326
4.454942165550326
4.454942165550326
4.454942165550326
4.454942165550326
4.454942165550326
4.454942165550326
4.454942165550326
4.454942165550326
4.454942165550326
4.454942165550326
4.454942165550326
4.454942165550326
4.454942165550326
4.454942165550326
4.454942165550326
4.454942165550326
4.454942165550326
4.454942165550326
4.454942165550326
4.454942165550326
4.454942165550326
4.454942165550326
4.454942165550326
4.454942165550326
4.454942165550326
4.454942165550326
4.454942165550326
4.454942165550326
4.454942165550326
4.454942165550326
4.454942165550326
4.454942165550326
4.454942165550326
4.454942165550326
4.454942165550326
4.454942165550326
4.454942165550326
4.454942165550326
4.454942165550326
4.454942165550326
4.454942165550326
4.454942165550326
4.454942165550326
4.454942165550326
4.454942165550326
4.454942165550326
4.454942165550326
4.454942165550326
4.454942165550326
4.454942165550326
4.454942165550326
4.454942165550326
4.454942165550326
4.454942165550326
4.454942165550326
4.454942165550326
4.454942165550326
4.454942165550326
4.454942165550326
4.454942165550326
4.454942165550326
4.454942165550326
4.454942165550326
4.454942165550326
4.454942165550326
4.454942165550326
4.454942165550326
4.454942165550326
4.454942165550326
4.454942165550326
4.454942165550326
4.454942165550326
4.454942165550326
4.454942165550326
4.7156835877962076
5.429184860917619
4.565756489968351
4.565756489968351
4.565756489968351
4.565756489968351
4.565756489968351
4.565756489968351
4.565756489968351
4.565756489968351
4.565756489968351
4.565756489968351
4.565756489968351
4.565756489968351
4.565756489968351
4.565756489968351
4.565756489968351
4.565756489968351
4.565756489968351
4.565756489968351
4.565756489968351
4.565756489968351
4.899592294164155
4.899592294164155
4.899592294164155
4.899592294164155
4.899592294164155
4.792409841142961
4.589784095460072
4.589784095460072
3.5919964296256417
5.3003590294556515
4.868278286982836
5.087326512408488
5.087326512408488
5.087326512408488
5.1925924553586
5.1925924553586
5.1925924553586
5.1925924553586
5.1925924553586
5.1925924553586
5.1925924553586
5.1925924553586
5.1925924553586
5.1925924553586
5.1925924553586
5.1925924553586
5.1925924553586
5.1925924553586
5.1925924553586
5.1925924553586
5.1925924553586
5.1925924553586
5.1925924553586
5.1925924553586
5.1925924553586
5.316900777036922
5.952803112295888
4.713919638946575
4.713919638946575
4.713919638946575
4.713919638946575
6.331824145544583
5.22326344212313
4.287762789133588
4.534690013809871
4.534690013809871
4.534690013809871
4.534690013809871
4.534690013809871
4.534690013809871
4.534690013809871
4.534690013809871
4.534690013809871
4.534690013809871
4.534690013809871
4.534690013809871
4.534690013809871
4.534690013809871
4.534690013809871
4.534690013809871
4.534690013809871
4.534690013809871
4.534690013809871
4.534690013809871
4.534690013809871
4.534690013809871
4.534690013809871
4.534690013809871
4.534690013809871
4.534690013809871
4.534690013809871
4.534690013809871
4.534690013809871
4.534690013809871
4.534690013809871
4.534690013809871
4.534690013809871
4.534690013809871
4.534690013809871
4.534690013809871
4.534690013809871
4.534690013809871
4.534690013809871
5.107606183215248
5.107606183215248
5.107606183215248
5.107606183215248
5.107606183215248
