[0.00077851]
[0.00077851]
[0.00077851]
[0.00077851]
[0.00077851]
[0.00077851]
[0.00077851]
[0.00077851]
[0.00077851]
[0.00077851]
[0.00077851]
[0.00077851]
[0.00077851]
[0.00077851]
[0.00077851]
[0.00077851]
[0.00077851]
[0.00077851]
[0.00077851]
[0.00077851]
[0.00077851]
[0.00077851]
[0.00077851]
[0.00077851]
[0.00077851]
[0.00077851]
[0.00077851]
[0.00077851]
[0.00077851]
[0.00077851]
[0.00077851]
[0.00077851]
[0.00077851]
[0.00077851]
[0.00077851]
[0.00077851]
[0.00077851]
[0.00077851]
[0.00077851]
[0.00077851]
[0.00077851]
[0.00077851]
[0.00077851]
[0.00077851]
[0.00077851]
[0.00077851]
[0.00077851]
[0.00077851]
[0.00077851]
[0.00077851]
[0.00077851]
[0.00077851]
[0.00077851]
[0.00077851]
[0.00077851]
[0.00077851]
[0.00077851]
[0.00077851]
[0.00077851]
[0.00077851]
[0.00077851]
[0.00077851]
[0.00077851]
[0.00077851]
[0.00077851]
[0.00077851]
[0.00077851]
[0.00077851]
[0.00077851]
[0.00077851]
[0.00077851]
[0.00077851]
[0.00077851]
[0.00077851]
[0.00077851]
[0.00077851]
[0.00077851]
[0.00077851]
[0.00077851]
[0.00077851]
[0.00077851]
[0.00077851]
[0.00077851]
[0.00077851]
[0.00077851]
[0.00077851]
[0.00077851]
[0.00077851]
[0.00077851]
[0.00077851]
[0.00077851]
[0.00077851]
[0.00077851]
[0.00077851]
[0.00077851]
[0.00077851]
[0.00077851]
[0.00077851]
[0.00077851]
[0.00077851]
[0.00077851]
[0.00077851]
[0.00077851]
[0.00077851]
[0.00077851]
[0.00077851]
[0.00077851]
[0.00077851]
[0.00077851]
[0.00077851]
[0.00077851]
[0.00077851]
[0.00077851]
[0.00077851]
[0.00077851]
[0.00077851]
[0.00077851]
[0.00077851]
[0.00077851]
[0.00077851]
[0.00077851]
[0.00077851]
[0.00077851]
[0.00077851]
[0.00077851]
[0.00077851]
[0.00077851]
[0.00077851]
[0.00077851]
[0.00077851]
[0.00077851]
[0.00077851]
[0.00077851]
[0.00077851]
[0.00077851]
[0.00077851]
[0.00077851]
[0.00077851]
[0.00077851]
[0.00077851]
[0.00077851]
[0.00077851]
[0.00077851]
[0.00077851]
[0.00077851]
[0.00077851]
[0.00077851]
[0.00077851]
[0.00077851]
[0.00077851]
[0.00077851]
[0.00077851]
[0.00077851]
[0.00077851]
[0.00077851]
[0.00077851]
[0.00077851]
[0.00077851]
[0.00077851]
[0.00077851]
[0.00077851]
[0.00077851]
[0.00077851]
[0.00077851]
[0.00077851]
[0.00077851]
[0.00077851]
[0.00077851]
[0.00077851]
[0.00077851]
[0.00077851]
[0.00077851]
[0.00077851]
[0.00077851]
[0.00077851]
[0.00077851]
[0.00077851]
[0.00077851]
[0.00077851]
[0.00077851]
[0.00077851]
[0.00077851]
[0.00077851]
[0.00077851]
[0.00077851]
[0.00077851]
[0.00077851]
[0.00077851]
[0.00077851]
[0.00077851]
[0.00077851]
[0.00077851]
[0.00077851]
[0.00077851]
[0.00077851]
[0.00077851]
[0.00077851]
[0.00077851]
[0.00077851]
[0.00077851]
[0.00077851]
[0.00077851]
[0.00077851]
[0.00077851]
[0.00077851]
[0.00077851]
[0.00077851]
[0.00077851]
[0.00077851]
[0.00077851]
[0.00077851]
[0.00077851]
[0.00077851]
[0.00077851]
[0.00077851]
[0.00077851]
[0.00077851]
[0.00077851]
[0.00077851]
[0.00077851]
[0.00077851]
[0.00077851]
[0.00077851]
[0.00077851]
[0.00077851]
[0.00077851]
[0.00077851]
[0.00077851]
[0.00077851]
[0.00077851]
[0.00077851]
[0.00077851]
[0.00077851]
[0.00077851]
[0.00077851]
[0.00077851]
[0.00077851]
[0.00077851]
[0.00077851]
[0.00077851]
[0.00077851]
[0.00077851]
[0.00077851]
[0.00077851]
[0.00077851]
[0.00077851]
[0.00077851]
[0.00077851]
[0.00077851]
[0.00077851]
[0.00077851]
[0.00077851]
[0.00077851]
[0.00077851]
[0.00077851]
[0.00077851]
[0.00077851]
[0.00077851]
[0.00077851]
[0.00077851]
[0.00077851]
[0.00077851]
[0.00077851]
[0.00077851]
[0.00077851]
[0.00077851]
[0.00077851]
[0.00077851]
[0.00077851]
[0.00077851]
[0.00077851]
[0.00077851]
[0.00077851]
[0.00077851]
[0.00077851]
[0.00077851]
[0.00077851]
[0.00077851]
[0.00077851]
[0.00077851]
[0.00077851]
[0.00077851]
[0.00077851]
[0.00077851]
[0.00077851]
[0.00077851]
[0.00077851]
[0.00077851]
[0.00077851]
[0.00077851]
[0.00077851]
[0.00077851]
[0.00077851]
[0.00077851]
[0.00077851]
[0.00077851]
[0.00077851]
[0.00077851]
[0.00077851]
[0.00077851]
[0.00077851]
[0.00077851]
[0.00077851]
[0.00077851]
[0.00077851]
[0.00077851]
[0.00077851]
[0.00077851]
[0.00077851]
[0.00077851]
[0.00077851]
[0.00077851]
[0.00077851]
[0.00077851]
[0.00077851]
[0.00077851]
[0.00077851]
[0.00077851]
[0.00077851]
[0.00077851]
[0.00077851]
[0.00077851]
[0.00077851]
[0.00077851]
[0.00077851]
[0.00077851]
[0.00077851]
[0.00077851]
[0.00077851]
[0.00077851]
[0.00077851]
[0.00077851]
[0.00077851]
[0.00077851]
[0.00077851]
[0.00077851]
[0.00077851]
[0.00077851]
[0.00077851]
[0.00077851]
[0.00077851]
[0.00077851]
[0.00077851]
[0.00077851]
[0.00077851]
[0.00077851]
[0.00077851]
[0.00077851]
[0.00077851]
[0.00077851]
[0.00077851]
[0.00077851]
[0.00077851]
[0.00077851]
[0.00077734]
[0.00077324]
[0.00077733]
[0.00078352]
[0.0007849]
[0.0007849]
[0.0007849]
[0.0007849]
[0.00078354]
[0.00078353]
[0.00078353]
[0.00078354]
[0.00078352]
[0.00078352]
[0.00078352]
[0.00078352]
[0.00078352]
[0.00078352]
[0.00078352]
[0.00078352]
[0.00078352]
[0.00078352]
[0.00078352]
[0.00078352]
[0.00078352]
[0.0007849]
[0.00078353]
[0.0007849]
[0.0007849]
[0.00077324]
[0.0007849]
[0.00077324]
[0.0007849]
[0.0007853]
[0.00077615]
[0.00078338]
[0.00078338]
[0.00077095]
[0.00077095]
[0.0007853]
[0.00077844]
[0.00077952]
[0.00077884]
[0.00077884]
[0.00078025]
[0.00078952]
[0.00078952]
[0.00078952]
[0.00078949]
[0.00078949]
[0.00078949]
[0.00078948]
[0.00078948]
[0.00078471]
[0.00078471]
[0.00077499]
[0.00076823]
[0.00078755]
[0.00078471]
[0.00078471]
[0.00078488]
[0.00077836]
[0.00079667]
[0.00079667]
[0.00079667]
[0.00077836]
[0.00078565]
[0.00080536]
[0.00079215]
[0.00077627]
[0.00077044]
[0.00076856]
[0.00077356]
[0.0007702]
[0.0007702]
[0.0007686]
[0.00076882]
[0.00077227]
[0.00079093]
[0.00079093]
[0.00079093]
[0.00079093]
[0.00079093]
[0.00079093]
[0.00079093]
[0.00079093]
[0.00079093]
[0.00079901]
[0.00078718]
[0.00079271]
[0.00080901]
[0.00105671]
[0.00079451]
[0.00079451]
[0.00078715]
[0.00080034]
[0.00084393]
[0.00083745]
[0.00088388]
[0.0008031]
[0.0009172]
[0.00085798]
[0.00081402]
[0.00088383]
[0.00083555]
[0.00082962]
[0.00087545]
[0.00089452]
[0.00090206]
[0.00083952]
[0.00104351]
[0.00091509]
[0.0008454]
[0.00093111]
[0.00087413]
[0.00086718]
[0.00090405]
[0.00091419]
[0.00088061]
[0.00095553]
[0.00579418]
[0.00579418]
[0.00131215]
[0.00082522]
[0.00089776]
[0.00175811]
[0.00135597]
[0.00089081]
[0.00089336]
[0.00088897]
[0.00088897]
[0.00088897]
[0.00082636]
[0.00089328]
[0.00089328]
[0.00095287]
[0.000964]
[0.00206064]
[0.00206064]
[0.00516236]
[0.00205054]
[0.00219997]
[0.00072704]
[0.01546728]
[0.00089306]
[0.00100625]
