22.41360000000004
22.249600000000036
21.85090000000003
21.42670000000003
22.16010000000004
22.16010000000004
22.16010000000004
21.850900000000035
21.850900000000035
21.846000000000036
21.846000000000036
21.846000000000036
21.846000000000036
21.846000000000036
21.846000000000036
21.846000000000036
21.846000000000036
21.846000000000036
21.846000000000036
21.846000000000036
21.846000000000036
21.846000000000036
21.846000000000036
21.846000000000036
21.846000000000036
21.846000000000036
21.846000000000036
21.846000000000036
21.846000000000036
21.846000000000036
21.846000000000036
21.846000000000036
21.846000000000036
21.846000000000036
21.846000000000036
21.846000000000036
21.846000000000036
21.846000000000036
21.846000000000036
21.846000000000036
21.846000000000036
22.019000000000037
21.766800000000032
21.766800000000032
21.76540000000003
21.76540000000003
21.76540000000003
21.76540000000003
21.76540000000003
21.76540000000003
21.76540000000003
21.76540000000003
21.76540000000003
21.76540000000003
21.76540000000003
21.76540000000003
21.76540000000003
21.76540000000003
21.76540000000003
21.59280000000003
21.59280000000003
21.59280000000003
21.59280000000003
21.59280000000003
21.59280000000003
21.59280000000003
21.59280000000003
21.59280000000003
21.59280000000003
21.59280000000003
21.59280000000003
21.59280000000003
21.59280000000003
21.59280000000003
21.59280000000003
21.59280000000003
21.59280000000003
21.59280000000003
21.59280000000003
21.59280000000003
21.59280000000003
21.59280000000003
21.59280000000003
21.59280000000003
21.59280000000003
21.59280000000003
21.59280000000003
21.59280000000003
21.59280000000003
21.59280000000003
21.59280000000003
21.59280000000003
21.59280000000003
21.59280000000003
21.59280000000003
21.59280000000003
21.59280000000003
21.59280000000003
21.59280000000003
21.59280000000003
21.59280000000003
21.59280000000003
21.59280000000003
21.59280000000003
21.59280000000003
21.71810000000003
21.54070000000003
21.294700000000027
21.294700000000027
21.294700000000027
21.334700000000023
21.334700000000023
21.334700000000023
21.50730000000003
21.669400000000028
21.61730000000003
21.03660000000002
21.03660000000002
21.03660000000002
21.03660000000002
21.03660000000002
21.03660000000002
21.03660000000002
21.03660000000002
21.03660000000002
21.03660000000002
21.03660000000002
21.03660000000002
21.03660000000002
21.03660000000002
21.03660000000002
21.03660000000002
21.516600000000025
21.516600000000025
21.282600000000027
21.282600000000027
21.282600000000027
21.282600000000027
21.282600000000027
21.282600000000027
21.282600000000027
21.282600000000027
21.282600000000027
21.282600000000027
21.282600000000027
21.282600000000027
21.282600000000027
21.282600000000027
21.282600000000027
21.282600000000027
21.282600000000027
21.282600000000027
21.282600000000027
21.282600000000027
21.282600000000027
21.282600000000027
21.282600000000027
21.282600000000027
21.282600000000027
21.282600000000027
21.282600000000027
21.282600000000027
21.282600000000027
21.282600000000027
21.282600000000027
21.282600000000027
21.282600000000027
21.282600000000027
21.770000000000035
21.45590000000003
21.46080000000003
21.761400000000034
21.45590000000003
21.45590000000003
21.45590000000003
21.46080000000003
21.202700000000025
21.202700000000025
21.503300000000028
21.258300000000027
21.258300000000027
21.202700000000025
21.202700000000025
21.202700000000025
21.375300000000028
21.375300000000028
21.375300000000028
21.375300000000028
21.375300000000028
21.375300000000028
21.375300000000028
21.375300000000028
21.202700000000025
21.202700000000025
21.202700000000025
21.08570000000002
21.518500000000028
21.03360000000002
21.150600000000026
20.904600000000023
20.904600000000023
20.904600000000023
20.904600000000023
20.944600000000023
20.904600000000023
20.96040000000002
21.68150000000003
21.036600000000025
21.251600000000025
21.251600000000025
21.206400000000023
21.422700000000027
21.117200000000025
21.117200000000025
21.46290000000003
21.46290000000003
21.46290000000003
21.46290000000003
21.46290000000003
21.46290000000003
21.46290000000003
21.46290000000003
21.535100000000032
20.944600000000023
20.646500000000017
21.361600000000024
21.196200000000026
21.079000000000022
20.646500000000017
20.646500000000017
20.646500000000017
20.646500000000017
20.892500000000023
20.892500000000023
20.892500000000023
20.77550000000002
20.77550000000002
20.529500000000013
20.82090000000002
20.388400000000015
21.155700000000024
20.948800000000023
20.81260000000002
20.985200000000024
21.43550000000003
20.985200000000024
20.985200000000024
20.985200000000024
20.81260000000002
20.81260000000002
20.97870000000002
20.63440000000002
21.32310000000003
21.160400000000024
20.460400000000014
20.807700000000022
20.87030000000002
20.64650000000002
21.032600000000023
21.129400000000025
21.202200000000026
20.98780000000002
20.38840000000002
20.296400000000013
20.296400000000013
20.73640000000002
21.282600000000023
21.282600000000023
20.50240000000002
20.304300000000016
20.680600000000023
20.81100000000002
20.52280000000002
19.99830000000001
20.675700000000024
21.15080000000003
20.60740000000002
20.96540000000002
20.244300000000013
20.35640000000001
20.374200000000016
21.37500000000003
20.81430000000002
19.98620000000001
20.674300000000024
20.516600000000018
20.78360000000002
21.03500000000002
20.489100000000015
20.336800000000014
20.236100000000015
20.70240000000002
21.773500000000034
20.228100000000016
21.119900000000026
19.86630000000001
20.323300000000017
20.78270000000002
20.69720000000002
19.90630000000001
20.892500000000023
20.892500000000023
20.892500000000023
20.892500000000023
20.892500000000023
20.892500000000023
20.892500000000023
20.537600000000015
20.159500000000012
20.614870000000018
20.299600000000016
20.299600000000016
20.299600000000016
20.22210000000001
20.77940000000002
20.77940000000002
19.932900000000007
20.66590000000002
20.04150000000001
20.327200000000015
20.88300000000002
20.988000000000024
21.175600000000024
20.032400000000013
20.296200000000017
20.273300000000013
20.845500000000023
19.88290000000001
20.302200000000013
20.128900000000012
19.479000000000006
20.374100000000013
20.802400000000027
19.721000000000007
19.476200000000006
20.184700000000017
20.22830000000001
20.00410000000001
21.10050000000002
20.548800000000018
20.012100000000007
20.01210000000001
20.01210000000001
20.86650000000002
20.412300000000023
19.80510000000001
20.88690000000002
20.230400000000014
20.894700000000018
20.271400000000014
20.04680000000001
19.42480000000001
20.97770000000002
20.11920000000001
20.50240000000002
20.328600000000012
20.562600000000018
20.562600000000018
19.325000000000006
20.731200000000022
20.652900000000017
18.9437
20.95110000000002
19.004800000000003
21.161300000000026
20.420500000000015
20.08570000000001
18.305899999999994
18.7634
18.752599999999997
19.0138
18.337899999999998
20.75850000000002
18.9487
18.08189999999999
19.332100000000004
17.69179999999999
20.348000000000013
18.01169999999999
16.940999999999985
18.5814
20.04990000000001
18.08949999999999
16.357899999999976
16.355399999999975
16.498099999999976
17.401999999999987
16.47349999999998
14.985299999999974
15.657499999999969
15.339099999999972
15.760099999999975
15.317399999999973
16.57239999999997
15.967699999999972
15.501099999999969
14.883899999999976
14.690899999999974
15.03039999999997
14.373399999999972
15.018299999999972
14.217699999999972
13.754399999999976
15.225499999999968
13.654099999999975
16.95779999999998
13.817799999999975
14.334899999999969
13.876599999999973
13.364299999999977
13.53689999999998
13.740599999999972
14.117099999999972
20.918100000000017
12.974199999999978
12.933399999999976
12.71519999999998
12.278699999999978
12.78349999999998
11.980599999999981
16.378499999999978
11.837199999999983
11.96249999999998
10.552199999999988
10.50179999999999
10.166219999999992
10.121299999999993
9.996899999999991
9.670299999999994
9.780099999999992
9.94619999999999
9.022099999999998
9.687199999999994
9.595199999999995
9.131899999999996
9.297999999999995
9.297999999999995
8.693300000000002
8.190800000000003
9.266799999999996
9.189999999999998
7.851020000000005
8.482800000000003
8.482800000000003
9.537499999999994
8.932799999999999
8.003300000000005
7.248200000000005
8.163200000000007
20.793500000000016
7.665300000000004
8.6386
7.4005000000000045
5.391400000000003
6.6270000000000024
6.941200000000004
6.321900000000003
5.097000000000003
6.520800000000003
5.422100000000003
4.695600000000003
4.695600000000003
4.695600000000003
4.383800000000002
4.383800000000002
1.0262
4.167300000000002
3.396700000000002
3.396700000000002
3.5225000000000017
1.6239999999999999
2.9204000000000008
2.2722000000000007
21.138200000000023
21.262100000000025
15.189699999999972
-0.1849
21.037900000000022
0.34170000000000006
-0.04839999999999994
-0.8247
0.15250000000000002
21.402600000000024
21.132000000000023
21.02610000000002
21.271000000000026
11.755399999999984
8.984499999999997
6.4551000000000025
4.927600000000002
17.462299999999985
20.239300000000014
20.965600000000027
20.08160000000001
18.998299999999997
7.727000000000004
9.370299999999991
20.09670000000001
9.534099999999995
20.422500000000017
