[0.5148755]
[0.48583862]
[0.4572219]
[0.4556121]
[0.45582363]
[0.44915214]
[0.46501833]
[0.57667625]
[0.44682935]
[0.5079309]
[0.5833202]
[0.4582935]
[0.4038537]
[0.46705538]
[0.5286493]
[0.43380353]
[0.45500097]
[0.54295605]
[0.5452248]
[0.47289667]
[0.4364137]
[0.5031016]
[0.5190476]
[0.4583527]
[0.34867376]
[0.5205869]
[0.4329345]
[0.42447996]
[0.5754525]
[0.42534593]
[0.49565676]
[0.50318074]
[0.53079665]
[0.46008396]
[0.39579892]
[0.39733514]
[0.43955374]
[0.513689]
[0.4597788]
[0.40732494]
[0.4758048]
[0.47494146]
[0.42167524]
[0.38663203]
[0.4882819]
[0.41761124]
[0.42904165]
[0.4675844]
[0.5506993]
[0.47619855]
[0.5017135]
[0.39735067]
[0.39735067]
[0.39735067]
[0.49894682]
[0.33807737]
[0.47061813]
[0.3913219]
[0.388542]
[0.40479535]
[0.43152785]
[0.43558097]
[0.4164283]
[0.4164283]
[0.33481473]
[0.54421103]
[0.3431915]
[0.46534872]
[0.29010153]
[0.32396442]
[0.41265956]
[0.37674308]
[0.37491798]
[0.3959225]
[0.44977242]
[0.3702676]
[0.3702676]
[0.39026338]
[0.48511192]
[0.30215275]
[0.48899513]
[0.33789155]
[0.5085867]
[0.42037204]
[0.3730876]
[0.4258105]
[0.46881792]
[0.4601832]
[0.4619685]
[0.33898833]
[0.3944986]
[0.38275075]
[0.38375714]
[0.33068046]
[0.47383392]
[0.35714123]
[0.41194904]
[0.34777364]
[0.46430805]
[0.46430805]
[0.46430805]
[0.26770547]
[0.39472622]
[0.400288]
[0.32955164]
[0.32955164]
[0.48668247]
[0.39013645]
[0.49330065]
[0.46149954]
[0.37935007]
[0.42751932]
[0.41865653]
[0.45486674]
[0.43644854]
[0.49491516]
[0.41303936]
[0.2969272]
[0.2969272]
[0.2969272]
[0.47081432]
[0.43683445]
[0.3416642]
[0.48557818]
[0.52030265]
[0.3863077]
[0.38990855]
[0.3399735]
[0.32138935]
[0.34753528]
[0.3812622]
[0.3812622]
[0.46974114]
[0.4282637]
[0.43193135]
[0.4259765]
[0.4259765]
[0.37336862]
[0.3719733]
[0.38235688]
[0.4022618]
[0.38615242]
[0.4361038]
[0.47324312]
[0.31476942]
[0.31476942]
[0.2831513]
[0.41632032]
[0.3671218]
[0.304065]
[0.48403516]
[0.27969766]
[0.36456928]
[0.41946656]
[0.41946656]
[0.41946656]
[0.2531995]
[0.4535475]
[0.502892]
[0.4197325]
[0.24917412]
[0.33850873]
[0.41181114]
[0.3417011]
[0.37026075]
[0.3254566]
[0.3871324]
[0.5091038]
[0.5091038]
[0.31842706]
[0.50363296]
[0.40236127]
[0.3498698]
[0.4286038]
[0.31989765]
[0.27971745]
[0.44160408]
[0.3492746]
[0.25226656]
[0.3947312]
[0.32592893]
[0.32592893]
[0.35238862]
[0.39146647]
[0.2573457]
[0.42262697]
[0.42262697]
[0.42262697]
[0.35403845]
[0.3540113]
[0.42828414]
[0.3485111]
[0.40329286]
[0.34376088]
[0.4014854]
[0.28992158]
[0.42249215]
[0.38527584]
[0.27762735]
[0.34589133]
[0.30859977]
[0.24288222]
[0.43583423]
[0.3725992]
[0.34485665]
[0.40605283]
[0.41038558]
[0.31997773]
[0.41249865]
[0.41805166]
[0.4079788]
[0.31767687]
[0.37794983]
[0.37794983]
[0.37698293]
[0.39421016]
[0.39421016]
[0.39421016]
[0.3635132]
[0.4317549]
[0.45207053]
[0.41558287]
[0.38571]
[0.3480348]
[0.3044406]
[0.32775655]
[0.40993038]
[0.33868197]
[0.439881]
[0.406022]
[0.37454703]
[0.29873413]
[0.29873413]
[0.29873413]
[0.30012384]
[0.38130504]
[0.35771012]
[0.29263756]
[0.48201305]
[0.29891065]
[0.3900158]
[0.26050118]
[0.26104337]
[0.4049308]
[0.43547812]
[0.27224365]
[0.32513735]
[0.274518]
[0.47512686]
[0.47512686]
[0.30814904]
[0.41240853]
[0.27533263]
[0.2608844]
[0.3987048]
[0.37391928]
[0.39533013]
[0.32158408]
[0.2882287]
[0.27314058]
[0.27314058]
[0.2829313]
[0.27487177]
[0.30208063]
[0.46681502]
[0.32188514]
[0.31978792]
[0.24137296]
[0.38079736]
[0.4719212]
[0.2726218]
[0.21806015]
[0.34093726]
[0.34093726]
[0.4556866]
[0.2940282]
[0.24401358]
[0.27009338]
[0.2990386]
[0.3310597]
[0.4888571]
[0.27033213]
[0.2709204]
[0.2709204]
[0.2534687]
[0.3151666]
[0.4761104]
[0.54985803]
[0.24247749]
[0.24247749]
[0.24247749]
[0.37811607]
[0.37130287]
[0.34174266]
[0.22431952]
[0.25103086]
[0.25103086]
[0.21511]
[0.21511]
[0.21511]
[0.4200061]
[0.4200061]
[0.3316354]
[0.25576377]
[0.25576377]
[0.25576377]
[0.25576377]
[0.25576377]
[0.41485152]
[0.34445]
[0.23792686]
[0.2528973]
[0.3259597]
[0.26713568]
[0.26713568]
[0.31489363]
[0.27127632]
[0.30555162]
[0.3074858]
[0.35510942]
[0.33453786]
[0.24534269]
[0.353346]
[0.35764924]
[0.38411137]
[0.25352958]
[0.28320077]
[0.3301229]
[0.31422257]
[0.35159725]
[0.24720864]
[0.4668898]
[0.31622168]
[0.31622168]
[0.35444456]
[0.37755808]
[0.2938915]
[0.26163372]
[0.2755507]
[0.26304576]
[0.31384626]
[0.31384626]
[0.26582602]
[0.45249864]
[0.1929542]
[0.371731]
[0.3288389]
[0.265894]
[0.22391199]
[0.29986253]
[0.37786427]
[0.20073316]
[0.32531813]
[0.29038975]
[0.36221498]
[0.472566]
[0.29736587]
[0.35432172]
[0.34120926]
[0.35297525]
[0.2650458]
[0.30449817]
[0.45724264]
[0.34572944]
[0.29330564]
[0.2309975]
[0.38426903]
[0.36469132]
[0.3482035]
[0.23301125]
[0.25287923]
[0.28688174]
[0.2586034]
[0.40358555]
[0.43169338]
[0.37434256]
[0.23487027]
[0.27545443]
[0.23719154]
[0.37705958]
[0.2213532]
[0.21563204]
[0.25912908]
[0.2797517]
[0.3113989]
[0.25830248]
[0.44071966]
[0.294318]
[0.24173142]
[0.40902445]
[0.2741531]
[0.2929371]
[0.53385085]
[0.22814955]
[0.21260478]
[0.35734615]
[0.26233912]
[0.34335205]
[0.32802624]
[0.27656755]
[0.2683868]
[0.31449068]
[0.18961419]
[0.23486307]
[0.3523287]
[0.3777074]
[0.22408645]
[0.26089036]
[0.25708964]
[0.3350598]
[0.3817599]
[0.29987934]
[0.2633223]
[0.21725117]
[0.22333871]
[0.3288672]
[0.1947397]
[0.21661003]
[0.3751452]
[0.26119408]
[0.21887915]
[0.23756343]
[0.4967459]
[0.19274253]
[0.38176268]
[0.24382684]
[0.24382684]
[0.24382684]
[0.24382684]
[0.22761878]
[0.35773247]
[0.28936452]
[0.29307815]
[0.31549472]
[0.3369272]
[0.22671717]
[0.27003056]
[0.28761807]
[0.35608685]
[0.45528623]
[0.2233678]
[0.2849634]
[0.2513134]
[0.3638194]
[0.26639232]
[0.30220497]
[0.2612664]
[0.28031784]
[0.20757228]
[0.3950115]
[0.42443362]
[0.22328292]
[0.23609313]
[0.2458029]
[0.25366855]
[0.24873666]
[0.25157177]
[0.23955132]
[0.24696556]
[0.24954268]
[0.21077387]
[0.2073643]
[0.19011211]
[0.3920624]
[0.2543264]
[0.3078979]
[0.2321947]
[0.2720386]
[0.331618]
[0.24947242]
[0.33328018]
[0.5359098]
[0.43617016]
[0.25450695]
[0.37784296]
[0.29540956]
[0.4976709]
[0.33571053]
[0.4624132]
[0.3426652]
[0.4610596]
[0.374443]
[0.3766088]
[0.31288722]
[0.34076738]
[0.29739478]
[0.3393728]
[0.38323635]
[0.40626034]
[0.255986]
[0.25370008]
[0.44439787]
[0.27636188]
[0.36052936]
[0.38396072]
[0.37631664]
[0.33438575]
[0.3885667]
[0.37052342]
[0.4191758]
