9.792999999999994
20.561600000000023
20.561600000000023
20.561600000000023
20.561600000000023
20.561600000000023
20.561600000000023
20.561600000000023
20.561600000000023
20.561600000000023
20.561600000000023
20.561600000000023
20.561600000000023
20.561600000000023
20.561600000000023
20.561600000000023
20.561600000000023
20.561600000000023
20.561600000000023
20.561600000000023
20.41340000000002
20.41340000000002
20.41340000000002
20.41340000000002
20.41340000000002
20.41340000000002
20.41340000000002
20.41340000000002
20.41340000000002
20.41340000000002
20.41340000000002
20.41340000000002
20.41340000000002
20.41340000000002
20.41340000000002
20.41340000000002
20.41340000000002
20.41340000000002
20.41340000000002
20.41340000000002
20.41340000000002
20.41340000000002
20.41340000000002
20.41340000000002
20.41340000000002
20.41340000000002
20.41340000000002
20.41340000000002
20.41340000000002
20.41340000000002
20.41340000000002
20.41340000000002
20.41340000000002
20.41340000000002
20.41340000000002
20.41340000000002
20.41340000000002
20.41340000000002
20.41340000000002
20.253900000000016
20.36010000000002
20.527800000000013
20.207200000000018
20.018700000000013
20.018700000000013
20.018700000000013
20.018700000000013
20.018700000000013
20.303500000000017
20.303500000000017
20.303500000000017
20.303500000000017
20.303500000000017
20.303500000000017
20.303500000000017
20.303500000000017
20.303500000000017
20.303500000000017
20.303500000000017
20.303500000000017
20.303500000000017
20.303500000000017
20.144000000000013
20.144000000000013
20.144000000000013
20.144000000000013
20.144000000000013
20.144000000000013
20.144000000000013
20.144000000000013
20.144000000000013
20.144000000000013
20.144000000000013
20.144000000000013
20.144000000000013
20.144000000000013
20.144000000000013
20.144000000000013
20.144000000000013
20.144000000000013
20.144000000000013
20.144000000000013
20.144000000000013
20.144000000000013
20.144000000000013
20.144000000000013
20.144000000000013
20.144000000000013
20.144000000000013
20.144000000000013
20.144000000000013
20.144000000000013
20.144000000000013
20.144000000000013
20.144000000000013
20.144000000000013
20.144000000000013
20.144000000000013
20.144000000000013
20.144000000000013
20.144000000000013
20.144000000000013
20.144000000000013
20.144000000000013
20.144000000000013
20.144000000000013
20.144000000000013
20.144000000000013
20.144000000000013
20.144000000000013
20.144000000000013
20.144000000000013
20.144000000000013
20.144000000000013
20.144000000000013
20.144000000000013
20.144000000000013
20.144000000000013
20.144000000000013
20.144000000000013
20.144000000000013
20.144000000000013
20.144000000000013
20.144000000000013
20.144000000000013
20.144000000000013
20.144000000000013
20.144000000000013
20.144000000000013
20.144000000000013
20.144000000000013
20.144000000000013
20.144000000000013
20.144000000000013
20.144000000000013
20.144000000000013
20.254800000000014
20.144000000000013
20.840400000000024
20.840400000000024
20.171500000000016
20.564800000000023
20.564800000000023
19.913400000000014
19.78510000000001
19.78510000000001
19.78510000000001
19.78510000000001
19.78510000000001
19.78510000000001
20.023300000000017
19.963300000000014
20.054500000000015
20.054500000000015
20.054500000000015
20.054500000000015
20.054500000000015
20.731600000000014
19.929200000000012
19.659800000000008
20.592300000000026
20.124500000000015
19.753900000000012
19.753900000000012
19.753900000000012
19.753900000000012
19.753900000000012
19.753900000000012
19.753900000000012
19.879600000000007
20.428200000000018
19.736400000000007
19.736400000000007
19.655300000000008
20.444100000000027
20.444100000000027
19.49580000000001
19.49580000000001
19.49580000000001
19.49580000000001
19.781400000000012
19.851600000000012
20.15880000000001
19.495800000000006
20.174700000000016
20.174700000000016
19.80770000000001
19.80770000000001
19.80770000000001
19.79640000000001
20.499400000000023
20.15880000000001
19.62330000000001
19.848300000000012
20.075900000000015
20.020200000000013
19.66380000000001
19.265200000000004
19.265200000000004
19.91450000000001
19.91450000000001
19.70690000000001
19.52330000000001
19.422100000000004
20.299000000000014
19.36380000000001
19.40630000000001
19.87200000000001
19.80840000000001
20.249200000000016
19.364100000000008
19.364100000000008
19.315100000000008
19.265200000000004
19.566200000000002
19.80840000000001
20.05400000000002
19.645100000000003
19.69680000000001
20.13890000000001
19.602600000000006
19.602600000000006
19.78460000000001
19.778000000000016
19.463800000000006
19.60260000000001
19.944100000000017
20.36210000000002
18.8476
19.0116
19.463800000000003
20.105700000000017
19.413700000000006
19.71700000000001
19.602600000000006
19.53900000000001
19.985700000000016
19.539000000000005
19.131899999999998
19.69850000000001
18.847600000000003
19.083600000000004
19.75340000000001
19.83160000000001
19.1595
18.8476
19.813500000000012
18.847600000000003
20.274300000000018
20.15730000000001
19.837500000000016
19.714900000000007
18.973700000000004
18.973700000000004
18.973700000000004
19.721300000000003
20.126100000000015
19.589600000000008
19.3202
18.956200000000003
19.53400000000001
19.782800000000012
19.449500000000008
19.3202
19.72990000000001
19.0424
19.0424
19.0424
19.60100000000001
19.148900000000005
18.7048
19.269800000000004
20.13710000000001
18.468799999999998
19.2663
19.159900000000004
19.60100000000001
19.302900000000005
19.558500000000006
19.410400000000003
19.057199999999998
20.180700000000016
18.786299999999997
19.858300000000007
20.074900000000017
19.941500000000016
19.040100000000002
18.7588
18.704999999999995
18.9976
18.892100000000006
18.563299999999998
18.526899999999994
19.69980000000001
18.990000000000002
18.7975
18.262699999999995
18.9684
19.851200000000013
19.851200000000013
19.851200000000013
19.64670000000001
20.60150000000002
19.851200000000016
19.558700000000005
19.225900000000006
19.75650000000001
18.289199999999994
19.581800000000012
18.983400000000003
18.983400000000003
18.983400000000003
18.983400000000003
19.252800000000004
19.79830000000001
19.278500000000005
18.7253
18.1421
17.967799999999997
18.7364
19.13100000000001
19.528900000000004
19.528900000000004
18.624499999999998
18.893900000000002
17.574999999999985
19.277000000000005
19.277000000000005
19.586600000000004
19.969200000000015
17.695899999999988
17.159999999999986
17.219599999999982
19.64670000000001
19.183900000000005
17.602999999999987
17.24519999999998
17.74539999999999
19.051599999999997
16.95379999999998
19.936400000000013
17.096399999999974
16.99139999999998
18.435399999999998
16.326899999999974
16.441099999999974
15.976899999999972
15.66499999999997
16.507599999999975
15.434799999999973
15.395199999999972
17.112199999999977
16.606399999999972
13.700419999999975
13.93139999999998
14.548899999999975
13.743499999999981
13.743499999999981
14.598299999999975
13.783199999999981
13.783199999999981
13.783199999999981
13.371699999999981
17.556799999999992
17.556799999999992
13.52849999999998
13.32229999999998
13.421799999999976
12.82589999999998
12.82589999999998
12.82589999999998
12.82589999999998
13.095299999999982
12.86559999999998
13.134999999999982
13.39219999999998
13.249899999999974
12.17769999999998
12.17769999999998
13.160399999999976
12.882599999999975
11.569199999999983
12.015999999999982
12.14539999999998
12.326399999999978
10.881299999999985
11.352699999999984
11.352699999999984
10.29819999999999
11.193199999999983
11.797999999999982
10.558399999999992
12.110799999999983
10.658999999999988
10.54499999999999
10.728099999999987
3.1159000000000017
10.26889999999999
10.14839999999999
18.9925
12.446299999999981
10.360099999999989
9.322599999999998
9.896799999999992
9.290199999999995
8.9837
9.607399999999995
9.748499999999993
8.8917
7.395100000000004
7.668200000000005
8.8422
8.169000000000004
18.059599999999996
5.352700000000005
6.449100000000004
6.289600000000005
5.058300000000005
4.438400000000003
6.059000000000005
5.641400000000005
5.6227000000000045
5.465300000000004
7.246000000000004
5.122100000000004
8.311180000000004
4.012000000000003
4.524900000000004
5.1681000000000035
17.530899999999985
4.611900000000003
4.044300000000003
3.3164000000000025
4.330900000000004
2.5458000000000007
2.5458000000000007
2.536200000000001
3.102000000000002
2.1965000000000003
2.1965000000000003
1.8064
1.4163
1.4163
4.190700000000003
3.3930000000000025
3.6095000000000024
1.3755
3.2014000000000022
2.2551000000000005
1.0262
0.6361
4.154700000000003
18.11839999999999
9.381599999999997
3.7357000000000022
19.875300000000014
19.389900000000008
19.298099999999998
19.21400000000001
20.353100000000016
12.82759999999998
8.973399999999998
4.888900000000004
4.888900000000004
19.767500000000013
20.28290000000002
5.040100000000004
9.402299999999995
8.172800000000004
11.781099999999983
13.576399999999978
20.061600000000016
19.118000000000006
18.7104
16.88079999999998
17.43949999999999
16.96679999999998
18.864100000000004
19.149500000000003
19.80800000000001
