6.017820000000003
6.017820000000003
6.017820000000003
6.017820000000003
6.017820000000003
6.017820000000003
6.017820000000003
20.224400000000006
20.224400000000006
20.152700000000006
19.46367000000001
19.851300000000005
19.767700000000005
19.671000000000003
5.346020000000002
5.346020000000002
5.346020000000002
5.346020000000002
5.346020000000002
5.346020000000002
5.346020000000002
5.346020000000002
5.346020000000002
5.346020000000002
5.346020000000002
5.346020000000002
5.346020000000002
5.346020000000002
5.346020000000002
5.346020000000002
5.346020000000002
5.346020000000002
19.550700000000003
19.550700000000003
19.550700000000003
19.550700000000003
19.550700000000003
19.671000000000003
19.671000000000003
19.671000000000003
19.507
19.175099999999997
19.175099999999997
19.175099999999997
19.175099999999997
19.175099999999997
19.175099999999997
19.175099999999997
19.175099999999997
19.175099999999997
19.175099999999997
19.175099999999997
19.175099999999997
19.175099999999997
18.81547
18.81547
19.255
19.459200000000006
19.459200000000006
18.115999999999985
19.022799999999997
19.022799999999997
19.022799999999997
19.022799999999997
19.022799999999997
19.022799999999997
19.172699999999995
18.857599999999994
19.080899999999996
19.080899999999996
19.080899999999996
19.080899999999996
19.080899999999996
19.080899999999996
19.080899999999996
18.635999999999992
18.8383
18.289099999999987
18.833499999999994
18.725799999999996
18.862799999999996
19.20517000000001
18.954399999999996
18.954399999999996
18.954399999999996
18.8808
17.732899999999983
18.802399999999995
19.566499999999998
19.566499999999998
19.0215
18.834699999999994
18.866799999999998
19.169199999999996
18.815900000000003
18.42519999999999
18.47657
18.47657
18.8666
18.8666
18.8666
18.8666
18.8666
18.8666
18.8666
18.8666
18.8666
18.8666
19.498099999999997
18.9521
18.667899999999992
18.667899999999992
18.667899999999992
18.667899999999992
18.667899999999992
18.667899999999992
18.667899999999992
18.667899999999992
18.667899999999992
18.744999999999994
18.58429999999999
19.0498
19.06232
18.911099999999994
18.737999999999992
18.737999999999992
18.737999999999992
18.474799999999995
19.022399999999998
18.47589999999999
19.2287
5.519120000000003
5.519120000000003
5.519120000000003
5.519120000000003
5.519120000000003
5.519120000000003
5.519120000000003
5.519120000000003
5.519120000000003
5.519120000000003
5.519120000000003
5.519120000000003
5.519120000000003
5.519120000000003
5.519120000000003
5.519120000000003
5.519120000000003
5.519120000000003
18.661299999999994
18.661299999999994
18.310399999999994
18.984399999999994
18.11169999999999
18.661399999999997
18.661399999999997
18.661399999999997
19.130500000000005
18.06969999999999
18.06969999999999
18.06969999999999
18.06969999999999
19.19
18.703899999999997
18.42689999999999
18.659699999999994
18.662899999999993
18.27779999999999
19.204900000000006
5.627020000000002
5.627020000000002
5.627020000000002
18.36109999999999
18.197199999999988
18.197199999999988
19.0567
18.657899999999987
18.218299999999985
18.218299999999985
18.218299999999985
18.218299999999985
18.15519999999999
19.056699999999996
18.723419999999997
18.35949999999999
18.165199999999984
18.218399999999992
18.7108
4.924320000000003
4.924320000000003
4.924320000000003
4.924320000000003
18.612299999999994
17.669199999999982
18.346199999999985
19.348999999999997
18.356799999999996
18.37339999999999
18.26159999999999
19.0448
4.978820000000002
4.978820000000002
4.978820000000002
4.978820000000002
4.978820000000002
4.978820000000002
4.978820000000002
4.978820000000002
4.978820000000002
4.978820000000002
4.978820000000002
4.978820000000002
4.978820000000002
4.978820000000002
4.978820000000002
4.978820000000002
4.978820000000002
4.978820000000002
4.978820000000002
4.978820000000002
4.978820000000002
4.978820000000002
4.978820000000002
4.978820000000002
4.978820000000002
4.978820000000002
4.978820000000002
4.978820000000002
4.978820000000002
4.978820000000002
4.978820000000002
4.978820000000002
4.978820000000002
4.978820000000002
4.978820000000002
4.978820000000002
4.978820000000002
4.978820000000002
4.978820000000002
4.978820000000002
4.978820000000002
4.978820000000002
4.978820000000002
4.978820000000002
4.978820000000002
4.978820000000002
4.978820000000002
4.978820000000002
4.978820000000002
4.978820000000002
4.978820000000002
4.978820000000002
4.978820000000002
4.978820000000002
4.978820000000002
4.978820000000002
4.978820000000002
4.978820000000002
4.978820000000002
4.978820000000002
4.978820000000002
4.978820000000002
4.978820000000002
4.978820000000002
4.978820000000002
4.978820000000002
4.978820000000002
4.978820000000002
4.978820000000002
4.978820000000002
4.978820000000002
4.978820000000002
4.978820000000002
4.978820000000002
4.978820000000002
4.978820000000002
4.978820000000002
18.35959999999999
17.82819999999998
18.5379
18.5379
18.7521
18.9037
17.673299999999983
18.346499999999992
4.792900000000001
18.415699999999983
18.234099999999987
18.35829999999999
5.011920000000002
5.011920000000002
18.048499999999986
17.880599999999983
18.058899999999987
17.52729999999998
4.567320000000002
4.567320000000002
4.567320000000002
4.567320000000002
4.567320000000002
18.802699999999994
19.165999999999993
18.990399999999998
18.772699999999993
18.999899999999993
18.070199999999986
18.858199999999997
18.432999999999993
17.753599999999988
18.561299999999996
18.12219999999999
18.11779999999999
18.516999999999996
5.6053900000000025
18.219199999999994
18.853799999999993
18.12749999999999
17.776399999999985
18.076499999999992
17.152799999999978
4.029720000000002
18.04719999999999
4.373820000000001
4.373820000000001
4.373820000000001
4.373820000000001
4.373820000000001
4.373820000000001
4.373820000000001
4.373820000000001
4.373820000000001
4.373820000000001
4.373820000000001
17.998099999999987
17.434499999999982
17.82979999999998
4.349520000000003
18.542799999999986
4.307020000000002
18.51989999999999
17.98659999999999
18.030769999999986
4.7494200000000015
18.70359999999999
17.155399999999975
17.55509999999998
17.867669999999986
17.464099999999984
18.009919999999983
16.384099999999975
18.05209999999999
17.727799999999984
18.484199999999994
4.273920000000002
18.50439999999999
18.140199999999986
18.554499999999994
17.348199999999974
18.138279999999995
15.29499999999997
15.21579999999997
5.283420000000002
5.283420000000002
5.283420000000002
5.283420000000002
5.283420000000002
5.283420000000002
4.006620000000001
17.43039999999998
5.151920000000002
4.9788200000000025
5.316520000000002
5.316520000000002
5.316520000000002
5.316520000000002
5.316520000000002
17.613199999999978
17.42129999999998
18.015299999999986
5.9967200000000025
16.21209999999997
17.997199999999985
16.949099999999973
15.501999999999967
4.954220000000003
4.191720000000002
18.436399999999985
17.547599999999978
16.206799999999966
5.238620000000002
5.693120000000003
5.559070000000003
5.084020000000002
18.415999999999983
12.462199999999978
3.7986200000000023
3.7986200000000023
12.25679999999998
12.766899999999978
13.794299999999973
10.520499999999991
6.840400000000005
12.672699999999978
12.287599999999983
4.312320000000002
6.704520000000006
13.673499999999974
12.006199999999982
14.199199999999973
10.63029999999999
5.243570000000003
5.530800000000005
7.131100000000004
16.649199999999972
7.396600000000006
10.46829999999999
5.004800000000003
4.998700000000002
8.600400000000004
13.87619999999997
8.342900000000006
4.634070000000002
7.304900000000005
7.195400000000005
6.177470000000004
3.5344200000000026
4.203070000000001
4.5877000000000026
19.757000000000005
3.532820000000002
4.342700000000003
4.342700000000003
4.342700000000003
4.342700000000003
5.854800000000005
3.3655000000000017
3.482870000000001
3.959120000000002
19.001899999999992
4.793070000000002
6.618000000000005
17.967699999999986
18.638799999999993
1.8903199999999998
4.259220000000003
18.021099999999983
17.390199999999975
18.50049999999999
4.509500000000003
4.999920000000002
4.885820000000003
2.1869199999999998
3.305100000000002
5.752320000000002
5.1369200000000035
2.8027000000000015
2.1544999999999996
1.9090999999999998
0.7871999999999999
3.7633000000000028
18.118099999999988
18.822799999999994
0.75907
18.7351
1.4785
1.4785
0.37129999999999996
0.16199999999999998
1.1164
0.8219699999999999
0.8219699999999999
-0.09903
0.56297
0.26577
1.9938
7.3617400000000055
19.229499999999998
18.752799999999993
5.333000000000002
17.65369999999998
17.864999999999984
18.667599999999993
16.907499999999974
5.379720000000003
18.86039999999999
17.71799999999998
17.722399999999983
17.65799999999998
6.033300000000003
4.458470000000003
5.925300000000003
6.3765000000000045
18.7286
4.709320000000002
18.607299999999988
18.9826
18.096399999999985
18.368499999999994
17.511999999999983
18.031099999999988
