5.0206000000000035
5.329020000000003
4.911220000000004
5.363320000000005
5.754720000000004
4.538320000000004
5.502920000000005
4.641020000000004
4.641020000000004
5.417420000000004
5.417420000000004
5.417420000000004
4.713620000000003
5.001000000000003
5.158420000000002
3.5740200000000018
4.038200000000003
4.038200000000003
4.861220000000004
3.916000000000003
3.916000000000003
3.916000000000003
3.916000000000003
3.265600000000002
3.265600000000002
3.265600000000002
3.265600000000002
3.3622000000000014
4.920720000000005
3.662020000000002
3.662020000000002
3.662020000000002
3.662020000000002
3.662020000000002
3.662020000000002
3.585820000000002
3.585820000000002
3.585820000000002
3.585820000000002
3.585820000000002
5.1030200000000026
3.277400000000002
3.277400000000002
3.277400000000002
3.277400000000002
3.277400000000002
3.277400000000002
5.036090000000003
3.979320000000003
3.492700000000002
5.365420000000004
3.353600000000001
3.353600000000001
3.353600000000001
3.353600000000001
3.353600000000001
3.353600000000001
3.353600000000001
3.783400000000003
4.181320000000003
4.181320000000003
3.7106200000000022
3.8039000000000023
2.757200000000001
5.230920000000004
2.9830000000000014
3.0592000000000015
3.9551200000000026
3.456640000000002
3.456640000000002
3.456640000000002
2.8484000000000007
2.8596000000000013
2.8596000000000013
2.9358000000000013
3.089900000000001
3.0570200000000014
2.7486000000000006
2.7486000000000006
2.870400000000001
2.839800000000001
2.839800000000001
2.839800000000001
2.839800000000001
2.839800000000001
2.839800000000001
2.839800000000001
2.839800000000001
2.839800000000001
2.6724000000000006
2.7486000000000006
2.6724000000000006
3.659690000000002
2.7486000000000006
3.148220000000002
3.148220000000002
3.148220000000002
3.6095000000000024
5.4082000000000034
3.529300000000002
3.5870200000000025
2.39372
3.482800000000002
3.666000000000002
3.666000000000002
3.3512700000000013
3.3512700000000013
4.089620000000003
3.6698200000000023
3.832100000000003
3.832100000000003
2.0853
2.0853
2.0853
4.973720000000004
4.798620000000003
3.4182200000000025
3.4182200000000025
3.4182200000000025
3.4182200000000025
3.4182200000000025
4.140520000000003
4.140520000000003
4.140520000000003
3.368500000000002
2.2490000000000006
2.2490000000000006
2.2490000000000006
2.2490000000000006
2.2490000000000006
2.2490000000000006
2.2490000000000006
2.2490000000000006
2.2490000000000006
2.2490000000000006
2.2490000000000006
2.2490000000000006
2.2490000000000006
2.2490000000000006
2.2490000000000006
2.2490000000000006
2.2490000000000006
2.2490000000000006
2.2490000000000006
2.2490000000000006
2.2490000000000006
2.2490000000000006
2.2490000000000006
2.2490000000000006
2.736300000000001
3.2539000000000016
2.30344
2.30344
2.30344
2.30344
2.30344
2.30344
2.30344
2.30344
5.018100000000003
2.5454000000000008
2.5454000000000008
3.756300000000002
2.5574200000000005
3.1285000000000016
2.0036199999999997
2.0036199999999997
4.126020000000003
3.5545000000000018
3.5545000000000018
2.716920000000001
2.4085
2.4085
3.739200000000002
2.303620000000001
4.428220000000004
1.6952
1.6952
1.6952
2.1341200000000002
1.99502
1.99502
1.99502
1.99502
1.99502
1.99502
1.99502
1.99502
1.99502
1.99502
1.99502
1.99502
1.99502
1.99502
1.99502
1.99502
1.99502
1.99502
1.99502
1.99502
1.99502
1.99502
1.99502
5.4966000000000035
3.442000000000002
3.442000000000002
3.442000000000002
3.442000000000002
3.442000000000002
2.746270000000001
2.7197000000000005
2.7197000000000005
2.7197000000000005
3.4238200000000028
3.0802000000000014
1.8256999999999999
1.8256999999999999
1.8256999999999999
2.2348
2.805200000000001
2.805200000000001
3.1286200000000015
3.507900000000002
2.03672
4.152620000000002
3.1942200000000014
1.6866
1.6866
1.6866
1.6866
1.6866
1.6866
1.6866
2.5685000000000002
2.8858000000000006
3.1960000000000015
1.7283
3.0299000000000014
3.804720000000003
1.9545999999999997
3.1830000000000016
2.1561000000000003
2.1561000000000003
2.1561000000000003
3.672900000000002
3.115400000000002
2.3296
3.281500000000002
4.363400000000004
3.859600000000003
3.586100000000002
3.8861000000000026
4.791500000000004
3.510620000000002
1.70062
1.70062
2.2611200000000005
3.0368200000000014
2.9793200000000013
1.3921999999999999
1.3921999999999999
2.6693000000000007
2.7253000000000007
2.6709000000000005
2.0005200000000003
2.5601200000000004
2.896200000000001
2.8370000000000006
2.8370000000000006
1.7852000000000001
3.0078000000000014
2.0877
1.6669999999999998
4.774300000000003
1.8987
2.646000000000001
2.1432
2.783100000000001
1.39002
1.39002
3.075800000000001
1.0901999999999998
3.3034000000000017
3.193670000000002
2.3493700000000004
2.058
1.39002
2.7006000000000006
3.569600000000002
2.2723999999999998
3.532300000000002
2.1512000000000002
2.730100000000001
4.838100000000004
2.5086000000000004
3.442700000000002
2.991900000000002
3.328170000000002
2.2724
3.340600000000002
1.9542
1.6679000000000002
2.9041000000000015
3.340600000000002
2.2559000000000005
2.2559000000000005
1.99269
2.7910000000000013
1.7234999999999998
2.1352
2.8278000000000008
3.7852000000000032
3.395100000000003
2.3636
2.0218
3.084900000000001
1.7265
3.185900000000001
3.649620000000003
3.173420000000002
3.445400000000002
2.6735000000000007
3.2948000000000013
2.5287000000000006
1.7506000000000002
2.9734000000000016
2.6948000000000008
1.3364
3.3417200000000022
2.6948000000000008
2.6948000000000008
2.6948000000000008
2.9852200000000018
2.614300000000001
3.0299000000000014
1.1124
2.1166
3.3412000000000015
3.036100000000002
2.2568
3.2718000000000016
3.850000000000003
1.58802
3.4750000000000023
3.054520000000002
3.300300000000002
1.8667
1.6514
2.2827
1.3364
1.5025
2.905170000000001
2.9734000000000016
3.1275000000000013
2.5684200000000006
2.1386000000000003
2.1386000000000003
2.1386000000000003
2.1386000000000003
2.1386000000000003
2.644400000000001
1.8926
2.1386000000000003
2.1386000000000003
1.8926
1.8926
1.8926
1.8926
2.1808000000000005
2.3047000000000004
2.3047000000000004
2.4488000000000003
2.6019000000000005
2.6019000000000005
2.4708000000000006
1.7833999999999999
1.7265
2.2827
3.0970000000000013
2.439000000000001
2.3804000000000007
1.8926
1.4507
1.8926
2.4488000000000003
0.9758
2.1386000000000003
2.920600000000001
1.9128
1.4994999999999998
1.5824
1.1923
1.4837
2.2559000000000005
2.2559000000000005
0.9746
1.9145999999999999
2.31347
1.5025
1.5025
1.5025
1.5025
2.2118
1.4617
1.4766000000000001
1.6981
2.706900000000001
2.1142000000000007
2.0587
2.0587
0.2612
2.3168000000000006
1.9903
1.6021699999999999
2.7432000000000007
2.2248
1.1419
1.4521
3.3034000000000017
1.6981
1.6981
2.2775999999999996
1.3584
0.8856999999999999
1.5065
2.3168000000000006
0.37129999999999996
0.37129999999999996
0.37129999999999996
0.37129999999999996
2.6039000000000003
2.3485000000000005
1.0994
1.6556
1.6556
2.551000000000001
2.995000000000002
0.5857
0.5857
0.9503
1.5842999999999998
1.1164
1.5025
1.84938
3.586100000000002
2.1178
0.3941
0.3941
3.5923000000000025
2.0225999999999997
1.5954000000000002
3.094520000000001
3.0090200000000014
1.5025
1.75648
0.0040000000000000036
0.0040000000000000036
0.5714
-0.1849
3.4944000000000024
0.26577
2.2300000000000004
2.658200000000001
-0.17039999999999988
1.3376
2.8389000000000015
2.8389000000000015
2.8389000000000015
3.0050000000000017
2.3037
2.3984000000000005
1.9534
2.0587
2.0587
2.0587
2.0587
2.2543000000000006
2.7810000000000015
1.9634
1.9903
2.495100000000001
0.9725
0.6361
-0.8247
0.16199999999999998
2.1209
2.2729
3.2828000000000017
3.2828000000000017
2.3167
2.4488000000000003
4.020100000000003
4.020100000000003
3.7584000000000026
4.016500000000002
4.016500000000002
3.299900000000002
3.3683000000000014
4.704700000000003
5.265700000000004
