20.497120000000013
20.11372000000001
19.899400000000007
19.899400000000007
19.899400000000007
19.899400000000007
20.037520000000008
20.037520000000008
20.037520000000008
20.037520000000008
19.598320000000005
19.598320000000005
19.848920000000007
19.848920000000007
19.848920000000007
19.848920000000007
19.848920000000007
19.85890000000001
19.85890000000001
19.85890000000001
19.85890000000001
19.70950000000001
19.70950000000001
19.86820000000001
19.86820000000001
19.706100000000006
19.2981
19.2981
19.2981
19.2981
19.2981
19.2981
19.2981
19.2981
19.2981
19.2981
19.2981
19.2981
19.2981
19.2981
19.449400000000008
19.449400000000008
19.83480000000001
19.83480000000001
19.83480000000001
19.83480000000001
19.231120000000004
19.2899
19.0638
19.706120000000006
19.678620000000006
19.666400000000003
19.666400000000003
19.666400000000003
19.666400000000003
19.666400000000003
18.9227
19.423400000000004
19.423400000000004
19.423400000000004
19.423400000000004
19.553320000000003
19.553320000000003
19.553320000000003
19.553320000000003
19.553320000000003
19.553320000000003
19.553320000000003
19.553320000000003
19.553320000000003
19.553320000000003
19.553320000000003
19.553320000000003
19.553320000000003
19.553320000000003
19.553320000000003
19.27362
19.712820000000008
19.451400000000003
19.451400000000003
19.451400000000003
19.451400000000003
19.451400000000003
19.451400000000003
19.451400000000003
19.451400000000003
19.451400000000003
19.451400000000003
19.451400000000003
19.451400000000003
19.451400000000003
19.451400000000003
19.451400000000003
19.451400000000003
19.451400000000003
19.451400000000003
19.791700000000006
19.791700000000006
19.791700000000006
19.25522
19.25522
19.11412
19.11412
19.11412
19.11412
19.11412
19.11412
19.11412
19.11412
19.11412
19.11412
18.9652
18.9652
18.9652
18.9652
18.9652
18.9652
18.9652
19.576700000000006
19.576700000000006
19.576700000000006
19.576700000000006
19.576700000000006
19.576700000000006
19.576700000000006
19.576700000000006
19.576700000000006
18.805699999999995
18.805699999999995
18.805699999999995
18.805699999999995
18.805699999999995
18.805699999999995
18.805699999999995
18.805699999999995
18.805699999999995
18.805699999999995
18.805699999999995
18.805699999999995
19.374700000000004
19.374700000000004
19.374700000000004
19.20192
19.20192
18.805699999999995
18.805699999999995
18.805699999999995
18.805699999999995
18.805699999999995
18.805699999999995
18.805699999999995
18.805699999999995
19.552700000000005
19.09662
19.09662
19.09662
19.09662
19.2219
19.2219
19.08452
19.533600000000003
18.930999999999997
19.235500000000002
18.882299999999997
19.274400000000004
19.03792
19.125719999999998
19.125719999999998
19.125719999999998
19.125719999999998
19.276300000000003
19.294600000000003
19.621420000000004
19.463820000000005
19.463820000000005
18.784299999999998
19.0613
19.069119999999998
18.32149999999999
18.32149999999999
18.32149999999999
18.32149999999999
19.17232
19.17232
19.17232
18.930999999999997
18.930999999999997
18.729499999999998
19.419900000000002
19.916100000000007
18.415599999999994
18.415599999999994
19.16322
19.16322
18.32149999999999
19.1866
19.020419999999994
19.0214
19.305100000000003
18.729499999999998
18.729499999999998
19.0182
19.0182
19.0438
18.600319999999996
19.358
18.221199999999993
19.26092
18.9929
18.9929
18.9929
19.27462
19.502120000000005
18.398099999999992
18.398099999999992
18.585899999999995
18.804219999999994
18.451399999999992
19.6747
18.698119999999996
19.065219999999997
19.111900000000002
18.29189999999999
19.032619999999998
19.3333
18.9633
19.1566
18.9061
19.127699999999997
18.387899999999995
19.3783
19.307500000000005
18.882919999999995
19.335800000000003
18.724899999999995
19.0608
18.948319999999995
18.688239999999993
18.155899999999992
19.091019999999997
18.615219999999994
18.907119999999995
18.833399999999997
19.443600000000004
17.837699999999984
17.807699999999986
18.861319999999996
19.2099
18.509119999999992
18.846399999999996
18.509119999999992
18.926299999999998
18.264299999999988
18.26429999999999
18.793819999999993
18.9254
18.781319999999997
18.781319999999997
18.781319999999997
18.781319999999997
18.20069999999999
18.457599999999992
18.457599999999992
18.457599999999992
17.793599999999984
18.24139999999999
19.1268
18.923199999999998
18.497399999999992
18.762299999999996
18.45651999999999
18.29979999999999
18.466199999999994
18.858819999999998
18.28449999999999
18.753999999999998
18.662599999999998
18.39219999999999
18.593519999999994
18.86622
19.787520000000004
18.78541999999999
18.624919999999996
18.373299999999986
18.718419999999995
18.655599999999996
18.09359999999999
18.742219999999993
17.792999999999985
20.000120000000006
19.3141
19.046819999999997
19.19412
17.29819999999998
18.366199999999992
18.20261999999999
18.563599999999994
18.14071999999999
18.550599999999996
17.554899999999986
19.336400000000005
18.451819999999994
18.20999999999999
18.078219999999988
19.05822
18.7855
18.093499999999988
18.028569999999988
19.2967
18.730199999999996
18.09589999999999
18.9914
18.22039999999999
17.632999999999985
19.2295
17.28349999999998
17.666799999999984
18.24349999999999
18.486399999999993
18.887919999999998
17.807819999999985
18.00769999999999
18.7726
18.991519999999998
17.34189999999998
18.029799999999987
18.370199999999993
18.020499999999988
17.754699999999982
18.100599999999986
18.13419999999999
18.747599999999995
17.01059999999998
17.48849999999998
16.55069999999997
18.327499999999986
17.795999999999985
16.35211999999997
16.380399999999973
15.944399999999966
16.110499999999966
18.34031999999999
15.687399999999968
15.687399999999968
18.638419999999993
18.12301999999999
15.21971999999997
15.43379999999997
16.31189999999997
16.178679999999968
18.079919999999984
17.28679999999998
14.79999999999997
15.907199999999968
14.99529999999997
17.869319999999988
17.64791999999998
15.05529999999997
15.05529999999997
15.021099999999969
13.759699999999974
14.87029999999997
14.284699999999972
14.511679999999973
14.306999999999974
14.120999999999974
12.541899999999979
13.753699999999975
13.258299999999979
12.708199999999978
12.23749999999998
11.603019999999983
12.337199999999978
12.337199999999978
12.148399999999981
11.049199999999988
11.049199999999988
18.7697
10.808719999999989
11.655799999999983
11.498299999999984
10.956299999999986
11.124099999999988
12.01969999999998
11.769279999999982
18.590999999999994
10.53099999999999
10.52699999999999
10.104499999999993
10.47349999999999
18.761599999999994
10.274299999999991
8.657520000000002
9.835299999999995
9.301899999999998
8.395100000000005
8.395100000000005
8.911800000000001
8.295600000000004
7.940600000000006
6.919400000000007
7.008400000000006
7.384400000000006
5.973100000000005
5.708300000000004
5.454320000000003
7.327300000000006
5.1597000000000035
7.490980000000006
5.001000000000003
6.287300000000005
5.152100000000004
4.958400000000003
4.762000000000004
4.942900000000003
4.942900000000003
4.386700000000004
5.097800000000003
5.1090000000000035
3.948400000000002
3.948400000000002
3.948400000000002
4.336300000000003
3.275900000000002
4.620980000000003
2.8858000000000006
18.481519999999993
18.14909999999999
3.1830000000000016
1.4990999999999999
1.7922999999999996
1.7922999999999996
4.317000000000004
1.9498999999999997
3.618500000000002
1.2217999999999998
2.6438000000000006
4.593700000000004
3.2364000000000015
18.634219999999992
1.9669
1.7485
1.9145999999999999
1.3584
1.1419
1.6981
0.37129999999999996
1.0994
1.6556
19.142900000000008
12.149299999999979
-0.1849
11.75919999999998
0.5601999999999999
-0.8247
0.11280000000000001
0.6361
19.47150000000001
19.70130000000001
19.576000000000008
3.2828000000000017
18.369899999999994
18.225799999999992
18.510719999999996
18.257319999999993
18.338819999999995
17.370899999999978
6.536200000000005
17.97699999999999
7.051600000000006
18.14249999999999
19.184900000000003
18.675119999999996
13.585599999999975
18.324619999999985
19.120020000000004
18.992199999999997
19.17942
18.622899999999994
19.470920000000003
7.8200000000000065
18.949319999999997
17.37529999999998
18.728299999999997
19.759420000000006
7.892600000000006
19.2615
18.96972
17.631499999999992
13.300899999999976
20.05410000000001
17.526219999999984
17.10829999999997
18.35531999999999
16.760199999999976
18.33419999999999
18.18089999999999
17.889599999999984
18.303999999999988
18.724799999999995
