[0.56728584]
[0.5916913]
[0.3791256]
[0.5703712]
[0.36835173]
[0.54991245]
[0.6865179]
[0.49378574]
[0.45135152]
[0.43410334]
[0.5095906]
[0.41932386]
[0.5851353]
[0.5851353]
[0.48704648]
[0.50061154]
[0.5155432]
[0.5155432]
[0.45611152]
[0.5760709]
[0.3946714]
[0.3895073]
[0.4371295]
[0.5243154]
[0.23560324]
[0.43781435]
[0.57028526]
[0.44948372]
[0.38299754]
[0.513063]
[0.55277413]
[0.61346877]
[0.52259123]
[0.27722582]
[0.27722582]
[0.5193743]
[0.37928697]
[0.28108218]
[0.41598698]
[0.3745951]
[0.3745951]
[0.18677354]
[0.2787186]
[0.3771987]
[0.19399549]
[0.2587678]
[0.30220413]
[0.48218393]
[0.4862932]
[0.49639466]
[0.52755344]
[0.3386169]
[0.3386169]
[0.46292073]
[0.39726633]
[0.39726633]
[0.2683921]
[0.45287034]
[0.5181735]
[0.509984]
[0.3912303]
[0.3912303]
[0.4934222]
[0.43023002]
[0.40849426]
[0.2686744]
[0.2686744]
[0.5619883]
[0.31274936]
[0.54323864]
[0.5092067]
[0.5768826]
[0.5768826]
[0.509984]
[0.47881988]
[0.45738518]
[0.3531876]
[0.55587864]
[0.43705618]
[0.52851844]
[0.52851844]
[0.53807205]
[0.52851844]
[0.5977558]
[0.4785967]
[0.4785967]
[0.4785967]
[0.5034425]
[0.652812]
[0.43715954]
[0.45682436]
[0.28159875]
[0.44555447]
[0.5227018]
[0.34413344]
[0.43538997]
[0.42291197]
[0.45445704]
[0.49699184]
[0.3757973]
[0.40142754]
[0.44172123]
[0.40638858]
[0.45033315]
[0.45033315]
[0.45033315]
[0.45033315]
[0.27597713]
[0.47908917]
[0.3056639]
[0.34074104]
[0.540991]
[0.23809336]
[0.5188546]
[0.31552938]
[0.25155133]
[0.25155133]
[0.40345982]
[0.40345982]
[0.40345982]
[0.40345982]
[0.40981427]
[0.51085293]
[0.27858543]
[0.32339394]
[0.51192313]
[0.47148213]
[0.32316014]
[0.2903503]
[0.5530245]
[0.41040927]
[0.44749323]
[0.35283053]
[0.24119762]
[0.48220894]
[0.4127509]
[0.3982144]
[0.52874416]
[0.32261384]
[0.41375694]
[0.42162555]
[0.34359875]
[0.3134904]
[0.4918821]
[0.34106594]
[0.34900734]
[0.37686127]
[0.5650232]
[0.69157827]
[0.41244295]
[0.42800686]
[0.42800686]
[0.20113155]
[0.38590986]
[0.45182046]
[0.31962645]
[0.31962645]
[0.5589885]
[0.47522232]
[0.41423008]
[0.41423008]
[0.41423008]
[0.4659772]
[0.4433773]
[0.50396776]
[0.46339214]
[0.39254087]
[0.39254087]
[0.6611804]
[0.42496496]
[0.3807055]
[0.4061554]
[0.4633434]
[0.40245467]
[0.70946836]
[0.42431906]
[0.32002437]
[0.40170968]
[0.4742944]
[0.4125108]
[0.4238862]
[0.33314902]
[0.26153192]
[0.45128766]
[0.37870762]
[0.44786173]
[0.50524205]
[0.40828356]
[0.40828356]
[0.40828356]
[0.30316776]
[0.30316776]
[0.30316776]
[0.30316776]
[0.30316776]
[0.30316776]
[0.30316776]
[0.30316776]
[0.46285102]
[0.42121643]
[0.40503]
[0.40503]
[0.2633815]
[0.38229337]
[0.35849518]
[0.37187478]
[0.54967356]
[0.36637068]
[0.36637068]
[0.2808741]
[0.50769925]
[0.27790332]
[0.6094196]
[0.40036407]
[0.2433849]
[0.4155392]
[0.3184221]
[0.410215]
[0.3729077]
[0.37662613]
[0.4516868]
[0.44599447]
[0.44599447]
[0.44599447]
[0.44599447]
[0.39261043]
[0.39261043]
[0.44534114]
[0.37787536]
[0.26160023]
[0.29321033]
[0.43879303]
[0.28786612]
[0.5372476]
[0.48857272]
[0.33005893]
[0.31030312]
[0.39164335]
[0.26193678]
[0.26412094]
[0.46648934]
[0.46321753]
[0.26211816]
[0.36281672]
[0.38084754]
[0.41506252]
[0.36356455]
[0.5181995]
[0.4339011]
[0.24714094]
[0.3936718]
[0.18825321]
[0.30633318]
[0.393191]
[0.43582445]
[0.43582445]
[0.5063801]
[0.2985808]
[0.47095832]
[0.3893967]
[0.49456543]
[0.43003485]
[0.2569667]
[0.3111734]
[0.3898915]
[0.4780667]
[0.2870146]
[0.3023781]
[0.35362297]
[0.4312509]
[0.6323927]
[0.4432773]
[0.3759479]
[0.35560152]
[0.47545186]
[0.23355901]
[0.47627226]
[0.3176544]
[0.2603064]
[0.41253227]
[0.53075457]
[0.37936684]
[0.44249085]
[0.32708856]
[0.20785786]
[0.22872901]
[0.56320953]
[0.29307148]
[0.29307148]
[0.4287313]
[0.5335779]
[0.22781622]
[0.29915074]
[0.26602736]
[0.26602736]
[0.38681766]
[0.33762163]
[0.29178604]
[0.44685182]
[0.3073988]
[0.58460027]
[0.5791173]
[0.495835]
[0.34244874]
[0.36080548]
[0.35711432]
[0.19360714]
[0.3339958]
[0.28892082]
[0.3469334]
[0.29078287]
[0.3655812]
[0.24479896]
[0.4390563]
[0.30433547]
[0.36523154]
[0.32705817]
[0.24446867]
[0.37324154]
[0.34909645]
[0.4527452]
[0.24813816]
[0.24813816]
[0.25591865]
[0.34808436]
[0.33102503]
[0.18772174]
[0.37410614]
[0.32767436]
[0.55374944]
[0.55374944]
[0.33021998]
[0.29460984]
[0.3810318]
[0.34235075]
[0.56384486]
[0.38069007]
[0.19598308]
[0.33834183]
[0.3624648]
[0.43979907]
[0.30340746]
[0.2788005]
[0.43882406]
[0.3242544]
[0.31687793]
[0.26977545]
[0.44373998]
[0.29911]
[0.22114858]
[0.4016864]
[0.3804919]
[0.2979901]
[0.28055316]
[0.34927693]
[0.35445327]
[0.45480543]
[0.30122674]
[0.47402778]
[0.2553979]
[0.4945433]
[0.4967104]
[0.28912893]
[0.33980745]
[0.2645691]
[0.28351685]
[0.4932486]
[0.19177839]
[0.41195008]
[0.27148858]
[0.28895903]
[0.43485847]
[0.37332866]
[0.2770464]
[0.41337335]
[0.40219435]
[0.3486786]
[0.295021]
[0.31761384]
[0.28468868]
[0.2642575]
[0.27140218]
[0.3446796]
[0.4002543]
[0.327434]
[0.327434]
[0.43694937]
[0.27497444]
[0.39876482]
[0.2505016]
[0.215481]
[0.2578217]
[0.38711068]
[0.22848736]
[0.36152035]
[0.26180285]
[0.26180285]
[0.1985124]
[0.42904565]
[0.19496173]
[0.3118367]
[0.31221732]
[0.32211557]
[0.32373574]
[0.36488214]
[0.20094292]
[0.3998132]
[0.21175422]
[0.31133047]
[0.35151356]
[0.22068208]
[0.25002432]
[0.28327802]
[0.20022325]
[0.19507505]
[0.24382903]
[0.3339245]
[0.22470242]
[0.39600796]
[0.26613605]
[0.30496222]
[0.38066924]
[0.3868353]
[0.22221074]
[0.24905883]
[0.22804615]
[0.22804615]
[0.45759356]
[0.44841564]
[0.3775754]
[0.28348625]
[0.27505615]
[0.24923696]
[0.19284612]
[0.19284612]
[0.26154512]
[0.3873496]
[0.50170434]
[0.19121377]
[0.38042605]
[0.22294067]
[0.202379]
[0.22297911]
[0.19116364]
[0.19116364]
[0.28730106]
[0.18380025]
[0.42491573]
[0.19124849]
[0.1969655]
[0.19788209]
[0.19788209]
[0.19788209]
[0.20183617]
[0.21411239]
[0.19590472]
[0.21414268]
[0.41790628]
[0.20140961]
[0.2452281]
[0.2188154]
[0.4034658]
[0.21067381]
[0.21516986]
[0.19988433]
[0.19196118]
[0.49285632]
[0.3640048]
[0.21595748]
[0.26653028]
[0.28354487]
[0.21189025]
[0.28555706]
[0.41112962]
[0.45666653]
[0.50717115]
[0.22297154]
[0.515275]
[0.3018116]
[0.22612692]
[0.29196984]
[0.3833981]
[0.53721726]
[0.47703224]
[0.30113292]
[0.5102663]
[0.6467327]
[0.44446212]
[0.31233522]
[0.28893003]
[0.32515413]
[0.2579945]
[0.38592213]
[0.39865482]
[0.29355317]
[0.2535173]
[0.42313504]
[0.5463359]
[0.4613429]
[0.4433134]
