3.6887000000000016
2.4622
6.143000000000004
3.9902000000000024
4.421400000000003
3.3549000000000024
3.3549000000000024
3.193800000000002
3.193800000000002
3.193800000000002
3.193800000000002
3.193800000000002
3.4990000000000023
3.613000000000002
3.1073000000000013
3.1073000000000013
3.1073000000000013
3.1073000000000013
3.1073000000000013
3.0272000000000014
2.964800000000001
2.964800000000001
3.0635000000000012
1.6316
5.538000000000004
5.434000000000003
4.097870000000003
4.097870000000003
6.066400000000005
6.066400000000005
6.066400000000005
6.066400000000005
6.066400000000005
6.066400000000005
6.066400000000005
6.066400000000005
6.066400000000005
6.066400000000005
6.066400000000005
6.066400000000005
6.066400000000005
6.066400000000005
6.066400000000005
6.066400000000005
5.571000000000004
3.193800000000002
5.943200000000003
3.735400000000002
4.458000000000004
1.4487999999999999
4.801200000000003
3.338800000000002
2.5481000000000007
5.357400000000004
5.357400000000004
5.357400000000004
5.357400000000004
5.357400000000004
5.357400000000004
5.357400000000004
4.926500000000003
4.926500000000003
4.926500000000003
4.926500000000003
4.926500000000003
4.926500000000003
4.926500000000003
4.926500000000003
4.926500000000003
4.926500000000003
4.926500000000003
4.926500000000003
4.926500000000003
4.926500000000003
4.926500000000003
4.926500000000003
4.926500000000003
4.926500000000003
4.926500000000003
4.926500000000003
4.926500000000003
4.926500000000003
4.926500000000003
4.926500000000003
4.926500000000003
4.926500000000003
4.926500000000003
3.1735000000000015
5.571100000000004
3.8525000000000023
3.8525000000000023
7.813800000000006
4.329600000000003
5.394700000000005
4.567370000000004
4.898200000000003
4.898200000000003
4.898200000000003
4.398600000000003
4.398600000000003
4.398600000000003
4.398600000000003
4.398600000000003
7.628900000000007
4.766700000000003
6.3300000000000045
5.220300000000003
3.8403700000000027
5.075600000000004
5.963000000000004
3.4990000000000023
5.3117000000000045
5.8605000000000045
3.090200000000002
3.090200000000002
3.090200000000002
3.090200000000002
3.090200000000002
3.090200000000002
4.370300000000002
5.959400000000004
5.504200000000004
6.5045000000000055
3.4960000000000013
6.472600000000005
4.717800000000003
5.037400000000003
5.940100000000004
4.969000000000004
5.522600000000003
6.086600000000004
5.982600000000005
5.982600000000005
4.677600000000003
6.116400000000005
4.927800000000005
4.368700000000003
4.368700000000003
1.1806999999999999
5.664600000000005
4.864100000000004
5.707100000000006
6.3239000000000045
3.8979000000000017
6.656800000000005
6.656800000000005
6.656800000000005
6.656800000000005
6.656800000000005
6.656800000000005
6.656800000000005
6.656800000000005
6.656800000000005
6.656800000000005
6.656800000000005
6.656800000000005
6.656800000000005
6.656800000000005
6.656800000000005
6.656800000000005
6.656800000000005
6.656800000000005
6.656800000000005
4.473700000000003
5.544400000000005
5.9752000000000045
5.9752000000000045
5.9752000000000045
5.9752000000000045
5.198500000000003
6.161700000000004
5.954300000000004
5.641300000000004
5.641300000000004
5.641300000000004
6.133100000000005
6.919100000000005
6.026400000000004
6.5846000000000044
6.5846000000000044
6.5846000000000044
6.5846000000000044
6.5846000000000044
6.5846000000000044
5.953900000000004
5.953900000000004
5.953900000000004
6.039800000000005
6.039800000000005
6.628500000000005
6.628500000000005
6.628500000000005
6.628500000000005
6.628500000000005
6.628500000000005
6.628500000000005
6.628500000000005
6.628500000000005
6.628500000000005
6.458400000000005
6.584000000000006
6.584000000000006
6.584000000000006
6.584000000000006
6.580200000000005
6.580200000000005
6.580200000000005
6.580200000000005
6.580200000000005
6.580200000000005
6.580200000000005
6.580200000000005
6.580200000000005
6.580200000000005
6.580200000000005
6.580200000000005
6.580200000000005
6.580200000000005
6.580200000000005
6.580200000000005
6.580200000000005
6.580200000000005
6.580200000000005
6.580200000000005
6.580200000000005
6.580200000000005
6.500900000000005
6.500900000000005
6.500900000000005
6.500900000000005
6.4493000000000045
6.4493000000000045
6.4493000000000045
5.3632000000000035
5.3632000000000035
6.556300000000005
6.056500000000005
6.056500000000005
6.056500000000005
5.504300000000005
5.504300000000005
5.0439000000000025
5.0439000000000025
5.0439000000000025
5.0439000000000025
7.087300000000004
6.551900000000005
6.551900000000005
6.551900000000005
6.551900000000005
6.551900000000005
6.551900000000005
6.551900000000005
6.551900000000005
6.551900000000005
6.551900000000005
6.551900000000005
6.551900000000005
6.551900000000005
6.551900000000005
6.551900000000005
6.551900000000005
6.551900000000005
6.551900000000005
6.551900000000005
6.551900000000005
6.551900000000005
6.551900000000005
6.551900000000005
6.705500000000005
6.056500000000005
6.574000000000005
6.574000000000005
6.574000000000005
6.210100000000003
7.251100000000005
6.605900000000006
8.295500000000004
8.295500000000004
8.295500000000004
8.295500000000004
8.323800000000004
6.420400000000005
5.977200000000003
6.261500000000005
6.677200000000005
6.677200000000005
6.891100000000006
3.869600000000002
5.955000000000005
6.6638000000000055
7.7068000000000065
7.888500000000007
8.212300000000004
8.212300000000004
8.212300000000004
6.933600000000006
6.933600000000006
8.218900000000005
8.218900000000005
8.218900000000005
8.218900000000005
8.190600000000005
8.190600000000005
8.190600000000005
8.190600000000005
8.190600000000005
6.056600000000005
3.711500000000001
7.016400000000005
7.016400000000005
7.723500000000006
5.9973000000000045
7.101900000000006
6.738800000000006
6.738800000000006
8.273300000000004
8.273300000000004
8.273300000000004
8.273300000000004
6.002300000000005
6.643000000000005
8.185700000000006
5.461500000000003
9.756399999999998
4.9722000000000035
4.9722000000000035
4.416000000000003
7.633900000000008
6.163000000000004
6.710500000000005
4.052200000000002
7.108100000000006
6.048400000000004
3.8881000000000023
5.404100000000003
7.353700000000005
5.627600000000003
6.341500000000004
5.526400000000003
5.526400000000003
5.526400000000003
5.526400000000003
5.526400000000003
5.526400000000003
5.526400000000003
5.6856000000000035
5.6856000000000035
5.6856000000000035
5.6856000000000035
7.611600000000006
6.566100000000005
9.858599999999997
7.316200000000007
6.811900000000005
5.563800000000004
7.0887000000000056
7.0887000000000056
6.508900000000006
12.053199999999984
6.735300000000005
7.383500000000005
7.261500000000006
7.642500000000006
5.257500000000004
5.809200000000003
6.771400000000004
6.860600000000005
6.860600000000005
6.860600000000005
7.375600000000007
7.375600000000007
4.734900000000003
9.144100000000002
5.544100000000004
9.646399999999998
9.646399999999998
3.5542000000000016
3.120700000000001
9.812499999999996
5.683300000000005
9.402100000000006
7.300900000000006
6.469900000000004
10.337899999999994
10.337899999999994
6.118800000000006
6.893900000000006
6.030100000000006
4.485000000000003
5.532700000000004
5.7595000000000045
5.568700000000004
7.224300000000007
9.842499999999998
6.738800000000006
3.8130000000000015
3.156900000000001
10.380399999999995
9.095900000000002
4.834200000000003
7.173300000000005
4.187000000000003
4.068000000000003
5.8110000000000035
5.829000000000005
6.727300000000006
8.294800000000004
3.5360000000000014
7.349400000000006
3.9052000000000024
7.838200000000006
6.471600000000005
6.864500000000005
10.098599999999992
4.9104000000000045
6.064100000000006
5.385400000000003
3.5725000000000025
5.942900000000005
4.708500000000003
6.278300000000005
8.649600000000005
5.373900000000004
8.655800000000005
5.676200000000005
5.369300000000004
3.3416000000000015
9.628899999999998
6.8183000000000025
7.691900000000007
5.768200000000004
6.844300000000006
5.650400000000005
4.771400000000004
9.678299999999998
5.8689000000000044
2.7308000000000012
4.564900000000003
2.901300000000001
5.6734000000000036
5.6734000000000036
4.564000000000003
5.756900000000004
7.886100000000006
5.946300000000005
6.268900000000006
2.0907999999999998
2.781200000000001
2.947300000000001
1.4537
6.181500000000005
5.0976000000000035
2.146
0.6956999999999999
5.611900000000004
3.6586000000000016
7.742500000000006
2.3911000000000007
2.3911000000000007
9.575099999999997
1.8872000000000002
2.1491
1.4722
8.176000000000004
2.8485000000000005
4.1449000000000025
6.990200000000004
1.5929
1.7480999999999998
0.6073999999999999
1.9131000000000005
-0.4641999999999999
2.9285000000000005
2.9285000000000005
6.600300000000005
5.929400000000005
7.586800000000006
0.6288
1.6159
0.546
0.1064
6.625300000000006
0.8176999999999999
1.1952
-0.3363
6.074700000000005
6.646200000000005
6.313500000000005
5.489300000000004
3.291000000000002
5.950000000000005
8.222000000000005
7.428900000000007
8.493700000000004
6.471400000000005
8.749100000000002
9.4056
5.198000000000006
4.974000000000005
