[0.6894396]
[0.675774]
[0.675774]
[0.675774]
[0.6787202]
[0.5847818]
[0.5847818]
[0.67637426]
[0.6550029]
[0.6550029]
[0.6550029]
[0.6550029]
[0.6550029]
[0.6550029]
[0.6550029]
[0.6550029]
[0.6550029]
[0.6550029]
[0.6550029]
[0.6550029]
[0.6550029]
[0.6550029]
[0.6550029]
[0.6550029]
[0.6550029]
[0.6550029]
[0.6550029]
[0.6550029]
[0.6550029]
[0.6550029]
[0.6550029]
[0.6550029]
[0.6550029]
[0.6550029]
[0.6550029]
[0.6550029]
[0.6550029]
[0.6550029]
[0.6550029]
[0.6550029]
[0.6550029]
[0.6550029]
[0.6550029]
[0.6550029]
[0.6550029]
[0.6550029]
[0.6550029]
[0.6550029]
[0.6550029]
[0.6550029]
[0.6550029]
[0.5875787]
[0.63257474]
[0.629331]
[0.6708936]
[0.6708936]
[0.6708936]
[0.6708936]
[0.6708936]
[0.6708936]
[0.6506429]
[0.6506429]
[0.6506429]
[0.53239435]
[0.51171964]
[0.51041865]
[0.5318517]
[0.5099501]
[0.542583]
[0.5977076]
[0.5165801]
[0.5165801]
[0.5165801]
[0.5165801]
[0.5165801]
[0.5165801]
[0.5383608]
[0.5398329]
[0.53732395]
[0.5077618]
[0.5227534]
[0.5227534]
[0.5227534]
[0.5227534]
[0.5015166]
[0.5015166]
[0.5691554]
[0.5080513]
[0.5080513]
[0.5080513]
[0.5080513]
[0.5080513]
[0.4959464]
[0.5183407]
[0.54341453]
[0.5076078]
[0.50167197]
[0.4680759]
[0.4680759]
[0.4680759]
[0.4680759]
[0.56523484]
[0.58376414]
[0.46707833]
[0.46707833]
[0.46707833]
[0.46707833]
[0.50113696]
[0.49037513]
[0.49037513]
[0.49037513]
[0.53308284]
[0.5000332]
[0.5094671]
[0.53024495]
[0.53024495]
[0.53024495]
[0.547077]
[0.47782686]
[0.4683924]
[0.4955497]
[0.43810928]
[0.52254325]
[0.52254325]
[0.52254325]
[0.47964585]
[0.49367288]
[0.48915386]
[0.46431595]
[0.4551849]
[0.45627153]
[0.45627153]
[0.45627153]
[0.45627153]
[0.45627153]
[0.45627153]
[0.45627153]
[0.46723706]
[0.46723706]
[0.46723706]
[0.49422857]
[0.46965155]
[0.4719487]
[0.43882924]
[0.468578]
[0.5105423]
[0.5105423]
[0.4495366]
[0.46108532]
[0.51288563]
[0.5597734]
[0.4435259]
[0.44741425]
[0.44559464]
[0.44559464]
[0.44559464]
[0.44559464]
[0.4455388]
[0.44168538]
[0.44950238]
[0.44950238]
[0.44610232]
[0.44610232]
[0.44610232]
[0.44851738]
[0.47815824]
[0.4733225]
[0.5762531]
[0.4707927]
[0.44261086]
[0.42654592]
[0.42654592]
[0.4617463]
[0.4617463]
[0.44296515]
[0.4496668]
[0.4350896]
[0.4350896]
[0.43598402]
[0.43598402]
[0.43598402]
[0.43598402]
[0.43598402]
[0.43598402]
[0.43598402]
[0.46392313]
[0.46392313]
[0.447237]
[0.447237]
[0.447237]
[0.447237]
[0.447237]
[0.447237]
[0.447237]
[0.447237]
[0.447237]
[0.447237]
[0.447237]
[0.44143096]
[0.44143096]
[0.44143096]
[0.44143096]
[0.44143096]
[0.51029795]
[0.43213752]
[0.43213752]
[0.43213752]
[0.43213752]
[0.43213752]
[0.43213752]
[0.43213752]
[0.4263068]
[0.4263068]
[0.4263068]
[0.51958805]
[0.4492988]
[0.44167724]
[0.48506385]
[0.48506385]
[0.48506385]
[0.48506385]
[0.48547432]
[0.4324182]
[0.4324182]
[0.4324182]
[0.4324182]
[0.4324182]
[0.4324182]
[0.4324182]
[0.4324182]
[0.4324182]
[0.4324182]
[0.4324182]
[0.4324182]
[0.4324182]
[0.4324182]
[0.4324182]
[0.4324182]
[0.4324182]
[0.436429]
[0.46894613]
[0.43163398]
[0.41844162]
[0.4556122]
[0.4556122]
[0.4556122]
[0.4556122]
[0.47411287]
[0.47411287]
[0.44053558]
[0.44080675]
[0.45316926]
[0.48721027]
[0.45872962]
[0.45872962]
[0.45872962]
[0.44357762]
[0.42646235]
[0.4609029]
[0.47452444]
[0.45060807]
[0.46381924]
[0.4488465]
[0.4152626]
[0.4152626]
[0.40841773]
[0.6081201]
[0.43645167]
[0.43645167]
[0.43645167]
[0.43645167]
[0.44169012]
[0.44169012]
[0.44986996]
[0.4340019]
[0.4340019]
[0.45854098]
[0.4569177]
[0.41256735]
[0.4742281]
[0.4603799]
[0.42158592]
[0.41245463]
[0.43236828]
[0.44999954]
[0.42765698]
[0.4682256]
[0.4682256]
[0.4682256]
[0.4682256]
[0.4682256]
[0.44713888]
[0.44713888]
[0.41655096]
[0.42564085]
[0.42564085]
[0.42564085]
[0.42444256]
[0.46891814]
[0.4546608]
[0.4546608]
[0.4541276]
[0.41865823]
[0.45820734]
[0.45820734]
[0.4677013]
[0.45379737]
[0.45379737]
[0.45379737]
[0.45379737]
[0.45379737]
[0.45379737]
[0.39435887]
[0.44036138]
[0.58439004]
[0.4411159]
[0.4685612]
[0.43840942]
[0.45305824]
[0.40643024]
[0.438145]
[0.438145]
[0.41186923]
[0.40208837]
[0.4587733]
[0.4350607]
[0.42595303]
[0.42595303]
[0.45957023]
[0.40982896]
[0.42132398]
[0.4390013]
[0.4390013]
[0.4390013]
[0.42356634]
[0.39149597]
[0.39149597]
[0.4240364]
[0.43420473]
[0.40852788]
[0.4393755]
[0.37055296]
[0.4188729]
[0.4188729]
[0.39243716]
[0.49188438]
[0.43022117]
[0.38414857]
[0.39327782]
[0.42718074]
[0.43393272]
[0.59218913]
[0.4091125]
[0.38267654]
[0.4132601]
[0.4154581]
[0.57750237]
[0.42541078]
[0.37491366]
[0.41398963]
[0.37493518]
[0.40172422]
[0.4046964]
[0.42451844]
[0.3966428]
[0.40019244]
[0.42952016]
[0.4162366]
[0.4700069]
[0.4194929]
[0.42892402]
[0.40613082]
[0.35723147]
[0.40557757]
[0.4336913]
[0.41984782]
[0.40121138]
[0.56398386]
[0.39237776]
[0.37780413]
[0.40756392]
[0.43240714]
[0.42613444]
[0.40323293]
[0.52174795]
[0.36206225]
[0.5797166]
[0.40306523]
[0.37162408]
[0.44502532]
[0.40416119]
[0.42048717]
[0.3726195]
[0.44325608]
[0.37115237]
[0.40930718]
[0.35971338]
[0.3777172]
[0.36266977]
[0.392241]
[0.37673652]
[0.36660972]
[0.37528723]
[0.3910112]
[0.45719868]
[0.35927612]
[0.38168558]
[0.35476756]
[0.36467275]
[0.41615734]
[0.36898118]
[0.3475842]
[0.36713198]
[0.44274968]
[0.42819315]
[0.43963337]
[0.37140584]
[0.40722176]
[0.3987782]
[0.38585556]
[0.39102787]
[0.35918283]
[0.36264065]
[0.38399053]
[0.37159064]
[0.37252083]
[0.36896342]
[0.38230947]
[0.36919725]
[0.39330623]
[0.3840652]
[0.3859753]
[0.4571645]
[0.37397915]
[0.4016359]
[0.3875203]
[0.30462116]
[0.38170758]
[0.34480086]
[0.41416574]
[0.33886814]
[0.34928414]
[0.33679727]
[0.404227]
[0.33566403]
[0.36601466]
[0.36601466]
[0.36601466]
[0.4083274]
[0.344324]
[0.34007052]
[0.30386886]
[0.3991933]
[0.35940668]
[0.4006798]
[0.31025845]
[0.39048326]
[0.37795705]
[0.39084664]
[0.33912542]
[0.33651885]
[0.36042544]
[0.33134508]
[0.33134508]
[0.35218677]
[0.3386949]
[0.28046924]
[0.36516806]
[0.3249258]
[0.29854327]
[0.30340534]
[0.2946326]
[0.38002852]
[0.32356253]
[0.26403672]
[0.25334588]
[0.21543624]
[0.21117446]
[0.21117446]
[0.21117446]
[0.21117446]
[0.21117446]
[0.2280092]
[0.2280092]
[0.208837]
[0.17501943]
[0.17584474]
[0.37518984]
[0.14013025]
[0.33295816]
[0.2739273]
[0.36923933]
[0.28293324]
[0.31586352]
[0.41025597]
[0.35521996]
[0.35078654]
[0.4003962]
[0.50497156]
[0.3186391]
