6.786200000000006
6.700200000000006
5.356700000000004
4.514200000000003
8.210200000000004
8.210200000000004
8.210200000000004
8.210200000000004
8.210200000000004
5.119200000000005
5.119200000000005
5.119200000000005
5.119200000000005
5.119200000000005
5.119200000000005
5.119200000000005
5.161700000000005
5.161700000000005
5.161700000000005
4.8800000000000034
8.071400000000004
7.565300000000005
7.565300000000005
7.565300000000005
7.565300000000005
6.925900000000005
4.729100000000003
4.9566000000000034
5.3624000000000045
5.3624000000000045
4.771600000000004
4.483100000000003
4.483100000000003
5.116400000000004
5.116400000000004
5.116400000000004
5.116400000000004
5.116400000000004
5.116400000000004
5.116400000000004
5.158700000000005
8.846199999999998
8.846199999999998
3.5974000000000013
4.802900000000004
4.704700000000004
8.691099999999999
8.691099999999999
8.691099999999999
5.049000000000005
4.905200000000005
3.701500000000002
8.185300000000002
4.704700000000004
4.704700000000004
5.059400000000005
5.015600000000004
4.452700000000004
4.452700000000004
3.6290000000000022
3.6290000000000022
4.763600000000004
4.577800000000003
3.5078000000000022
5.125900000000004
5.320400000000004
3.9636700000000022
3.579100000000002
3.2627000000000006
5.404800000000005
3.9573000000000027
3.422500000000001
3.422500000000001
3.422500000000001
3.422500000000001
3.422500000000001
3.422500000000001
3.422500000000001
3.422500000000001
3.422500000000001
3.422500000000001
3.422500000000001
4.206000000000002
4.107800000000002
4.123300000000002
4.4509000000000025
3.5858000000000025
3.543300000000002
3.543300000000002
3.543300000000002
3.543300000000002
3.543300000000002
3.543300000000002
3.543300000000002
3.543300000000002
3.543300000000002
3.543300000000002
3.543300000000002
3.543300000000002
3.543300000000002
3.543300000000002
3.543300000000002
3.543300000000002
3.543300000000002
3.543300000000002
3.543300000000002
3.543300000000002
3.543300000000002
3.543300000000002
3.543300000000002
3.543300000000002
3.543300000000002
3.543300000000002
3.543300000000002
3.491500000000001
3.7031000000000027
5.210500000000005
3.0211000000000006
3.7272000000000025
4.695800000000004
4.695800000000004
4.695800000000004
4.378800000000003
2.855600000000001
2.855600000000001
3.843900000000003
3.4087000000000014
4.629900000000005
3.3919000000000024
5.821670000000006
3.605500000000001
3.5409000000000015
3.4574000000000016
4.1776000000000035
4.086700000000002
3.780300000000002
3.780300000000002
3.780300000000002
3.780300000000002
3.780300000000002
3.780300000000002
3.780300000000002
2.9574000000000016
3.884700000000003
3.884700000000003
2.8085000000000004
2.8085000000000004
2.8085000000000004
2.8085000000000004
2.8085000000000004
2.8085000000000004
2.8085000000000004
1.7592
1.7592
3.980000000000002
4.390600000000003
2.8899000000000017
3.5455000000000023
2.671990000000001
3.9300000000000024
3.4589000000000016
3.4589000000000016
3.4589000000000016
3.4589000000000016
3.4589000000000016
3.4589000000000016
3.4589000000000016
3.4589000000000016
2.980500000000001
3.452300000000002
3.452300000000002
3.452300000000002
3.769000000000002
3.769000000000002
3.769000000000002
3.769000000000002
2.9875000000000016
4.142800000000004
3.737800000000002
3.737800000000002
3.7768000000000024
3.7768000000000024
3.7768000000000024
5.048500000000004
2.5485000000000007
2.5485000000000007
2.5485000000000007
2.5485000000000007
2.5485000000000007
3.8976000000000024
2.6849000000000007
2.766000000000001
3.5478000000000014
2.947000000000002
3.5893000000000024
3.1816000000000013
3.4567000000000014
3.1148000000000007
2.7479000000000013
3.1442000000000014
3.1442000000000014
3.1442000000000014
3.1442000000000014
3.1442000000000014
2.2889999999999997
1.1504999999999996
3.2769900000000023
3.2769900000000023
3.2769900000000023
3.2769900000000023
3.9802000000000026
3.946100000000002
2.6987000000000005
3.118600000000002
4.563900000000004
3.966300000000003
3.966300000000003
3.966300000000003
3.966300000000003
3.966300000000003
3.966300000000003
2.3025
2.3025
2.3025
2.3025
2.5081000000000007
2.5081000000000007
2.5081000000000007
2.5081000000000007
3.176700000000001
4.647300000000005
2.3869000000000007
3.424800000000001
3.7820000000000027
3.8324000000000025
4.573300000000003
3.1967000000000017
3.1967000000000017
3.1967000000000017
3.1967000000000017
2.8392000000000017
4.2257000000000025
2.0282999999999998
2.0282999999999998
2.0282999999999998
2.0282999999999998
2.0282999999999998
2.0282999999999998
2.0282999999999998
2.0282999999999998
3.7203000000000013
3.9228000000000023
2.9594000000000014
2.9594000000000014
2.9594000000000014
2.629900000000001
2.629900000000001
3.7272000000000025
1.6221000000000005
4.488300000000003
4.488300000000003
4.488300000000003
2.8846000000000016
1.2631000000000001
3.733100000000002
2.115
3.040800000000001
3.8906000000000036
3.8906000000000036
3.8906000000000036
3.8906000000000036
3.8906000000000036
3.8906000000000036
3.8906000000000036
3.8906000000000036
3.8906000000000036
3.8906000000000036
3.5762000000000027
3.5762000000000027
3.5762000000000027
3.8488000000000024
3.0096000000000007
3.0096000000000007
3.194600000000001
4.393400000000005
2.0360000000000005
2.0360000000000005
1.9629
2.5874000000000006
3.720200000000002
3.720200000000002
2.7399000000000004
3.9524000000000026
1.9858
2.5059000000000005
3.6822000000000026
4.136600000000004
3.5375000000000014
4.625300000000004
1.9525999999999997
1.9525999999999997
3.1770000000000014
3.1770000000000014
3.1770000000000014
3.1770000000000014
3.1770000000000014
3.1770000000000014
3.1770000000000014
3.1770000000000014
3.1770000000000014
3.1770000000000014
3.1770000000000014
4.862000000000003
2.0164999999999997
5.897300000000004
2.5938999999999997
3.3371000000000013
3.3371000000000013
3.3371000000000013
2.6643999999999997
3.4666000000000023
3.4666000000000023
3.4666000000000023
3.4666000000000023
2.4639000000000006
4.148100000000004
2.0488
2.0488
2.0488
2.0488
3.7691000000000026
3.7691000000000026
3.7009000000000016
3.7094000000000023
2.8012000000000006
4.429800000000003
0.8581999999999999
0.8581999999999999
0.8581999999999999
0.8581999999999999
-0.5544999999999989
-0.5544999999999989
-0.5544999999999989
3.4871200000000018
2.1685
2.1685
2.1685
2.1685
2.1685
2.5749000000000004
2.786900000000001
2.786900000000001
2.8205000000000022
1.5635
2.2743
2.2743
3.993470000000002
4.995200000000004
2.4012000000000002
2.7783000000000007
2.6563
3.0386000000000015
3.7862000000000027
1.4032999999999998
3.3093000000000012
3.3093000000000012
2.5743
3.7915000000000028
3.178700000000001
3.178700000000001
3.178700000000001
3.178700000000001
3.178700000000001
3.178700000000001
3.178700000000001
3.178700000000001
1.9439
3.3613000000000017
1.6890000000000003
2.8824000000000014
1.8885999999999998
2.0117
3.172200000000001
3.172200000000001
1.5383
2.8103000000000007
4.056900000000003
2.781100000000002
3.277400000000002
2.0823
3.378300000000001
2.809800000000001
2.643700000000001
1.8222999999999998
3.2664000000000017
3.049400000000002
3.0085000000000015
2.0336000000000003
0.8342
2.895500000000002
2.895500000000002
2.895500000000002
2.8710000000000004
3.1830000000000016
3.579500000000003
2.8763000000000005
3.4025000000000016
3.5245000000000015
1.8987
1.5779999999999998
2.1028000000000002
2.4357000000000006
2.4357000000000006
4.351100000000003
3.701500000000002
2.4686000000000003
2.9795000000000007
2.7688000000000006
8.387600000000004
2.678700000000001
2.7654000000000005
-0.0014000000000000123
-0.0014000000000000123
3.115000000000002
1.51387
3.434300000000002
3.1994000000000016
0.8940999999999999
2.3968999999999996
3.429100000000002
4.673770000000004
2.9399000000000015
3.0188000000000015
2.860100000000001
2.610500000000001
2.8027000000000015
1.8872000000000002
0.9854
0.9758
2.632500000000001
0.5952999999999999
3.358900000000002
2.3039000000000005
1.2007
2.0359
1.2006999999999999
2.1507000000000005
2.4809
2.2118
3.7697000000000034
-0.2589999999999994
2.875800000000001
1.0994
1.0994
3.1598000000000006
0.21909999999999974
2.5922
6.797400000000004
0.02050000000000024
1.5634000000000001
1.0596999999999999
3.631800000000003
1.4457
1.657
1.3569
0.7344
1.3040999999999998
2.0202
1.9775999999999998
0.9507999999999999
2.8431000000000006
2.2306
2.671900000000001
1.9358
0.11280000000000001
3.722800000000003
1.5284999999999997
2.82857
3.4388000000000023
6.662500000000004
1.8113000000000001
0.3936000000000001
3.520500000000002
2.1167
2.6843000000000004
3.2504000000000017
1.8129
3.1984000000000012
4.385400000000003
5.394900000000005
3.847100000000003
2.9575000000000014
3.1293000000000015
3.4772000000000016
3.4772000000000016
3.4772000000000016
4.758100000000004
4.500300000000004
5.066400000000005
3.8999000000000024
