4.223841457881571
4.2948881274455
4.2948881274455
4.136751204368577
4.133933995147606
4.133933995147606
4.133933995147606
4.133933995147606
4.133933995147606
4.133933995147606
4.133933995147606
4.133933995147606
4.133933995147606
4.133933995147606
4.133933995147606
4.133933995147606
4.133933995147606
4.133933995147606
4.133933995147606
4.2307294229920585
4.2307294229920585
4.2307294229920585
4.2307294229920585
4.272320354166148
4.272320354166148
4.238861487769386
4.238861487769386
4.238861487769386
4.238861487769386
4.238861487769386
4.238861487769386
4.238861487769386
4.238861487769386
4.238861487769386
4.238861487769386
4.238861487769386
4.238861487769386
4.238861487769386
4.238861487769386
4.238861487769386
4.238861487769386
4.238861487769386
4.238861487769386
4.238861487769386
4.238861487769386
4.238861487769386
4.238861487769386
4.238861487769386
4.238861487769386
4.2049216497127055
4.2049216497127055
4.2049216497127055
4.2049216497127055
4.2049216497127055
4.2049216497127055
4.2049216497127055
4.2049216497127055
4.2049216497127055
4.2049216497127055
4.2049216497127055
4.284015981696511
4.284015981696511
4.284015981696511
4.284015981696511
4.284015981696511
4.284015981696511
4.284015981696511
4.284015981696511
4.284015981696511
4.284015981696511
4.672390394651979
4.15538666995562
4.15538666995562
4.15538666995562
4.15538666995562
4.15538666995562
4.15538666995562
4.15538666995562
4.15538666995562
4.15538666995562
4.15538666995562
4.15538666995562
4.15538666995562
4.15538666995562
4.15538666995562
4.15538666995562
4.15538666995562
4.15538666995562
4.15538666995562
4.15538666995562
4.15538666995562
4.15538666995562
4.15538666995562
4.15538666995562
4.15538666995562
4.15538666995562
4.15538666995562
4.15538666995562
4.15538666995562
4.15538666995562
4.15538666995562
4.15538666995562
4.15538666995562
4.15538666995562
4.15538666995562
4.15538666995562
4.15538666995562
4.15538666995562
4.15538666995562
4.15538666995562
4.15538666995562
4.15538666995562
4.15538666995562
4.15538666995562
4.15538666995562
4.15538666995562
4.15538666995562
4.15538666995562
4.15538666995562
4.532696548498131
4.532696548498131
4.532696548498131
4.222621406797726
4.222621406797726
4.222621406797726
4.222621406797726
4.222621406797726
4.222621406797726
4.222621406797726
4.222621406797726
4.072194217278415
4.277626232692254
4.174702783315945
4.174702783315945
4.174702783315945
4.174702783315945
4.174702783315945
4.174702783315945
4.174702783315945
4.174702783315945
4.174702783315945
4.174702783315945
4.174702783315945
4.174702783315945
4.174702783315945
4.174702783315945
4.174702783315945
4.174702783315945
4.174702783315945
4.174702783315945
4.300210880481936
4.300210880481936
4.300210880481936
4.300210880481936
4.2895884583314805
4.190105536352382
4.190105536352382
4.190105536352382
4.190105536352382
4.190105536352382
4.190105536352382
4.190105536352382
4.190105536352382
4.190105536352382
4.190105536352382
4.190105536352382
4.190105536352382
4.190105536352382
4.190105536352382
4.190105536352382
4.190105536352382
4.190105536352382
4.190105536352382
4.190105536352382
4.190105536352382
4.190105536352382
4.190105536352382
4.190105536352382
4.313539625421208
4.313539625421208
4.313539625421208
4.313539625421208
4.22270709263835
4.22270709263835
4.404067236757241
4.404067236757241
4.404067236757241
4.404067236757241
4.404067236757241
4.404067236757241
4.404067236757241
4.404067236757241
4.404067236757241
4.404067236757241
4.404067236757241
4.404067236757241
4.404067236757241
4.404067236757241
4.404067236757241
4.404067236757241
4.404067236757241
4.404067236757241
4.404067236757241
4.404067236757241
4.404067236757241
4.404067236757241
4.404067236757241
4.404067236757241
4.404067236757241
4.404067236757241
4.404067236757241
4.404067236757241
4.404067236757241
4.404067236757241
4.404067236757241
4.404067236757241
4.404067236757241
4.404067236757241
4.404067236757241
4.404067236757241
4.404067236757241
4.404067236757241
4.404067236757241
4.404067236757241
4.404067236757241
4.404067236757241
4.404067236757241
4.404067236757241
4.404067236757241
4.404067236757241
4.404067236757241
4.404067236757241
4.404067236757241
4.404067236757241
4.404067236757241
4.404067236757241
4.404067236757241
4.404067236757241
4.404067236757241
4.404067236757241
4.404067236757241
4.404067236757241
4.404067236757241
4.404067236757241
4.404067236757241
4.404067236757241
4.404067236757241
4.404067236757241
4.404067236757241
4.404067236757241
4.404067236757241
4.404067236757241
4.404067236757241
4.404067236757241
4.404067236757241
4.404067236757241
4.404067236757241
4.2499238359475235
4.2499238359475235
4.2499238359475235
4.2499238359475235
4.2088446491994365
4.2088446491994365
4.2112081210217305
4.2112081210217305
4.2112081210217305
4.2112081210217305
4.2112081210217305
4.2112081210217305
4.2112081210217305
4.2112081210217305
4.2112081210217305
4.2112081210217305
4.2112081210217305
4.2112081210217305
4.2112081210217305
4.2112081210217305
4.2112081210217305
4.2112081210217305
4.378455495866552
4.378455495866552
4.378455495866552
4.378455495866552
4.225288993090839
4.186830529446188
4.002396270836291
4.025191733459566
4.6616360930497045
4.6616360930497045
4.6616360930497045
4.6616360930497045
4.6616360930497045
4.39634748753757
4.39634748753757
4.068506105390304
3.9861734224227776
4.374902979104826
4.278003596134854
4.278003596134854
4.3276707185386165
4.18208144917863
4.6079470761842165
4.6079470761842165
4.47207780427965
4.2819814491786286
4.28743743918639
4.28743743918639
4.28743743918639
4.28743743918639
4.11250658898396
4.122479024429466
4.3293713460320165
4.187860691980186
4.414155780282309
4.192340395666923
4.072257368911071
4.6323503670110355
4.285698653761289
4.368233205031474
4.368233205031474
4.300897137887219
4.365720660664252
4.033092318743847
4.236163674004203
4.315193147688414
4.4024690385910175
4.374500847171941
4.269392736804049
3.9405688028503825
4.323350596335819
4.412328318471342
4.5127588157046095
4.503116791413111
4.2388657301150845
4.246484159834164
4.411529526101708
4.262887302021439
4.463804645664123
4.127341807476781
4.094886800349197
4.698527937472944
3.941531012317318
4.006223286488292
4.006223286488292
4.368726098008061
4.340978104697025
4.5018852124657425
4.288389040844434
4.286152661858456
4.532800932047154
4.284443754975863
4.6951363809970506
4.426817911231523
4.247976629469791
4.352739733577115
4.810848530857184
4.236659220562908
4.325439861073928
4.267854605178293
4.572068154864248
4.280323431089224
4.280323431089224
4.5018640788625035
4.261801649712706
4.468771332121774
4.1041798525741395
4.1041798525741395
4.181944608064101
4.619620663225453
4.213097439186391
4.532950103317871
4.573761144468873
4.413191852141856
4.413191852141856
4.413191852141856
4.2994814241891515
4.766358967315622
4.3317393015345695
4.642122810300302
4.635637776972789
4.34817968257839
4.287558182724734
4.459688649854208
4.262612742830115
4.308284468203961
4.786746894679928
4.830256175616384
4.4219969322105435
4.84397854800522
4.496273032580762
4.272305200412928
5.06933629685067
4.371864726635783
4.547655330687187
4.3230546507041865
4.306480495494535
4.427990981548833
3.991228720236874
3.9735557612939756
4.850174126213431
4.424498082325963
3.847234523334844
5.482806785744523
4.226835050910518
4.225103850015071
4.435034527005193
3.7364044220305104
3.6996598995238763
3.7865276196482878
3.7865276196482878
3.8133621566341454
3.5588147309877822
3.667829474005562
3.6692836638138067
3.851006563557955
3.9027277355315633
3.6310495400428415
3.758698736600941
3.7233259169963375
3.516449923217272
3.441937722493657
3.2740777893832895
4.138289934574145
3.6106471450237336
3.5118656154702474
3.888116736117593
3.4762889438913795
3.4013582705663508
3.3033021756780325
3.1407797078076323
3.8580147286705078
3.04666324626917
3.537681492627309
3.4997315539614773
3.423966784730709
3.5781974085697605
3.4027836771532183
3.473002935082084
3.411310514073774
3.7652812005703584
3.440433123647283
3.1818108942378505
3.301201349597246
3.579845643570705
3.215930326444484
3.1168030418484047
3.533434219240605
3.170546898370543
2.9892078295446325
2.508168308685141
3.895314861675094
3.831074794050412
3.6512443176457774
3.6512443176457774
2.8033437686993423
3.244440656430462
3.6081313549229073
3.8129804576176136
3.9190044500860193
4.1152554231458645
3.258249964088794
3.538008325400198
3.617692187964381
3.714350039879065
3.6886221552636798
3.7583701666273814
3.404643458625924
3.834867125342699
3.506015970307523
3.037707278763426
2.5119094765656236
2.781089170044128
3.3910904776595547
3.9139801481986183
4.750311276489836
4.719189146895294
3.669121765103238
3.669121765103238
4.667076892621826
5.3139504924326575
4.491444691380522
4.555992415907305
4.054249346327292
4.054249346327292
4.590657951001805
4.374420062294767
4.414542975551723
5.307258432901546
6.082430738775673
3.7392977171799053
4.611243400600564
4.542524437519042
4.6113405625704615
4.791194525460371
3.5004780077197015
6.0481857912693835
5.395850379684801
3.6757724133709164
6.457196490462017
4.887434792245667
