[0.5797187]
[0.5801407]
[0.6244434]
[0.6913699]
[0.48654562]
[0.5852221]
[0.5562512]
[0.56728834]
[0.6758477]
[0.6205629]
[0.64158064]
[0.52925235]
[0.5551423]
[0.64098775]
[0.63753676]
[0.5267964]
[0.5267964]
[0.47660488]
[0.5525673]
[0.51965076]
[0.68040186]
[0.6079842]
[0.55756235]
[0.48713064]
[0.35974872]
[0.5017868]
[0.5297034]
[0.60771775]
[0.5421156]
[0.5138301]
[0.5446922]
[0.4924899]
[0.4924899]
[0.62344944]
[0.5841295]
[0.55530506]
[0.4634596]
[0.53275436]
[0.53275436]
[0.53275436]
[0.5200747]
[0.5200747]
[0.5200747]
[0.4491354]
[0.49337044]
[0.58642006]
[0.5416863]
[0.53029734]
[0.36363783]
[0.5725401]
[0.50320923]
[0.62153286]
[0.5317467]
[0.5697116]
[0.46374997]
[0.37733603]
[0.38952255]
[0.50708395]
[0.40439233]
[0.57860005]
[0.57860005]
[0.4958498]
[0.4861051]
[0.4861051]
[0.4861051]
[0.48125342]
[0.6037913]
[0.5274047]
[0.5274047]
[0.5274047]
[0.4681917]
[0.36317477]
[0.45407397]
[0.4928005]
[0.49539948]
[0.41847628]
[0.55591685]
[0.47218093]
[0.36402303]
[0.36402303]
[0.5430592]
[0.52175677]
[0.55644673]
[0.53070885]
[0.39655355]
[0.47231394]
[0.47231394]
[0.47231394]
[0.5207433]
[0.4402424]
[0.4402424]
[0.4402424]
[0.4070405]
[0.42941502]
[0.41211155]
[0.46436805]
[0.4892104]
[0.4892104]
[0.4069877]
[0.51503557]
[0.51503557]
[0.41636777]
[0.35531744]
[0.35531744]
[0.35531744]
[0.49131837]
[0.4535788]
[0.5719499]
[0.449085]
[0.44363484]
[0.4852958]
[0.5028856]
[0.45782417]
[0.40448737]
[0.47025794]
[0.41902918]
[0.44515437]
[0.4724673]
[0.44541872]
[0.39781508]
[0.48143986]
[0.5897867]
[0.5154964]
[0.5154964]
[0.53661394]
[0.47418115]
[0.49186268]
[0.560449]
[0.5254576]
[0.4787933]
[0.48702192]
[0.52829087]
[0.44952482]
[0.5402312]
[0.45962438]
[0.5216878]
[0.5637835]
[0.45870104]
[0.41820127]
[0.37353778]
[0.46255904]
[0.53008854]
[0.40273246]
[0.45440042]
[0.45440042]
[0.45440042]
[0.45700198]
[0.55295855]
[0.49878427]
[0.39167538]
[0.43413737]
[0.42142144]
[0.42142144]
[0.35101777]
[0.49313506]
[0.439388]
[0.44335338]
[0.48953015]
[0.35768452]
[0.5123216]
[0.41627577]
[0.36871177]
[0.42071283]
[0.446243]
[0.3695194]
[0.39775762]
[0.47331995]
[0.4211517]
[0.4211517]
[0.41706195]
[0.4933792]
[0.5112122]
[0.3983054]
[0.43434295]
[0.47337168]
[0.38447455]
[0.38447455]
[0.38447455]
[0.38447455]
[0.44776884]
[0.44776884]
[0.43699092]
[0.37778828]
[0.37778828]
[0.37778828]
[0.46466735]
[0.45717603]
[0.44699186]
[0.44699186]
[0.44740674]
[0.44675347]
[0.44675347]
[0.43986642]
[0.36589944]
[0.44399476]
[0.40440327]
[0.40440327]
[0.46622202]
[0.47894606]
[0.5117649]
[0.44181064]
[0.5182093]
[0.46677554]
[0.46107578]
[0.46107578]
[0.41334856]
[0.46040192]
[0.53586966]
[0.43624425]
[0.37683862]
[0.37365338]
[0.5294658]
[0.41492304]
[0.41492304]
[0.41492304]
[0.41492304]
[0.3998617]
[0.4189887]
[0.4189887]
[0.5646482]
[0.5646482]
[0.41675517]
[0.42701852]
[0.38212597]
[0.44844574]
[0.40654394]
[0.40654394]
[0.40654394]
[0.40654394]
[0.44183403]
[0.38390878]
[0.37276796]
[0.37276796]
[0.39847133]
[0.45361373]
[0.45542535]
[0.49602404]
[0.38949716]
[0.47803643]
[0.41621494]
[0.40457582]
[0.40457582]
[0.45155764]
[0.37150744]
[0.42139232]
[0.42174128]
[0.41079596]
[0.45066857]
[0.45066857]
[0.4271208]
[0.44205934]
[0.40520263]
[0.6030492]
[0.37412265]
[0.42596036]
[0.4703725]
[0.378788]
[0.378788]
[0.6214058]
[0.403625]
[0.3894483]
[0.3894483]
[0.49017283]
[0.40307704]
[0.4400144]
[0.4400144]
[0.4121499]
[0.4075245]
[0.43053785]
[0.3993029]
[0.3993029]
[0.3993029]
[0.3993029]
[0.3993029]
[0.5337076]
[0.4041786]
[0.4041786]
[0.4543045]
[0.3716312]
[0.45448905]
[0.49955443]
[0.39191756]
[0.45043057]
[0.36960733]
[0.36960733]
[0.46533793]
[0.45111462]
[0.48330617]
[0.41467917]
[0.4093159]
[0.40750667]
[0.40750667]
[0.40750667]
[0.4233554]
[0.4233554]
[0.4233554]
[0.3856227]
[0.37776458]
[0.45807227]
[0.43354112]
[0.43354112]
[0.3832802]
[0.34931517]
[0.44538286]
[0.3996176]
[0.35114664]
[0.52042836]
[0.40349331]
[0.39741609]
[0.39838198]
[0.39838198]
[0.45076585]
[0.4005348]
[0.46789068]
[0.43889168]
[0.48751703]
[0.4953787]
[0.50273585]
[0.4997147]
[0.42421204]
[0.4686325]
[0.41308987]
[0.47748145]
[0.43533534]
[0.41556886]
[0.40406778]
[0.4503816]
[0.37360495]
[0.49997497]
[0.39237988]
[0.3971289]
[0.37455356]
[0.3989122]
[0.3989122]
[0.3989122]
[0.3989122]
[0.39482427]
[0.4682259]
[0.4204902]
[0.45927915]
[0.45785907]
[0.43309373]
[0.4340746]
[0.3956424]
[0.46965292]
[0.3919281]
[0.43094924]
[0.42323175]
[0.42323175]
[0.4573161]
[0.48055348]
[0.36542347]
[0.362981]
[0.5036793]
[0.36297056]
[0.42136192]
[0.49329686]
[0.33784404]
[0.34614074]
[0.42019263]
[0.4522943]
[0.46868297]
[0.4685965]
[0.3735048]
[0.4005768]
[0.4461381]
[0.4450671]
[0.39206237]
[0.44557136]
[0.46778047]
[0.4593696]
[0.41496232]
[0.438722]
[0.57579076]
[0.3746281]
[0.40812194]
[0.45089543]
[0.3925662]
[0.40957817]
[0.40036994]
[0.37819755]
[0.4475077]
[0.4254039]
[0.48407236]
[0.38385242]
[0.4430462]
[0.4208648]
[0.45790765]
[0.3888207]
[0.41871774]
[0.48772657]
[0.43397948]
[0.50659657]
[0.41385418]
[0.41304535]
[0.35555273]
[0.35501188]
[0.46641293]
[0.3862545]
[0.45385116]
[0.48104742]
[0.36661395]
[0.37886932]
[0.4384782]
[0.427523]
[0.39316255]
[0.48913473]
[0.4482241]
[0.3779083]
[0.44002986]
[0.51826066]
[0.3679047]
[0.37230626]
[0.46731296]
[0.4904882]
[0.49336493]
[0.41113743]
[0.41148785]
[0.39017296]
[0.37919232]
[0.39272583]
[0.49705863]
[0.367487]
[0.3908776]
[0.39170718]
[0.4138111]
[0.40922913]
[0.4345604]
[0.49076054]
[0.34271556]
[0.4134327]
[0.41950154]
[0.43604702]
[0.5339063]
[0.37263152]
[0.38737085]
[0.38737085]
[0.38741624]
[0.46642506]
[0.65643984]
[0.39431086]
[0.45450777]
[0.38630655]
[0.36953574]
[0.44599748]
[0.45919076]
[0.3848738]
[0.40652278]
[0.46302667]
[0.38309225]
[0.4162517]
[0.43445116]
[0.32787538]
[0.38748962]
[0.48218438]
[0.34235924]
[0.37367806]
[0.43006706]
[0.3853779]
[0.43146545]
[0.42331982]
[0.54910517]
[0.43637392]
[0.41115746]
[0.46133116]
[0.53374827]
[0.54531723]
[0.39678416]
[0.40433535]
[0.49219677]
[0.5538608]
[0.5678621]
[0.5256783]
[0.54674923]
[0.5186118]
[0.46181917]
[0.51206785]
[0.53983635]
[0.5152859]
[0.37767166]
[0.37767166]
[0.4808074]
[0.5678661]
[0.4619988]
[0.52359]
[0.38205963]
[0.46662802]
[0.4896985]
[0.56448954]
[0.45665509]
[0.5814131]
[0.4483077]
[0.38489574]
[0.41999388]
[0.44868052]
[0.38522574]
[0.5192581]
[0.5126361]
[0.45074713]
[0.43399698]
