4.258965913673531
4.170442625035565
4.170442625035565
4.120013507529017
4.120013507529017
4.120013507529017
4.125581250436682
4.125581250436682
4.125581250436682
4.125581250436682
4.391324334100377
4.24722741940545
4.24722741940545
4.095062083466935
4.353912230368424
4.293917037956343
4.293917037956343
4.293917037956343
4.293917037956343
4.293917037956343
4.293917037956343
4.293917037956343
4.293917037956343
4.293917037956343
4.293917037956343
4.293917037956343
4.293917037956343
4.293917037956343
4.293917037956343
3.9828622149664357
3.9828622149664357
3.9828622149664357
3.515023696236968
3.515023696236968
3.515023696236968
3.1831435292713293
4.380311552700327
4.380311552700327
4.380311552700327
4.380311552700327
4.380311552700327
4.380311552700327
4.380311552700327
4.380311552700327
4.380311552700327
4.380311552700327
4.380311552700327
4.380311552700327
4.380311552700327
4.380311552700327
4.380311552700327
4.380311552700327
4.380311552700327
4.380311552700327
4.380311552700327
4.380311552700327
4.023757279059222
4.023757279059222
3.2828260016027127
3.2828260016027127
3.2828260016027127
3.2828260016027127
3.2828260016027127
3.2828260016027127
3.2828260016027127
3.2828260016027127
3.2828260016027127
3.2828260016027127
3.2828260016027127
3.2828260016027127
3.2828260016027127
3.2828260016027127
3.2828260016027127
3.2828260016027127
3.2828260016027127
3.2828260016027127
3.2828260016027127
3.2828260016027127
3.2828260016027127
3.2828260016027127
3.2828260016027127
4.630374192259742
4.138069746247041
4.138069746247041
4.066115904666763
4.066115904666763
4.066115904666763
4.066115904666763
4.066115904666763
4.066115904666763
4.066115904666763
4.066115904666763
4.066115904666763
4.066115904666763
4.066115904666763
4.066115904666763
4.066115904666763
4.066115904666763
4.066115904666763
4.066115904666763
4.066115904666763
4.066115904666763
4.066115904666763
4.066115904666763
4.066115904666763
4.066115904666763
4.3707954307481245
4.368854008773505
4.0089764349256445
4.0089764349256445
4.0089764349256445
4.0089764349256445
4.0089764349256445
4.004335612607597
4.004335612607597
4.004335612607597
4.004335612607597
4.004335612607597
4.138396459566653
3.8579557044806565
4.307091938468171
4.2708500903620426
4.273219195254336
4.029014456663896
3.3206835544201816
3.970387118057433
3.970387118057433
3.970387118057433
3.970387118057433
3.970387118057433
3.970387118057433
3.970387118057433
3.970387118057433
3.970387118057433
3.970387118057433
3.970387118057433
3.970387118057433
3.970387118057433
4.307121562797329
4.307121562797329
4.307121562797329
4.307121562797329
4.307121562797329
4.307121562797329
4.307121562797329
4.307121562797329
4.354701715195523
4.461698821758684
3.8835086207407974
3.990131432394848
3.990131432394848
3.990131432394848
3.990131432394848
3.990131432394848
3.990131432394848
3.9534302520235602
3.9534302520235602
3.9534302520235602
3.9534302520235602
3.9534302520235602
3.9534302520235602
3.9534302520235602
3.9534302520235602
3.9534302520235602
3.9534302520235602
3.9534302520235602
3.9534302520235602
3.7921937498464926
3.7921937498464926
4.485261026124698
3.0777188124558768
3.0777188124558768
4.4725163020680565
3.943457833657426
3.943457833657426
3.943457833657426
3.5907612659754626
3.5907612659754626
3.5907612659754626
3.5907612659754626
3.5907612659754626
3.389748129938292
4.340280861188315
4.152959457385959
3.639877993008114
3.639877993008114
3.639877993008114
3.683286992247149
3.683286992247149
3.683286992247149
3.683286992247149
3.683286992247149
3.683286992247149
3.683286992247149
3.683286992247149
3.683286992247149
3.683286992247149
3.683286992247149
3.683286992247149
3.683286992247149
3.683286992247149
3.683286992247149
3.683286992247149
3.683286992247149
3.683286992247149
3.683286992247149
3.683286992247149
3.683286992247149
3.683286992247149
3.683286992247149
3.683286992247149
3.683286992247149
3.683286992247149
3.683286992247149
3.683286992247149
3.683286992247149
3.683286992247149
3.683286992247149
3.683286992247149
3.683286992247149
3.683286992247149
3.683286992247149
3.683286992247149
3.683286992247149
3.683286992247149
3.683286992247149
3.683286992247149
3.683286992247149
3.683286992247149
3.683286992247149
3.683286992247149
3.683286992247149
3.683286992247149
3.683286992247149
3.683286992247149
3.683286992247149
3.683286992247149
3.683286992247149
3.683286992247149
3.683286992247149
3.683286992247149
3.683286992247149
3.683286992247149
3.683286992247149
3.683286992247149
3.683286992247149
3.683286992247149
3.683286992247149
3.683286992247149
3.683286992247149
3.683286992247149
3.683286992247149
3.683286992247149
3.683286992247149
3.683286992247149
3.683286992247149
3.683286992247149
3.683286992247149
3.683286992247149
3.683286992247149
3.683286992247149
3.683286992247149
3.683286992247149
3.683286992247149
3.683286992247149
3.683286992247149
3.683286992247149
3.683286992247149
3.683286992247149
3.683286992247149
3.9323362620721536
3.9323362620721536
3.9323362620721536
3.9323362620721536
3.9323362620721536
3.9323362620721536
3.9323362620721536
3.9323362620721536
3.9323362620721536
3.9323362620721536
3.9323362620721536
3.9323362620721536
3.9323362620721536
3.9323362620721536
3.9323362620721536
3.9323362620721536
3.9323362620721536
3.9323362620721536
3.9323362620721536
3.9323362620721536
3.9323362620721536
4.149810336311882
3.949537085346549
3.8658435580831814
3.257248777066607
4.20029555238621
4.107170865122911
4.216390284881571
4.113745334679387
3.979531580998077
3.8675532742417014
3.836075260659607
4.583007669448349
4.02521155521676
4.426307187762939
4.553670686232033
4.0120672611701345
3.7025574793909932
4.318420970212394
3.2036224244718348
3.0582804602533074
4.078580426650161
4.263128788385748
4.525496493831514
3.3953758439628894
4.1347039547562074
4.2684312427369075
3.891623719585832
3.796508091075424
3.321617832867725
3.9692307945855054
4.606851138243705
4.026937355732034
4.561880931830816
3.9386331442387963
3.697556363735041
4.367049648664951
4.4667456813211395
4.197433340170141
3.260792331381067
4.2325956913414675
3.4953686878464634
3.0247334962989676
4.529284592525272
3.95295465985693
3.9968442823704358
3.756931543629756
4.094111688020943
4.5916011506224805
3.6229640960207874
4.351826514900219
4.182519236799893
3.880826462994767
3.653734408533544
4.238098015117233
4.126355968578659
4.379830981253983
4.0449915273595005
3.7844281204079797
3.7852911525214967
3.786668917203696
3.753981510364911
3.8268831838371096
4.362515751772213
3.740210356812204
4.278750194847477
4.05493592588129
3.8932566151753765
3.8932566151753765
4.327954550274967
4.064214672204908
3.854671405903387
3.854671405903387
3.854671405903387
3.854671405903387
3.966225886777676
3.886325811093794
4.110299321600443
3.9220954147897533
4.82783064445014
4.12388311601169
4.519453298038831
4.45161388660774
4.1528771333059655
3.3098011830250647
3.4572037965269677
3.185405233708087
4.728571437573716
4.401447358861729
4.409074501905797
4.631847135041892
4.273058736321479
4.133619866053396
3.2068053199378515
3.823944774627546
4.013258156445406
4.140719681728953
4.893484597938512
3.8675007742155554
5.024804982084079
4.632631972319998
3.85492294252185
5.076880447670176
5.006509024569366
4.4743111757813505
4.484629825999058
4.581343327108934
4.008130616615109
4.120621866524772
4.222332224693572
4.163311590501008
3.8060327973729553
3.744425013886377
4.549860122168792
3.6692443627536795
3.5869679063172484
4.894368561302475
4.39948084399812
3.5168072371510695
4.39203728131505
3.8635749297432795
4.500950817696285
3.528423166550069
5.154403825264668
5.212603442744038
3.582875604417877
3.7720222286912835
3.8780467987309004
5.441983104227617
3.7015009189516554
3.8687172111780876
3.7207228362797675
3.357111309440291
3.2323011887948443
3.4002699897036024
3.562694197035494
4.503035623620226
3.4649475839470893
3.616156059927384
3.0614025360809887
3.2248074588486872
3.051205190908754
5.086173367363354
2.839038796935103
2.6106561847220853
3.4342116452069096
3.1224169143047398
3.648580114495653
3.3127338723163895
2.843399417155611
2.7918494353021437
3.265394438515859
2.967350858946684
2.72191679987543
2.196625754427206
3.8607212270092415
3.030101057341697
3.557014602865177
3.509486687477092
3.1678208157738643
4.9524455183483465
3.317594235861291
4.1177292743465195
2.501700950971749
2.5061409847126495
1.0
3.3592777715840114
3.2971304382679367
2.45344408629723
2.774971451517729
5.158558669013759
3.4973149369857355
5.178003375765329
3.312780235838786
3.0677633170664604
3.530273400115324
3.461364858111134
3.7020997790553922
4.076467311220435
3.524015354160288
3.9860613175169313
3.7899031924811366
4.26736921069073
4.698879594584261
5.143137920342394
4.043614072795545
2.4262255111224054
5.868476923076923
5.132231649092519
5.030318869573591
5.628597789718299
4.912170992228491
5.223542975135394
4.84717156912035
4.87665532072103
4.34198700255501
5.289423668127702
5.584117544154586
5.309133981812995
3.6167366927058353
5.356848839714933
5.587064128084053
4.875392249833663
5.827626999948985
5.332482878178263
4.706624143051654
4.520330245625911
4.520330245625911
6.53412776200674
5.904787309532316
