25.484900000000057
25.275600000000054
24.865520000000057
24.865520000000053
24.865520000000053
24.865520000000053
24.865520000000053
24.912900000000057
24.912900000000057
24.842620000000053
24.842620000000053
24.842620000000053
24.842620000000053
24.842620000000053
24.842620000000053
24.842620000000053
24.842620000000053
24.84580000000005
24.84580000000005
24.84580000000005
24.84580000000005
24.84580000000005
24.84580000000005
24.84580000000005
24.63080000000005
24.977800000000055
24.977800000000055
24.977800000000055
25.24160000000006
24.836700000000054
24.836700000000054
24.836700000000054
24.836700000000054
24.836700000000054
25.125500000000045
25.05160000000005
25.05160000000005
25.05160000000005
25.05160000000005
25.05160000000005
24.21732000000005
24.21732000000005
24.21732000000005
24.21732000000005
24.21732000000005
24.21732000000005
24.21732000000005
24.21732000000005
24.35842000000005
24.35842000000005
24.35842000000005
24.35842000000005
24.35842000000005
24.35842000000005
24.35842000000005
24.35842000000005
24.35842000000005
24.35842000000005
24.35842000000005
24.35842000000005
24.35842000000005
24.35842000000005
24.35842000000005
24.35842000000005
24.35842000000005
24.35842000000005
24.35842000000005
24.35842000000005
24.35842000000005
24.35842000000005
24.35842000000005
24.35842000000005
24.35842000000005
24.35842000000005
24.35842000000005
24.35842000000005
24.35842000000005
24.35842000000005
24.35842000000005
24.35842000000005
24.35842000000005
24.35842000000005
24.35842000000005
24.35842000000005
25.307300000000055
24.51792000000005
24.51792000000005
24.51792000000005
24.51792000000005
24.51792000000005
24.51792000000005
24.51792000000005
24.455700000000046
24.35842000000005
24.35842000000005
24.35842000000005
24.35842000000005
24.35842000000005
24.35842000000005
24.35842000000005
24.35842000000005
24.35842000000005
24.35842000000005
24.35842000000005
24.35842000000005
24.35842000000005
24.35842000000005
24.35842000000005
24.35842000000005
24.35842000000005
24.35842000000005
24.35842000000005
24.35842000000005
24.35842000000005
24.35842000000005
24.35842000000005
24.35842000000005
24.35842000000005
24.35842000000005
24.35842000000005
24.35842000000005
24.35842000000005
24.35842000000005
24.35842000000005
24.35842000000005
24.35842000000005
24.35842000000005
24.58272000000005
24.30592000000005
24.30592000000005
24.30592000000005
24.30592000000005
24.43502000000005
24.361600000000053
24.361600000000053
24.361600000000053
24.361600000000053
24.361600000000053
24.361600000000053
24.361600000000053
24.361600000000053
24.361600000000053
24.361600000000053
24.361600000000053
24.361600000000053
24.361600000000053
24.361600000000053
24.361600000000053
24.361600000000053
24.35842000000005
24.35842000000005
24.35842000000005
24.35842000000005
24.35842000000005
24.52110000000005
24.35842000000005
24.35842000000005
24.35842000000005
24.35842000000005
24.35842000000005
24.35842000000005
24.405800000000053
24.146600000000046
24.146600000000046
24.146600000000046
24.146600000000046
24.146600000000046
24.146600000000046
24.146600000000046
24.456120000000052
24.771600000000053
24.771600000000053
24.459300000000052
24.459300000000052
24.63030000000005
24.434700000000053
24.434700000000053
24.434700000000053
24.197600000000048
24.567400000000053
24.567400000000053
24.189100000000046
25.111700000000063
24.23980000000005
24.23980000000005
23.982600000000044
24.549900000000047
24.537800000000047
24.537800000000047
24.537800000000047
23.968320000000045
24.622220000000052
23.968320000000045
24.185320000000047
23.98980000000004
23.968320000000045
23.97150000000005
23.97150000000005
23.874220000000047
24.587720000000054
24.15222000000005
23.874220000000044
24.47492000000005
24.30122000000005
24.358500000000053
23.851320000000047
24.15222000000005
23.954000000000047
24.174220000000048
24.066020000000048
23.85132000000004
23.85132000000004
24.106920000000045
24.24802000000005
24.46502000000005
24.15530000000005
24.048920000000045
23.798020000000047
23.710220000000042
24.336300000000055
24.08192000000005
24.25120000000004
24.25120000000004
23.798020000000047
23.854200000000045
23.713400000000046
23.713400000000046
24.081920000000046
23.632800000000042
23.632800000000042
23.811100000000046
23.752720000000046
23.700220000000044
24.115120000000044
23.614500000000046
24.080700000000046
23.915100000000045
23.915100000000045
24.00150000000005
24.40812000000005
24.080700000000046
24.053600000000046
24.053600000000046
23.755600000000044
24.12340000000005
23.70862000000005
23.890420000000045
24.126720000000052
23.70862000000005
23.581400000000045
23.632200000000044
23.817020000000046
23.817020000000046
23.817020000000046
23.971000000000046
23.753420000000045
23.817020000000046
23.817020000000046
23.810520000000043
23.341600000000035
23.756600000000052
23.753420000000045
23.753420000000048
23.753420000000045
23.753420000000048
23.89330000000005
23.753420000000045
23.753420000000045
23.678220000000046
23.753420000000045
23.75342000000004
24.010320000000043
23.681400000000046
23.76082000000004
23.971000000000046
23.760820000000045
23.22602000000004
23.641820000000042
23.678220000000046
23.541600000000045
23.41452000000004
23.54182000000004
24.242200000000054
23.06520000000004
23.06520000000004
23.286320000000043
23.679520000000043
23.136000000000042
24.594120000000053
23.921400000000045
23.729620000000047
24.004520000000046
23.843700000000045
23.53700000000005
24.00530000000004
24.03900000000005
23.171120000000037
23.085220000000042
23.61272000000005
24.198920000000054
23.40780000000004
23.045900000000035
24.08192000000005
23.17682000000004
23.904120000000045
24.30332000000005
24.345000000000052
23.558200000000046
22.92120000000004
24.476520000000054
23.406520000000047
23.406520000000047
23.406520000000047
23.406520000000047
22.69512000000004
22.69512000000004
23.312900000000045
24.015920000000047
23.857920000000046
22.658600000000032
22.70472000000004
23.770520000000047
24.22752000000005
23.996200000000048
23.95572000000005
24.192100000000057
23.796220000000048
23.799400000000045
23.99232000000005
22.30502000000003
23.796220000000048
23.52102000000005
23.584400000000045
23.448800000000045
23.903000000000045
23.379020000000043
23.628520000000048
22.963320000000042
23.74964000000005
21.49952000000003
21.87242000000003
23.526020000000045
23.526020000000045
21.780820000000034
23.52920000000005
21.72110000000003
23.71672000000005
21.62890000000003
22.929300000000037
21.448920000000026
21.237100000000027
21.360320000000026
20.41704000000002
22.76090000000004
21.144320000000025
20.892720000000022
20.71922000000002
22.294420000000038
20.933900000000023
20.862200000000026
21.006480000000025
20.74372000000002
20.531900000000018
20.287720000000018
20.094520000000017
19.975700000000018
20.89880000000002
19.51240000000001
18.89432000000001
19.075120000000013
19.07830000000001
18.903220000000005
18.168999999999997
17.130519999999986
17.130519999999986
17.090819999999987
17.13369999999999
19.030400000000004
17.090819999999987
15.146219999999971
15.48601999999997
23.94402000000005
23.944020000000048
14.373619999999974
23.848920000000042
14.277399999999973
14.904319999999968
14.610199999999976
13.643219999999978
14.25611999999997
13.791919999999974
13.699919999999974
13.686699999999979
13.82219999999998
12.829019999999979
12.829019999999979
13.265999999999982
12.346919999999981
12.412599999999985
12.658719999999978
11.804099999999984
11.311699999999986
12.00801999999998
11.916019999999984
12.01051999999998
11.331199999999987
11.331199999999987
11.331199999999987
10.883519999999987
10.843819999999987
9.765819999999993
10.53339999999999
10.106099999999993
10.151419999999991
9.688119999999994
10.34669999999999
9.494999999999994
10.202799999999991
8.407240000000002
8.407240000000002
8.568320000000002
10.014399999999991
8.652700000000001
8.939399999999997
7.911320000000004
8.442020000000003
7.999120000000005
8.59182
8.166100000000004
7.588620000000005
7.588620000000005
7.928320000000006
7.928320000000006
7.943620000000005
7.805920000000006
7.559400000000005
6.758120000000004
7.351220000000005
7.975100000000003
6.790420000000005
6.419220000000003
6.925920000000004
5.771020000000003
5.083120000000003
6.992420000000004
6.155320000000004
4.562420000000002
4.913800000000002
3.8518200000000022
5.599120000000003
5.880020000000003
4.242900000000002
3.0515000000000017
3.7868200000000023
3.6441000000000017
1.5908
1.5908
1.5908
3.9838000000000022
3.527820000000002
3.5149200000000027
3.428200000000001
2.3047000000000004
0.9758
23.93630000000005
2.4392000000000005
1.6181999999999999
1.8326
0.5857
0.9503
0.3941
0.3941
24.974020000000056
23.99672000000005
24.265720000000048
19.46012000000001
23.761800000000044
9.623419999999994
24.171800000000047
23.823620000000048
23.899100000000043
24.149200000000036
24.88942000000005
24.521820000000055
24.52182000000005
24.216500000000053
15.486119999999973
6.541400000000003
15.322119999999973
23.421000000000046
22.130100000000034
24.32720000000005
23.707820000000044
24.277400000000046
24.499900000000054
23.549100000000056
23.43000000000004
21.01980000000002
23.47830000000004
21.482900000000022
