3.691255415685063
3.6233931606203367
3.213650810950444
4.075280969102106
4.3007522106738305
2.0423883919251438
2.362201623962342
4.515769632083041
3.769794397255424
3.769794397255424
3.214983615324061
3.214983615324061
3.4961382891866775
4.262872738666549
3.4192701921246513
3.4192701921246513
3.4192701921246513
4.106058356857921
4.1165168750268695
2.040305039492802
3.8937093242953917
3.8937093242953917
3.8937093242953917
2.9176269362580047
2.9176269362580047
2.9176269362580047
3.8678668228124
3.8678668228124
3.090295225282089
3.439513938702725
3.433264865342447
4.135739902352736
4.135739902352736
1.938314835207592
1.938314835207592
3.409261903243121
3.409261903243121
4.191061959813348
4.191061959813348
3.888354729474134
4.234588897064365
2.0496947098224716
3.455673592294165
3.8477732223605177
4.2021981043916625
4.075733938197015
2.860414943591948
3.3645869961872394
3.546201630504707
3.6943002934219784
4.1827522516740565
3.851971943796878
4.125414090694636
4.006011103442633
4.006011103442633
4.006011103442633
3.434620950097038
3.802462784350862
3.901919775662135
3.901919775662135
3.901919775662135
3.901919775662135
4.157996664974954
3.7195347074277834
4.075436245889322
3.5006671485920835
3.6969622737998753
3.297033814749569
3.9990980728123997
3.4844161671457927
3.4447076218407773
3.4565615440862105
3.4565615440862105
4.615301842102019
2.771149880158342
2.771149880158342
2.584267182805956
2.584267182805956
2.584267182805956
2.687703037448811
3.997220188197015
3.6112884658374442
1.856363336316008
1.856363336316008
1.856363336316008
1.856363336316008
3.7175226881970147
4.427724912443776
4.171291848175608
3.0443133700006033
4.0003476881970155
4.0003476881970155
3.4395126881970146
3.8671026230212053
3.1911917083773664
3.267061855834635
3.739700211013533
2.7283992923761016
4.011196912780527
3.5632807214068087
4.30228351892524
3.8333682433384855
2.8859028531597275
3.638520951556303
3.6378202046222343
2.733349358933056
3.9156822360462176
4.375663806895064
2.715010587676545
3.9755691305047067
3.011068741893622
3.2027096554912475
3.3549336395769265
3.3549336395769265
4.198488002445415
3.690713049889137
2.9270590252944313
2.9270590252944313
1.7612560070967849
1.7612560070967849
1.7612560070967849
4.317813489007046
4.20250088474384
4.220989727289629
4.564096564896467
4.269146111447613
3.385542233741382
3.385542233741382
3.385542233741382
3.1544126274898483
2.6439946144860738
3.800686503227725
2.693878443541866
3.9572913388680284
3.0498852936260885
3.0498852936260885
3.0498852936260885
2.7365340014743698
3.419418302205166
2.897672604125807
3.4210692602411648
3.327842923396556
3.327842923396556
3.327842923396556
3.7837870920394527
2.852224361087096
3.34228371558448
3.287404976094656
3.026179622046431
2.790837587145578
2.790837587145578
3.6402379366591537
2.9848132603995463
3.8339755402004734
3.740648361273939
3.2561411273037635
3.2561411273037635
4.006391534350861
3.741523756749844
1.945611401773128
1.945611401773128
1.945611401773128
1.945611401773128
1.945611401773128
1.945611401773128
1.945611401773128
3.6636157525918396
2.6619777031531324
4.570592874500989
2.6560867573798816
3.127445952707239
3.127445952707239
2.4725456221614124
1.8334653503233351
2.9746810165409965
3.442339245315332
4.306032580758668
3.637437166313253
3.790514817040904
4.075615416033339
3.0250139551952966
2.6244620261563796
3.7636817157732114
4.183754794535632
3.767833320159407
3.767833320159407
3.7230840478101355
3.0135991338896853
3.0135991338896853
4.651232401218468
3.876533398712912
3.522708476501329
3.566034984525679
3.120150251349772
3.120150251349772
3.120150251349772
1.8984725768552728
1.8984725768552728
1.8984725768552728
1.8984725768552728
2.055684329546853
2.899437863804673
4.229107342228378
3.340429031603911
4.005597976658553
3.247742787514057
3.160414922128518
3.3723412379844495
2.570967380921058
4.058729995889323
4.002917015120091
3.4078707421968293
3.057901608815836
3.6305887247403756
4.183530586949623
4.532464589646086
4.532464589646086
3.1750838486348414
2.661910379915655
2.9239974971817695
2.644348581550485
3.6907191037679077
3.6907191037679077
3.5981428959213098
4.047273964650052
3.535849395545096
3.951857963184354
3.7852201117579494
3.9952401881970143
3.266865471760962
4.788154028347142
3.206376435233244
3.704309342494698
2.8905494498444924
4.5826225860394505
2.8977301400292337
3.3496451608520355
3.9736590507175107
3.9736590507175107
3.9736590507175107
3.91422658387401
3.9220513778179393
4.585207489885605
4.06676038308787
2.6483072741635834
2.6483072741635834
3.5897308699191415
3.905331241157329
3.7857113584098174
4.327273084218998
4.350760769173787
3.7442598876800783
2.4613797472019403
3.354938493194952
3.354938493194952
3.842536362553929
2.940155596935101
4.9248425037565156
4.680281841989261
3.4487269406408734
4.01020837213446
2.916112027704333
3.8600348862612766
4.202902207427785
4.142759330400553
3.6650668678927385
3.4459095546962892
4.161380310137723
3.12312223090958
3.4490454763561136
3.805186216307754
4.0992705451954805
3.432657943657466
2.538843659194516
2.967791473271763
2.967791473271763
3.942301407477495
3.587336146672884
2.8371998362038475
2.846815886761405
3.412474988278815
3.988204651067571
3.586260854431039
3.8746488196114566
3.7842784941629475
3.180240633160249
2.364453512129735
2.936349137381752
3.9008270155162705
4.065458967924092
3.4792383252479127
3.4792383252479127
3.4176688575674214
3.8526598995238768
3.8526598995238768
3.8526598995238768
3.612662830915891
4.579151998957779
3.9250033861966864
5.086434764256751
4.643569108582568
3.4413170735250214
3.5361763660573073
2.348253805454142
3.294999864045675
4.492980861273939
3.6248761577409523
2.0788580150186053
3.734877830558358
4.290276771302859
4.290276771302859
4.290276771302859
4.266316299441233
3.325125006661816
3.194085815864426
4.00473051921241
4.119846861290225
2.6292111931865954
2.4888781717061157
3.3137904307310997
3.979126849125999
4.195549829832469
2.6346940986639567
3.0364686015676945
4.908208879580815
4.422652497281492
3.133541817282497
4.4735466430878645
3.8698033720839113
3.4952928174890854
5.152045785525919
5.359306684272708
3.515337399184763
2.443228117073831
3.3663226495398177
3.3238929177177976
4.724727399735476
4.410493262220423
3.142309804874076
3.6021497980116344
2.6112971444619433
3.291183180132646
3.436710464407108
3.757353188445686
2.4586301863863795
2.4586301863863795
5.3420759150419395
5.226589819163541
4.0660173028163715
4.0715640418064165
2.880662085964513
3.596873484519417
3.8990034539005345
4.262497676243382
4.389664089390177
3.628992178502436
2.386413903136919
3.0393664153445457
3.472665252160997
3.849035890534454
3.3549522934186458
3.9633871346652585
3.437597323795229
4.130524364219531
3.8320317099585193
4.084567936848483
2.950805717306544
3.9264566017082956
3.1025793408147164
3.349868516540994
3.6011079743030026
4.644324228916603
3.892836307746099
3.6817727658595896
2.979348944468974
2.858196242625361
4.682719123565425
4.320339308035377
3.7049522622143245
4.179227099325663
4.346069286895375
3.0031324448163215
3.8572640877022675
3.452477193953584
2.9268519752719335
3.6837040000537904
4.837262957180636
3.9212975339405185
3.3810656372164933
5.292555566808682
2.984297455279437
3.4239466811725396
4.338876656178684
4.338876656178684
3.7794246790779713
3.896558908052972
4.182476542440624
4.667505245402964
4.13872869593782
3.929060303440421
5.176144876025939
5.11377538203678
4.0979374894220655
4.18201140201292
3.3580793947344594
3.1654770723228403
2.61930920557106
5.501748115587235
4.586826752702313
3.1650425642067237
3.6563474033352934
5.31761041524917
2.2547308989795916
2.8987981952242663
2.8001677485729726
3.332887183964665
2.401518877451446
2.7908348225975157
3.4673169463720654
2.700704906686898
3.605033096880944
4.6913888725887745
2.228226067321577
2.2864346282826844
3.066148034051338
4.743440582985215
3.8378815302636795
3.8385874685443424
3.8317646769914857
2.6538177061175627
3.991363194328599
1.9197147764563258
3.868941224467478
1.6762827764563255
1.659109300809794
1.659109300809794
4.853145829358086
4.25072722461937
2.880495837909665
3.6192334139269597
3.938591201681845
3.5919964296256417
4.447770509601002
3.4814508674954636
3.4814508674954636
2.8038521987040035
3.0181213070226116
4.555507593422388
4.329867463241802
6.667815384615385
4.155907817583794
5.37575919732831
5.047532374253841
5.56487816901198
5.068907648474806
4.08824678608916
4.857957769816208
3.5097964494339315
4.441311041089561
3.969689318446007
5.021374323343599
5.084318863085128
4.659922479630671
4.57231272458432
4.866157187949865
4.559926982650202
4.698624326758535
5.126045246935445
5.192646941426148
4.875852153693208
2.7683697789625548
5.054324150515347
5.437441998119221
3.792523039197837
5.559759647299451
4.242104783749934
4.476047972292161
5.00096173234228
3.8475688566904154
4.864944259845776
4.763895835792302
5.853036327877121
5.863584841707318
4.943624707958984
3.141819494507443
5.015374256819
5.499029459291077
5.655284091499901
5.873907543483763
3.1881837909833965
5.382518315493101
5.694661905248821
5.775635931347464
4.838123561530653
4.8777137416885274
6.204814994271754
5.3723773238272905
5.054997192456578
4.640214353656729
5.6159433258884075
