[0.5000001]
[0.4546806]
[0.45173582]
[0.45173582]
[0.45173582]
[0.45173582]
[0.5419438]
[0.44868338]
[0.512476]
[0.41637406]
[0.41637406]
[0.41637406]
[0.41637406]
[0.41637406]
[0.49473098]
[0.4048544]
[0.4048544]
[0.44866198]
[0.44866198]
[0.44866198]
[0.44866198]
[0.44866198]
[0.44866198]
[0.44866198]
[0.44866198]
[0.44866198]
[0.44866198]
[0.44866198]
[0.44866198]
[0.44866198]
[0.44866198]
[0.44866198]
[0.44866198]
[0.44866198]
[0.44866198]
[0.44866198]
[0.44866198]
[0.44866198]
[0.42556128]
[0.42556128]
[0.39540467]
[0.39540467]
[0.45633033]
[0.4425823]
[0.44913146]
[0.44913146]
[0.44913146]
[0.44913146]
[0.38987657]
[0.38987654]
[0.38987654]
[0.38987654]
[0.38987654]
[0.38987654]
[0.38987654]
[0.38987654]
[0.38987654]
[0.38987654]
[0.38987654]
[0.38987654]
[0.38987654]
[0.38987654]
[0.38987654]
[0.38987654]
[0.38987654]
[0.38987654]
[0.38987654]
[0.38987654]
[0.38987654]
[0.38987654]
[0.38987654]
[0.38987654]
[0.38987654]
[0.38987654]
[0.38987654]
[0.38987654]
[0.38987654]
[0.38987654]
[0.38987654]
[0.38987654]
[0.38987654]
[0.38987654]
[0.38987654]
[0.38987654]
[0.38987654]
[0.38987654]
[0.38987654]
[0.38987654]
[0.38987654]
[0.38987654]
[0.38987654]
[0.38987654]
[0.38987654]
[0.38987654]
[0.38987654]
[0.38987654]
[0.38987654]
[0.38987654]
[0.38987654]
[0.38987654]
[0.38987654]
[0.38987654]
[0.38987654]
[0.38987654]
[0.38987654]
[0.38987654]
[0.38987654]
[0.38987654]
[0.38987654]
[0.38987654]
[0.38987654]
[0.38987654]
[0.38987654]
[0.38987654]
[0.38987654]
[0.38987654]
[0.38987654]
[0.38987654]
[0.38987654]
[0.38987654]
[0.38987654]
[0.38987654]
[0.38987654]
[0.38987654]
[0.38987654]
[0.38987654]
[0.38987654]
[0.38987654]
[0.38987654]
[0.38987654]
[0.38987654]
[0.38987654]
[0.38987654]
[0.38987654]
[0.38987654]
[0.38987654]
[0.38987654]
[0.38987654]
[0.38987654]
[0.38987654]
[0.38987654]
[0.38987654]
[0.38987654]
[0.38987654]
[0.38987654]
[0.38987654]
[0.38987654]
[0.38987654]
[0.38987654]
[0.38987654]
[0.38987654]
[0.38987654]
[0.38987654]
[0.38987654]
[0.38987654]
[0.38987654]
[0.38987654]
[0.38987654]
[0.38987654]
[0.38987654]
[0.38987654]
[0.38987654]
[0.38987654]
[0.38987654]
[0.38987654]
[0.3580931]
[0.3580931]
[0.3580931]
[0.43298993]
[0.43298993]
[0.43159428]
[0.43159428]
[0.4826965]
[0.4826965]
[0.4826965]
[0.4826965]
[0.4826965]
[0.4826965]
[0.4826965]
[0.4826965]
[0.4271695]
[0.589805]
[0.589805]
[0.46224797]
[0.47973973]
[0.41436338]
[0.3991563]
[0.35002154]
[0.41883978]
[0.41883978]
[0.41883978]
[0.41883978]
[0.41883978]
[0.41883978]
[0.41883978]
[0.41883978]
[0.41883978]
[0.41883978]
[0.41883978]
[0.41883978]
[0.36100897]
[0.4170217]
[0.41855454]
[0.41855454]
[0.41855454]
[0.41855454]
[0.42575455]
[0.4168391]
[0.41670445]
[0.37876925]
[0.41210765]
[0.47776923]
[0.39595345]
[0.39595345]
[0.39595345]
[0.39595345]
[0.39595345]
[0.39595345]
[0.39595345]
[0.39595345]
[0.39595345]
[0.39595345]
[0.39595345]
[0.39595345]
[0.39595345]
[0.39595345]
[0.39595345]
[0.39595345]
[0.39595345]
[0.39595345]
[0.39595345]
[0.39595345]
[0.39595345]
[0.39595345]
[0.39595345]
[0.39595345]
[0.39595345]
[0.39595345]
[0.39595345]
[0.39595345]
[0.39595345]
[0.39595345]
[0.39595345]
[0.39595345]
[0.39595345]
[0.39595345]
[0.39595345]
[0.39595345]
[0.39595345]
[0.39595345]
[0.39595345]
[0.39595345]
[0.39595345]
[0.39595345]
[0.39595345]
[0.42621124]
[0.4104983]
[0.3895866]
[0.3895866]
[0.3548914]
[0.38087308]
[0.38087308]
[0.46661335]
[0.4020274]
[0.3898168]
[0.49659982]
[0.38088894]
[0.38088894]
[0.38088894]
[0.38999352]
[0.38999352]
[0.38999352]
[0.38999352]
[0.38999352]
[0.38999352]
[0.38999352]
[0.38999352]
[0.3712463]
[0.3712463]
[0.3712463]
[0.3712463]
[0.3712463]
[0.4562109]
[0.40536794]
[0.33493033]
[0.577086]
[0.40723822]
[0.40723822]
[0.40723822]
[0.40723822]
[0.40723822]
[0.4451878]
[0.35982794]
[0.47913718]
[0.40649673]
[0.489258]
[0.47472772]
[0.47472772]
[0.47472772]
[0.47472772]
[0.47472772]
[0.47472772]
[0.47472772]
[0.47472772]
[0.47472772]
[0.47472772]
[0.47472772]
[0.47472772]
[0.47472772]
[0.47472772]
[0.47472772]
[0.47472772]
[0.47472772]
[0.47472772]
[0.47472772]
[0.47472772]
[0.38584527]
[0.389102]
[0.38231286]
[0.38231286]
[0.38537857]
[0.38896352]
[0.45358244]
[0.37671757]
[0.4405067]
[0.37181365]
[0.4434839]
[0.44348386]
[0.44348386]
[0.44348386]
[0.44348386]
[0.44348386]
[0.44348386]
[0.44348386]
[0.44348386]
[0.44348386]
[0.44348386]
[0.44348386]
[0.44348386]
[0.44348386]
[0.44348386]
[0.44348386]
[0.44348386]
[0.44348386]
[0.44348386]
[0.44348386]
[0.44348386]
[0.44348386]
[0.44348386]
[0.44348386]
[0.44348386]
[0.44348386]
[0.44348386]
[0.44348386]
[0.44348386]
[0.44348386]
[0.44348386]
[0.44348386]
[0.44348386]
[0.44348386]
[0.44348386]
[0.44348386]
[0.44348386]
[0.44348386]
[0.44348386]
[0.44348386]
[0.44348386]
[0.44348386]
[0.44348386]
[0.44348386]
[0.44348386]
[0.44348386]
[0.44348386]
[0.44348386]
[0.44348386]
[0.44348386]
[0.44348386]
[0.44348386]
[0.44348386]
[0.44348386]
[0.44348386]
[0.44348386]
[0.44348386]
[0.45999143]
[0.45999143]
[0.45999143]
[0.45999143]
[0.45999143]
[0.45999143]
[0.45999143]
[0.45999143]
[0.45999143]
[0.43915918]
[0.48582184]
[0.36358535]
[0.4518801]
[0.35653752]
[0.42668447]
[0.45346633]
[0.46788108]
[0.4359126]
[0.4359126]
[0.43068284]
[0.46796417]
[0.45983216]
[0.43927118]
[0.37799072]
[0.3357333]
[0.41506466]
[0.41506466]
[0.41506466]
[0.42658305]
[0.42658305]
[0.42658305]
[0.42658305]
[0.3390798]
[0.41020986]
[0.42711505]
[0.42711505]
[0.42711505]
[0.42711505]
[0.3234508]
[0.33374563]
[0.42636618]
[0.44285035]
[0.4243394]
[0.48253465]
[0.42301452]
[0.4522455]
[0.4522455]
[0.3064675]
[0.26206088]
[0.36713874]
[0.45683774]
[0.4137162]
[0.36530474]
[0.34846446]
[0.4174347]
[0.40155733]
[0.28002986]
[0.41113195]
[0.28974128]
[0.46851075]
[0.29116526]
[0.34418082]
[0.42165038]
[0.30864146]
[0.35162485]
[0.37953627]
[0.37953627]
[0.45165673]
[0.3794785]
[0.37452766]
[0.29730517]
[0.34456414]
[0.39901912]
[0.45851275]
[0.3456805]
[0.43048614]
[0.4308603]
[0.448062]
[0.448062]
[0.3519174]
[0.32837373]
[0.35821754]
[0.31567425]
[0.3517662]
[0.3253486]
[0.36428115]
[0.42313445]
[0.26293486]
[0.3084898]
[0.34461728]
[0.24238725]
[0.37431198]
[0.4321293]
[0.3082192]
[0.33491546]
[0.3036041]
[0.31145415]
[0.29119334]
[0.23832074]
[0.22374733]
[0.3356728]
[0.2919291]
[0.34788442]
[0.22672649]
[0.39142656]
[0.21236382]
[0.22522193]
[0.22883792]
[0.27056485]
[0.14038731]
[0.3751876]
[0.32822618]
[0.28590614]
[0.33659706]
[0.3606879]
[0.3606879]
[0.28216025]
