[0.00030303]
[0.00030303]
[0.00030303]
[0.00030303]
[0.00030303]
[0.00030303]
[0.00030303]
[0.00030303]
[0.00030303]
[0.00030303]
[0.00030303]
[0.00030303]
[0.00030303]
[0.00030303]
[0.00030303]
[0.00030303]
[0.00030303]
[0.00030303]
[0.00030303]
[0.00030303]
[0.00030303]
[0.00030303]
[0.00030303]
[0.00030303]
[0.00030303]
[0.00030303]
[0.00030303]
[0.00030303]
[0.00030303]
[0.00030303]
[0.00030303]
[0.00030303]
[0.00030303]
[0.00030303]
[0.00030303]
[0.00030303]
[0.00030303]
[0.00030303]
[0.00030303]
[0.00030303]
[0.00030303]
[0.00030303]
[0.00030303]
[0.00030303]
[0.00030303]
[0.00030303]
[0.00030303]
[0.00030303]
[0.00030303]
[0.00030303]
[0.00030303]
[0.00030303]
[0.00030303]
[0.00030303]
[0.00030303]
[0.00030303]
[0.00030303]
[0.00030137]
[0.00030137]
[0.00030137]
[0.00030137]
[0.00030137]
[0.00030137]
[0.00030137]
[0.00030137]
[0.00030137]
[0.00030137]
[0.00030137]
[0.00030137]
[0.00030137]
[0.00030137]
[0.00030137]
[0.00030137]
[0.00030137]
[0.00030137]
[0.00030137]
[0.00030137]
[0.00030137]
[0.00030137]
[0.00030137]
[0.00030137]
[0.00030137]
[0.00030137]
[0.00030137]
[0.00030137]
[0.00030137]
[0.00030137]
[0.00030137]
[0.00030137]
[0.00030137]
[0.00030137]
[0.00030137]
[0.00030137]
[0.00030137]
[0.00030137]
[0.00030137]
[0.00030137]
[0.00030137]
[0.00030137]
[0.00030137]
[0.00030137]
[0.00030137]
[0.00030137]
[0.00030137]
[0.00030137]
[0.00030137]
[0.00030137]
[0.00030137]
[0.00030137]
[0.00030137]
[0.00030137]
[0.00030137]
[0.00030137]
[0.00030137]
[0.00030137]
[0.00030137]
[0.00030137]
[0.00030137]
[0.00030137]
[0.00030137]
[0.00030137]
[0.00030137]
[0.00030137]
[0.00030137]
[0.00030137]
[0.00030137]
[0.00030137]
[0.00030137]
[0.00030137]
[0.00030137]
[0.00030137]
[0.00030137]
[0.00030137]
[0.00030137]
[0.00030137]
[0.00030137]
[0.00030137]
[0.00030137]
[0.00030137]
[0.00030137]
[0.00030137]
[0.00030137]
[0.00030137]
[0.00030137]
[0.00030137]
[0.00030137]
[0.00030137]
[0.00030137]
[0.00030137]
[0.00030137]
[0.00030137]
[0.00030137]
[0.00030137]
[0.00030137]
[0.00030137]
[0.00030137]
[0.00030137]
[0.00030137]
[0.00030137]
[0.00030137]
[0.00030137]
[0.00030137]
[0.00030137]
[0.00030137]
[0.00030137]
[0.00030137]
[0.00030137]
[0.00030137]
[0.00030137]
[0.00030137]
[0.00030137]
[0.00030137]
[0.00030137]
[0.00030137]
[0.00030137]
[0.00030137]
[0.00030137]
[0.00030137]
[0.00030137]
[0.00030137]
[0.00030137]
[0.00030137]
[0.00030137]
[0.00030137]
[0.00030137]
[0.00030137]
[0.00030137]
[0.00030137]
[0.00030137]
[0.00030137]
[0.00030137]
[0.00030137]
[0.00030137]
[0.00030137]
[0.00030137]
[0.00030137]
[0.00030137]
[0.00030137]
[0.00030137]
[0.00030137]
[0.00030137]
[0.00030137]
[0.00030137]
[0.00030137]
[0.00030137]
[0.00030137]
[0.00030137]
[0.00030137]
[0.00030137]
[0.00030137]
[0.00030137]
[0.00030137]
[0.00030137]
[0.00030137]
[0.00030137]
[0.00030137]
[0.00030137]
[0.00030137]
[0.00030137]
[0.00030137]
[0.00030137]
[0.00030137]
[0.00030137]
[0.00030137]
[0.00030137]
[0.00030137]
[0.00030137]
[0.00030137]
[0.00030137]
[0.00030137]
[0.00030137]
[0.00030137]
[0.00030137]
[0.00030137]
[0.00030137]
[0.00030137]
[0.00030137]
[0.00030137]
[0.00030137]
[0.00030137]
[0.00030137]
[0.00030137]
[0.00030137]
[0.00030137]
[0.00030137]
[0.00030137]
[0.00030137]
[0.00030137]
[0.00030137]
[0.00030137]
[0.00030137]
[0.00030137]
[0.00030137]
[0.00030137]
[0.00030137]
[0.00030137]
[0.00030137]
[0.00030137]
[0.00030137]
[0.00030137]
[0.00030137]
[0.00030137]
[0.00030137]
[0.00030137]
[0.00030137]
[0.00030137]
[0.00030137]
[0.00030137]
[0.00030137]
[0.00030137]
[0.00030137]
[0.00030137]
[0.00030137]
[0.00030137]
[0.00030137]
[0.00030137]
[0.00030137]
[0.00030137]
[0.00030137]
[0.00030137]
[0.00030137]
[0.00030137]
[0.00030137]
[0.00030137]
[0.00030137]
[0.00030137]
[0.00030137]
[0.00030137]
[0.00030137]
[0.00030137]
[0.00030137]
[0.00030137]
[0.00030137]
[0.00030137]
[0.00030137]
[0.00030137]
[0.00030137]
[0.00030137]
[0.00030137]
[0.00030137]
[0.00030137]
[0.00030137]
[0.00030137]
[0.00030137]
[0.00030137]
[0.00030137]
[0.00030137]
[0.00030137]
[0.00030137]
[0.00030137]
[0.00030137]
[0.00030137]
[0.00030137]
[0.00030137]
[0.00030137]
[0.00030137]
[0.00030137]
[0.00030137]
[0.00030137]
[0.00030137]
[0.00030137]
[0.00030137]
[0.00030137]
[0.00030137]
[0.00030137]
[0.00030137]
[0.00030137]
[0.00030137]
[0.00030137]
[0.00030137]
[0.00030137]
[0.00030137]
[0.00030137]
[0.00030137]
[0.00030137]
[0.00030137]
[0.00030137]
[0.00030137]
[0.00030137]
[0.00030137]
[0.00030137]
[0.00030137]
[0.00030137]
[0.00030137]
[0.00030137]
[0.00030137]
[0.00030137]
[0.00030137]
[0.00030137]
[0.00030137]
[0.00030137]
[0.00030137]
[0.00030137]
[0.00030137]
[0.00030137]
[0.00030137]
[0.00030137]
[0.00030137]
[0.00030137]
[0.00030137]
[0.00030137]
[0.00030137]
[0.00030137]
[0.00030137]
[0.00030137]
[0.00030137]
[0.00030137]
[0.00030137]
[0.00030137]
[0.00030137]
[0.00030137]
[0.00030137]
[0.00030137]
[0.00030137]
[0.00030137]
[0.00030137]
[0.00030137]
[0.00030137]
[0.00030137]
[0.00030137]
[0.00030137]
[0.00030137]
[0.00030137]
[0.00030137]
[0.00030137]
[0.00030137]
[0.00030137]
[0.00030137]
[0.00030137]
[0.00030137]
[0.00030137]
[0.00030137]
[0.00030137]
[0.00030137]
[0.00030137]
[0.00030137]
[0.00030137]
[0.00030137]
[0.00030137]
[0.00030137]
[0.00030137]
[0.00030137]
[0.00030137]
[0.00030137]
[0.00030137]
[0.00030137]
[0.00030137]
[0.00030137]
[0.00030137]
[0.00030137]
[0.00030137]
[0.00030137]
[0.00030137]
[0.00030137]
[0.00030137]
[0.00030137]
[0.00030137]
[0.00030137]
[0.00030137]
[0.00030137]
[0.00030137]
[0.00030137]
[0.00030137]
[0.00030137]
[0.00030137]
[0.00030137]
[0.00030137]
[0.00030137]
[0.00030137]
[0.00030137]
[0.00030137]
[0.00030137]
[0.00030137]
[0.00030137]
[0.00030137]
[0.00030137]
[0.00030137]
[0.00030137]
[0.00030137]
[0.00030137]
[0.00030137]
[0.00030137]
[0.00030137]
[0.00030137]
[0.00030137]
[0.00030137]
[0.00030137]
[0.00030137]
[0.00030137]
[0.00030137]
[0.00030137]
[0.00030137]
[0.00030137]
[0.00030137]
[0.00030096]
[0.00030993]
[0.00029802]
[0.00030841]
[0.00030854]
[0.0003024]
[0.00031515]
[0.00029869]
[0.00029869]
[0.000302]
[0.00030064]
[0.00030924]
[0.00030021]
[0.00031029]
[0.00030478]
[0.00031477]
[0.00030961]
[0.00034747]
[0.00046321]
[0.00045236]
[0.0003171]
[0.00048181]
[0.00033594]
[0.00079154]
[0.00031443]
[0.00031877]
[0.00065145]
[0.00062058]
[0.00114489]
[0.00075626]
[0.00059472]
[0.00060817]
[0.00060817]
[0.00060817]
[0.02317217]
[0.00069999]
[0.0017437]
[0.10669509]
[0.00039072]
[0.00846104]
[0.00277666]
[0.00023029]
[0.00023029]
[0.00068531]
[0.00023029]
[0.11892609]
