[0.6687994]
[0.67447156]
[0.6528165]
[0.6449564]
[0.6280363]
[0.62394804]
[0.62394804]
[0.6202982]
[0.63383466]
[0.6276456]
[0.6274858]
[0.6274858]
[0.6274858]
[0.6274858]
[0.6274858]
[0.6201359]
[0.6201359]
[0.6201359]
[0.6201359]
[0.6201359]
[0.6201359]
[0.6201359]
[0.6201359]
[0.6201359]
[0.6201359]
[0.6201359]
[0.6201359]
[0.6201359]
[0.6201359]
[0.6201359]
[0.6201359]
[0.6201359]
[0.6201359]
[0.6201359]
[0.6201359]
[0.6201359]
[0.6201359]
[0.6201359]
[0.6201359]
[0.6201359]
[0.6274785]
[0.6274785]
[0.61466813]
[0.61466813]
[0.61466813]
[0.61466813]
[0.6177899]
[0.6177899]
[0.6177899]
[0.6177899]
[0.6177899]
[0.6177899]
[0.6177899]
[0.6177899]
[0.6177899]
[0.6177899]
[0.6177899]
[0.6177899]
[0.6177899]
[0.6177899]
[0.6177899]
[0.6177899]
[0.6177899]
[0.6177899]
[0.6177899]
[0.6177899]
[0.6135139]
[0.61348736]
[0.6300479]
[0.5562365]
[0.5562365]
[0.5562365]
[0.59754366]
[0.5865783]
[0.5837195]
[0.5967366]
[0.5845159]
[0.55085284]
[0.54797584]
[0.5753034]
[0.5753034]
[0.5753034]
[0.5496801]
[0.5496801]
[0.5496801]
[0.5496801]
[0.5496801]
[0.5496801]
[0.5639867]
[0.525418]
[0.5232699]
[0.53907144]
[0.53907144]
[0.53907144]
[0.53907144]
[0.53907144]
[0.53907144]
[0.53907144]
[0.53907144]
[0.53907144]
[0.53907144]
[0.53907144]
[0.500773]
[0.500773]
[0.500773]
[0.500773]
[0.50524294]
[0.50524294]
[0.50524294]
[0.50524294]
[0.50524294]
[0.5397478]
[0.5397478]
[0.5397478]
[0.51561713]
[0.5096485]
[0.49699786]
[0.49699786]
[0.49699786]
[0.49699786]
[0.53613037]
[0.47095215]
[0.47095215]
[0.48789677]
[0.48789677]
[0.48789677]
[0.48789677]
[0.48401964]
[0.48274246]
[0.49090225]
[0.49090225]
[0.49064422]
[0.4874959]
[0.4874959]
[0.4874959]
[0.4803642]
[0.5144267]
[0.5282125]
[0.5282125]
[0.5282125]
[0.5049956]
[0.47605905]
[0.472486]
[0.48274845]
[0.45429322]
[0.50407106]
[0.49868876]
[0.49351197]
[0.49351197]
[0.44954115]
[0.4736218]
[0.4736218]
[0.4736218]
[0.47022837]
[0.5138111]
[0.49372134]
[0.4509946]
[0.46769744]
[0.46769744]
[0.46769744]
[0.46769744]
[0.46769744]
[0.46769744]
[0.46769744]
[0.46769744]
[0.46769744]
[0.46769744]
[0.46769744]
[0.46769744]
[0.46769744]
[0.46769744]
[0.46769744]
[0.46769744]
[0.46769744]
[0.46769744]
[0.46769744]
[0.46769744]
[0.46769744]
[0.46769744]
[0.46769744]
[0.46769744]
[0.46769744]
[0.46769744]
[0.46769744]
[0.46769744]
[0.46700183]
[0.45785072]
[0.46506968]
[0.46506968]
[0.45514667]
[0.45514667]
[0.42369944]
[0.44404075]
[0.44404075]
[0.49868494]
[0.48043695]
[0.48043695]
[0.48043695]
[0.48043695]
[0.47648033]
[0.47540268]
[0.44836193]
[0.46643558]
[0.46643558]
[0.46643558]
[0.4573012]
[0.46012414]
[0.4610849]
[0.4616932]
[0.47555298]
[0.47821116]
[0.4390119]
[0.454829]
[0.4549824]
[0.43478596]
[0.43478596]
[0.43478596]
[0.50114596]
[0.4873349]
[0.4441769]
[0.45192665]
[0.45192665]
[0.47579983]
[0.4212298]
[0.4398506]
[0.43850583]
[0.43244928]
[0.43244928]
[0.43244928]
[0.43244928]
[0.43244928]
[0.43244928]
[0.43244928]
[0.43244928]
[0.43244928]
[0.43244928]
[0.43244928]
[0.43244928]
[0.45591345]
[0.45591345]
[0.4321793]
[0.41472313]
[0.41472313]
[0.41472313]
[0.4384942]
[0.433024]
[0.41261807]
[0.42552996]
[0.46384618]
[0.4077903]
[0.45657328]
[0.42104658]
[0.42104658]
[0.42104658]
[0.42104658]
[0.42104658]
[0.42104658]
[0.42104658]
[0.42104658]
[0.42104658]
[0.42104658]
[0.42104658]
[0.42104658]
[0.42104658]
[0.42104658]
[0.42104658]
[0.42104658]
[0.42104658]
[0.42104658]
[0.42104658]
[0.42758125]
[0.42758125]
[0.42758125]
[0.42758125]
[0.42758125]
[0.41016346]
[0.41016346]
[0.41016346]
[0.41016346]
[0.41016346]
[0.41016346]
[0.41016346]
[0.41016346]
[0.41016346]
[0.39778605]
[0.39669576]
[0.4154314]
[0.43828726]
[0.41593716]
[0.41593716]
[0.37087443]
[0.41415158]
[0.41415158]
[0.3943494]
[0.40241027]
[0.40241027]
[0.42582276]
[0.42582276]
[0.41449186]
[0.41449186]
[0.41449186]
[0.41449186]
[0.5298477]
[0.4051787]
[0.4051787]
[0.4051787]
[0.4051787]
[0.40438744]
[0.4071984]
[0.38934442]
[0.38355112]
[0.38355112]
[0.38355112]
[0.44229865]
[0.39623076]
[0.39623076]
[0.39623076]
[0.39623076]
[0.39623076]
[0.39623076]
[0.39623076]
[0.39623076]
[0.39623076]
[0.39623076]
[0.39623076]
[0.39623076]
[0.39623076]
[0.39623076]
[0.39623076]
[0.39623076]
[0.39623076]
[0.39623076]
[0.37984073]
[0.363894]
[0.4215202]
[0.40180925]
[0.41552448]
[0.371494]
[0.38510358]
[0.40334362]
[0.37144345]
[0.37144345]
[0.44374177]
[0.39337096]
[0.39022014]
[0.37453103]
[0.37738273]
[0.41062358]
[0.40789318]
[0.40789318]
[0.3634407]
[0.3634407]
[0.3634407]
[0.3634407]
[0.3634407]
[0.3750967]
[0.3750967]
[0.41039234]
[0.3964553]
[0.3964553]
[0.34215385]
[0.4024111]
[0.3543707]
[0.3563378]
[0.3740377]
[0.3236253]
[0.34873685]
[0.34873685]
[0.34873685]
[0.34873685]
[0.36856303]
[0.3682388]
[0.35028657]
[0.3532734]
[0.39438257]
[0.40058237]
[0.34708038]
[0.34025776]
[0.39068514]
[0.38862687]
[0.309438]
[0.3404836]
[0.3873528]
[0.342465]
[0.3701623]
[0.4082286]
[0.37869325]
[0.39733943]
[0.36020455]
[0.34324408]
[0.3562513]
[0.3609693]
[0.34695578]
[0.36862782]
[0.31657377]
[0.31657377]
[0.33233514]
[0.36941433]
[0.36629155]
[0.33717924]
[0.35074547]
[0.35074547]
[0.35402888]
[0.64816105]
[0.33415347]
[0.3360332]
[0.29598844]
[0.3327963]
[0.30249637]
[0.3017137]
[0.37760767]
[0.3434401]
[0.3434401]
[0.35671595]
[0.35671595]
[0.36997882]
[0.29297185]
[0.31745708]
[0.3284198]
[0.31863222]
[0.3153913]
[0.3239963]
[0.31506446]
[0.34112075]
[0.31130207]
[0.2803242]
[0.30234128]
[0.30234128]
[0.33325604]
[0.29262522]
[0.3425929]
[0.3020934]
[0.31012192]
[0.3162963]
[0.31397346]
[0.31472248]
[0.30103958]
[0.30299455]
[0.31822294]
[0.28593904]
[0.29494753]
[0.34189898]
[0.24796681]
[0.24823879]
[0.26277992]
[0.24434043]
[0.28366908]
[0.30950323]
[0.2397383]
[0.4124423]
[0.23158252]
[0.24930261]
[0.23344243]
[0.20705025]
[0.2872565]
[0.20697185]
[0.21465257]
[0.17136125]
[0.5014373]
[0.39756346]
[0.17554751]
[0.15921073]
[0.15751685]
[0.34209564]
[0.30464625]
[0.14278384]
[0.41801324]
[0.34966537]
[0.10630154]
[0.12607291]
[0.11612355]
[0.08549765]
[0.28896713]
[0.08063838]
[0.20151263]
[0.37595975]
[0.0831118]
[0.09275942]
[0.38100308]
[0.2866244]
[0.28809115]
[0.3311446]
[0.38894555]
[0.37765536]
[0.37765536]
[0.23941948]
[0.21626161]
[0.20191127]
[0.3565709]
[0.22553997]
[0.4215917]
[0.41370386]
[0.40748873]
[0.31354982]
[0.23401429]
[0.22528668]
[0.31677985]
[0.35180333]
[0.21331087]
[0.41656813]
