-6.281431695634692
-4.395892461339076
-2.1931192776355966
-1.0988950871841245
-0.3550160670472825
-0.23364885937332044
0.13054604689164548
0.21510304125954097
0.5052914124584944
0.7874500492502581
0.9719358850988997
0.6959317056241903
0.8440909804894486
0.8642736703090503
0.927050845767843
1.1820445592223119
1.1269892368057293
1.3723633089725058
1.5150536779496868
2.6032154110930485
2.1207742478678266
2.047749943724004
2.4881114519362
2.2458088903409514
2.386656453507996
2.4905811922831087
1.5540735693506675
2.815851378433043
3.322512586594431
3.4603539975000897
3.600237237192187
3.97079897917963
3.9979781997242845
3.433037454743844
4.357712454626535
3.201907061772095
5.711158434985088
4.630832144777131
6.049698799868247
5.931518768243252
6.257475408864597
6.064787502958114
6.605115932599545
5.938245193211092
6.612640531121473
7.072793728002002
6.742198360541575
6.810154559094736
6.969851908477388
5.709613485411981
6.387623103825295
5.649895806650131
6.772008236262372
6.5374736944036735
6.692325687155766
6.281225828533419
6.272143251574047
6.988990391068308
6.670959927647839
6.913929226566061
6.6181419829310535
6.53809870620879
6.7840756138678975
6.528553523708525
6.173377456821258
5.890403690342615
6.216549109761523
5.9383536475664265
6.153700085417993
7.283310129227961
6.51563891889072
6.967218610656987
6.396048560495299
6.784751482555807
7.11843204611005
6.33599830302814
6.71348253278666
6.408440521009383
6.3001068087624095
7.333940751573538
7.622044532460232
5.885056618015335
6.645292831460714
7.730762814566115
6.507280757675011
6.461337552649116
7.1124508888583025
7.1102099023832155
6.977795029748729
7.3690223205018786
6.57077590932281
5.905959378964369
6.82441961586296
6.643038954000789
6.840218583986526
6.704333195304065
7.225985515309965
6.951263725809005
7.123480115491265
5.865983996052177
7.103904092055329
7.366679125416561
5.957007536329436
7.688820633875041
7.757641885322533
7.762864096936255
7.318894493726703
6.406809254423657
3.984666695742554
7.302315667747717
7.7824898776275395
7.659409144038457
8.033847213494205
7.90172240401471
6.899159236560659
5.806416016512427
8.193202391042755
7.979020457743532
8.227251180463433
8.566833389578486
8.451900571200648
8.922986790598658
9.09627782039246
8.244996588742762
9.181774963608001
9.21090022399032
8.534814984525067
8.68183074024942
8.363604182709578
8.53499572597845
7.389760367935036
4.130669651451421
3.967596519009989
-0.8410795467512171
0.1777753444192587
2.4397052867419244
2.907330779036459
3.891742854619946
6.237574100168117
7.139087370887644
7.478210711589525
7.610943767876218
7.085112161585397
7.607492020277747
7.169457392719102
7.598376082424099
8.277000970255518
7.820111702879669
8.568274941300011
8.13666848757398
8.499122376412071
9.269401038379579
8.897732450723373
8.941273092276168
9.080695094277862
9.308754362388369
9.126085825402841
9.487923698621882
9.07844907412552
9.273033351907799
9.400717556187153
9.000294635594615
9.498941755335341
9.570545862534022
9.606733073106824
9.696156448888752
9.975360721006618
9.433580366674668
9.808390759351601
9.445545045098475
10.355404576704244
7.139606296925262
2.3087432284709157
-0.02409706276802251
0.7084019907407709
2.2049096876144922
3.2339698548195224
3.664939901518057
3.428479299542458
4.215532157651977
6.0268907678913
6.900776605645361
8.325785637280482
7.476844456646411
9.158567451872347
9.208774614205897
9.601305674654261
9.426327672381124
9.481563893522434
9.710005918134334
10.586263847754115
10.340143618457342
10.600054766002721
10.661901212204146
10.665927145802847
11.396237008686441
11.01007379940274
11.383475159936044
11.573429906207002
11.628664489253456
11.155544104611735
11.754186293718279
11.260291518196926
11.17972629804014
11.464302725216353
11.32706861362201
11.492987077048026
11.222775730078476
11.236163287235643
11.345593015420873
11.529606473751596
11.337626795240833
11.801439046357602
9.334744729599809
6.538790542934208
3.644924189258892
0.5015940858136426
-0.8638019382061843
1.21387945803419
1.4865859978771148
2.2477296452277207
1.995043440069861
3.0824204316922157
4.418455975952499
5.0711655748477185
4.968967148480845
4.542667611495314
5.727383902418987
4.9750637390674095
5.120462928554567
5.194016186859209
4.791247209639547
3.497648787580035
3.633819433402106
3.140621556998329
4.600629899950921
4.75363686841898
4.788128588543854
6.013152843865161
7.142551128212397
7.378704298154273
7.293166123894316
7.022361420174329
6.7967933309767306
8.131839238616333
7.919658435977483
7.854688857489804
8.527923984086199
8.233131065421395
8.605335447813312
8.074023177930378
8.277390871566801
8.34278913678635
8.036853511593966
7.758168322302009
8.21339151403048
7.741713274641346
8.646600531047318
8.547878744439553
9.3464435570702
9.486309362818101
9.506761816061596
9.875069060814178
9.452427780669769
9.364107775691807
10.029426026286114
9.64858272711992
9.74525555518419
10.053361939406779
10.231887374215985
10.726745847755964
10.585935709944748
9.581980278039067
10.213562831520779
9.87127032304775
10.626972418879856
10.291059493872375
9.902927505622825
10.839669168737567
10.852660624141055
10.672553645878404
10.658713465617918
11.633206381463598
11.221884987948508
10.374390926550731
9.726190257163973
10.554654018082296
10.287177299877715
11.019359573581427
10.980026327190087
11.228853448850852
11.428040503094987
11.419171550707478
11.074969525900377
11.788261075430919
12.276583818236466
13.172588021760271
12.717013663405108
12.016405883278761
11.68165401870493
13.603676966688981
14.116123413696114
13.777732179934418
13.758356022487485
12.61898466976671
11.836564793766218
11.536814987969509
12.452390068651829
12.065455330770925
12.621434135075518
10.158269626430537
14.619985186025193
14.67167037185801
14.585003463760676
14.68476896825291
12.782215704065438
12.531751026789294
14.545179190098589
14.687818292389379
14.571365217951374
14.609420583938162
14.621714304416628
14.480747416854337
14.99766208356202
14.722711247811803
15.0465338820515
14.951442504732768
15.041196740446612
15.306906018628556
15.173123143506885
15.242867622090937
15.849825657224459
15.311586033496226
13.160805238434406
5.667649085256673
-0.3276107197854281
-5.659278674741024
-5.780504054792113
-5.51223883158962
-4.723994445743843
-2.506218268010991
-1.2951522054821407
1.090079541040632
3.2725332452751017
3.9818538334495925
5.1660344673631355
6.385021957579644
6.674782044692416
8.234463185847257
11.720444801928911
13.641425164992617
13.437753282572649
13.677343620698435
13.324256384470381
14.179351480304089
13.952438505605716
14.582267346191452
14.735779243407356
14.498083672596145
14.75854276089445
14.635871141114992
15.392044626256007
14.710138638210221
14.849735517265385
14.578775316447958
14.944054085053413
15.34066255565676
15.53072261290301
14.94689577530773
15.573554373910556
15.434804794329885
15.437190080790195
15.827460683488408
15.56047026344661
15.179874015122296
15.949360454087593
16.098837968721185
16.204539294540485
14.86795446088737
15.551538807254992
16.285268248575782
15.761438980571166
16.18074569346371
16.018501749023592
15.84416510007858
15.217648084400873
16.583144554054154
16.25741874676422
16.77024534546878
16.045132783419465
16.789605703526767
16.465445653344624
16.969422292444797
17.02110383877052
17.07252643450838
17.37547791270435
17.19505455202369
17.196273067361613
16.87424013565638
17.039355091755667
17.972956720953192
18.04413576987608
17.309404216873663
16.667606859466947
17.686496066315264
15.827270876659771
10.043916662549348
17.00474547691277
17.285952268144175
17.46247175184202
18.252306875380118
17.365131376143918
18.252630609790774
17.554237332436276
17.085903574150265
17.302220905908012
17.689417763903574
16.973851847440272
17.414847682595397
18.19909724451619
18.29564603768623
18.374466177875476
17.8731167303068
17.723113037885582
18.618191473690565
18.782976829478827
18.516618176977012
18.589741567882854
18.858864839811023
19.323328207520486
19.50466434633724
17.95083518931954
19.317618660389396
19.30868791105015
19.67577004060716
19.020000761331964
19.06388985911584
19.9896862471839
19.319047124112387
19.040779971632116
19.27041078322677
19.568286670043346
19.45480557527622
19.629947506163084
19.9583936373521
20.162527610384977
19.91954278681705
19.705160141337966
19.910772883372687
19.846064953004948
19.052234043276737
15.448210122536294
19.377005348046822
19.80989951361677
19.52547828052719
19.820122982708842
20.531028266073104
20.384362761465983
20.24603140596436
20.852403202107112
20.092209477523355
20.783947375494833
20.817268053751384
20.234654662068213
20.628711354500272
20.35149234555558
20.698079190331192
21.04398045857601
21.066004680073863
20.60256917356454
21.220603259955848
21.560083944631298
21.53433625518992
20.966607604746677
20.928353407802394
21.15122629857596
21.62724392811724
20.51593439156825
18.454212395514727
21.36410806773832
21.85716851619794
21.07242391689042
18.92582164426629
21.089744577149848
20.524712630255664
16.901246199610657
21.32356716587874
20.73880307108767
21.26479401097388
20.617901566292115
21.64197258467826
19.97860137828796
21.8775175380971
22.015465365279983
20.118427458143707
19.746770653307625
21.152084856374653
21.188791901672158
22.321311823440723
21.229507068852357
21.0642642404598
21.197406060315608
22.047073985844413
22.19614337445829
22.036857311037423
22.503295611841146
21.344713278131685
20.61017792129074
20.860735764875788
21.61387118765021
21.258757932392598
19.428279408975957
21.717623350565468
21.44973381112416
19.938683329979455
21.983441918022937
20.636900113915484
19.419800107069502
21.740094218669377
21.635027079337124
20.083436214243463
22.02381559640098
20.96265140770708
20.90481761015894
18.67159859237411
21.76974212517122
21.596826590536054
21.91145400499062
22.111040883271606
20.138979774821596
21.506946888226427
21.078372777218362
21.814948168587843
21.19817542805837
21.778507018432656
21.002602965369803
20.681262217528317
20.353529955670783
19.159499927880212
20.511919284997486
21.935083891672907
21.79347488117176
22.378091607446862
21.68786092557578
21.582327639686294
21.371677968652875
20.948554112542617
21.899112447267452
21.701501036474795
20.459415209402547
15.009206475359115
20.802341517374888
19.44745633628445
18.444405267735455
20.21508578856861
15.549100145451982
20.064115489915572
19.54283127975474
15.31959843595957
18.42643497918717
19.22972930145376
16.26517855449136
17.806233408351563
17.095486270872104
10.2969431915986
-1.5728392155056459
-0.10198938605209779
3.7102445930794214
-3.663101300824579
-0.7983827268622257
-2.6558213792602214
-0.5656795562268503
-0.21916364729015383
0.48734956768246207
1.3140998886765973
1.3156892077046305
1.1581150384324719
1.4483148590086834
2.779217296233818
3.177106486720493
3.627239100350864
3.6594425352570936
3.890784332191549
4.196843140002383
4.269737889106652
4.650749304584999
5.434511998338722
5.327460594690686
5.611027632500738
5.805895879218651
6.275065895810563
7.152065810884826
8.098264562566403
8.43978146873678
8.5413459846974
8.935378716596098
9.619194711274748
9.923844142381752
9.946980996359736
9.900724462079301
10.384431617090959
10.501088639380924
10.601020943114868
10.754112355755915
10.972266704411185
10.89678830579333
10.656100491325505
11.206649435377326
10.813647378123001
11.519093238447894
11.034460503818776
11.06132915899625
10.507227801666032
11.4788522486904
11.232924379906324
11.741756828117206
11.534528316065881
11.140341013526216
11.945580448495825
11.732585174311167
11.895621803205486
12.057562407451
11.701419985785783
11.887878952424543
12.080134641168383
11.726398007749292
12.000841734440511
12.19004863899689
12.51648170379174
12.494417286884767
12.249278468802244
12.539210823801476
12.618467892381501
12.491244923098858
12.425786208720519
12.392422646800075
12.536787469188784
12.512232239200141
12.202154973142664
13.070218566497951
12.534715152749387
12.559778467484845
12.941004259090523
12.993951525743343
13.095262526265056
13.037457706612814
12.990418724746768
13.016319921212038
12.8156454343128
13.2260707205002
12.305804411965397
11.243477218153346
6.599877196616672
13.302862702969632
13.552229419936731
13.453019484166797
13.258992590789784
13.239089187571114
11.899987217048556
13.075968626170786
11.494605701336637
7.351693342012757
2.074814142777714
1.8675823082783862
2.83180686333064
3.1550069321968612
4.224320347188607
6.494105726408712
9.025889692168493
9.956531596598815
10.241072674976518
10.350454590772564
10.693652731310557
11.202228135032565
11.151238696376124
11.446566185374179
10.95339601741043
11.538087606633965
11.48673571502833
11.031521245351676
11.177366756878328
11.663066877087333
11.87699298369657
11.804693625538606
12.087547978338566
11.883182014245
12.084836113049246
12.080835098083652
12.223231624428132
12.192725668295909
12.31639337897737
12.501110683132417
12.4666427956083
12.632583679286249
12.598976181553518
12.106451642864217
12.37965193545433
12.179315634208393
11.009829556160247
7.329044433090463
2.8552624149297774
5.624592988709452
0.5255898246636765
-0.27350434080035135
0.8360518965136914
1.7981722627707881
2.4233832726877793
2.822206327782532
3.0165002758874873
3.1935391396273
3.5023586160352087
4.254676541661685
4.656872769746235
4.690994469424061
5.299075688717159
5.597393182872485
6.2160869340673734
5.860944500198793
5.955402462293827
6.653403527150145
6.246202640611004
7.108643228414914
6.879175317683845
6.9844789018250415
7.253480728609468
7.319266121723959
7.824797777338461
7.427184789692813
7.996163361533607
7.732288545327436
8.144096716434648
8.418436425451631
8.659976085697501
8.470884471280314
8.084117973148064
8.273114358670767
8.746914575760366
8.270302354651792
9.13279388149368
9.078044703835381
9.070387641433078
8.9915298334447
8.999023347445414
8.832460046990196
9.561661602686698
9.503209197495453
9.077003622945835
9.473472932743807
9.695698390813446
9.343071536678119
9.407586561211
9.112186649251752
6.639987825548525
6.42492720816866
7.697207228515463
9.841164945981527
9.486396232206534
9.584443115066984
9.452667099104323
9.476260033531496
9.444506916246198
7.600274030645218
9.444009875035466
9.582463038404034
9.972799664976534
9.686937622957716
9.27559422241625
7.3771776434607705
3.348070406404847
0.9930915769402439
-0.09168944419993982
0.24334163106362
0.7118161144994674
1.3698021736632355
1.8104587988861527
2.3197519261450323
2.8301295997814533
3.1825246075693183
3.2383636336102852
3.2358572815740723
3.3714470677816317
3.3741841140428397
3.563781902325685
3.5939138245870192
3.487040299490809
3.4533079200659724
4.3943832047568465
4.733388263723402
4.588931478253796
4.626974544851113
4.37688779313548
4.36711026636757
4.888481377838078
5.050478070919749
5.261387764903078
5.324878536166796
5.571171478644115
5.746337524339472
5.63906074442168
6.405111114601939
6.4058132439135065
6.711399853835048
6.4789782362603985
7.035910730970986
7.172554225907676
7.2703094142388744
7.383208307235848
6.863512569801933
7.150899308295986
7.693980013130514
7.945928274285814
7.737676071351545
8.0174367868649
8.184640282074845
8.13868645929869
7.905005097129297
8.106341127705479
8.218613994928264
8.496989175122948
8.562206722493185
8.67811678344373
8.844797719826216
8.666787705163813
8.463520104591645
8.276363539102725
8.849993880284549
8.82390176600446
9.30476559748767
8.861396312327162
9.279253992028199
9.379980230753402
9.497952012393222
9.83410524310787
9.644271572037578
9.61600102965985
9.816603092339037
9.47153582273105
9.026730287337529
9.311494342164714
9.439851572484724
9.779837272830362
9.880895056006853
9.870901486643284
9.944676128154946
8.965021429673659
9.407292882539544
9.704982916091252
10.048866480626886
9.916609814502475
10.209083979365522
10.169182191306172
9.905740407478755
10.006621861818253
10.03636378800344
10.011252585776536
10.040068766384273
10.064583865214171
10.394001407809947
10.208739926372509
10.533533228769269
10.625257199474483
9.888441470866958
10.565970949514307
10.223193729052493
10.202537917521164
10.141968148798822
9.523418767225916
8.10464210403753
4.759043547587595
2.6341654175077918
3.5360303803758524
-1.197849026888532
-3.447157525291731
2.867327399287864
3.674892637481289
3.7478311582803543
4.042660373181177
4.713355065895508
5.581475796944814
5.895995181971714
6.064872171676297
6.471778202410567
6.149402397039973
4.319561754826026
4.346504393720326
5.345715092804141
6.714882329013077
8.730309439701058
8.671765860424056
8.717058500148624
8.667162710709263
8.339486100193016
8.499545518019932
8.465192905183386
8.85377871171885
8.622944616079115
8.508869652991299
8.998600592412288
8.911781986347712
9.093535755158573
8.981764172848543
9.12980635149693
9.434328518396121
9.566519049380132
9.442783436357269
9.656381917046325
9.578158908906081
9.849576161593887
9.601523931709172
9.7562556261543
9.729453054238839
9.89440017513657
9.889136884810654
9.907692092569214
10.270180379622461
9.981120866188197
9.990598496682695
10.106796812452615
10.268747050761263
10.467914421502869
10.564867298596862
10.681634331842956
10.839134940480788
10.630289724884353
10.692854541544667
11.099529537360954
11.287133670725787
11.195479857246637
11.234468761726347
10.630029348420164
10.615265143937963
11.078548749525613
11.573025843945285
10.835374088014182
11.341414267394157
11.459896164460915
11.30291837080278
11.732122163578811
11.791847338445326
11.853854122159994
11.56162915043375
11.810757374560371
11.669972065542131
11.499666013405488
11.195548042384235
9.680542793068623
8.409148498461425
9.118638513803482
9.149350239024661
8.292775528698115
7.9753245684905885
7.841098890735781
9.741300585678344
10.091601191474526
9.619048447212384
9.245323036766179
8.314111817750014
9.190992478150601
7.498246670887875
9.90136047499139
8.315265253707421
8.69512357852571
9.182380703096744
8.368372292790712
9.299765365508142
9.201922239396044
6.108783454018853
7.113469421708213
4.6501368959688385
5.339517707012463
4.067655113676692
7.7412878590218925
7.369656171632646
1.3766373515634465
3.886903602958656
9.71764389568305
7.187463305765466
3.4099064636309735
0.7286832450125484
0.9917848804116333
1.5314376124971611
2.817472454560835
4.63644167135598
4.963681733745908
4.935296160731166
5.667686666171852
5.839250056152682
6.579649484710805
6.858988021640058
6.379974764285213
6.654698917705158
7.097717451571305
7.596924630086563
7.563944867607926
7.731106889543404
8.030045386351953
8.659904801293733
8.410480105422103
8.63988409256439
8.725389273095825
