3.9549692721457603
3.9549692721457603
3.9549692721457603
3.9549692721457603
3.9549692721457603
3.9549692721457603
3.9549692721457603
3.9549692721457603
3.9549692721457603
3.9549692721457603
3.9549692721457603
3.9549692721457603
5.018887426503415
3.8165369369517155
5.051625518265785
4.83604354386895
4.83604354386895
4.298995953345159
4.192582192152571
4.192582192152571
4.192582192152571
4.192582192152571
4.192582192152571
4.192582192152571
4.192582192152571
4.192582192152571
4.192582192152571
4.192582192152571
4.192582192152571
4.192582192152571
4.192582192152571
4.192582192152571
4.192582192152571
4.192582192152571
3.9956797127552868
3.9956797127552868
3.9956797127552868
3.9956797127552868
3.9956797127552868
3.9956797127552868
3.9956797127552868
3.9956797127552868
3.9956797127552868
3.9956797127552868
3.9956797127552868
3.9956797127552868
3.9956797127552868
4.473922735270455
4.39952204640708
4.39952204640708
4.413319034257834
4.413319034257834
4.413319034257834
4.413319034257834
3.6176930984658515
3.879703433566071
4.111335718903471
3.9614941594615356
3.9614941594615356
3.9614941594615356
3.9614941594615356
4.1167308237985765
3.8592433110606965
3.8592433110606965
3.8592433110606965
3.8592433110606965
3.7232023335242292
3.7232023335242292
3.7043337997529786
4.0590460541516205
4.0858807821288385
4.3920685860363395
4.3920685860363395
3.8541633729083973
3.8541633729083973
3.8541633729083973
3.8541633729083973
3.8541633729083973
3.8541633729083973
3.8541633729083973
3.8541633729083973
3.8541633729083973
3.8541633729083973
3.8541633729083973
3.8541633729083973
3.8541633729083973
3.8541633729083973
3.8541633729083973
3.8541633729083973
3.8541633729083973
3.8541633729083973
3.8541633729083973
3.8541633729083973
3.8541633729083973
3.8541633729083973
3.8541633729083973
3.8541633729083973
3.8541633729083973
3.8541633729083973
3.8541633729083973
3.8541633729083973
3.8541633729083973
3.8541633729083973
3.8541633729083973
3.8541633729083973
3.8541633729083973
3.8541633729083973
4.063558795826548
3.7682332589439858
3.8750281458050484
4.200545927004095
3.799762484097215
4.916826627994382
4.626717469247547
4.182756292920134
4.182756292920134
4.182756292920134
4.182756292920134
4.016119988541617
3.498715217866657
3.7004260091801404
3.7004260091801404
3.7004260091801404
3.99062786802477
3.99062786802477
3.96734427215926
3.917306212152994
3.917306212152994
4.007484477935322
3.86429988753482
3.866321569479817
3.830113352045461
4.39747355073491
4.026978771022696
4.026978771022696
5.458500871836448
3.9474552114712047
4.039944987663196
3.9773413343935093
4.782553855753341
4.782553855753341
4.0686510316192415
4.7948310073146505
4.289451186636457
3.9909570417795397
4.1894524848470205
4.027797854852477
4.11650219921278
3.839469483202148
3.9899096890417987
5.05189719162539
4.483370621846196
4.483370621846196
4.483370621846196
4.483370621846196
4.483370621846196
4.483370621846196
4.483370621846196
3.752307424980672
4.980843802440317
4.664242068834948
4.664242068834948
4.664242068834948
4.664242068834948
4.664242068834948
3.8250025327919674
3.8250025327919674
3.8250025327919674
3.8250025327919674
3.8250025327919674
3.8250025327919674
3.8250025327919674
3.8250025327919674
3.8250025327919674
3.8250025327919674
3.8250025327919674
3.8250025327919674
3.8250025327919674
3.8250025327919674
3.8250025327919674
3.8250025327919674
4.2837468439806665
4.322145921356357
3.6682158398873366
4.078115070247309
3.9120660221823407
3.917996622018154
4.035924969550763
4.661680278121547
3.9023627833159447
4.436608387360349
4.198681957835882
4.216618378558017
4.742023415629287
4.465700645382325
4.007825891486561
3.6183401878624117
4.257717414824635
5.0888932028888
3.8274541407169362
3.675203965627036
3.874065479278964
3.874065479278964
4.274714509113263
4.518482899751111
4.204943954907009
3.9719613912808844
3.7667611488054353
3.7667611488054353
3.7667611488054353
5.033224076621582
3.8517674539756745
3.8517674539756745
3.8517674539756745
4.765490362652114
4.3549705196329125
4.3549705196329125
4.3549705196329125
3.5504012295982896
5.258354971208265
4.163635102769275
4.163635102769275
4.163635102769275
4.036318803787793
5.117772387449547
5.117772387449547
4.897524228944507
4.109201900871467
4.158866066838224
3.6489043642660235
3.8371799863728704
3.8371799863728704
3.8371799863728704
3.8371799863728704
3.8371799863728704
3.8371799863728704
3.8371799863728704
3.8371799863728704
3.8371799863728704
3.8371799863728704
3.8371799863728704
3.8371799863728704
3.8371799863728704
3.8371799863728704
3.8371799863728704
3.8371799863728704
3.8371799863728704
3.8371799863728704
3.8371799863728704
3.8371799863728704
3.8371799863728704
3.8371799863728704
3.8371799863728704
3.8371799863728704
3.8371799863728704
3.8371799863728704
3.8371799863728704
3.8371799863728704
3.8371799863728704
3.8371799863728704
3.8371799863728704
3.8371799863728704
3.8371799863728704
3.8371799863728704
3.8371799863728704
3.8371799863728704
3.8371799863728704
3.8371799863728704
3.8371799863728704
3.8371799863728704
3.8371799863728704
3.8371799863728704
3.8371799863728704
3.8371799863728704
3.8371799863728704
3.8371799863728704
3.8371799863728704
3.8371799863728704
3.8371799863728704
3.8371799863728704
3.8371799863728704
3.8371799863728704
3.8371799863728704
3.8371799863728704
3.8371799863728704
3.8371799863728704
3.8371799863728704
3.8371799863728704
3.8371799863728704
3.8371799863728704
3.8371799863728704
3.8371799863728704
3.8371799863728704
3.8371799863728704
3.8371799863728704
3.8371799863728704
3.8371799863728704
3.8371799863728704
3.8371799863728704
3.8371799863728704
3.8371799863728704
3.8371799863728704
3.8371799863728704
3.8371799863728704
3.8371799863728704
3.8371799863728704
3.8371799863728704
3.8371799863728704
3.8371799863728704
3.8371799863728704
3.8371799863728704
3.8371799863728704
3.8371799863728704
3.8371799863728704
3.8371799863728704
3.8371799863728704
3.8371799863728704
3.8371799863728704
3.8371799863728704
3.8371799863728704
3.8371799863728704
3.8371799863728704
3.8371799863728704
3.8371799863728704
3.8371799863728704
3.8371799863728704
3.8371799863728704
3.8371799863728704
3.8371799863728704
3.8371799863728704
3.8371799863728704
3.8371799863728704
3.8371799863728704
3.8371799863728704
3.8371799863728704
3.8371799863728704
3.8371799863728704
3.8371799863728704
3.8371799863728704
3.8371799863728704
3.8371799863728704
3.8371799863728704
3.8371799863728704
3.8371799863728704
3.8371799863728704
3.8371799863728704
3.8371799863728704
3.8371799863728704
3.8371799863728704
3.8371799863728704
3.8371799863728704
3.8371799863728704
3.8371799863728704
3.8371799863728704
3.8371799863728704
3.8371799863728704
3.8371799863728704
3.8371799863728704
3.8371799863728704
3.8371799863728704
3.8371799863728704
3.8371799863728704
3.8371799863728704
3.8371799863728704
3.8371799863728704
3.8371799863728704
3.8371799863728704
3.8371799863728704
3.8371799863728704
3.8371799863728704
3.8371799863728704
3.8371799863728704
3.8371799863728704
3.8371799863728704
3.8371799863728704
3.8371799863728704
3.8371799863728704
3.8371799863728704
3.8371799863728704
3.8371799863728704
3.8371799863728704
3.8371799863728704
3.8371799863728704
3.8371799863728704
3.8371799863728704
3.8371799863728704
3.8371799863728704
3.8371799863728704
3.8371799863728704
3.8371799863728704
3.8371799863728704
3.8371799863728704
3.8371799863728704
3.8371799863728704
3.8371799863728704
3.8371799863728704
3.8371799863728704
3.8371799863728704
3.8371799863728704
3.8371799863728704
3.8371799863728704
3.8371799863728704
3.8371799863728704
3.8371799863728704
3.8371799863728704
3.8371799863728704
3.8371799863728704
3.8371799863728704
3.8371799863728704
3.8371799863728704
3.8371799863728704
3.8371799863728704
3.8371799863728704
3.8371799863728704
3.8371799863728704
3.8371799863728704
3.8371799863728704
3.8371799863728704
3.8371799863728704
3.8371799863728704
3.8371799863728704
3.8371799863728704
3.8371799863728704
4.556179923033335
4.556179923033335
4.556179923033335
4.556179923033335
3.825532506266769
5.247236437928072
3.5918125893911013
3.5510970415731293
4.615507712138829
4.883426218162308
4.602699692534123
3.5962846567611457
3.305585848839603
2.8373505673717325
3.1662924508989603
3.2964046486641143
3.7233192436672997
2.9491639821867572
2.6483649125959356
2.86592175381241
3.4656447078582815
4.709806304864803
4.620344047230601
2.7214746720195038
2.7222201693460946
4.802070506997119
3.5565342582098323
4.708562893747391
2.632864436292941
2.8695248310234884
3.243539750402144
3.527769723836961
3.1302272627430128
2.5122600002995608
5.938287620012595
4.65466597649155
2.8220222064604457
3.8383478933844453
2.059603063618294
2.9592879402312757
3.9540901328364093
1.7338205096010029
3.4055621610717113
2.740698971139464
6.704729287469859
3.5117482828803546
3.5117482828803546
3.501356380046346
3.8706973413039307
3.3950653899151195
3.400693444213763
3.8921248857848667
3.8921248857848667
4.381925124985617
3.384421123391057
3.091609584929518
3.326216843826824
4.2751960561597055
4.382499740370233
5.178179942447212
4.357124394440008
4.357124394440008
4.246987465359366
5.836150975298935
4.588918624556213
4.043614072795545
5.862785124985617
6.002681481765667
4.708117915052268
5.08375199495563
6.559515939626632
4.690309401920224
5.773275086373564
5.11331271762959
7.56991727587719
4.967414473300973
5.9562086882434
