3.353600000000001
3.353600000000001
3.353600000000001
3.353600000000001
3.6423000000000023
3.6423000000000023
3.6423000000000023
3.6423000000000023
3.6423000000000023
1.99502
1.99502
1.99502
1.99502
3.089900000000001
3.089900000000001
3.089900000000001
3.089900000000001
3.089900000000001
3.089900000000001
3.089900000000001
3.089900000000001
3.089900000000001
3.089900000000001
3.089900000000001
3.089900000000001
3.089900000000001
3.089900000000001
3.089900000000001
3.089900000000001
3.089900000000001
3.089900000000001
3.089900000000001
3.089900000000001
5.507700000000005
5.507700000000005
5.507700000000005
4.942500000000004
4.942500000000004
4.942500000000004
4.942500000000004
4.942500000000004
4.942500000000004
4.942500000000004
4.942500000000004
4.942500000000004
1.3921999999999999
1.3921999999999999
1.3921999999999999
1.3921999999999999
1.3921999999999999
1.3921999999999999
1.3921999999999999
1.3921999999999999
1.3921999999999999
1.3921999999999999
1.3921999999999999
1.3921999999999999
1.3921999999999999
1.3921999999999999
1.3921999999999999
1.3921999999999999
1.3921999999999999
1.3921999999999999
1.3921999999999999
1.3921999999999999
1.3921999999999999
1.3921999999999999
1.3921999999999999
1.3921999999999999
1.3921999999999999
1.3921999999999999
1.3921999999999999
1.3921999999999999
1.3921999999999999
1.3921999999999999
1.3921999999999999
1.3921999999999999
1.3921999999999999
1.3921999999999999
1.3921999999999999
1.3921999999999999
1.3921999999999999
1.3921999999999999
1.3921999999999999
1.3921999999999999
1.3921999999999999
1.3921999999999999
1.3921999999999999
1.3921999999999999
1.3921999999999999
1.3921999999999999
1.3921999999999999
1.3921999999999999
1.3921999999999999
1.3921999999999999
1.3921999999999999
1.3921999999999999
1.3921999999999999
1.3921999999999999
1.3921999999999999
1.3921999999999999
1.3921999999999999
1.3921999999999999
1.3921999999999999
1.3921999999999999
1.3921999999999999
1.3921999999999999
1.3921999999999999
1.3921999999999999
1.3921999999999999
1.3921999999999999
1.3921999999999999
1.3921999999999999
1.3921999999999999
1.3921999999999999
1.3921999999999999
5.640400000000006
5.640400000000006
5.640400000000006
5.640400000000006
5.640400000000006
5.640400000000006
5.640400000000006
5.640400000000006
5.640400000000006
5.640400000000006
5.640400000000006
5.640400000000006
5.640400000000006
5.640400000000006
5.640400000000006
5.640400000000006
5.640400000000006
5.640400000000006
5.640400000000006
5.640400000000006
5.640400000000006
5.640400000000006
5.640400000000006
5.640400000000006
5.640400000000006
5.640400000000006
5.640400000000006
5.640400000000006
5.640400000000006
5.640400000000006
5.640400000000006
5.640400000000006
5.640400000000006
5.640400000000006
5.640400000000006
5.640400000000006
5.640400000000006
5.640400000000006
5.640400000000006
5.640400000000006
5.640400000000006
5.640400000000006
5.640400000000006
5.640400000000006
5.640400000000006
5.640400000000006
5.640400000000006
5.640400000000006
5.640400000000006
5.640400000000006
5.640400000000006
5.640400000000006
5.640400000000006
5.640400000000006
5.640400000000006
5.640400000000006
5.640400000000006
5.640400000000006
5.640400000000006
5.640400000000006
5.640400000000006
5.640400000000006
5.640400000000006
5.640400000000006
5.640400000000006
5.640400000000006
5.640400000000006
5.640400000000006
4.560500000000004
4.560500000000004
4.560500000000004
4.560500000000004
4.560500000000004
4.560500000000004
4.560500000000004
4.560500000000004
4.560500000000004
4.560500000000004
4.560500000000004
4.560500000000004
4.560500000000004
4.560500000000004
4.560500000000004
4.560500000000004
4.560500000000004
4.560500000000004
4.560500000000004
4.560500000000004
4.560500000000004
4.560500000000004
4.560500000000004
4.560500000000004
1.2688000000000001
1.2688000000000001
1.2688000000000001
1.2688000000000001
1.2688000000000001
1.2688000000000001
1.2688000000000001
1.2688000000000001
1.2688000000000001
1.2688000000000001
1.2688000000000001
1.2688000000000001
1.2688000000000001
1.2688000000000001
1.2688000000000001
1.2688000000000001
1.2688000000000001
1.2688000000000001
1.2688000000000001
1.2688000000000001
1.2688000000000001
1.2688000000000001
1.2688000000000001
1.2688000000000001
1.2688000000000001
1.2688000000000001
1.2688000000000001
1.2688000000000001
1.2688000000000001
1.2688000000000001
1.2688000000000001
1.2688000000000001
1.2688000000000001
1.2688000000000001
1.2688000000000001
1.2688000000000001
1.2688000000000001
1.2688000000000001
1.2688000000000001
1.2688000000000001
1.2688000000000001
1.2688000000000001
1.2688000000000001
1.2688000000000001
1.2688000000000001
1.2688000000000001
1.2688000000000001
1.2688000000000001
1.2688000000000001
1.2688000000000001
1.2688000000000001
1.2688000000000001
1.2688000000000001
1.2688000000000001
1.2688000000000001
1.2688000000000001
1.2688000000000001
1.2688000000000001
1.2688000000000001
1.2688000000000001
1.2688000000000001
1.2688000000000001
1.2688000000000001
1.2688000000000001
1.2688000000000001
1.2688000000000001
1.2688000000000001
1.2688000000000001
1.2688000000000001
1.2688000000000001
1.2688000000000001
1.2688000000000001
1.2688000000000001
1.2688000000000001
1.2688000000000001
1.2688000000000001
1.2688000000000001
1.2688000000000001
1.2688000000000001
1.2688000000000001
1.2688000000000001
1.2688000000000001
1.2688000000000001
1.2688000000000001
1.2688000000000001
1.2688000000000001
1.2688000000000001
1.2688000000000001
1.2688000000000001
1.2688000000000001
1.2688000000000001
1.2688000000000001
1.2688000000000001
1.2688000000000001
1.2688000000000001
1.2688000000000001
1.2688000000000001
1.2688000000000001
1.2688000000000001
1.2688000000000001
1.2688000000000001
1.2688000000000001
1.2688000000000001
1.2688000000000001
1.2688000000000001
1.2688000000000001
1.2688000000000001
1.2688000000000001
1.2688000000000001
1.2688000000000001
1.2688000000000001
1.2688000000000001
1.2688000000000001
1.2688000000000001
1.2688000000000001
1.4990999999999999
1.4990999999999999
1.4990999999999999
1.4990999999999999
1.4990999999999999
1.4990999999999999
1.4990999999999999
1.4990999999999999
1.4990999999999999
1.4990999999999999
1.4990999999999999
1.4990999999999999
1.4990999999999999
1.4990999999999999
1.4990999999999999
1.4990999999999999
1.4990999999999999
1.4990999999999999
1.4990999999999999
1.4990999999999999
1.4990999999999999
1.4990999999999999
1.4990999999999999
1.4990999999999999
1.4990999999999999
1.4990999999999999
1.4990999999999999
4.0035000000000025
6.620200000000008
4.354100000000003
4.354100000000003
4.354100000000003
4.354100000000003
3.0690000000000017
3.0690000000000017
3.0690000000000017
3.0690000000000017
3.0690000000000017
3.0690000000000017
3.0690000000000017
3.0690000000000017
3.0690000000000017
3.0690000000000017
3.0690000000000017
3.0690000000000017
3.0690000000000017
3.0690000000000017
3.0690000000000017
3.0690000000000017
3.0690000000000017
3.0690000000000017
3.0690000000000017
3.0690000000000017
3.0690000000000017
3.0690000000000017
3.0690000000000017
3.0690000000000017
3.0690000000000017
3.0690000000000017
3.0690000000000017
3.0690000000000017
3.7155000000000022
3.7155000000000022
3.7155000000000022
7.401300000000007
7.401300000000007
7.401300000000007
7.401300000000007
7.401300000000007
7.401300000000007
5.452200000000005
5.452200000000005
5.452200000000005
5.452200000000005
5.452200000000005
5.452200000000005
5.452200000000005
5.452200000000005
5.452200000000005
5.452200000000005
5.452200000000005
2.7692000000000014
2.7692000000000014
2.7692000000000014
2.3791
2.3791
2.3791
2.3791
2.3791
2.3791
2.3791
2.3791
2.3791
2.3791
2.3791
2.3791
6.942800000000006
3.802900000000002
3.802900000000002
3.802900000000002
3.802900000000002
3.802900000000002
3.802900000000002
3.802900000000002
3.802900000000002
3.802900000000002
3.802900000000002
3.802900000000002
3.802900000000002
3.802900000000002
3.802900000000002
3.802900000000002
3.802900000000002
3.802900000000002
3.802900000000002
3.802900000000002
3.802900000000002
3.802900000000002
3.802900000000002
7.177300000000007
7.177300000000007
7.177300000000007
7.177300000000007
2.657800000000001
2.657800000000001
2.657800000000001
2.657800000000001
2.657800000000001
2.657800000000001
2.657800000000001
2.657800000000001
2.657800000000001
2.657800000000001
2.657800000000001
2.657800000000001
2.657800000000001
2.657800000000001
2.657800000000001
2.657800000000001
2.657800000000001
2.657800000000001
3.325400000000002
3.325400000000002
3.325400000000002
3.325400000000002
3.325400000000002
3.325400000000002
3.325400000000002
3.325400000000002
3.325400000000002
3.325400000000002
3.325400000000002
3.325400000000002
3.325400000000002
3.325400000000002
3.325400000000002
3.325400000000002
3.325400000000002
2.613900000000001
4.9310000000000045
2.6512000000000002
3.958000000000003
3.958000000000003
3.8511000000000024
1.5361
1.5361
1.5361
1.5361
1.5361
1.5361
1.5361
4.744200000000005
2.3168000000000006
0.15280000000000016
2.2637
1.3083
0.7364000000000002
