3.7056484563141403
3.7056484563141403
3.7056484563141403
3.7056484563141403
3.7313441654230246
3.661677823594368
3.573849672416033
3.688776953608766
3.688776953608766
3.688776953608766
3.688776953608766
3.688776953608766
3.688776953608766
3.688776953608766
3.688776953608766
3.688776953608766
3.688776953608766
3.5183226789594624
3.5183226789594624
3.5183226789594624
3.9553009994379202
3.9553009994379202
3.7094774678807187
3.7094774678807187
3.7094774678807187
3.7094774678807187
3.7094774678807187
3.571733734400228
3.746091105982467
3.600308919153818
3.600308919153818
3.600308919153818
3.600308919153818
3.600308919153818
3.600308919153818
3.600308919153818
3.600308919153818
3.600308919153818
3.600308919153818
3.600308919153818
3.600308919153818
3.600308919153818
3.600308919153818
3.571837780643005
3.5929196024859618
3.610038758855543
3.610038758855543
3.610038758855543
3.610038758855543
3.610038758855543
3.610038758855543
3.610038758855543
3.610038758855543
3.610038758855543
3.610038758855543
3.610038758855543
3.610038758855543
3.610038758855543
3.610038758855543
3.610038758855543
3.610038758855543
3.610038758855543
3.610038758855543
3.610038758855543
3.610038758855543
3.610038758855543
3.610038758855543
3.610038758855543
3.610038758855543
3.610038758855543
3.610038758855543
3.610038758855543
3.610038758855543
3.610038758855543
3.610038758855543
3.610038758855543
3.610038758855543
3.610038758855543
3.610038758855543
3.610038758855543
3.610038758855543
3.610038758855543
3.610038758855543
3.610038758855543
3.610038758855543
3.610038758855543
3.7047377613444805
3.7047377613444805
3.7047377613444805
3.7047377613444805
3.7047377613444805
3.7047377613444805
3.7047377613444805
3.7047377613444805
3.7047377613444805
3.7047377613444805
3.7047377613444805
3.726722619231791
3.726722619231791
3.726722619231791
3.726722619231791
3.726722619231791
3.726722619231791
3.726722619231791
3.726722619231791
3.726722619231791
3.726722619231791
3.726722619231791
3.726722619231791
3.726722619231791
3.726722619231791
3.726722619231791
3.726722619231791
3.726722619231791
3.726722619231791
3.726722619231791
3.726722619231791
3.726722619231791
3.726722619231791
3.726722619231791
3.726722619231791
3.543692792740673
3.543692792740673
3.543692792740673
3.543692792740673
3.852103061162328
4.8228877280842966
4.8228877280842966
4.8228877280842966
3.5506632219458867
3.5506632219458867
3.5506632219458867
3.6442244526185084
3.6442244526185084
3.6442244526185084
3.811882066992492
3.811882066992492
3.724710234906336
3.645751333255193
3.6518520727831802
3.6518520727831802
3.6518520727831802
3.520112046427853
3.7968156116700733
3.5913008308875582
3.5913008308875582
3.9459596753984556
3.6407123915811983
3.6658027713171313
4.022051943826627
3.904901809100096
3.4893386065612724
3.6594252050258005
3.6594252050258005
3.6594252050258005
3.6594252050258005
3.6594252050258005
3.6594252050258005
3.6594252050258005
3.6594252050258005
3.6594252050258005
3.6594252050258005
3.6134746859342446
3.6134746859342446
3.5621612309956605
3.4833152372904017
3.4833152372904017
3.5054433480525713
3.9571186165700833
3.725247924164284
3.5944512762445298
3.5944512762445298
3.5944512762445298
3.5944512762445298
3.9317300895996388
3.900088832805616
3.8653578547339134
3.464575982126882
3.7665377920816336
3.6296700472232306
3.7580494804162576
3.382997450877646
3.4820335386879684
3.696011948335629
3.5370631252406017
3.5370631252406017
3.549908623668215
3.549908623668215
3.6208161016627587
3.6840484835698337
3.4509046988968493
3.7662335248030834
3.7662335248030834
3.501022316968511
3.589475196033124
3.689210060143946
3.666010642760366
4.240233867478565
3.64513085922922
3.64513085922922
3.64513085922922
3.631720395138334
3.4414973846078754
3.7091940278639903
3.3012889092508946
3.676482368486271
3.618842361528067
3.6672409820658576
3.473009406717501
3.473009406717501
3.473009406717501
3.577771617904008
3.794432037005005
3.6839972292868453
3.6860245303095223
3.701675735598201
3.8324489276755855
3.7707690417036623
3.792089598009408
3.8483860994858112
3.8569829118124126
4.075292738402007
4.075292738402007
3.5679036490021625
3.5679036490021625
3.5679036490021625
4.013458056321083
3.8266537114352204
3.8266537114352204
4.038127656335027
3.4553149738430076
3.6893748056562945
3.6893748056562945
3.6894604573882237
3.9733106595452545
3.5387502750849773
3.7382009774222453
3.8823017144098095
3.9193911857467922
3.9873074649106615
3.529027400585404
3.8590260273757497
3.8590260273757497
4.072817815180317
3.418669410605043
3.8168890013743413
3.7797269767240094
3.8829448509051634
3.7836073768094716
3.7791006231206214
5.037045245566815
3.8043854922991676
3.2892224923059494
3.702475919907979
3.45243115293062
4.069604219473699
3.8960782229312283
3.8960782229312283
3.8960782229312283
3.7944039556328164
4.088585046094316
4.085671166921527
3.8097041360450667
3.5171152389183042
3.5171152389183042
4.148146293514068
3.6531691279084537
4.364958992958537
3.8167708237558413
3.8167708237558413
3.8167708237558413
3.8167708237558413
3.9526526126134023
3.360774307684797
3.9358306813156148
3.8003645001594926
3.785832089224596
3.726644942799288
3.8735137006901557
3.8022209595024474
3.8025905356624516
3.7819776884499827
4.206860813101873
4.044397384460738
3.8098947837554977
4.013611341309855
3.616673131860077
3.726904754483508
4.012030093770221
4.139158463624823
4.239724016690016
4.19769113769058
3.8275919141884156
3.8458783200795885
4.696666791427926
4.3122575112498645
3.7766971003977865
3.7954799323239836
3.8309140797598884
3.8309140797598884
4.299969308654402
3.9961550045838647
3.8553689607876223
4.138750099773942
3.743885777053751
3.8441568871042566
3.9912698282807266
4.030305491471071
3.798691378071333
4.525656542960442
4.452808435592354
4.211708900163968
3.366525457725701
3.9106763842293235
3.9106763842293235
4.1236531731933175
4.567792018073565
4.5355047967162605
3.987116424975648
4.331852608808877
4.473616995449129
4.028879951956062
3.8041273247276353
3.9889453033938507
4.030952119640604
3.5423376778774553
4.063244648811802
4.217422873005701
3.398828253526972
4.593973466037365
3.4426973921293254
3.8956537180947466
4.307386406213921
4.691399891376731
4.389348020714045
3.6242922372253927
4.584474858098329
4.584474858098329
4.584474858098329
4.357327835075211
4.3486293353329275
4.604120365578535
4.308260193492108
3.573667538781171
4.292542263559426
4.496885470654835
3.527271464510614
4.466348313657127
4.6484637096596035
4.336359143543978
4.325219505534928
3.3123365893956285
4.493099785134931
4.83090070585637
4.938771202504342
3.730776739001673
4.5607244662197575
3.479873058681738
3.3067483523753953
4.7584469431925385
3.7502021806909847
5.116392820709786
4.689683659465537
3.4051070345995322
3.6954626546972333
3.2445969041311304
3.8092003912771997
5.238066655337992
3.3684475303631576
3.7649032426168656
3.285312412815994
3.4863920533947867
3.648641654064704
3.710660206100904
3.2312360644705596
3.239940854020631
3.2426499851194244
3.2803036489245656
3.4795787927277715
3.2803511394460596
3.2803511394460596
3.502231141035356
3.5878925253329
3.5878925253329
3.3588918073748406
3.538815309753579
3.331842560293417
3.4722648130406686
2.0222634506325274
3.808098329524186
3.821702368013762
3.6362088930622196
2.6086889109720417
2.7865320842561694
2.6517371924777695
2.6517371924777695
2.6517371924777695
4.04769934458667
2.5184070480840024
3.119817124775884
2.519014050024275
3.7216674229307802
2.7826303308213323
3.6144644114568685
2.5863064521935026
3.245971760010919
3.105484469032538
4.056082045475298
2.429476357619489
2.8516457281476626
2.8140802765174904
3.1355241070415882
2.576073803190635
2.8464775796961366
3.2950383151863845
3.032841654019598
3.1811484753483317
3.3432687500969873
3.101092722899061
3.4313846556528933
3.1236157378847604
3.3367725842097986
3.53224914077622
2.9681785510752974
3.282632224349534
2.2792592926283692
2.638026964453454
3.2297378589350743
2.761539431845984
1.6838312317375088
1.890710020279096
2.334769612542736
2.3693926652010315
3.0686213850473294
3.200495745378479
3.200495745378479
5.063899967808402
3.341779458948535
3.2459447531706793
3.1303380479941953
3.1303380479941953
3.025019841950824
3.1300236995332487
3.1300236995332487
1.605723046467979
3.9794929930491403
1.7549570386349824
3.774406616352892
2.863326390887801
2.29902196709088
2.734983411874161
3.141218048286161
4.979658893257639
4.979658893257639
2.6262922772372104
4.304609545687096
2.8624740645806526
3.3192175456870956
2.5295703941226826
3.1294144687640175
3.8669161265745284
3.953682407466248
3.8866450319006365
2.7475679189493913
3.686555891629144
3.040964730942676
3.040964730942676
3.669121765103238
2.133026909723803
4.064249344225768
3.9994887363041585
7.3284153846153846
4.828124953246316
2.685056946023222
2.08471079217707
5.75480363221806
4.15934855383611
6.145472550112207
4.091986191198748
4.81931319585463
3.7319094584952754
5.4193451282380725
4.512009155544663
4.141560975348332
4.711104761516315
3.745863859963717
3.745863859963717
5.7202128844022395
3.86104473256169
4.659082783494336
4.659082783494336
4.297121449629097
5.240866409721756
4.224462961931054
4.691877984920524
4.26404626552848
4.835442524524877
4.303382611790982
4.303382611790982
5.956568751555961
