4.526182491802142
4.526182491802142
4.439434772438567
4.879282208107028
4.485744232561448
4.610052522299878
4.610052522299878
5.131257097286857
5.131257097286857
4.917989612720861
4.917989612720861
3.776884292309699
4.2501459908032055
4.2501459908032055
3.4378741907722494
4.999781757920342
4.999781757920342
4.999781757920342
4.999781757920342
4.999781757920342
4.999781757920342
4.999781757920342
4.999781757920342
4.999781757920342
4.999781757920342
4.999781757920342
4.999781757920342
4.999781757920342
4.999781757920342
4.999781757920342
4.590236920999769
4.753183794119437
4.263794544922691
4.462849969289902
4.416318269161332
4.286270315960259
4.286270315960259
4.538278518275733
4.941920255178196
4.941920255178196
4.941920255178196
4.941920255178196
5.023952149259961
5.718602870413807
5.718602870413807
5.526224744345682
4.431499362002453
5.193803047173732
5.193803047173732
5.050937256872102
5.141294738267475
3.745424569970517
3.745424569970517
3.745424569970517
3.745424569970517
3.745424569970517
3.745424569970517
3.745424569970517
4.281241700382023
4.884617852744082
4.884617852744082
3.6746651323346864
4.674848613387152
5.509516007952444
4.082280760344672
4.082280760344672
4.082280760344672
4.082280760344672
4.082280760344672
5.0809864303636445
3.9625959230300953
3.9625959230300953
3.9625959230300953
3.9625959230300953
3.9625959230300953
3.9625959230300953
3.9625959230300953
4.7251256433098145
4.098632878911226
4.4106784641334205
4.160711996240012
5.514381340449688
5.830034998337059
5.830034998337059
3.9259082008336073
3.862694291650614
3.9121871058375657
3.9121871058375657
3.6898380176995804
4.153589489814896
3.2098884919640156
3.125559344284751
4.072367601028132
4.072367601028132
3.701381532757381
5.393735535439025
3.3777479268879524
5.040885620496121
3.9824323172577234
4.189101017935188
4.099780799656323
4.099780799656323
4.099780799656323
4.099780799656323
4.099780799656323
4.099780799656323
4.099780799656323
4.581334879756342
3.5823731505015477
3.8055776395030465
3.8055776395030465
7.020709284004126
3.7216573825321637
3.7216573825321637
3.7216573825321637
5.321872100244082
5.321872100244082
5.321872100244082
3.5841568730780047
3.82044016746155
5.307886500872801
5.129548726246134
4.46477431309972
3.569411284250723
5.402016736427223
4.971652234606019
5.483497142535727
3.9358689584941953
3.6375420234890257
3.6375420234890257
3.6375420234890257
4.6622062471649794
3.863461343703694
3.863461343703694
3.863461343703694
5.360698211550183
5.360698211550183
5.360698211550183
3.2977662100936183
3.7372524835778904
4.304321539101958
4.304321539101958
4.304321539101958
4.814608183737646
4.531511900547743
3.808906260111362
3.653903025277934
3.653903025277934
3.653903025277934
3.653903025277934
3.8232223521593554
2.6359551870496816
3.946308139157071
3.5687829894997583
3.5687829894997583
3.5687829894997583
3.835169747719302
4.06541398111863
4.738968050033348
3.7790952184346738
3.5438999252340952
3.6527760206379316
3.6527760206379316
3.9098897630752694
3.9098897630752694
5.361794342451557
3.5645511286759604
4.093120994672574
3.8101387628199195
3.6075845633602093
3.6075845633602093
5.652281070822266
3.506716799875429
5.87257417862289
5.539774782011997
5.539774782011997
5.539774782011997
3.8852472860726923
3.8852472860726923
5.84541325852973
3.479637306862714
3.819920755553465
5.551607554858399
4.3815319869661575
5.357838607062524
5.357838607062524
5.357838607062524
5.357838607062524
3.7914031816259337
4.42506000064042
4.42506000064042
4.42506000064042
4.42506000064042
3.525877224358383
4.863329138731245
2.9654551225165626
5.516373615200964
5.516373615200964
5.516373615200964
5.516373615200964
4.238125916996339
4.044692608973767
4.565196423253951
4.508665746701587
3.1869403684411166
5.336562694099908
5.496290804486843
5.496290804486843
4.403843787982946
4.6947103598038735
4.6947103598038735
5.406216591147405
3.3841217668502193
3.3841217668502193
4.8889411507005835
4.511660192607253
4.511660192607253
3.4404977990530643
5.940472307606344
2.2604293222367886
5.460295216032744
5.460295216032744
5.066472026197432
3.5033731443328966
4.9184520577040285
3.9082275557792636
3.4617483485036145
3.283321816404918
4.613259712501406
2.6929261730222542
3.4281338430091086
3.4281338430091086
3.4281338430091086
3.7096627039343986
4.350895961838022
2.9739430404921343
2.9739430404921343
4.1159473760589735
3.6797445419016164
5.2028198347014065
3.7633870258258106
4.032940428168155
4.043206432521792
5.467889025652692
4.2054611541457145
4.2054611541457145
4.2054611541457145
3.8594101861016155
4.5836545458503855
4.5836545458503855
4.380633890620893
2.908986228629299
6.0180501934680795
3.658385790897851
3.5659814404089545
3.2657683053117577
5.116483697598678
3.383526810042075
4.359607529549223
4.329091877896816
4.329091877896816
4.329091877896816
4.329091877896816
5.770754978391089
3.690024784730708
5.6039761983132
3.2739286794374305
6.390544633125284
3.882310376417527
2.9549266388736406
2.4927433359687416
4.8556013847050785
4.541485747611153
3.361885930921196
4.068888275279291
3.9902431241542544
5.461580333662371
5.091888230722402
5.5228746292219535
4.7099588392314224
3.1221075920216714
4.258410487735894
4.258410487735894
4.063988914860333
4.063988914860333
3.020067039731197
3.020067039731197
4.378395263436957
2.7216796156841756
3.7681065150552815
4.464829607500507
4.383723392670078
3.7225355508926254
4.886120259045666
4.886120259045666
4.767667951002122
5.43202616068063
3.3420292896634614
5.17988297628221
4.58288954672949
5.214747558203005
3.4443375834993883
4.243618767675072
4.179639427078574
4.287505381062457
4.207720396242091
4.414446272680444
5.180465275299724
4.278651646242091
4.278651646242091
4.278651646242091
3.617097092423017
4.670031391802766
4.346136649793725
3.837323683087842
3.6214908471427663
3.6396827791842394
5.6440831281206565
3.921077150666415
3.6781320708424925
5.6537117591965655
4.355519684091104
5.780312563890025
6.594599742195317
4.422490994572297
3.7849409984501117
4.329751863853426
4.504102203340603
3.9733160838222767
4.703974615684174
4.304295880794349
4.304295880794349
3.9462536328107074
4.356645322396179
4.246314777946596
3.583531246269171
3.583531246269171
4.669802488074969
3.4541661974234437
3.92712724626917
3.8526489492743554
6.3131457710229855
3.8093888645892378
3.880049417155611
5.067461924518999
4.951050577222637
5.147382710233169
4.553530955834304
4.6122941337141246
4.078337400115325
4.078337400115325
4.44556033415613
4.503479848720011
3.950593770728693
4.338588310038428
2.2953530644036384
4.5219118187252185
3.644614015933648
3.10329840611762
4.000424391948478
4.377020688836549
4.886451346453406
3.38910886329451
3.437498836471942
4.449401458974821
5.5569829417453604
5.62462104020857
5.479663261032911
5.228185182262823
3.700586433459141
3.700586433459141
4.450266791081008
4.727332491802141
5.120295435019251
4.517534474061224
4.532703534454392
4.142145369021076
4.140285021842613
2.995875611257084
4.818613139712405
5.768206697948392
4.623191133795245
5.859271539461978
5.918212282985928
3.7293983702589015
3.7293983702589015
3.7293983702589015
5.931423133660348
3.6511836130387323
3.862825127080246
3.6975832129559887
3.2968681203020944
4.992605960737052
4.24650398899886
2.5064839310717417
3.9805866153074136
4.30113659664279
5.379743425637896
4.589705492395938
5.018979375206529
5.244689709685476
5.284644674278845
5.247111821668149
2.9079150261606674
4.400232127143281
4.95705022219305
3.5661183637597347
4.406115152315726
4.406115152315726
6.437081879484467
4.705576370537326
4.546070994693291
4.946766469806412
5.106579193605672
4.67707039624209
4.444345605543832
2.620756663447157
5.556012364429578
6.139105100089445
4.628445724050662
5.526617379864047
4.836050421255742
4.903165815975608
4.560010467314546
2.745569631927502
6.043634336447838
4.707663337063034
4.959696323192247
4.39703801390881
4.730118366901314
4.6855372568721005
4.282276225981344
4.385984809227218
4.509309351071325
5.788802822592336
4.921725681624376
5.450728656765849
6.410516386032911
4.532065951545796
5.605333153249847
5.415023242120532
2.232253784860374
5.853156760033975
2.9550671998698714
3.6017583446066546
5.302848500631558
4.993618587676206
3.3235948016798256
4.407190576121668
4.937444209961949
6.857805979259796
5.629178224581861
5.684852936981855
5.2555758682004186
3.041735978150415
5.908586239309994
4.0665984214267406
4.7905000738954655
4.816195058264442
5.564622516897497
7.502397852931355
4.427933707981568
5.335340147197467
3.2481791080254876
4.915476892621826
4.351480115558061
6.574948889755479
5.982164477212338
7.5286157695526335
5.232012767993214
3.948183509433969
6.963984615384615
4.991517946610896
5.3908197608410635
5.624308403832242
4.569269486263904
4.286564721063224
6.58165677689055
3.626882465137159
4.809011481461941
4.208726131975467
5.429214758586799
5.07800933870797
4.954304256176847
4.729953323388706
6.159502958309671
6.986921800714064
6.0307958395538215
7.3346193831316455
5.674278250044982
5.9953072912214065
5.986910553159279
5.402278333699458
4.61520933103072
5.436897387187759
5.542186924314867
5.15112071842463
5.4277730613627115
4.719234273572997
6.963800277406955
