4.687660865981879
4.014032750488943
4.531486177141295
4.531486177141295
3.4209752933358244
4.504916946372065
4.10848534131952
4.801568550402721
4.801568550402721
3.707018767144855
3.3456725521805426
4.484847335617507
4.332317835094284
4.332317835094284
4.034733846697247
4.392318655773773
4.333205031411336
4.185020874079045
2.851729333848688
4.555799654781541
4.726501734708038
4.557517668773972
2.6673918590863614
3.7495833688384863
3.7495833688384863
3.4129611395209913
3.401235011974668
2.9258166931707486
2.923158443023949
2.923158443023949
3.533629654970823
3.4303470769768687
4.8301743446085155
3.54527496526042
3.605014276181702
3.605014276181702
4.296253698508816
4.972539091928978
4.228155081877105
3.0751546291944862
3.075505291601564
3.5839254096628483
3.4272686314542895
3.813972477138451
3.041262785024432
3.7567283305544183
4.54059973203889
3.7689732695303295
4.137675005538404
3.0549529194842027
4.006997576767956
3.1341421177675244
3.1341421177675244
3.1341421177675244
3.1341421177675244
3.1341421177675244
4.380509657810232
4.380509657810232
4.380509657810232
4.678694803123319
4.59961720268991
5.053412103353796
3.4918668922424665
3.4918668922424665
3.4918668922424665
3.4918668922424665
3.4918668922424665
3.4918668922424665
4.3491773338529764
4.758911168016705
2.850136250921752
2.986901329040993
4.514243004324952
4.71444989889679
4.175236306434691
3.4535975092457143
3.4535975092457143
3.5968083104802995
4.174333573167548
2.8929368428633566
3.5834727634539583
3.3577073509595294
3.5343841795507194
3.7448304594295214
3.731184831208326
5.204609427015731
2.4149899334817633
3.2842814432295846
3.2842814432295846
3.931116591147406
4.000737169999548
4.138947466586016
4.108198082461483
4.108198082461483
3.3104485105372765
4.641608028637896
4.641608028637896
4.641608028637896
4.690584684160301
3.830018437923613
4.3978190472306
4.745928753017912
4.757099334619086
5.218756500318249
4.5917326605106705
4.5917326605106705
4.5917326605106705
3.605448739785319
4.147659451070242
3.017222533479929
5.23485139591009
5.23485139591009
5.23485139591009
5.23485139591009
5.23485139591009
3.1515244917524363
2.0374917258809333
2.0374917258809333
3.1590533548761073
4.557406000786415
4.557406000786415
3.3731493225640685
3.4002105450648568
3.4002105450648568
3.61629697033161
3.61629697033161
4.255078394860933
4.151757633645893
4.151757633645893
4.151757633645893
4.151757633645893
3.333029162195648
3.2111906890172044
4.7716855632091955
4.378008943524518
4.22044362043217
4.22044362043217
4.361690621846195
4.361690621846195
4.361690621846195
4.361690621846195
4.361690621846195
4.361690621846195
4.361690621846195
4.361690621846195
4.361690621846195
4.361690621846195
3.8669387431893467
5.25456931712562
3.1087450803531897
4.321781047380828
3.376483752766367
3.742633558909132
3.8957826325610965
4.356006459211813
4.006087509057035
4.509746140108126
3.1344989265070353
4.748342206565839
4.998970482976869
3.9359494149988095
4.3165790268390225
3.9199824734493642
4.759212771407861
4.759212771407861
3.4511463079139544
3.5815918167083964
4.706229369822443
4.775628680148135
2.5639814264935854
2.5639814264935854
2.5639814264935854
2.5639814264935854
4.487498853723468
4.136085122876537
4.265589535444487
4.645019336356739
4.359184760908679
4.359184760908679
4.359184760908679
4.359184760908679
4.6412120784868645
3.4109852416001143
3.760325630275693
3.605793706534901
4.332471784914479
2.9075226244770196
2.82232834265265
2.82232834265265
3.8831862167344386
3.9896328586291556
2.965791651025695
4.411784032342908
3.7261052690756475
3.8816536204321688
4.022204707075155
4.022204707075155
3.866695158893708
3.866695158893708
3.866695158893708
3.866695158893708
4.429864048419622
4.429864048419622
3.5606636198874515
3.886046372921415
5.49072655263209
4.034970385537277
3.7636821665411393
3.7636821665411393
3.7636821665411393
2.4232364928078525
2.4232364928078525
2.4232364928078525
2.4232364928078525
4.013864570502632
3.7674059939332594
5.25425508774243
3.109757489533214
4.815281621106408
5.490345365224721
2.919931108587228
3.380522458133324
3.380522458133324
3.730792645110763
3.511610960637096
3.511610960637096
2.545730154834562
2.545730154834562
3.919400005917754
2.331109110816989
2.331109110816989
2.331109110816989
4.12618876680761
5.263894724149843
4.317149832102518
2.398546539903613
4.714884819319015
4.90616453571596
3.9373313364228855
4.7817289375208
4.047569708363348
3.297760675364688
2.9266076268058523
4.307281465802133
3.392941692673439
2.31459480148623
4.919922957195152
2.3341212120274033
2.3341212120274033
3.7119715939574345
4.859858759414101
3.6234851508891612
2.2906448630527034
2.2906448630527034
5.267143951002122
2.566201192966842
3.1527742205547717
4.535643628839203
5.697500359171765
3.2331899504033075
3.0363686308845557
3.8195125599237922
4.458110919301786
4.458110919301786
2.841362285595581
3.2648398890719124
4.225408474578488
4.154879433035006
4.154879433035006
4.154879433035006
4.154879433035006
3.5999054941822326
2.4900124102803343
2.4900124102803343
5.393597352485002
2.8819606330269867
4.626466322909671
4.538001913460528
2.5821602583848
3.82256961625329
5.07721817519318
2.9917651612246257
4.468592408424373
4.568207954274463
3.7932614330272925
3.240605836645103
2.787249794769096
5.0710121040327
3.747234535773954
2.969762552462484
2.969762552462484
3.8597016798147825
3.243340948524951
5.258998082461481
2.410363747517792
3.381187008546049
3.381187008546049
4.635969851922043
3.418152849119635
5.120646585185743
3.5066139970395316
4.368579106700276
3.9191015198471906
3.96643918317106
4.1124711123695
5.344689467739586
4.032766458521412
4.032766458521412
4.256661582038829
4.253261513512028
5.348417016806772
2.8556643602276193
4.3429109193017865
5.86298452224868
3.916434052469846
4.310389066855958
4.063317650173489
2.727082750488943
3.8839768810744477
4.604487163645677
4.151342516039211
2.6228202294429828
5.48678452224868
5.701718390476152
2.9830002234392623
2.4859708727136614
4.3988606061651705
3.994277921500858
3.3926967065843545
3.0025397078076326
3.6612956362402445
4.461322100549674
3.9252752335337906
4.762415721849902
3.393844906369324
5.190814831573947
4.031284576883213
5.752914080636462
4.488874301987337
2.7682728227122606
3.2411110993986005
4.141566767186877
4.608542370097943
4.529581704356274
4.529581704356274
4.529581704356274
5.520963461838021
2.810324606612431
3.4459900285999367
4.413753560162154
3.6526810000856305
4.540368943524518
3.248260098699138
2.863566791081009
4.219079379516991
4.188581639193603
3.9042928740790455
4.94991304608862
2.9734278152704317
4.160000740649958
5.3329035937999265
5.717765116654275
4.801840950143767
4.367003913563665
3.1068286258961244
4.164192471872116
4.028361594328485
4.032155767126918
2.8619697610002053
3.0487137656903442
2.726735893678333
4.520391359786918
5.056086083593373
2.2111006183347897
4.96600324626917
5.408687605783115
3.1816930068991995
5.294299084516107
4.9697275990089995
5.652503859051914
4.520469013643716
3.6599391367817784
4.3066708481998255
3.3464592670983064
3.4839253793644183
6.0025167709093346
5.458081950517524
5.1065230462129785
3.0422492075633656
4.857450401954866
3.703448658403671
3.6418083915145845
2.340769868776457
4.301458184717364
5.094654127740189
5.591940713820401
3.8002017860200095
3.6710928512014007
5.7490725819522694
3.148773463330677
2.668902468764017
5.969591787652182
1.0284255677733025
5.01003566435959
1.4118824618647459
6.168871552271409
4.132203706726298
5.649830537505374
5.649830537505374
3.428323353440568
5.597149450341312
4.585323065160088
2.9526232779998303
2.357539696345844
1.0
1.0
3.6984749465850717
2.819257491806697
3.6774413910769645
6.127617555297655
4.5794254690062415
5.267823212829359
5.115674336407504
3.834849450341311
4.3568905119423285
3.4902292607178262
4.819097303228843
2.2971261306012423
2.811426340232533
3.25636277326892
2.995875611257084
2.987430873973471
3.503930941056691
4.263875719566469
2.7197692003141345
3.3877834329015464
4.01979868818016
3.758435420615922
3.3327968944400075
3.7319677160787332
3.006787807865753
3.9734935976069323
4.776543424580758
4.67835617412525
3.524015354160288
4.347107661852596
4.9835561929392505
3.6395999695449035
4.08999868818016
4.054249346327292
3.4080007280794575
3.4080007280794575
4.439847832658927
6.667815384615385
4.454823315651808
2.024908090732948
5.337382845197682
5.036973554632356
3.788560135906283
5.406574374513415
6.294288390655846
5.180508701241036
5.792121838594429
4.360809705259008
5.753531122672242
4.172209386957551
4.798574592342365
5.632688071218919
4.304139826498559
4.822707699233302
4.114412767488782
5.412162471250442
4.892332760210538
3.5369144903423297
2.974596514008306
5.089915138299339
3.949221811565618
4.262569086635711
4.0075299165417775
4.702789079764697
5.725059836351978
3.190000060373423
4.2557327488155
4.2031947810730275
5.025596519938381
4.8086754094743736
5.621245475703814
4.1141202810296775
4.881419381473919
5.2776886979573865
6.530272177003577
4.7254562190935205
5.2707214801238695
4.825236213640075
4.1715535381950595
4.229853495203773
4.229853495203773
6.440917196838841
6.163949845441115
4.241366989008682
