2.705543808398927
2.92890087597614
3.9995964063155007
3.428701690473713
2.7419515477260994
4.459048847946063
4.264710166627381
4.6989287454131325
2.5770095094436805
4.416438396346251
3.3310063297317365
4.179290278691942
4.179290278691942
3.3454284579855322
3.152485702481412
3.0023642276936915
3.0551863122980487
2.6680720257967465
4.115970667578571
4.115970667578571
4.115970667578571
4.603695322828134
4.348822776759713
2.4871157864209064
2.9370424144376788
4.802442714150304
4.622783768699342
4.156176030072013
4.156176030072013
2.767475210070076
4.2979310457482605
3.981453613854187
4.103955779241103
3.4339815449117044
3.4339815449117044
3.2410278910620622
5.2486817935694265
3.1083536899271422
4.367741225639235
5.265776618324253
4.171989156003324
4.171989156003324
3.167501818725218
3.017333128622113
3.017333128622113
3.017333128622113
4.3618321852827595
3.0189924279944034
3.0189924279944034
3.0189924279944034
3.0189924279944034
2.7131602779433788
2.7131602779433788
4.369524155038602
4.161072992023026
2.5837996156841747
2.737424487173696
2.737424487173696
2.737424487173696
2.737424487173696
2.737424487173696
2.737424487173696
2.737424487173696
2.737424487173696
2.737424487173696
3.003418794481008
3.6088463123735623
2.5255692122872606
2.728254737069342
3.9244817003820227
2.5508607808574766
4.912428008267952
3.3713941710268696
3.169808392336895
3.9266931862797234
4.403899617176831
4.403899617176831
4.403899617176831
2.46172057705153
2.94829356873608
2.2706088775659516
3.7613846350263795
4.250162275844097
2.827650511053264
4.00339428300552
4.00339428300552
4.00339428300552
3.967856603735635
4.299305789047311
3.5228587376623306
4.068779925234093
3.4439197770750427
3.4439197770750427
4.6286736530447445
4.6286736530447445
3.219506340430499
3.219506340430499
4.2033008713779445
4.37787082596804
3.1141887880640526
3.454651950266401
2.9587068958664133
2.9587068958664133
2.9587068958664133
2.9587068958664133
2.9587068958664133
4.229433901306553
2.6220545720887483
4.237831750666421
3.4845152037493756
4.275807251417525
4.004991511251028
4.004991511251028
4.004991511251028
4.004991511251028
4.004991511251028
4.004991511251028
4.004991511251028
2.71251444050006
3.4342233977354573
2.9913028831563953
2.873755745030458
2.30776921228726
4.290357900654596
3.007727080540808
3.1106491611951395
3.1106491611951395
2.8736578918305256
2.8736578918305256
2.8736578918305256
4.4907114797997405
4.4907114797997405
2.956681011440514
4.248599813626589
4.139812824642378
4.139812824642378
4.605299836957052
3.9308550825230153
3.9308550825230153
3.9308550825230153
4.728762173754804
3.1592118711233477
3.1592118711233477
3.1592118711233477
3.1592118711233477
3.1592118711233477
3.1592118711233477
3.1592118711233477
3.1592118711233477
3.1592118711233477
2.2482083770113217
2.7368031160437667
2.7368031160437667
3.397746691440596
3.412058650813713
2.2466108996321754
2.2466108996321754
2.2466108996321754
3.147963258372366
3.147963258372366
2.460940428168154
3.8597846397593614
3.2501157703198604
2.2549194302920625
4.977891924869139
3.3167105463058117
3.8422330094585826
3.8422330094585826
3.8422330094585826
3.893753827671876
3.2783571096612683
5.085620921819307
5.085620921819307
2.9750717683892827
3.6020859555113613
3.6020859555113613
3.033727671239732
3.513567201453009
3.513567201453009
4.084915084452021
3.7422017915477506
4.200108639261233
4.798051405991727
4.678074761229587
3.5889096332147954
3.0978761130693098
3.5459180699393613
2.526455571199728
5.7255233571867565
3.2265907343162388
3.2801575446626625
3.9828802622058355
4.015167958389294
2.9607374505006607
3.9182582841838576
3.9182582841838576
3.9182582841838576
4.173028847946061
4.173028847946061
4.173028847946061
5.069168068725219
3.059960201059731
3.659084062845018
4.129799933708622
5.0167577052057615
3.794413043379018
4.1075594834599425
4.802160490293993
3.586660918021079
3.586660918021079
5.248460616802141
4.122913627391968
3.703744439326826
4.484358153249847
4.2085363204735335
3.8566241653641855
4.004570771825728
3.9538728512014005
4.534097910516292
2.0038918515612583
4.562753251557433
2.385983604346814
3.0492945782210565
4.155112927073316
4.155112927073316
3.4709967299678217
3.325190017261228
4.320098514028993
3.1552032639727603
3.782370338428896
3.9666723720084622
2.612657610957724
3.748329354713471
3.748329354713471
3.748329354713471
4.4056852480869555
3.318853819695745
3.318853819695745
2.954615605771899
3.3212679458698817
4.279648383766027
4.279648383766027
3.787413313635507
4.546123769315543
4.546123769315543
4.546123769315543
4.634584830006674
3.994633204298321
3.994633204298321
3.5962821578425457
3.5962821578425457
4.4495385051157506
3.4774335198029025
3.2557168506566887
4.041427983609975
2.3516881847036295
4.062751522867231
2.9533933299573114
3.7436683558604216
2.670462238158077
2.670462238158077
3.3990167777214557
4.000333036770748
4.221656715628696
3.1574516589217563
3.1574516589217563
3.1574516589217563
3.2800703723211964
2.756740466945873
2.841417992395936
2.841417992395936
2.8491729292780477
3.647355811656386
4.27981874180214
4.27981874180214
4.030820599609884
4.030820599609884
4.525627089704304
3.5980831336603476
3.6774888600113975
3.7537577078467486
4.428492351269597
3.241418196495415
4.331060935858149
4.331060935858149
3.7977648175557146
3.7977648175557146
3.7977648175557146
4.4735932399807465
4.4735932399807465
3.4054775792728442
4.105110136032911
3.989116938856374
2.580904115561644
4.178245953340603
4.062310961838022
3.0801590469841624
3.704423206671901
4.5908595728951465
3.552557361591534
2.6187875261269813
4.983081585692714
4.295454244760721
3.978672652690234
3.780142855135322
2.6424463168700623
4.252071745722319
3.47989300126126
2.949133353090428
5.528233198287216
3.8056580965289246
3.845432881613217
3.618743465069633
3.726555406158158
3.027098388055462
5.6732432865595985
4.654840140403541
3.397734819319014
3.993092587955987
3.8446264703691178
3.8637419283512635
5.283146882800699
3.969509392689716
4.15599809673962
4.15599809673962
4.15599809673962
5.282104389662939
4.111949774202103
4.256412268294749
3.1844407847307092
3.9002083840839585
4.408124576534914
5.140160155916766
4.556579177616392
5.2156288516922515
4.444044116710085
3.7352443937870987
3.7179479642473527
4.640146695941393
3.9722810379152094
3.7648710414266153
4.803741165636884
4.803741165636884
4.803741165636884
3.9360051295825347
3.150538484484761
4.636011404775168
3.3849962901533646
5.088733273185136
3.679544901612057
4.473099727724964
5.186923908559482
3.6198454928356973
3.809532985643518
3.3474878788920366
3.624042443999519
5.631763275497539
4.5023492733851365
3.415303982461057
3.6896092149334887
3.267149857448551
4.2124411255372625
4.470647998781267
4.202893240265453
4.85557537709095
4.062961447930681
5.984113692765554
3.845370004136914
3.845370004136914
3.873941610596728
5.331187414028939
3.2625116105066105
4.28127720347488
3.3979602586944297
2.4603646028651767
4.927852877338008
4.697655232447797
3.6407892097012695
3.1751079929334
4.246809560013245
4.231865000811569
5.024565319161699
3.5290345374678074
4.423260635293266
4.0965629647074735
1.0
6.076324526982511
4.76079941061971
2.830653065887237
4.1984588469654165
3.5933688969792303
5.20797547708905
4.394931849596324
4.252536432538097
4.972925207349542
4.204075520648296
3.279241160761959
3.7506110314366055
6.115221864872214
5.065250576577352
4.752409287506502
4.5999526300291915
4.4931060860551835
3.8482536810127783
4.4618993275203405
5.565046242802353
3.1179928921284947
5.297538662615215
4.641618044811677
5.867586790938554
3.1389648419604432
3.220208059272018
5.390121700318893
4.928660357725656
5.45759569847713
5.875671785929082
4.734736215705291
4.008564296043328
2.7052995049174786
4.73649213864564
3.2478689534219694
4.710854022970855
5.007210901566475
5.360494541294166
4.073689390488957
3.612102374619206
5.266857152196106
4.530234284668455
5.427119843974433
4.937839096831728
5.575341088742155
2.9322842844217814
5.681114451454452
5.163601950517524
1.1765612788317714
4.329663209258782
4.59975139187865
4.479044666118168
1.5559458942163857
3.85832586660144
3.85832586660144
3.7501622099937846
5.975456392567828
2.0714049303024797
4.724943027801869
2.7734767937312164
3.3921369160007293
5.115887789058803
6.278197520526408
4.478224735686711
5.086879175358861
4.279786265657064
5.925322330910314
3.296773537289785
4.8139274484645345
5.2889040613627545
3.3371935312831322
3.4693237761299693
5.018946403020633
3.8621896124720774
3.4202216519055746
3.5152410453981195
3.2873637234101043
4.781520271008531
3.8221545023497665
3.006787807865753
1.610638898791791
3.583292277237211
4.076467311220435
4.538419581571381
3.7899031924811366
3.7899031924811366
4.9363731489681495
5.167720689980671
4.731066252110849
2.7031991390278574
3.5512438960404458
3.7773610399421598
4.649791161833926
6.963984615384615
3.941909981476843
3.9754804227728107
4.662807783783148
5.2913509323203165
5.2913509323203165
4.260678016263546
4.785865541669336
4.102074769817286
4.093526554300432
5.893465208386387
4.962292427048199
5.981486877206503
3.4272588837028977
4.528061892703344
4.528061892703344
3.0970800599997332
5.451386539624142
6.083232856099276
4.314561086419299
4.756488644726717
