7.492800000000006
7.077800000000005
6.245600000000005
6.737300000000005
8.390500000000003
7.069500000000005
7.069500000000005
6.687600000000005
6.687600000000005
6.687600000000005
6.687600000000005
6.687600000000005
11.472899999999983
9.0763
8.419300000000002
7.495600000000007
8.721120000000003
6.996020000000005
7.134900000000005
10.885999999999989
8.309600000000005
8.309600000000005
6.227000000000005
8.255500000000005
8.561600000000004
8.227200000000007
8.227200000000005
6.092700000000005
10.280999999999993
5.929000000000005
6.902290000000005
7.191000000000006
7.191000000000006
8.515900000000004
8.515900000000004
8.515900000000004
7.303700000000006
6.611400000000005
6.611400000000005
6.611400000000005
6.015420000000005
7.267600000000006
7.267600000000006
7.907800000000007
8.465300000000004
8.440300000000004
8.404900000000005
6.925020000000005
8.099600000000008
7.276500000000007
8.286600000000005
6.919820000000006
10.573199999999991
6.611400000000006
6.611400000000006
6.611400000000006
7.636200000000006
7.636200000000006
7.959700000000008
6.345700000000004
8.402800000000004
7.114800000000006
8.278500000000005
8.219300000000006
9.486899999999999
6.843620000000006
8.680100000000003
7.257920000000006
6.938100000000005
8.097400000000007
6.535200000000006
8.830300000000001
7.497100000000007
8.603900000000005
7.050900000000006
7.050900000000006
7.261100000000007
7.261100000000007
6.421620000000004
7.343800000000007
8.069700000000008
7.834300000000006
6.762700000000004
6.762700000000004
8.102400000000008
8.011900000000006
8.198500000000006
10.475499999999991
7.528000000000006
7.881600000000009
6.711300000000005
6.711300000000005
8.209800000000005
7.173500000000006
6.943500000000006
6.790000000000005
6.381900000000004
6.9561000000000055
7.441500000000006
8.167400000000004
6.586000000000005
6.586000000000005
7.192200000000006
6.381900000000004
7.639100000000006
6.953700000000007
6.953700000000007
7.457500000000007
5.994600000000005
6.179000000000005
6.179000000000005
6.179000000000005
9.501799999999998
8.591400000000004
7.678100000000007
7.478800000000007
7.797700000000007
4.7382000000000035
6.776000000000005
6.776000000000005
5.834700000000005
6.588500000000006
6.588500000000006
7.963800000000007
7.963800000000007
6.756500000000006
6.894200000000006
7.322900000000006
6.830500000000006
5.944700000000005
6.345100000000005
6.885300000000005
7.491800000000007
8.643300000000002
8.643300000000002
8.643300000000002
7.381300000000007
7.381300000000007
7.381300000000007
7.381300000000007
6.920100000000005
6.920100000000005
6.560200000000005
6.560200000000005
6.560200000000005
6.560200000000005
6.560200000000005
6.861500000000006
6.533700000000006
6.533700000000006
5.144500000000005
6.920100000000005
4.553100000000004
6.080200000000005
6.080200000000005
6.1459000000000055
6.489200000000005
6.489200000000005
7.823800000000007
7.742300000000006
5.940920000000005
5.616400000000006
5.923400000000005
5.6006000000000045
5.6006000000000045
6.848900000000006
6.848900000000006
6.848900000000006
6.699800000000006
6.699800000000006
6.699800000000006
6.699800000000006
5.0972000000000035
8.051800000000005
6.348400000000005
7.562400000000006
5.5240000000000045
5.5240000000000045
5.134400000000005
8.246800000000004
6.339400000000006
6.610340000000006
6.642140000000006
6.642140000000006
6.846100000000005
6.846100000000005
6.846100000000005
6.682800000000006
6.042100000000005
6.413000000000006
8.272900000000007
6.601600000000007
6.799400000000006
6.530000000000005
6.018500000000005
6.606600000000005
6.305300000000005
6.305300000000005
7.102000000000006
4.868200000000004
6.233800000000006
5.686100000000004
9.023499999999999
7.374000000000007
6.159400000000004
6.399220000000005
6.399220000000005
8.591400000000004
5.976200000000005
5.0210000000000035
7.034300000000006
5.878100000000005
8.051800000000007
6.690940000000006
5.609500000000005
7.679300000000006
8.314100000000005
6.581700000000004
6.0895000000000055
6.0895000000000055
6.747600000000006
5.960800000000004
5.578800000000004
6.090800000000005
6.090800000000005
6.090800000000005
6.546300000000006
5.309700000000004
6.229100000000005
5.672900000000005
7.819900000000008
7.536400000000007
6.430500000000006
6.387600000000005
9.758399999999995
6.2877000000000045
6.372100000000005
5.0602000000000045
6.744800000000005
6.557400000000006
7.208600000000007
6.735800000000006
6.735800000000006
6.735800000000006
6.735800000000006
5.533300000000005
7.445200000000007
7.777400000000007
5.731500000000005
7.153500000000007
6.146500000000005
6.146500000000005
5.413900000000004
6.660600000000006
7.159600000000006
7.159600000000006
7.159600000000006
8.051800000000007
5.731500000000004
8.451500000000005
8.267900000000004
5.952100000000005
8.116280000000007
5.003400000000004
6.406300000000004
6.268900000000006
7.415000000000007
4.702400000000004
5.2263000000000055
5.0385000000000035
5.0385000000000035
6.010900000000006
6.577300000000005
6.558700000000006
4.578200000000003
6.315100000000005
6.9302000000000055
5.770900000000005
6.597300000000006
5.7915000000000045
5.889200000000004
8.204500000000007
8.204500000000007
6.462000000000004
6.251000000000004
7.384300000000008
4.602800000000003
8.274900000000006
5.106200000000004
5.106200000000004
7.001700000000007
8.097900000000006
3.993000000000002
5.947900000000005
6.274700000000006
6.712900000000006
5.850800000000005
5.711200000000004
7.387300000000007
7.928000000000006
5.058100000000004
7.375300000000006
7.877800000000007
5.880500000000005
3.4952000000000023
5.923400000000005
7.496600000000006
6.324200000000005
5.564800000000005
5.415100000000004
6.120100000000004
6.120100000000004
5.911000000000005
6.545500000000005
7.541700000000007
7.567700000000007
5.309720000000004
6.976200000000007
7.627200000000006
6.411300000000005
6.890900000000006
6.656300000000006
8.235300000000008
7.272800000000007
7.272800000000007
5.549500000000005
5.9142000000000055
5.6124000000000045
5.6124000000000045
5.6124000000000045
6.062820000000005
3.9018000000000024
7.205200000000007
5.647200000000004
5.008600000000004
5.723800000000003
7.939500000000008
7.420300000000006
6.130700000000004
6.741400000000006
6.397500000000005
4.855300000000004
4.855300000000004
6.008100000000005
6.008100000000005
6.521000000000005
6.3982000000000046
6.062200000000004
8.144000000000007
5.377900000000004
7.601400000000006
5.986100000000005
8.023600000000005
5.465200000000004
5.021400000000003
6.208300000000005
4.325600000000002
5.096300000000005
6.296800000000005
5.366400000000004
6.157200000000005
7.460400000000009
5.668900000000004
4.790300000000004
5.986000000000005
5.992000000000005
4.759800000000005
6.154120000000005
4.953500000000004
7.221900000000006
6.569100000000006
6.499800000000005
6.150200000000005
6.078900000000005
6.620800000000005
6.444400000000005
6.993300000000007
3.9204000000000025
8.244700000000003
4.562100000000004
6.751000000000006
6.5353000000000065
7.605200000000006
3.746900000000003
5.893200000000005
3.650000000000002
5.496800000000005
5.235500000000004
6.411900000000005
7.244900000000006
7.979100000000004
5.341400000000004
5.094100000000005
5.298000000000004
4.311200000000004
6.095900000000005
3.669500000000002
5.155300000000004
6.590300000000005
4.172500000000003
6.500800000000005
6.028700000000004
4.8670000000000035
7.888800000000007
5.504800000000004
1.8256999999999999
6.348300000000005
5.5095000000000045
4.387500000000003
5.686900000000005
5.721520000000004
4.6463000000000045
6.075900000000005
6.535700000000006
5.088600000000004
2.4151000000000007
5.087900000000005
1.3921999999999999
4.395900000000003
2.1678999999999995
3.047500000000001
4.377000000000003
6.232600000000005
6.033600000000005
7.254800000000006
5.674000000000005
5.6242000000000045
4.395900000000003
5.082200000000005
3.362700000000003
4.541300000000004
5.120400000000004
3.1830000000000016
4.544780000000003
6.531320000000005
1.4990999999999999
4.6978000000000035
2.9777200000000015
2.7548000000000012
5.822400000000004
5.639000000000005
2.540400000000001
6.161100000000005
3.1701000000000015
5.612100000000005
1.428
1.428
1.5908
4.767700000000002
1.055
2.3047000000000004
2.546500000000001
7.445100000000005
7.891300000000006
1.1923
6.781700000000006
2.2118
1.532
0.37129999999999996
0.37129999999999996
1.1124
8.092800000000008
0.9907999999999999
0.5857
5.361400000000005
1.6556
0.4321
6.602100000000005
6.095700000000005
8.450300000000004
6.325620000000005
0.6361
6.316520000000005
7.837500000000007
6.078000000000005
5.419200000000004
6.298200000000006
7.1058000000000066
5.231200000000005
6.398200000000005
5.6886000000000045
7.438100000000006
8.472500000000004
7.640300000000006
5.780400000000005
6.811100000000005
6.1299000000000055
5.617100000000004
8.358300000000005
10.536999999999988
7.0620000000000065
5.984400000000004
6.665900000000006
6.537800000000006
6.942200000000006
6.362300000000004
6.298300000000006
7.196800000000005
6.499800000000006
6.921300000000007
