4.829504515048695
4.77864472926486
4.77864472926486
4.77864472926486
4.711147942507314
4.711896814498356
4.7262963358860866
4.699730592913742
4.707925859185931
4.707925859185931
4.707925859185931
4.707925859185931
4.707925859185931
4.707925859185931
4.707925859185931
4.707925859185931
4.707925859185931
4.707925859185931
4.707925859185931
4.707925859185931
4.7870329597776475
4.8122090914849185
4.709285430335941
4.603206305007846
4.603206305007846
4.751399231966995
4.7961913269779455
4.656738173139714
4.7641116580025
4.950893314807233
4.765780297055754
4.765780297055754
4.765780297055754
4.765780297055754
4.765780297055754
4.765780297055754
4.765780297055754
4.682740171141713
4.682740171141713
4.768864320724392
4.784294498239185
4.874423088224628
4.874423088224628
4.874423088224628
4.874423088224628
4.874423088224628
4.874423088224628
4.878545166146706
4.878545166146706
4.742457220132676
4.863763687819051
4.8173838473516115
4.8173838473516115
4.905725267469954
4.906593314807233
4.874350119540961
4.874350119540961
4.874350119540961
4.874350119540961
4.874350119540961
4.874350119540961
4.874350119540961
4.874350119540961
4.874350119540961
4.705447650394362
4.705447650394362
4.705447650394362
4.856680297055753
4.524415618475921
4.714317793519335
4.827696335886086
4.632755555757097
4.632755555757097
4.632755555757097
4.632755555757097
4.632755555757097
4.632755555757097
4.632755555757097
4.632755555757097
4.636439471841014
4.636439471841014
4.636439471841014
4.636439471841014
4.636439471841014
4.823662545576464
4.823662545576464
4.823662545576464
4.823662545576464
4.823662545576464
4.823662545576464
4.823662545576464
4.823662545576464
4.823662545576464
4.823662545576464
4.823662545576464
4.823662545576464
4.823662545576464
4.823662545576464
4.823662545576464
4.823662545576464
4.823662545576464
4.823662545576464
4.823662545576464
4.792724084038001
4.792724084038001
4.767334734925576
4.692319192120733
4.692319192120733
4.764609018647922
4.785265504156344
4.68702112545812
4.689613433150428
4.689613433150428
4.742494363415192
4.710285625687167
4.710285625687167
4.710285625687167
4.783889764511375
4.783889764511375
4.783889764511375
4.783889764511375
4.783889764511375
4.783889764511375
4.783889764511375
4.783889764511375
4.783889764511375
4.71657393737548
4.7875264509019075
4.7875264509019075
4.827737693505457
4.6230973998524405
4.619590922119646
4.631806509164181
4.741321989323529
5.034561790157243
4.642044980245652
4.681237693505458
4.699979990945556
4.6579727034961635
4.659080565529933
4.659080565529933
4.698728582730124
4.698728582730124
4.617549829002238
4.719223887425428
4.719223887425428
4.721176155043919
4.819939468653386
4.705161408757812
4.823136510073504
4.852575982933637
4.852575982933637
4.852575982933637
4.768974037930877
4.698051246006286
4.698051246006286
4.698051246006286
4.698051246006286
4.718891220092761
4.864036266249199
4.8979080204041
4.638196875644106
4.638196875644106
4.793171939373481
4.851325785527327
4.929328183129723
4.929328183129723
4.530482420095355
4.530482420095355
4.677488223089764
4.677488223089764
4.772728226049837
4.772728226049837
4.772728226049837
4.772728226049837
4.772728226049837
4.772728226049837
4.772728226049837
4.772728226049837
4.389189709311019
5.00838192938347
4.6096362662492005
4.6096362662492005
4.886730582321545
4.64491259871414
4.857160557747177
4.857160557747177
4.857160557747177
4.857160557747177
4.857160557747177
4.695045266046806
4.549268857342319
4.6827870759658
4.6827870759658
4.6827870759658
4.6110627844678245
4.6110627844678245
4.6110627844678245
4.6110627844678245
4.6110627844678245
4.6110627844678245
4.6110627844678245
4.6110627844678245
4.798925585727127
4.612441934265395
4.770000910402452
4.770000910402452
4.713799911401452
4.713799911401452
4.713799911401452
4.713799911401452
4.713799911401452
4.728189721591264
4.742463248064788
4.6578800312815725
4.9099553427020535
5.309987649827217
4.882847064248605
4.904357220132676
4.728006904408446
4.768820386518998
4.482271724691879
4.840204557410782
4.596517716450121
4.692390719690497
4.692390719690497
4.692390719690497
4.918472604748061
4.545915254911659
4.787941835517291
4.787941835517291
4.787941835517291
4.845989172795399
4.620019254911658
4.686996485680888
4.7686554449847485
4.823946964348506
4.8485913199928605
4.559580598233007
4.563312986896974
4.64308694721935
4.752850261051802
4.691682622524505
4.691682622524505
4.691682622524505
4.632451254911658
4.717176334977875
4.717176334977875
4.918412590076493
4.593313797515339
4.770663248064789
4.805668462736227
4.9343879893634455
4.89655189468889
4.7275963149978555
4.90995509216013
4.780843254911659
4.780843254911659
4.780843254911659
4.470709875631186
4.893996514798056
4.749186724588265
4.751136574738116
4.916537480824099
4.564752793373197
4.757966145167686
4.670439707544746
4.859946964348506
4.764188492969849
4.827440271041812
4.582320177988581
4.727054687301832
4.586102331834735
4.804763729008416
4.731231003091306
4.776755092160132
4.756631184629718
4.976592152746195
4.642389716450119
4.784983229811955
4.8203200076589106
4.815321488921265
4.707752558754101
4.763596914398456
4.964716195117736
4.705748337169647
4.894709536683843
4.79048123008277
4.737910933422909
4.827202190546878
4.645791372512683
4.739668047625719
4.739668047625719
4.789734376935917
4.695916485680889
4.740803742037961
4.664118947219349
4.5828768194981295
4.886048936109008
4.610396485680888
4.756325942362561
4.717063851771426
4.648534362054514
4.615119389527043
4.664499870296273
4.78005914017041
4.83072110064699
4.870217408757812
4.807307603709145
4.900115208298357
4.897047562603966
4.670960151161693
4.898472013032084
4.683278371512359
4.683598856920167
4.729270116703393
4.715314009743823
4.904714808759321
4.69902171645012
5.172946847151632
4.782183562603965
4.874286214215517
4.883954756556298
4.680485598318251
4.743419254911658
4.837582947219351
5.058761165034626
5.313516057816331
4.689497408757813
4.7221909472193495
4.702297408757811
4.755589302686447
4.737254261552796
4.757217408757812
4.687266840288149
4.687266840288149
4.570681872131689
4.848101598830901
4.848101598830901
5.374634074010665
5.374634074010665
5.499967858798049
4.865856454857996
4.551670694536468
4.748656752820902
4.795269841471382
4.713272434933108
4.563200031431387
4.860281408757812
5.254348536766366
4.659551485837724
5.388901078059247
4.856208331026528
4.714885922815089
4.822738357959668
4.6377828249536535
5.176746941215631
4.824736374937916
4.8991759353774755
5.187974633523325
4.740215213617621
4.903021101065505
4.65179315250439
4.32798733656915
5.314036787369478
4.732717593719135
5.269285402754094
4.751762024142428
5.3381457104464
4.584277694723051
5.622640069138884
4.275856232890219
5.5906571938367495
4.5185253327202535
4.239302253990724
5.254062018138709
5.296442468380066
4.277615272583889
1.8314193783583654
4.632043793530032
3.9681187391971795
4.8140904386815855
4.0391160598540505
4.155497679599166
4.130476683292342
3.6579882183250554
4.2361843976907565
3.9194532328555933
4.281104629454718
3.8481074421387245
3.948250668966245
3.902846760554775
3.952242028401102
3.810415668966245
4.129782678959462
3.956742607607259
3.9270301359990256
3.669972343397278
2.193820971496544
1.7470036018092845
4.0517156250500665
3.090965074839856
3.7500058557027947
4.724008093577417
2.0726765689938187
2.0726765689938187
2.0726765689938187
2.0726765689938187
3.864993480425732
1.2519458764988904
1.2519458764988904
1.2519458764988904
1.2519458764988904
3.785362817295759
3.867163984404513
3.3941031062418663
3.8431154853037564
2.1357039444779193
3.1545912022977376
3.1545912022977376
2.862429354998431
3.1157925116267062
3.1157925116267062
3.1157925116267062
3.333844393787098
3.7475520846916996
4.3115024837322995
3.7060713443427247
3.7060713443427247
2.9898357407959733
3.063872876417525
3.6264063599470573
3.8897009674272667
3.539103305648415
2.3205276995332493
2.9770306760948344
2.9770306760948344
2.9770306760948344
2.993618327440098
3.298104472369345
3.5382730218242173
2.5007272652028405
2.5007272652028405
2.5007272652028405
2.5007272652028405
3.0570382767215865
2.8568177390318983
2.8568177390318983
3.35445404992985
3.223961710287462
2.4166257267413016
4.053042631440943
2.9944732779998304
3.2655357999048755
3.2655357999048755
3.51936702224849
2.683188179439778
2.881487907946566
3.539813661437454
3.1817840472306003
2.323224242598874
3.187230161759625
2.5567379386589106
3.0387829488221074
3.0209880653944525
2.475542069185085
2.4380727236052913
2.7297532435504586
2.7021879914879534
3.158956821002775
3.2771163030615202
3.0561253740099144
2.4541858501919975
3.816052386258975
3.816052386258975
3.7780887373179493
3.737584584929518
3.9927877401457676
4.043614072795545
7.3284153846153846
5.250682325831016
5.518293622662817
6.030866135201451
6.298272647416358
6.121916341052637
5.087172675836791
5.087172675836791
5.3360711532689376
6.094362266483576
5.926665932772302
6.01189325109349
5.92281390928901
5.663734771489758
5.627316822209872
6.737582497901514
5.139940875276509
6.647168500646616
5.555321555260194
4.819181818513705
5.194012280780972
