[0.5906155]
[0.60317475]
[0.59745216]
[0.59745216]
[0.59745216]
[0.59745216]
[0.59745216]
[0.5868956]
[0.55434793]
[0.5347696]
[0.6010793]
[0.6010793]
[0.57943356]
[0.5789929]
[0.5789929]
[0.57990015]
[0.59447294]
[0.59447294]
[0.59447294]
[0.5802738]
[0.60181403]
[0.5793786]
[0.5925344]
[0.5824474]
[0.533071]
[0.59432364]
[0.50522935]
[0.5825426]
[0.58065104]
[0.6032964]
[0.6131739]
[0.62177974]
[0.6217889]
[0.5779267]
[0.5779267]
[0.61907345]
[0.5642504]
[0.6002066]
[0.57104915]
[0.58192456]
[0.5680487]
[0.44430885]
[0.5661966]
[0.5661966]
[0.5661966]
[0.5661966]
[0.5661966]
[0.5661966]
[0.5661966]
[0.5661966]
[0.5661966]
[0.559806]
[0.559806]
[0.60152453]
[0.57386714]
[0.58129936]
[0.58129936]
[0.5844055]
[0.5844055]
[0.5674812]
[0.5674812]
[0.5598802]
[0.5935761]
[0.5810007]
[0.5487974]
[0.5487974]
[0.5487974]
[0.5487974]
[0.55388814]
[0.55388814]
[0.5657403]
[0.5709241]
[0.5709241]
[0.56722206]
[0.5707062]
[0.58892]
[0.5554651]
[0.5554651]
[0.5554651]
[0.5554651]
[0.4621247]
[0.5742045]
[0.5756375]
[0.5756375]
[0.5756375]
[0.5756375]
[0.5571019]
[0.5571019]
[0.5571019]
[0.5571019]
[0.5864382]
[0.5864382]
[0.5864382]
[0.5745871]
[0.58303624]
[0.6007657]
[0.57255894]
[0.57255894]
[0.57255894]
[0.57255894]
[0.57255894]
[0.57255894]
[0.57255894]
[0.57255894]
[0.57255894]
[0.51781094]
[0.51781094]
[0.51781094]
[0.5847978]
[0.5847978]
[0.5847978]
[0.60428655]
[0.59450686]
[0.5577279]
[0.5885316]
[0.5656614]
[0.5966818]
[0.5459375]
[0.5791287]
[0.58014107]
[0.58014107]
[0.58014107]
[0.58014107]
[0.58014107]
[0.58014107]
[0.58014107]
[0.58014107]
[0.58014107]
[0.58014107]
[0.58014107]
[0.58014107]
[0.58014107]
[0.58721614]
[0.5600239]
[0.60664797]
[0.60664797]
[0.60664797]
[0.60664797]
[0.60664797]
[0.5597959]
[0.5691081]
[0.56083816]
[0.5819785]
[0.52930266]
[0.5360702]
[0.60673356]
[0.60673356]
[0.60673356]
[0.60673356]
[0.60673356]
[0.60673356]
[0.60673356]
[0.5850883]
[0.5573475]
[0.5573475]
[0.6053864]
[0.6053864]
[0.6053864]
[0.6053864]
[0.6053864]
[0.6053864]
[0.6053864]
[0.6069569]
[0.6069569]
[0.54877967]
[0.55632246]
[0.53703296]
[0.55718696]
[0.55718696]
[0.5881963]
[0.5881963]
[0.5881963]
[0.5881963]
[0.5881963]
[0.5881963]
[0.5881963]
[0.6042691]
[0.52997506]
[0.59943223]
[0.59943223]
[0.59943223]
[0.59943223]
[0.59943223]
[0.59943223]
[0.59943223]
[0.59943223]
[0.59943223]
[0.59943223]
[0.59943223]
[0.59943223]
[0.59943223]
[0.59943223]
[0.59943223]
[0.59943223]
[0.59943223]
[0.59943223]
[0.59943223]
[0.59943223]
[0.57327706]
[0.5933535]
[0.5933535]
[0.59739727]
[0.59739727]
[0.6047188]
[0.6047188]
[0.6047188]
[0.5377354]
[0.6103012]
[0.46051574]
[0.5930286]
[0.5819425]
[0.56456095]
[0.56018215]
[0.59568053]
[0.5660146]
[0.5660146]
[0.5402585]
[0.49215472]
[0.60929316]
[0.56399196]
[0.6146042]
[0.5982507]
[0.59158]
[0.59158]
[0.59158]
[0.59158]
[0.5528129]
[0.5912465]
[0.5839168]
[0.53324753]
[0.58414876]
[0.61668587]
[0.5061302]
[0.58789814]
[0.54339176]
[0.5921968]
[0.6141651]
[0.58572733]
[0.59105575]
[0.58040375]
[0.6102264]
[0.4703427]
[0.58608]
[0.57493895]
[0.57493895]
[0.5843224]
[0.5441602]
[0.56429935]
[0.60445446]
[0.4825537]
[0.50124216]
[0.5345659]
[0.58738977]
[0.60140747]
[0.5792649]
[0.5806293]
[0.5806293]
[0.5387166]
[0.5848517]
[0.48002952]
[0.60372156]
[0.5745234]
[0.53961957]
[0.4788904]
[0.46779832]
[0.50454724]
[0.58431315]
[0.48661828]
[0.4760718]
[0.45872927]
[0.54785943]
[0.53396326]
[0.5079464]
[0.460204]
[0.5639031]
[0.54816526]
[0.54816526]
[0.53720087]
[0.53720087]
[0.51315665]
[0.46757418]
[0.5265052]
[0.5265052]
[0.5141046]
[0.6035916]
[0.5547296]
[0.5722136]
[0.50702566]
[0.5298434]
[0.46841437]
[0.57626736]
[0.4291561]
[0.4291561]
[0.3918925]
[0.42736128]
[0.5097937]
[0.38291028]
[0.3866581]
[0.45252648]
[0.51939744]
[0.33730608]
[0.41709375]
[0.58237165]
[0.5064621]
[0.5064621]
[0.5064621]
[0.5064621]
[0.5064621]
[0.5064621]
[0.5064621]
[0.5064621]
[0.5064621]
[0.5064621]
[0.5064621]
[0.5064621]
[0.5064621]
[0.5064621]
[0.5064621]
[0.5064621]
[0.5064621]
[0.5064621]
[0.5064621]
[0.5064621]
[0.5064621]
[0.5064621]
[0.5064621]
[0.5064621]
[0.5064621]
[0.5064621]
[0.5064621]
[0.5064621]
[0.5064621]
[0.5064621]
[0.5064621]
[0.5064621]
[0.5064621]
[0.5064621]
[0.5064621]
[0.5064621]
[0.5064621]
[0.5064621]
[0.5064621]
[0.5064621]
[0.5064621]
[0.5064621]
[0.5064621]
[0.5064621]
[0.5064621]
[0.5064621]
[0.5064621]
[0.5064621]
[0.5064621]
[0.5064621]
[0.5064621]
[0.5064621]
[0.5064621]
[0.5064621]
[0.5064621]
[0.5064621]
[0.5064621]
[0.5064621]
[0.5064621]
[0.5064621]
[0.5064621]
[0.5064621]
[0.5064621]
[0.5064621]
[0.5064621]
[0.5064621]
[0.5064621]
[0.5064621]
[0.5064621]
[0.5064621]
[0.5064621]
[0.5064621]
[0.5064621]
[0.5064621]
[0.5064621]
[0.5064621]
[0.5064621]
[0.5064621]
[0.5064621]
[0.5064621]
[0.5064621]
[0.5064621]
[0.5064621]
[0.5064621]
[0.5064621]
[0.5064621]
[0.5064621]
[0.5064621]
[0.5064621]
[0.5064621]
[0.5064621]
[0.5064621]
[0.5064621]
[0.5064621]
[0.5064621]
[0.5064621]
[0.5064621]
[0.5064621]
[0.5064621]
[0.5064621]
[0.5064621]
[0.5064621]
[0.5064621]
[0.5064621]
[0.5064621]
[0.5064621]
[0.5064621]
[0.5064621]
[0.5064621]
[0.5064621]
[0.5064621]
[0.5064621]
[0.5064621]
[0.5064621]
[0.5064621]
[0.5064621]
[0.5064621]
[0.5064621]
[0.5064621]
[0.5064621]
[0.5064621]
[0.5064621]
[0.5064621]
[0.5064621]
[0.5064621]
[0.5064621]
[0.5064621]
[0.5064621]
[0.5064621]
[0.5064621]
[0.5064621]
[0.5064621]
[0.5064621]
[0.5064621]
[0.5064621]
[0.5064621]
[0.5064621]
[0.5064621]
[0.5064621]
[0.5064621]
[0.5064621]
[0.5064621]
[0.5064621]
[0.5064621]
[0.54268223]
[0.5005032]
[0.5194496]
[0.5189004]
[0.5107389]
[0.4575781]
[0.42539614]
[0.42096]
[0.3435094]
[0.3435094]
[0.4296029]
[0.59592146]
[0.32741117]
[0.47837478]
[0.2943165]
[0.21571115]
[0.34662625]
[0.27607924]
[0.3850446]
[0.33674642]
[0.30754066]
[0.43691832]
[0.31224203]
[0.61843854]
[0.5280833]
[0.2407121]
[0.54250324]
[0.5421128]
[0.5421128]
[0.53043807]
[0.22634709]
[0.2596116]
[0.5468637]
[0.1685334]
[0.5157541]
[0.18406957]
[0.18406957]
[0.1890275]
[0.57587546]
[0.57587546]
[0.17458285]
[0.4426014]
[0.5866291]
[0.5799709]
[0.2338985]
[0.19442923]
[0.42004797]
[0.4466453]
[0.4772738]
[0.44907188]
[0.47967017]
[0.578082]
[0.5837449]
