-6.281431695634692
-4.3096368451554
-2.2601758630913302
-0.9537123945870326
-0.24069596504934576
0.02292361557811398
0.009730191815497393
-0.4323562934632019
-0.11105532419016555
0.44092593039428424
0.3764187539503128
0.12080289204725525
0.27629329548297993
-0.5540309818976265
-1.2187040681422976
-0.6800410605086507
-1.3230210618621112
-1.4507303059827787
-1.8739409198336985
-2.1756125334280774
-2.5547607318333565
-1.9804858455127707
-0.8251949072915694
-0.6518640265375175
-0.16421991192045368
-0.13782122406264624
-0.011032509505541611
-0.046754611387613866
-0.19145391735695835
-0.9472698656968144
0.06215844032291255
1.034927341674723
1.0639177458311213
1.0442283390547173
0.5601264916491783
0.9260415189032537
1.7500627748657152
1.0863829251019348
0.6044381753983316
1.863314596137551
3.9207741303112025
3.452588317676869
2.6632592491720306
4.8494658522356024
1.7791237407184053
5.50779468534798
6.4662439483224965
6.043479399925051
5.909897683055592
2.2223210945472873
5.487800692349533
6.3351536978292255
2.6025871170004593
7.305118414431632
6.09291428063712
4.637383985160242
2.565664048348774
6.497555745774966
4.488295915330834
7.977078820889254
5.562394412759695
8.331020655489693
4.770335753509365
7.999627471777675
6.384339748571782
8.716808698559918
7.191754160173595
5.147100379825009
7.765597073509622
5.043678506608958
9.109267511498976
8.50328731303798
9.607128581452093
9.29428103207603
7.58906428239906
9.731311437030254
9.666618712011791
10.93387693168175
10.5020669253462
9.3217157901742
10.86102073453816
10.678988680461787
11.12173372600587
11.426718211768378
10.104174945226058
10.81985366959657
11.162767228026711
10.67944324088791
9.904248592264276
9.6121772902119
9.259117586199949
8.76720239019319
10.86897951691171
10.981291993692336
11.445346281948892
11.318069606889141
10.722612035410922
12.184737053824344
12.440118732685944
11.331665666507668
