17.12919999999998
16.66939999999998
16.28751999999997
16.758219999999973
16.758219999999973
16.54561999999997
16.151399999999967
16.151399999999967
16.622099999999975
16.622099999999975
16.622099999999975
16.622099999999975
16.622099999999975
16.622099999999975
16.622099999999975
16.622099999999975
16.885899999999975
16.885899999999975
16.310899999999968
16.18519999999997
16.18519999999997
16.18519999999997
16.321799999999975
16.321799999999975
16.321799999999975
16.321799999999975
16.321799999999975
16.321799999999975
16.321799999999975
16.321799999999975
16.321799999999975
16.321799999999975
16.321799999999975
16.321799999999975
16.321799999999975
16.321799999999975
16.321799999999975
16.321799999999975
16.21131999999997
16.48099999999997
16.16229999999997
16.16229999999997
16.453619999999972
16.453619999999972
16.453619999999972
16.453619999999972
16.453619999999972
15.72309999999997
16.36811999999997
16.36811999999997
16.36811999999997
16.36811999999997
16.36811999999997
16.36811999999997
16.36811999999997
16.36811999999997
16.36811999999997
16.36811999999997
16.36811999999997
16.36811999999997
16.36811999999997
16.36811999999997
16.36811999999997
16.36811999999997
16.36811999999997
15.897419999999967
15.897419999999967
15.897419999999967
16.41451999999997
16.41451999999997
16.41451999999997
16.41451999999997
16.41451999999997
16.41451999999997
16.41451999999997
16.41451999999997
16.41451999999997
14.93579999999997
14.93579999999997
14.93579999999997
14.93579999999997
14.93579999999997
14.93579999999997
14.93579999999997
14.93579999999997
14.93579999999997
14.93579999999997
14.93579999999997
14.93579999999997
14.93579999999997
14.93579999999997
14.93579999999997
14.93579999999997
14.93579999999997
14.93579999999997
14.93579999999997
14.93579999999997
14.93579999999997
14.93579999999997
14.93579999999997
14.93579999999997
14.93579999999997
14.93579999999997
14.93579999999997
14.93579999999997
14.93579999999997
14.93579999999997
14.93579999999997
14.93579999999997
14.93579999999997
14.93579999999997
14.93579999999997
14.93579999999997
14.93579999999997
14.93579999999997
14.93579999999997
14.93579999999997
14.93579999999997
14.93579999999997
14.93579999999997
14.93579999999997
14.93579999999997
14.93579999999997
14.93579999999997
14.93579999999997
14.93579999999997
14.93579999999997
14.93579999999997
14.93579999999997
14.93579999999997
14.93579999999997
14.93579999999997
14.93579999999997
14.93579999999997
14.93579999999997
14.93579999999997
14.93579999999997
14.93579999999997
14.93579999999997
14.93579999999997
14.93579999999997
14.93579999999997
14.93579999999997
14.93579999999997
14.93579999999997
14.93579999999997
14.93579999999997
14.93579999999997
14.93579999999997
14.93579999999997
14.93579999999997
14.93579999999997
14.93579999999997
14.93579999999997
14.93579999999997
14.93579999999997
14.93579999999997
14.93579999999997
14.93579999999997
14.93579999999997
14.93579999999997
14.93579999999997
14.93579999999997
14.93579999999997
14.93579999999997
14.93579999999997
14.93579999999997
14.93579999999997
14.93579999999997
14.93579999999997
14.93579999999997
14.93579999999997
14.93579999999997
14.93579999999997
14.93579999999997
14.93579999999997
14.93579999999997
14.93579999999997
14.93579999999997
14.93579999999997
14.93579999999997
14.93579999999997
14.93579999999997
14.93579999999997
14.93579999999997
14.93579999999997
14.93579999999997
14.93579999999997
14.93579999999997
14.93579999999997
14.93579999999997
14.93579999999997
14.93579999999997
15.419999999999968
15.419999999999968
15.77219999999997
16.15559999999997
14.379599999999972
16.639899999999972
16.426099999999973
16.31119999999997
15.821219999999965
15.821219999999965
16.32111999999997
15.19389999999997
15.19389999999997
15.19389999999997
15.19389999999997
15.06109999999997
16.06351999999997
16.24741999999997
16.029399999999967
16.175399999999968
15.033499999999966
16.65089999999997
15.012399999999971
15.012399999999971
15.012399999999971
15.012399999999971
15.012399999999971
16.024419999999967
14.85959999999997
15.939819999999965
16.30329999999997
16.36971999999997
16.20169999999997
16.51409999999997
15.464219999999969
15.648499999999968
15.854319999999968
16.302399999999967
13.989499999999973
14.421999999999972
14.421999999999972
14.545699999999972
14.545699999999972
14.460199999999974
14.460199999999974
14.460199999999974
14.460199999999974
15.199599999999968
15.713019999999966
14.643399999999971
15.27899999999997
15.27899999999997
16.24781999999997
14.421999999999972
14.421999999999972
15.780399999999968
14.815699999999971
15.81159999999997
14.98179999999997
14.98179999999997
15.23929999999997
15.763119999999967
15.763119999999967
15.780399999999968
15.809519999999965
15.71679999999997
15.67199999999997
15.796199999999967
15.04039999999997
15.119299999999969
14.86259999999997
14.80949999999997
15.52929999999997
15.55729999999997
15.856019999999965
14.765299999999971
15.307699999999972
14.091019999999972
14.091019999999972
14.091019999999972
14.091019999999972
14.091019999999972
16.313999999999975
15.78609999999997
14.285999999999973
14.48419999999997
14.48419999999997
15.938599999999965
15.972419999999964
14.330799999999973
14.569699999999967
14.569699999999967
14.569699999999967
14.569699999999967
14.97009999999997
14.330799999999973
15.759599999999963
14.330799999999973
13.782599999999974
13.782599999999974
13.921699999999975
13.921699999999975
14.328399999999972
14.751599999999971
14.49349999999997
16.250199999999968
16.205999999999968
14.328399999999972
14.167619999999973
15.977719999999966
14.060299999999973
14.013499999999974
14.013499999999974
14.013499999999974
15.305519999999968
14.050299999999973
15.365699999999972
16.160619999999966
14.413899999999972
15.952019999999965
14.789099999999971
14.874199999999972
14.41389999999997
14.439099999999971
14.006199999999975
14.094099999999974
13.857699999999973
15.013399999999972
13.364799999999976
13.939699999999974
14.78819999999997
15.805919999999968
13.727099999999973
13.727099999999973
14.269899999999973
15.337919999999968
14.86899999999997
14.441799999999974
14.373599999999973
14.373599999999973
13.654499999999974
13.314799999999975
14.350499999999974
15.60129999999997
13.607999999999976
14.544019999999971
15.428219999999968
14.373599999999973
14.373599999999973
14.373599999999973
14.373599999999973
15.688319999999964
13.629499999999975
13.055799999999977
14.114199999999968
14.114199999999968
13.635899999999973
13.501599999999977
15.20461999999997
16.036799999999968
13.725419999999973
14.351899999999974
14.351899999999974
14.351899999999974
13.982399999999974
14.103399999999972
12.826499999999976
12.660599999999977
13.686799999999975
12.902899999999978
13.139599999999975
13.842799999999974
13.172099999999975
12.920399999999976
13.165599999999975
12.357199999999978
13.589599999999974
13.589599999999974
12.516599999999977
12.426699999999979
12.08749999999998
12.08749999999998
12.08749999999998
12.658399999999979
13.944699999999973
11.647799999999984
10.448599999999992
10.58769999999999
10.58769999999999
10.58769999999999
12.684899999999978
13.266299999999976
11.383299999999986
11.216899999999985
11.865299999999982
10.154199999999992
12.717599999999976
10.309899999999994
11.107779999999988
10.79759999999999
10.583399999999989
9.090019999999999
9.424599999999996
9.764299999999995
10.239799999999994
9.251099999999997
9.683599999999997
9.683599999999997
10.048979999999991
13.808199999999973
8.594100000000003
9.182599999999999
8.703900000000003
8.656700000000003
8.87
8.898899999999998
8.9318
7.791000000000007
8.097300000000006
8.186700000000005
8.018900000000004
6.994500000000007
8.317200000000003
14.43169999999997
6.9016000000000055
6.846300000000005
6.846300000000005
13.762999999999975
6.241100000000006
5.773900000000005
6.704400000000006
5.128700000000004
5.851000000000004
6.6467000000000045
5.560400000000004
5.592000000000005
4.348500000000003
4.7965000000000035
4.688200000000004
3.958400000000003
3.741900000000002
4.863900000000004
4.255600000000003
5.545000000000004
3.3093000000000012
4.935700000000004
6.103200000000004
2.5454000000000008
2.5454000000000008
1.6866
5.4863000000000035
14.443399999999972
2.7197000000000005
4.944100000000004
3.5275000000000016
4.632900000000003
4.930100000000003
2.581200000000001
4.295000000000003
3.7752000000000017
1.4990999999999999
2.3348000000000004
2.0876
2.0876
13.968699999999972
14.53859999999997
15.698499999999967
14.449099999999971
11.394199999999982
15.384839999999963
1.7485
1.7485
1.7485
14.33369999999997
14.675599999999974
2.7364000000000006
2.2226999999999997
0.9275
0.9275
1.0994
1.0994
14.029999999999971
14.20109999999997
15.558919999999967
0.6361
13.984099999999971
16.418599999999977
15.032599999999968
16.41651999999997
14.984199999999971
15.582319999999967
5.301700000000004
14.348599999999971
13.042899999999975
16.183319999999966
15.772819999999966
13.682499999999974
11.830799999999984
15.574119999999965
15.18401999999997
13.857699999999973
15.080999999999968
13.710099999999974
5.941800000000004
13.109599999999977
14.562599999999971
14.80859999999997
