3.8318341522904555
3.8318341522904555
3.8318341522904555
4.162398957836173
4.165171940806002
4.165171940806002
4.165171940806002
3.2529716299343825
3.300348051231814
3.300348051231814
3.300348051231814
3.300348051231814
3.160722961748368
4.4568315644029495
4.137837044318939
4.137837044318939
3.4591207208434724
4.829819692808488
3.4663117303582496
3.4663117303582496
3.4663117303582496
3.4663117303582496
3.4663117303582496
3.3976839247041353
3.3455885530113054
3.3455885530113054
3.3455885530113054
3.3455885530113054
3.3455885530113054
4.2970866737592655
3.464020794220727
3.260733971160926
2.579133493759681
3.3998780635008155
3.3998780635008155
3.1649325422725667
3.1649325422725667
5.534147481702094
5.534147481702094
5.534147481702094
2.98291097546805
3.2020015379320297
3.2020015379320297
3.2020015379320297
3.030587653327111
3.3321468031075296
3.62800805358067
3.88863963713278
3.88863963713278
3.88863963713278
3.029932131696042
3.029932131696042
3.198722835037053
3.7366328729928693
3.7366328729928693
4.112491635212649
3.571973243550458
3.571973243550458
3.571973243550458
3.571973243550458
3.571973243550458
3.571973243550458
3.571973243550458
5.194733539394401
3.5695131731804866
3.2584621156841758
3.766027210886863
3.4260879949324083
4.36038750029956
3.614008051428484
3.327051659583887
3.327051659583887
3.327051659583887
3.327051659583887
3.327051659583887
3.327051659583887
3.327051659583887
3.327051659583887
3.327051659583887
3.327051659583887
3.327051659583887
5.589486960545172
3.110263175215363
3.2744801023240075
3.2744801023240075
3.427809532032284
3.427809532032284
3.427809532032284
3.904717207982981
3.631875050718265
3.631875050718265
3.631875050718265
3.631875050718265
3.631875050718265
3.631875050718265
3.248847324832971
3.248847324832971
3.248847324832971
3.248847324832971
3.248847324832971
3.248847324832971
3.248847324832971
3.248847324832971
3.248847324832971
3.248847324832971
3.248847324832971
3.248847324832971
3.248847324832971
3.248847324832971
3.248847324832971
3.248847324832971
3.248847324832971
3.248847324832971
3.248847324832971
3.248847324832971
3.248847324832971
3.248847324832971
3.248847324832971
3.248847324832971
3.2453487869303492
3.479077224358382
2.777311207745379
4.789883429072226
3.2114066663396237
3.348189866062496
5.496823443240555
2.331233306142419
2.1540684949480973
3.342541665707272
4.292848069990994
3.322967688005652
3.5457256977151044
3.3318684279944026
3.5171910595316227
2.806483435517608
2.806483435517608
2.806483435517608
2.806483435517608
2.806483435517608
3.840315700405071
3.8614659109602574
3.8614659109602574
3.5351210946226566
3.789442384754093
3.789442384754093
3.789442384754093
3.221424875853379
3.221424875853379
3.503797181863268
3.5305823930270552
3.455170955815114
3.455170955815114
3.455170955815114
3.455170955815114
3.455170955815114
2.823409038761099
3.1077397791739507
3.323248821342334
4.035581295575642
3.5497499205335883
3.6660182606145604
3.6660182606145604
3.5361761116291532
3.6151789544385187
3.939281725045883
3.939281725045883
3.939281725045883
3.1986330647174475
3.1986330647174475
3.1986330647174475
3.1986330647174475
3.1986330647174475
4.409841321799846
3.520319668001804
3.458425570717
3.600608887548886
3.600608887548886
3.600608887548886
3.600608887548886
3.600608887548886
3.600608887548886
3.600608887548886
3.600608887548886
3.600608887548886
3.600608887548886
3.600608887548886
3.600608887548886
3.600608887548886
3.600608887548886
3.600608887548886
3.600608887548886
3.600608887548886
3.600608887548886
3.600608887548886
3.600608887548886
3.600608887548886
3.600608887548886
3.600608887548886
3.600608887548886
3.600608887548886
3.600608887548886
3.600608887548886
3.600608887548886
3.600608887548886
3.600608887548886
3.600608887548886
3.600608887548886
3.600608887548886
3.600608887548886
3.600608887548886
3.600608887548886
3.600608887548886
3.600608887548886
3.600608887548886
3.600608887548886
3.600608887548886
3.600608887548886
3.600608887548886
3.600608887548886
3.600608887548886
3.600608887548886
3.600608887548886
3.600608887548886
3.600608887548886
3.600608887548886
3.600608887548886
3.600608887548886
3.600608887548886
3.600608887548886
3.600608887548886
3.600608887548886
3.600608887548886
3.600608887548886
3.600608887548886
3.600608887548886
3.600608887548886
3.600608887548886
3.600608887548886
3.600608887548886
3.600608887548886
3.600608887548886
4.046425242063936
4.046425242063936
4.046425242063936
3.6134016040432906
3.226969038761098
3.226969038761098
3.226969038761098
3.226969038761098
2.0144482520331177
3.144284807281327
5.4701566051581105
3.8192390391682842
4.036022284486442
3.4814386534351733
3.4814386534351733
3.4814386534351733
3.4814386534351733
3.4814386534351733
3.4052845772498586
3.4052845772498586
4.060355375843201
3.5642055430672794
3.4718892444927274
3.4718892444927274
3.4718892444927274
3.4718892444927274
3.980306937152938
3.537090442796635
3.537090442796635
3.5222509558151147
4.159127099806314
4.4384091291208545
3.2730853849149444
3.2730853849149444
3.2730853849149444
3.2730853849149444
3.2730853849149444
3.2730853849149444
3.2730853849149444
3.2730853849149444
3.2730853849149444
3.2730853849149444
3.9452064599827645
3.4699940136153966
3.4699940136153966
3.4699940136153966
3.4699940136153966
3.4699940136153966
3.4699940136153966
4.212544296799415
3.8898332472966466
4.063776716149304
3.713058746444519
3.3561988161987477
3.3561988161987477
3.3561988161987477
4.825882923863338
4.825882923863338
4.825882923863338
4.825882923863338
3.5078397500088254
3.7326601976744147
3.476141610596729
3.476141610596729
3.476141610596729
3.476141610596729
3.476141610596729
3.93577460661243
3.6694797990760994
3.7852876188053877
3.415522952357896
3.415522952357896
3.455283726312338
3.230204427994403
5.426609771770948
3.9665446823823984
3.792480284906058
3.792480284906058
3.5340173452790715
3.827220939620773
3.416184138385007
3.416184138385007
3.416184138385007
3.638670195265073
3.896495175174304
3.4870407712528904
3.4016260499567714
4.69857449073465
4.424971857849707
4.424971857849707
4.424971857849707
3.7890012363691685
3.7890012363691685
3.523924547274854
3.574128768017621
3.574128768017621
3.574128768017621
3.574128768017621
3.574128768017621
3.574128768017621
3.574128768017621
3.574128768017621
3.574128768017621
3.574128768017621
3.574128768017621
3.574128768017621
3.6073463404304977
4.017577936727921
3.5987124942766524
3.7732378658183077
3.3835356262196603
2.2214171632203072
2.2214171632203072
3.6651772889546415
3.6651772889546415
3.6651772889546415
3.6651772889546415
3.6651772889546415
3.6651772889546415
3.6651772889546415
3.6651772889546415
3.6651772889546415
3.6651772889546415
3.6651772889546415
3.6651772889546415
3.6651772889546415
3.6651772889546415
3.6651772889546415
3.8826377578229962
3.727160186584345
4.0255379386589105
4.022876340232533
3.6960790539004744
3.6960790539004744
3.6960790539004744
4.88717518034042
3.792610108844281
3.7208672487528993
4.19225809867124
4.19225809867124
4.19225809867124
4.50184789624209
3.7572254427328327
6.615078648086883
4.114000191896712
4.114000191896712
4.243569029845331
3.37527173106879
3.8186611755943165
4.694583793001007
4.458847572355451
4.134620203934398
4.124011991783411
3.4780119233764832
4.014781780065815
3.7829789083878405
3.788246276808893
4.178054859804844
4.479928452766276
4.276263635977714
4.373200328863578
3.604467274462402
3.7753476926072516
3.654146634293939
3.430342299064886
3.7536116890401923
4.437691145962046
3.432632884914945
4.927254671675777
3.689729138731244
4.260582309197557
3.987109808399053
4.796612191114923
4.257366395450429
4.020583717270542
4.0479993029044214
3.968904627143786
4.554583072621036
4.132979555784072
4.175742102461404
3.6961904663046248
3.848273478728596
4.51672886790201
3.632445481366495
5.19056068376064
4.1703351926072525
3.5382321592535657
3.6696822207484967
3.5970147857746184
4.676561875772098
4.669316026254631
4.4924572889546415
4.661907329613788
4.64592330451257
4.298931395539314
4.453863142504828
4.773420416026719
5.232382018668796
4.347387650090692
4.205699853647922
4.42917683817677
4.0320479079465645
3.740669671892425
3.7092512978356913
4.145230370358874
4.341764495432374
2.021898013890368
2.021898013890368
4.486099718104439
5.107122792558978
4.304195499111039
3.275935107817273
4.529636145073969
5.421950921678947
3.4736481465163624
5.070654449923278
4.438121490240819
1.7713921097896606
2.5588347517196013
2.5588347517196013
2.620756663447157
2.720485995391238
2.8050966462788125
2.8050966462788125
5.140866847954705
4.074527099806314
2.9972979691006394
2.7892045910838945
2.7877970589832053
3.6640374746811784
4.942822879020429
4.098195419988197
4.8001439666571475
4.297215354160288
4.297215354160288
5.112434394440007
3.760803192481137
4.747841400039843
4.747841400039843
4.9279920867476985
4.114595500173445
4.114595500173445
4.114595500173445
4.351480115558061
4.915476892621826
5.371268382288363
4.743583303564777
6.831410505422369
5.538714026043121
7.16832102192148
5.0768977717731
6.98300012579888
5.986994051211286
6.845897618438011
6.845897618438011
6.327216328442251
4.086979595124387
4.687452693138452
5.213513737811255
