6.153800000000005
5.481000000000004
37.5925999999999
37.5925999999999
37.5925999999999
37.5925999999999
37.5925999999999
37.5925999999999
37.5925999999999
37.5925999999999
37.5925999999999
37.5925999999999
37.5925999999999
37.5925999999999
37.5925999999999
37.5925999999999
37.5925999999999
37.5925999999999
37.5925999999999
37.5925999999999
37.5925999999999
37.5925999999999
37.5925999999999
37.5925999999999
37.5925999999999
37.5925999999999
37.5925999999999
37.5925999999999
37.5925999999999
37.5925999999999
37.5925999999999
37.5925999999999
37.5925999999999
37.5925999999999
37.5925999999999
37.5925999999999
37.5925999999999
37.5925999999999
37.5925999999999
37.5925999999999
37.5925999999999
37.5925999999999
37.5925999999999
37.5925999999999
37.5925999999999
37.5925999999999
37.5925999999999
37.46899999999989
37.334499999999885
37.334499999999885
37.334499999999885
37.334499999999885
37.334499999999885
37.334499999999885
37.334499999999885
37.334499999999885
37.334499999999885
37.334499999999885
37.33449999999989
37.33449999999989
37.33449999999989
37.33449999999989
37.33449999999989
37.33449999999989
37.33449999999989
37.33449999999989
37.33449999999989
37.33449999999989
37.33449999999989
37.33449999999989
37.33449999999989
37.33449999999989
37.33449999999989
37.33449999999989
37.33449999999989
37.33449999999989
37.33449999999989
37.33449999999989
37.33449999999989
37.33449999999989
37.33449999999989
37.33449999999989
37.33449999999989
37.33449999999989
37.33449999999989
37.33449999999989
37.33449999999989
37.33449999999989
37.33449999999989
37.33449999999989
37.33449999999989
37.33449999999989
37.33449999999989
37.33449999999989
37.33449999999989
37.33449999999989
37.33449999999989
37.33449999999989
37.33449999999989
37.33449999999989
37.33449999999989
37.33449999999989
37.33449999999989
37.33449999999989
37.33449999999989
37.33449999999989
37.33449999999989
37.33449999999989
37.33449999999989
37.33449999999989
37.33449999999989
37.33449999999989
37.33449999999989
37.33449999999989
37.33449999999989
37.33449999999989
37.33449999999989
37.33449999999989
37.33449999999989
37.33449999999989
37.33449999999989
37.33449999999989
37.33449999999989
37.33449999999989
37.33449999999989
37.33449999999989
37.33449999999989
37.33449999999989
37.33449999999989
37.33449999999989
37.33449999999989
37.33449999999989
37.33449999999989
37.33449999999989
37.33449999999989
37.33449999999989
37.33449999999989
37.33449999999989
37.33449999999989
37.33449999999989
37.33449999999989
37.33449999999989
37.33449999999989
37.33449999999989
37.33449999999989
37.33449999999989
37.33449999999989
37.33449999999989
37.33449999999989
37.33449999999989
37.33449999999989
37.33449999999989
37.33449999999989
37.33449999999989
37.33449999999989
37.33449999999989
37.33449999999989
37.33449999999989
37.33449999999989
37.33449999999989
37.33449999999989
37.33449999999989
37.33449999999989
37.33449999999989
37.33449999999989
37.33449999999989
37.33449999999989
37.33449999999989
37.33449999999989
37.33449999999989
37.33449999999989
37.33449999999989
37.33449999999989
37.33449999999989
37.33449999999989
37.33449999999989
37.33449999999989
37.33449999999989
37.33449999999989
37.33449999999989
37.33449999999989
37.33449999999989
37.33449999999989
37.33449999999989
37.33449999999989
37.33449999999989
37.33449999999989
37.33449999999989
37.33449999999989
37.33449999999989
37.33449999999989
37.33449999999989
37.33449999999989
37.33449999999989
37.33449999999989
37.33449999999989
37.33449999999989
37.33449999999989
37.33449999999989
37.33449999999989
37.33449999999989
37.33449999999989
37.33449999999989
37.33449999999989
37.33449999999989
37.33449999999989
37.33449999999989
37.33449999999989
37.33449999999989
37.33449999999989
37.33449999999989
37.33449999999989
37.33449999999989
37.33449999999989
37.33449999999989
37.33449999999989
37.33449999999989
37.33449999999989
37.33449999999989
37.33449999999989
37.33449999999989
37.33449999999989
37.33449999999989
37.33449999999989
37.33449999999989
37.33449999999989
37.33449999999989
37.33449999999989
37.33449999999989
37.33449999999989
37.33449999999989
37.33449999999989
37.33449999999989
37.33449999999989
37.33449999999989
37.33449999999989
37.33449999999989
37.33449999999989
37.33449999999989
37.33449999999989
37.33449999999989
37.33449999999989
37.33449999999989
37.33449999999989
37.33449999999989
37.33449999999989
37.33449999999989
37.33449999999989
37.33449999999989
37.33449999999989
37.33449999999989
37.33449999999989
37.33449999999989
37.33449999999989
37.33449999999989
37.33449999999989
37.33449999999989
37.33449999999989
37.33449999999989
37.33449999999989
37.33449999999989
37.33449999999989
37.33449999999989
37.33449999999989
37.33449999999989
37.33449999999989
37.33449999999989
37.33449999999989
37.33449999999989
37.33449999999989
37.33449999999989
37.33449999999989
37.33449999999989
37.33449999999989
37.33449999999989
37.33449999999989
37.33449999999989
37.33449999999989
37.33449999999989
37.33449999999989
37.33449999999989
37.33449999999989
37.33449999999989
37.33449999999989
37.33449999999989
37.33449999999989
37.33449999999989
37.33449999999989
37.33449999999989
37.33449999999989
37.33449999999989
37.33449999999989
37.33449999999989
37.33449999999989
37.33449999999989
37.33449999999989
37.33449999999989
37.33449999999989
37.33449999999989
37.33449999999989
37.33449999999989
37.33449999999989
37.33449999999989
37.33449999999989
37.33449999999989
37.33449999999989
37.33449999999989
37.33449999999989
37.33449999999989
37.33449999999989
37.33449999999989
37.33449999999989
37.33449999999989
37.33449999999989
37.33449999999989
37.33449999999989
37.33449999999989
37.33449999999989
37.33449999999989
37.33449999999989
37.33449999999989
37.33449999999989
37.33449999999989
37.33449999999989
37.33449999999989
37.33449999999989
37.33449999999989
37.33449999999989
37.33449999999989
37.33449999999989
37.33449999999989
37.33449999999989
37.33449999999989
37.33449999999989
37.33449999999989
37.33449999999989
37.33449999999989
37.33449999999989
37.33449999999989
37.33449999999989
37.33449999999989
37.33449999999989
37.33449999999989
37.33449999999989
37.33449999999989
37.33449999999989
37.33449999999989
37.33449999999989
37.33449999999989
37.33449999999989
37.33449999999989
37.33449999999989
37.33449999999989
37.33449999999989
37.33449999999989
37.33449999999989
37.33449999999989
37.33449999999989
37.33449999999989
37.33449999999989
37.33449999999989
37.33449999999989
37.33449999999989
37.33449999999989
37.33449999999989
37.33449999999989
37.33449999999989
37.33449999999989
37.33449999999989
37.33449999999989
37.33449999999989
37.33449999999989
37.33449999999989
37.33449999999989
37.33449999999989
37.33449999999989
37.33449999999989
37.33449999999989
37.33449999999989
37.33449999999989
37.33449999999989
37.33449999999989
37.33449999999989
37.33449999999989
37.33449999999989
37.33449999999989
37.33449999999989
37.33449999999989
37.33449999999989
37.33449999999989
37.33449999999989
37.33449999999989
37.33449999999989
37.33449999999989
37.33449999999989
37.33449999999989
37.33449999999989
37.33449999999989
37.33449999999989
37.33449999999989
37.33449999999989
37.33449999999989
37.33449999999989
37.33449999999989
37.33449999999989
0.16199999999999998
37.076399999999886
37.2024999999999
36.944399999999895
36.827399999999884
36.68629999999989
36.68629999999989
36.68629999999989
36.68629999999989
36.68629999999989
36.68629999999989
36.68629999999989
36.85429999999991
36.728799999999886
36.728799999999886
36.943899999999886
36.30709999999989
36.8759999999999
36.75239999999989
36.65429999999989
36.654299999999886
36.617899999999885
36.62119999999989
36.617899999999885
36.617899999999885
36.0380999999999
35.9983999999999
36.1641999999999
36.448999999999884
36.1908999999999
36.1908999999999
36.1908999999999
36.1908999999999
35.64799999999991
35.64799999999991
35.799099999999896
35.389899999999926
35.389899999999926
35.75379999999991
35.75379999999991
36.428499999999886
35.9049999999999
34.60379999999993
34.55339999999993
34.59369999999993
34.21319999999994
33.03419999999996
28.90790000000003
30.7597
30.7597
26.84730000000001
25.16020000000002
25.16300000000002
24.46590000000002
23.863800000000023
23.215600000000023
23.215600000000023
23.215600000000023
22.960900000000027
22.960900000000027
22.80410000000002
22.52770000000002
22.52770000000002
22.83960000000002
22.204800000000027
22.84470000000002
22.84470000000002
22.84470000000002
22.84470000000002
21.473200000000027
20.43320000000002
19.877000000000017
19.89920000000002
15.35171999999997
15.233399999999973
15.502799999999974
14.283799999999978
14.206399999999975
13.63899999999998
12.431199999999983
12.083599999999983
11.187099999999987
6.689400000000005
8.594299999999999
7.219700000000006
14.542699999999975
-0.17039999999999988
5.148800000000004
6.534200000000005
0.6361
0.11280000000000001
0.11280000000000001
36.42909999999989
11.692899999999984
26.96000000000001
