18.667899999999992
4.530590000000001
4.558890000000002
5.228790000000002
5.195690000000002
5.195690000000002
5.195690000000002
5.195690000000002
5.195690000000002
5.195690000000002
5.195690000000002
5.195690000000002
5.195690000000002
5.867490000000003
5.867490000000003
5.867490000000003
5.867490000000003
5.867490000000003
5.867490000000003
17.605099999999982
17.562599999999982
6.033590000000003
5.622090000000003
17.438899999999983
5.707590000000002
5.096520000000003
5.096520000000003
4.431790000000001
4.431790000000001
4.431790000000001
4.431790000000001
4.431790000000001
4.431790000000001
4.431790000000001
4.968220000000002
5.666390000000002
5.666390000000002
5.666390000000002
5.666390000000002
5.666390000000002
5.666390000000002
4.732890000000001
4.732890000000001
4.732890000000001
4.732890000000001
4.732890000000001
4.732890000000001
4.732890000000001
4.732890000000001
15.84206999999997
15.84206999999997
15.84206999999997
15.84206999999997
4.061090000000001
4.061090000000001
4.061090000000001
4.061090000000001
4.061090000000001
4.061090000000001
4.061090000000001
4.061090000000001
4.061090000000001
16.248699999999968
3.565690000000001
5.926690000000003
5.926690000000003
5.926690000000003
5.926690000000003
5.926690000000003
16.373669999999972
15.56306999999997
5.254890000000002
5.254890000000002
5.254890000000002
5.254890000000002
5.254890000000002
4.664620000000001
16.378569999999975
16.360969999999973
16.23746999999997
16.43896999999997
15.78299999999997
3.690090000000001
17.34449999999998
16.28569999999997
16.28569999999997
16.16176999999997
14.692669999999973
14.692669999999973
14.692669999999973
4.435290000000001
15.642099999999969
15.934969999999968
15.934969999999968
15.934969999999968
15.934969999999968
4.355190000000002
4.355190000000002
4.355190000000002
4.355190000000002
4.355190000000002
16.429799999999968
15.240769999999971
5.604190000000004
15.981099999999966
15.981099999999966
15.866569999999967
14.858569999999972
5.063390000000003
15.470469999999969
15.043369999999971
4.089490000000001
14.61646999999997
14.739499999999971
14.863499999999972
14.831499999999972
15.507899999999967
5.105420000000002
5.105420000000002
5.105420000000002
14.160069999999976
14.160069999999976
16.163669999999968
14.863099999999973
14.863099999999973
4.642820000000002
4.642820000000002
4.642820000000002
4.642820000000002
4.642820000000002
4.642820000000002
4.642820000000002
4.642820000000002
4.642820000000002
4.642820000000002
4.642820000000002
4.642820000000002
4.642820000000002
4.642820000000002
4.642820000000002
4.642820000000002
4.642820000000002
4.642820000000002
4.642820000000002
4.642820000000002
4.642820000000002
4.642820000000002
4.642820000000002
4.642820000000002
4.642820000000002
4.642820000000002
4.642820000000002
4.642820000000002
4.642820000000002
4.642820000000002
4.642820000000002
4.642820000000002
14.577269999999974
15.10279999999997
16.178699999999967
13.646269999999978
13.646269999999978
13.646269999999978
13.646269999999978
14.298269999999974
14.298269999999974
14.298269999999974
14.298269999999974
14.298269999999974
3.984490000000001
15.42406999999997
14.473399999999973
14.465469999999973
14.458069999999974
15.619869999999969
6.4901200000000046
14.17188999999998
5.534090000000003
6.7339000000000055
14.292369999999975
14.292369999999975
14.948599999999969
14.940969999999972
15.26039999999997
4.723690000000002
14.393499999999973
16.050269999999973
14.50859999999997
5.6634000000000055
13.813769999999975
14.628499999999972
14.766299999999973
14.540069999999972
14.540069999999972
6.268400000000006
6.268400000000006
6.268400000000006
6.268400000000006
6.268400000000006
6.268400000000006
6.268400000000006
6.268400000000006
6.268400000000006
6.268400000000006
6.268400000000006
6.268400000000006
6.268400000000006
6.268400000000006
6.268400000000006
6.268400000000006
6.268400000000006
6.268400000000006
6.268400000000006
6.268400000000006
6.268400000000006
6.268400000000006
6.268400000000006
6.268400000000006
6.268400000000006
6.268400000000006
6.268400000000006
6.268400000000006
6.268400000000006
6.268400000000006
6.268400000000006
6.268400000000006
6.268400000000006
6.268400000000006
6.268400000000006
6.268400000000006
6.268400000000006
6.268400000000006
6.268400000000006
6.268400000000006
6.268400000000006
6.268400000000006
6.268400000000006
6.268400000000006
6.268400000000006
6.268400000000006
6.268400000000006
6.268400000000006
6.268400000000006
6.268400000000006
6.268400000000006
6.268400000000006
6.268400000000006
13.693269999999975
14.094799999999974
13.354969999999978
13.085669999999979
13.085669999999979
12.97446999999998
13.053669999999979
13.053669999999979
13.053669999999979
14.118169999999974
14.090399999999972
12.50716999999998
14.250199999999973
14.250199999999973
4.7269700000000014
13.968869999999974
13.139169999999979
14.97106999999997
12.474069999999982
12.474069999999982
12.474069999999982
12.474069999999982
13.355999999999973
13.862869999999974
14.772739999999972
14.356669999999973
5.499800000000003
5.588200000000003
5.588200000000003
5.588200000000003
5.588200000000003
5.588200000000003
5.588200000000003
5.588200000000003
5.588200000000003
5.588200000000003
5.588200000000003
5.588200000000003
5.588200000000003
5.588200000000003
5.588200000000003
5.588200000000003
12.269689999999985
12.269689999999985
12.269689999999985
12.715969999999981
6.761020000000006
6.761020000000006
13.571969999999977
12.413869999999982
12.59026999999998
6.043200000000005
14.189469999999973
8.335500000000003
8.335500000000003
8.335500000000003
8.335500000000003
5.909000000000004
13.610799999999974
3.4370900000000013
14.117599999999975
12.34256999999998
12.723299999999979
5.627900000000003
5.627900000000003
5.627900000000003
13.680399999999976
13.849769999999975
14.211489999999982
6.846520000000005
6.846520000000005
6.846520000000005
6.846520000000005
6.846520000000005
5.603000000000004
13.975369999999975
13.291919999999976
14.134569999999973
5.184890000000002
14.700369999999971
14.138969999999974
12.825439999999983
13.115399999999976
5.869170000000004
14.521599999999971
14.104169999999971
14.47046999999997
4.360900000000003
4.312470000000002
12.230699999999977
6.224800000000005
5.916400000000004
5.916400000000004
5.916400000000004
5.916400000000004
5.916400000000004
5.916400000000004
5.916400000000004
5.916400000000004
5.916400000000004
5.916400000000004
5.916400000000004
5.916400000000004
5.916400000000004
5.916400000000004
5.916400000000004
5.916400000000004
5.916400000000004
5.916400000000004
5.916400000000004
5.916400000000004
5.916400000000004
5.916400000000004
5.916400000000004
5.916400000000004
5.916400000000004
5.916400000000004
5.916400000000004
5.916400000000004
5.916400000000004
5.916400000000004
5.916400000000004
5.916400000000004
5.916400000000004
5.916400000000004
5.916400000000004
5.916400000000004
5.916400000000004
5.916400000000004
5.916400000000004
5.916400000000004
5.916400000000004
5.916400000000004
5.916400000000004
5.916400000000004
5.916400000000004
5.916400000000004
5.916400000000004
5.916400000000004
5.916400000000004
5.916400000000004
5.916400000000004
5.916400000000004
5.916400000000004
5.916400000000004
5.916400000000004
11.102489999999992
11.573489999999987
6.423300000000004
13.007969999999979
12.411469999999982
5.495600000000004
5.105500000000004
5.105500000000004
5.105500000000004
5.105500000000004
5.105500000000004
5.105500000000004
5.105500000000004
5.754600000000004
3.495690000000002
6.379220000000005
5.5941000000000045
5.934900000000006
12.87876999999998
9.933799999999994
5.070600000000003
12.674069999999979
6.009300000000004
4.121270000000002
5.619200000000004
14.75966999999997
4.193500000000002
7.7308000000000066
11.999469999999985
4.121200000000003
4.121200000000003
4.121200000000003
4.121200000000003
4.121200000000003
4.121200000000003
12.743689999999983
4.440300000000003
4.7809000000000035
4.7043000000000035
4.7043000000000035
4.7043000000000035
4.7043000000000035
4.7043000000000035
4.221700000000002
11.989479999999983
5.711400000000004
10.047399999999993
7.875100000000006
3.9978000000000025
12.12779999999998
3.1586700000000008
4.299470000000002
5.116100000000003
4.593390000000002
11.03908999999999
4.429870000000003
3.829490000000001
7.139300000000004
4.453300000000003
4.517470000000002
3.331990000000001
3.129200000000001
3.916670000000003
2.960700000000001
3.9478000000000026
6.323170000000005
5.305100000000004
15.260369999999972
16.89349999999997
3.1496000000000013
5.431400000000004
5.677820000000004
5.774300000000004
14.533799999999971
15.523599999999968
5.419300000000004
13.363269999999977
2.01477
14.282699999999975
2.8370000000000006
6.587820000000004
1.3231199999999999
1.0816
6.715420000000006
2.6374700000000013
0.9263999999999999
12.117799999999981
12.085799999999981
2.34898
1.6750699999999998
16.98629999999998
5.489800000000004
0.86409
16.88089999999998
5.259170000000004
5.939300000000005
14.346999999999976
1.4489199999999993
14.39059999999997
4.106900000000003
11.722869999999986
12.930269999999977
6.109020000000004
6.367620000000005
14.802499999999975
14.186099999999975
15.807969999999969
