4.020220604817519
3.9823322399160883
4.012573736168337
4.012573736168337
4.012573736168337
4.012573736168337
4.012573736168337
4.012573736168337
4.032481114504288
4.032481114504288
4.032481114504288
4.066808784618859
4.011639419460149
4.011639419460149
4.011639419460149
3.9442048193708494
3.9442048193708494
3.9580050548496555
3.9580050548496555
3.9580050548496555
3.9580050548496555
3.9580050548496555
3.9580050548496555
3.9580050548496555
3.9580050548496555
3.9580050548496555
3.9580050548496555
3.9580050548496555
3.9580050548496555
3.9580050548496555
3.9580050548496555
3.9580050548496555
3.9580050548496555
3.9580050548496555
3.9580050548496555
3.9580050548496555
3.9580050548496555
3.9580050548496555
3.9580050548496555
3.9580050548496555
3.9580050548496555
3.9580050548496555
3.9580050548496555
3.9580050548496555
3.9580050548496555
3.9580050548496555
3.9580050548496555
3.9580050548496555
3.9580050548496555
3.9580050548496555
3.9580050548496555
3.9580050548496555
3.9580050548496555
3.9580050548496555
3.9580050548496555
3.9580050548496555
3.9580050548496555
3.9580050548496555
3.9580050548496555
3.9580050548496555
3.9580050548496555
3.9580050548496555
3.9580050548496555
3.9580050548496555
3.9580050548496555
3.9580050548496555
3.9580050548496555
3.9580050548496555
3.9580050548496555
3.9580050548496555
3.9580050548496555
3.9580050548496555
3.9580050548496555
3.9580050548496555
3.9580050548496555
3.9580050548496555
3.9580050548496555
3.9580050548496555
3.9580050548496555
3.9580050548496555
3.9580050548496555
3.9580050548496555
3.9580050548496555
3.9580050548496555
3.9580050548496555
3.9580050548496555
3.9580050548496555
3.9580050548496555
3.9580050548496555
3.9580050548496555
3.9580050548496555
3.9580050548496555
3.9580050548496555
3.9580050548496555
3.9580050548496555
3.9580050548496555
3.9580050548496555
3.9580050548496555
3.9580050548496555
3.9580050548496555
3.9580050548496555
3.9580050548496555
3.9580050548496555
3.9580050548496555
3.9580050548496555
3.9580050548496555
3.9580050548496555
3.9580050548496555
3.9580050548496555
3.9580050548496555
3.9580050548496555
3.9580050548496555
3.9580050548496555
3.9580050548496555
3.9580050548496555
3.9580050548496555
3.9580050548496555
3.9580050548496555
3.9580050548496555
3.9580050548496555
3.9580050548496555
3.9580050548496555
3.9580050548496555
3.9580050548496555
3.9580050548496555
3.9580050548496555
3.9580050548496555
3.9580050548496555
3.9580050548496555
3.9580050548496555
3.9580050548496555
3.9580050548496555
3.9580050548496555
3.9580050548496555
3.9580050548496555
3.9580050548496555
3.9580050548496555
4.056405463803216
4.056405463803216
4.056405463803216
4.056405463803216
4.056405463803216
4.056405463803216
4.056405463803216
4.056405463803216
4.056405463803216
4.056405463803216
4.056405463803216
4.056405463803216
4.056405463803216
4.056405463803216
4.056405463803216
4.056405463803216
4.056405463803216
4.058177912782808
4.058177912782808
3.96997757829606
3.96997757829606
3.96997757829606
3.96997757829606
3.96997757829606
3.96997757829606
3.96997757829606
3.96997757829606
3.96997757829606
3.96997757829606
3.96997757829606
3.96997757829606
3.96997757829606
3.96997757829606
3.96997757829606
3.96997757829606
3.96997757829606
3.96997757829606
3.96997757829606
3.96997757829606
4.001142229596771
4.001142229596771
4.006019949804024
3.9824731550773764
4.024311127500314
3.876724134738261
3.876724134738261
3.876724134738261
3.876724134738261
3.876724134738261
3.876724134738261
3.876724134738261
3.876724134738261
3.876724134738261
3.945725330433757
3.945725330433757
3.945725330433757
3.945725330433757
3.945725330433757
3.945725330433757
3.945725330433757
3.945725330433757
3.945725330433757
3.945725330433757
3.945725330433757
3.945725330433757
3.945725330433757
3.945725330433757
3.945725330433757
3.945725330433757
3.945725330433757
3.945725330433757
3.945725330433757
3.945725330433757
3.945725330433757
3.945725330433757
3.945725330433757
3.945725330433757
3.945725330433757
3.945725330433757
3.8778633434604215
4.059923368174951
3.8916635789392284
3.8916635789392284
3.8916635789392284
3.9068226600471494
3.929330062455712
4.024115299532516
4.253115305119488
3.9861445367962816
4.454519672870552
3.9583144630666807
3.9583144630666807
3.9583144630666807
3.904804471462051
4.036026524022311
4.315429793830808
4.117640587722572
4.117640587722572
3.9953910259934986
4.511693757684528
4.083133485781238
4.083133485781238
4.083133485781238
4.083133485781238
4.083133485781238
4.0857564842113785
4.196823402285482
4.214867478114245
4.214867478114245
3.9535424643395425
3.8935788764857344
3.8935788764857344
3.8935788764857344
3.8935788764857344
3.8935788764857344
3.8935788764857344
4.09426208884666
4.045888727310919
4.075037392117615
4.021572742751506
3.9130880300420827
4.0518424388677765
4.1493563588623585
3.8640536980582763
3.8640536980582763
3.7957502866449113
3.920447992521245
3.920447992521245
3.8690084349003824
3.903098526728577
4.085975870948359
3.934144386317385
3.934144386317385
3.934144386317385
3.934144386317385
4.238358140960863
4.019941540850869
3.916190667140765
3.786738232471232
3.899699655462701
4.124378624111104
3.8096231421131934
3.8096231421131934
3.9588827214049616
4.115798239236651
3.9092587066320243
4.137160345381842
4.1400195112562415
3.947369600005878
4.181051073090697
4.103785663811223
4.103785663811223
4.105233851581298
4.049402498681578
4.503340062903494
3.8796516660935882
3.8078510694443217
4.124207731590015
4.085901413807413
3.9232895670760684
3.9232895670760684
3.9232895670760684
4.434664416588335
3.926142555904722
3.9532343853188294
4.4307858293391345
3.9888972778319562
4.099519346088192
3.7710707270925212
4.074398769643558
4.130634543674921
4.131537479758838
4.070127197838052
4.070127197838052
4.07122005498091
4.03394160907671
4.03394160907671
4.17764110448787
4.762701543492851
3.795190092892822
4.146929242758221
4.032170087601589
3.9131898547625816
4.013812794009872
3.769284085300251
4.277355696499568
3.722984598686576
4.410675575059731
4.159586895272925
4.143911604951414
4.166498155745295
4.712932655854736
4.024260587492844
4.024260587492844
4.0719406201300465
4.075346350114348
4.075346350114348
4.77475754285255
4.088494705788401
4.295616153859078
4.701057939769001
3.9038759983325786
4.678258181206579
3.635429305381191
4.433702459179106
4.075060451480648
4.039207790029585
4.344941864753139
4.25292484382746
4.105089285302151
4.575673908497155
4.681050157598819
4.737352763841677
4.42077735821473
4.063166354023419
4.8846615677529055
3.895380655767865
3.990873511910717
4.089678782754028
4.851305672697444
4.664611973512461
4.037696539775854
4.755434984059429
4.972236413017751
5.210786710530478
4.959258375608454
5.135108724055138
4.639661610398991
4.843783570204273
4.136670813092172
4.136670813092172
4.957007631756029
3.9709004572085806
4.491710147747794
3.9045215329058083
3.993807206347059
3.993807206347059
4.747213115415713
4.71221682748202
3.9110010368500348
3.9884408482093097
3.892957271022489
4.0447247979171035
4.590209196935139
3.970866055728906
4.038532898243001
4.394390024453949
4.702257195317893
3.7941667486728523
4.493828837178594
4.385155222460449
3.8664901271404126
3.8664901271404126
4.377202938786509
3.9224463015186206
3.9412995993310282
3.990884431031401
4.092591910420922
4.092591910420922
4.092591910420922
3.7617804049494605
3.7617804049494605
3.7383759308179982
3.511126905810632
3.601288962244811
4.126358792232845
3.873629436870136
3.701268146610788
4.160900211004822
3.9579908988967762
3.3453835424500777
3.7713886907340424
3.7713886907340424
3.7674641044422685
3.9758594674816603
3.784034043563892
3.9008042427438996
3.855882395458252
3.7248020257770715
3.6791770434199798
3.8207968724616492
3.6457206798551756
3.8537427446859436
3.9479397306511252
3.6547962136481784
3.6547962136481784
3.6547962136481784
3.5053753264094567
3.928303742560548
3.5333652462691703
3.708661612968484
3.811844792184976
3.653849795772259
3.6904118622101745
3.5531587875293535
4.259398716282025
4.148187144626302
3.9451845501924065
4.1294759558151135
4.51248793550081
4.332781810111273
3.8158870897043036
3.3536473808553957
3.4919778900806078
4.270004847571371
4.361346193725218
4.361346193725218
4.387168715009723
4.491389141515739
4.228118978415311
4.13042272283997
4.446307680961803
4.113089686346944
3.7934297198772615
4.660982508769061
4.6045935961626725
4.6045935961626725
4.733851354922907
4.838267734188531
4.514030415147664
4.6391406232155905
4.811849706204218
4.811849706204218
2.7475679189493913
2.8183185770965213
4.729043829439059
5.414850538220733
4.770399779055391
4.407407080513215
4.407407080513215
4.361553815698749
5.559685300741448
5.931409413242273
6.059612461775334
5.720537756564564
5.868476923076923
7.3284153846153846
7.3284153846153846
6.120675401557966
6.120675401557966
6.120675401557966
6.120675401557966
4.246442229212208
6.292098601527462
5.339481252155298
5.339481252155298
5.689111727025627
6.044763132094437
5.157153061720355
5.186582840647912
4.976703308710203
4.976703308710203
4.975442416145089
5.477044494264689
4.589446422102397
4.155985698876274
5.814105099650843
4.754508032834865
5.648802894243778
5.2260125185574955
5.7956037986169004
6.071161802776913
6.071161802776913
