6.365800000000005
5.056200000000005
5.056200000000005
5.056200000000005
6.543300000000005
4.577800000000003
4.577800000000003
4.161800000000003
6.537700000000005
4.498200000000002
4.498200000000002
4.968900000000003
4.968900000000003
6.037000000000006
4.292000000000002
4.292000000000002
4.292000000000002
6.602180000000005
3.612800000000002
7.604000000000006
7.604000000000006
7.604000000000006
7.604000000000006
7.604000000000006
7.604000000000006
7.604000000000006
7.604000000000006
7.604000000000006
7.604000000000006
7.604000000000006
7.604000000000006
7.604000000000006
7.604000000000006
7.604000000000006
7.604000000000006
7.604000000000006
7.604000000000006
7.604000000000006
7.604000000000006
4.193400000000003
6.306800000000007
3.8748000000000022
4.126000000000003
4.126000000000003
4.126000000000003
4.126000000000003
4.126000000000003
4.126000000000003
4.126000000000003
4.126000000000003
4.126000000000003
4.126000000000003
4.126000000000003
4.126000000000003
4.940800000000005
5.805500000000005
7.199120000000008
7.199120000000008
6.285600000000006
7.443000000000008
7.443000000000008
3.883980000000002
3.539500000000002
3.539500000000002
7.3932000000000055
7.800800000000005
7.800800000000005
7.800800000000005
6.467600000000005
6.467600000000005
6.467600000000005
6.467600000000005
6.109980000000005
6.109980000000005
6.109980000000005
5.735100000000003
3.5916000000000015
3.5916000000000015
3.5916000000000015
3.5916000000000015
3.5916000000000015
5.247500000000004
5.247500000000004
3.3093000000000012
6.646280000000005
6.570500000000005
2.1302000000000003
4.074680000000002
2.7650000000000006
4.713380000000003
4.713380000000003
4.713380000000003
4.713380000000003
4.713380000000003
4.713380000000003
4.713380000000003
4.713380000000003
4.713380000000003
4.726300000000003
2.826200000000001
6.124020000000005
8.437480000000003
4.971300000000004
5.134000000000004
5.779700000000005
5.779700000000005
5.779700000000005
5.779700000000005
5.608100000000004
2.8774000000000015
7.091220000000005
5.309000000000005
6.366720000000007
5.527500000000004
3.402100000000001
4.780300000000003
5.1958000000000055
7.966780000000005
4.5812000000000035
4.5812000000000035
4.5812000000000035
4.025800000000002
8.865000000000002
4.104900000000003
5.336500000000004
3.935480000000002
3.935480000000002
4.984500000000004
5.137400000000004
5.137400000000004
5.137400000000004
5.137400000000004
3.8670800000000023
3.8670800000000023
3.8670800000000023
5.591180000000007
7.352900000000008
7.506280000000007
4.594400000000004
5.501600000000005
5.536320000000005
6.787380000000004
6.787380000000004
6.787380000000004
6.383920000000007
5.417900000000005
5.417900000000005
2.772780000000001
6.666680000000004
6.377300000000006
6.377300000000006
6.377300000000006
3.4132000000000016
4.2043000000000035
7.369700000000005
3.3854000000000015
6.1256800000000045
6.480520000000005
6.480520000000005
6.480520000000005
6.480520000000005
5.830720000000005
5.447600000000004
5.447600000000004
5.274600000000005
3.389520000000002
6.399520000000005
6.0964200000000055
5.337500000000004
6.813580000000005
4.374480000000003
4.374480000000003
4.374480000000003
3.1024800000000017
3.1024800000000017
6.9584000000000055
6.9584000000000055
6.692480000000006
5.838200000000006
4.2077000000000035
5.670700000000004
5.670700000000004
4.0306000000000015
2.6693000000000007
5.743280000000005
5.743280000000005
5.743280000000005
5.9791200000000035
2.8805000000000005
4.461000000000004
2.856980000000001
3.9241800000000033
3.9241800000000033
4.507880000000004
4.465380000000003
4.465380000000003
4.465380000000003
4.465380000000003
4.465380000000003
4.235000000000001
4.235000000000001
5.972200000000005
5.972200000000005
5.972200000000005
5.903800000000005
6.721400000000006
5.2526800000000025
4.564500000000004
10.59187999999999
6.0655200000000065
3.4517200000000017
3.4517200000000017
3.4517200000000017
3.4517200000000017
3.4517200000000017
3.4517200000000017
3.4517200000000017
3.4517200000000017
3.4517200000000017
3.4517200000000017
3.4517200000000017
4.8407000000000036
6.484520000000006
6.484520000000006
6.484520000000006
6.484520000000006
6.484520000000006
6.484520000000006
6.484520000000006
6.484520000000006
6.484520000000006
6.484520000000006
3.6623800000000033
5.612400000000005
4.907480000000004
6.390920000000006
5.604800000000005
7.172080000000006
6.010500000000006
4.450600000000003
4.450600000000003
7.594480000000006
4.859600000000003
5.799720000000005
5.013500000000003
3.7863000000000024
5.1561800000000035
5.999780000000004
7.695300000000005
7.695300000000005
6.497120000000006
6.497120000000006
6.497120000000006
6.497120000000006
6.497120000000006
6.497120000000006
6.497120000000006
6.497120000000006
6.497120000000006
6.497120000000006
6.497120000000006
6.497120000000006
3.945700000000002
7.453020000000006
4.850780000000004
5.284300000000005
5.284300000000005
6.081020000000005
7.8364000000000065
5.986920000000006
5.484020000000005
6.960080000000006
3.048680000000001
6.623020000000005
6.6372200000000054
6.774800000000004
4.685480000000003
4.685480000000003
4.9467200000000044
3.3952000000000027
5.090500000000003
3.9121000000000024
5.974400000000003
5.199900000000006
4.493500000000004
3.937300000000003
3.978200000000001
6.409820000000006
2.5398000000000005
5.104780000000003
6.865880000000005
6.6566200000000055
8.045680000000004
6.0599000000000025
6.0599000000000025
6.0599000000000025
6.0599000000000025
6.0599000000000025
6.0599000000000025
6.0599000000000025
6.0599000000000025
4.779200000000005
4.723480000000003
3.7694800000000024
4.883200000000005
5.342800000000006
5.342800000000006
4.903620000000004
1.81368
5.879520000000006
5.736600000000005
3.9188800000000032
4.838100000000005
10.057779999999992
4.814800000000005
6.698820000000006
5.329200000000004
5.770900000000005
6.112880000000004
6.068580000000005
5.043500000000004
4.148100000000002
9.1641
3.579880000000002
6.630420000000006
4.433580000000004
3.618000000000003
5.350100000000006
7.1844000000000054
4.662480000000005
5.779700000000005
6.972700000000006
4.367900000000002
6.001720000000005
6.001720000000005
7.580020000000008
7.580020000000008
3.374900000000002
3.818100000000003
4.501680000000003
3.041300000000001
5.983320000000004
5.463000000000005
9.452779999999995
3.5851000000000024
2.229900000000001
3.0006000000000004
10.981379999999985
6.504600000000004
8.687000000000001
5.425020000000005
5.244100000000004
5.244100000000004
3.1206000000000014
1.5736999999999999
4.209800000000001
5.016700000000004
7.733200000000006
5.078800000000003
5.3929000000000045
5.444200000000005
4.368100000000003
2.1740000000000004
6.3703800000000035
6.068580000000005
4.051400000000003
3.5580000000000007
2.4085
5.3133000000000035
8.596200000000003
6.351120000000005
6.2694200000000055
3.6273000000000017
3.4395000000000016
3.006400000000002
4.650100000000004
6.049200000000004
5.810120000000006
4.953400000000004
6.6650000000000045
6.186780000000007
8.345100000000004
2.1763000000000003
5.350780000000004
4.294400000000003
5.211400000000004
3.3827000000000016
6.025500000000006
6.947420000000006
4.648280000000003
3.581400000000003
2.46859
6.026800000000005
6.621300000000005
4.314800000000003
3.067500000000001
6.602200000000005
7.0902200000000075
7.830700000000006
5.137900000000004
4.355680000000001
5.258600000000004
4.681500000000004
6.465600000000006
4.840580000000004
4.767200000000003
4.962900000000005
1.8827999999999998
3.356580000000003
4.123600000000003
0.9801
5.148900000000005
3.204180000000002
1.5908
1.5908
5.710980000000004
5.337500000000004
4.548500000000004
5.648820000000005
5.693600000000004
7.753200000000008
4.616700000000003
3.5966000000000022
6.109800000000005
1.7485
6.298720000000006
3.7763000000000018
8.288000000000004
7.214700000000006
5.793500000000004
6.8058800000000055
6.750880000000004
7.148480000000006
2.5308
6.148400000000006
4.594400000000004
6.875400000000004
6.161000000000006
6.161000000000006
6.680580000000005
4.268000000000003
4.883600000000004
4.019700000000003
3.2634000000000016
3.337200000000002
3.1113800000000023
4.805800000000003
2.1924
2.5859000000000005
5.846800000000004
5.846800000000004
3.9387000000000025
5.247500000000004
1.4498
0.8022
4.404700000000003
3.4646000000000017
0.6361
3.2433000000000014
5.281500000000004
5.9557000000000055
4.502800000000003
4.008100000000003
5.644100000000005
4.215700000000003
4.780300000000003
7.453780000000007
5.727600000000005
5.337500000000004
5.058500000000005
5.1547000000000045
4.7062000000000035
5.7797000000000045
3.7371000000000025
8.029100000000007
6.136680000000004
6.539600000000004
4.904000000000003
5.219600000000005
5.947320000000005
4.578400000000003
7.621700000000005
3.6929000000000025
5.647600000000006
4.9311000000000025
3.5858700000000026
6.247800000000003
2.8744000000000014
3.648600000000002
7.398780000000006
6.832500000000004
3.9303000000000026
6.362600000000006
2.8286000000000007
5.092300000000004
5.092300000000004
5.955600000000005
6.350000000000005
4.192400000000002
3.2405000000000026
