23.494240000000044
23.494240000000044
23.494240000000044
23.494240000000044
23.494240000000044
23.494240000000044
23.671240000000044
23.468740000000043
23.362820000000042
22.90164000000004
23.796020000000045
23.796020000000045
23.796020000000045
23.796020000000045
23.796020000000045
22.938040000000044
23.22832000000004
23.22832000000004
23.22832000000004
23.22832000000004
23.22832000000004
23.22832000000004
23.22832000000004
23.35362000000004
23.078640000000043
23.078640000000043
23.078640000000043
23.078640000000043
23.078640000000043
23.36282000000004
23.36282000000004
23.36282000000004
23.22832000000004
23.22832000000004
23.22832000000004
23.22832000000004
23.22832000000004
23.22832000000004
23.22832000000004
23.22832000000004
23.22832000000004
23.22832000000004
23.22832000000004
23.22832000000004
23.22832000000004
23.22832000000004
23.22832000000004
23.22832000000004
23.22832000000004
23.22832000000004
23.22832000000004
23.22832000000004
23.22832000000004
23.22832000000004
23.22832000000004
23.22832000000004
23.22832000000004
23.22832000000004
23.22832000000004
23.22832000000004
23.22832000000004
23.22832000000004
23.22832000000004
23.22832000000004
23.22832000000004
23.22832000000004
23.22832000000004
23.22832000000004
23.22832000000004
23.22832000000004
23.22832000000004
23.22832000000004
23.22832000000004
23.22832000000004
23.22832000000004
23.22832000000004
23.22832000000004
23.22832000000004
23.22832000000004
23.22832000000004
23.22832000000004
23.22832000000004
23.22832000000004
23.22832000000004
23.22832000000004
23.22832000000004
23.22832000000004
23.22832000000004
23.22832000000004
23.22832000000004
23.22832000000004
23.22832000000004
23.22832000000004
23.22832000000004
23.22832000000004
23.22832000000004
23.22832000000004
23.22832000000004
23.22832000000004
23.22832000000004
23.22832000000004
23.22832000000004
23.22832000000004
23.22832000000004
23.22832000000004
23.22832000000004
23.22832000000004
23.22832000000004
23.22832000000004
23.22832000000004
23.22832000000004
23.22832000000004
23.22832000000004
23.22832000000004
23.22832000000004
23.22832000000004
23.22832000000004
23.22832000000004
23.22832000000004
23.22832000000004
23.22832000000004
23.22832000000004
23.22832000000004
23.22832000000004
23.22832000000004
23.22832000000004
23.22832000000004
23.22832000000004
23.22832000000004
23.22832000000004
23.22832000000004
23.22832000000004
23.22832000000004
23.22832000000004
23.22832000000004
23.22832000000004
23.22832000000004
23.22832000000004
23.22832000000004
23.22832000000004
23.22832000000004
23.22832000000004
23.22832000000004
23.22832000000004
23.22832000000004
23.22832000000004
23.22832000000004
23.22832000000004
23.22832000000004
23.22832000000004
23.22832000000004
23.22832000000004
23.22832000000004
23.22832000000004
23.22832000000004
23.22832000000004
23.22832000000004
23.22832000000004
23.22832000000004
23.22832000000004
23.22832000000004
23.22832000000004
23.22832000000004
23.22832000000004
23.29802000000004
23.29802000000004
23.29802000000004
23.29802000000004
23.29802000000004
23.29802000000004
23.29802000000004
23.29802000000004
23.29802000000004
23.29802000000004
23.29802000000004
23.29802000000004
23.29802000000004
23.29802000000004
23.30492000000004
23.172720000000037
23.172720000000037
23.172720000000037
23.172720000000037
23.172720000000037
23.172720000000037
23.172720000000037
23.172720000000037
23.172720000000037
23.172720000000037
23.172720000000037
23.172720000000037
23.172720000000037
23.172720000000037
23.172720000000037
23.172720000000037
23.40582000000004
23.13870000000004
23.13870000000004
23.13870000000004
23.13870000000004
23.13870000000004
23.13870000000004
23.13870000000004
22.94414000000004
22.94414000000004
22.94414000000004
23.362820000000042
23.059000000000037
23.046640000000043
23.43032000000004
23.259020000000042
23.259020000000042
23.344520000000042
23.20342000000004
23.20342000000004
23.20342000000004
22.85124000000004
22.892940000000042
23.115300000000037
22.744120000000034
22.744120000000034
22.757620000000035
22.757620000000035
23.28232000000004
22.53762000000003
22.53762000000003
22.53762000000003
22.672120000000035
22.672120000000035
23.116620000000037
23.116620000000037
22.52244000000004
23.06392000000004
22.768020000000043
23.20342000000004
22.672120000000035
22.63572000000003
22.672120000000035
22.672120000000035
22.672120000000035
22.678720000000034
22.820720000000033
22.67212000000003
22.67212000000003
22.813820000000035
22.72122000000003
22.741820000000036
22.714620000000032
22.580120000000033
23.063920000000035
23.110520000000037
23.248640000000044
22.892120000000034
22.714520000000032
22.714520000000032
22.714520000000032
22.757620000000035
22.757620000000035
22.757620000000035
22.757620000000035
22.757620000000035
23.010600000000036
22.591520000000035
22.702020000000033
22.851820000000036
22.86892000000004
22.868920000000042
23.33952000000004
22.837720000000036
22.837720000000036
22.78212000000003
22.78212000000003
22.837720000000033
22.837720000000033
22.837720000000033
22.57830000000003
22.526900000000033
22.726520000000033
22.51172000000003
22.15842000000003
22.82462000000003
22.63732000000003
22.63732000000003
22.619920000000032
22.660720000000033
22.529720000000033
22.54812000000003
22.22812000000003
22.539540000000038
22.079520000000027
22.50210000000003
22.465540000000033
22.201420000000027
22.201420000000027
22.920420000000036
22.692500000000035
22.669700000000034
22.560420000000033
21.889420000000023
22.485140000000033
22.51502000000003
22.341320000000035
23.048620000000042
22.62332000000003
22.62332000000003
22.62332000000003
22.62332000000003
22.745220000000035
22.473640000000035
22.60992000000003
22.60992000000003
21.98142000000003
22.62332000000003
22.165020000000027
22.165020000000027
22.05174000000003
22.652420000000035
22.20142000000003
22.20142000000003
22.819820000000032
22.23472000000003
22.757820000000034
22.596820000000033
22.280420000000035
22.312720000000034
22.312720000000034
22.782120000000038
22.14582000000003
22.591720000000034
22.56892000000003
22.78212000000004
22.21562000000003
22.21562000000003
22.441640000000035
22.163620000000027
22.39370000000003
22.626540000000038
22.612100000000037
22.262220000000028
22.37002000000003
22.220340000000036
22.33362000000003
22.084720000000026
22.37002000000003
22.312330000000035
22.25380000000003
22.37002000000003
22.033940000000026
21.46122000000002
22.32002000000003
22.062920000000027
22.115820000000024
22.192640000000033
22.537820000000032
22.537820000000032
21.979920000000025
21.881820000000026
21.881820000000026
21.951520000000027
22.322900000000033
21.963900000000027
22.77022000000003
22.471820000000033
22.079420000000027
22.079420000000027
22.079420000000027
22.59012000000003
22.59012000000003
21.365820000000024
21.365820000000024
22.560420000000033
21.07712000000002
22.28540000000003
22.27642000000003
21.17730000000002
21.45842000000002
21.273920000000025
21.453600000000023
22.020820000000025
21.868720000000025
20.50122000000001
20.44582000000001
19.902520000000006
20.38132000000001
20.38132000000001
20.47572000000001
20.47572000000001
19.21462
18.957120000000003
18.740619999999993
18.18441999999999
18.299819999999986
16.881919999999976
17.60271999999998
16.49791999999997
15.666519999999961
16.398319999999966
15.837019999999965
4.262620000000002
15.745019999999963
15.879519999999966
15.879519999999966
15.879519999999966
15.879519999999966
15.879519999999966
15.550719999999968
15.582319999999967
15.059419999999967
14.934119999999968
15.267919999999966
15.151419999999966
14.80961999999997
15.205819999999962
14.21701999999997
13.405219999999977
13.671719999999974
13.083219999999978
7.738120000000004
13.301419999999975
5.935020000000002
5.935020000000002
12.944619999999977
12.750819999999978
12.750819999999978
12.138619999999984
12.355119999999978
12.355119999999978
12.602819999999978
7.780620000000004
12.897719999999975
11.84141999999998
11.84141999999998
12.871099999999979
6.453820000000004
12.669319999999978
11.258619999999985
12.839899999999977
10.735719999999988
12.11311999999998
11.035019999999985
12.076719999999977
11.001719999999985
9.375619999999996
11.044219999999985
10.49591999999999
11.265199999999984
7.010020000000004
10.704519999999988
10.704519999999988
8.128720000000003
9.900819999999992
8.089020000000003
10.148319999999991
10.43261999999999
10.43261999999999
8.605020000000001
6.371020000000005
9.831119999999993
9.334019999999997
5.2471200000000024
9.775519999999993
8.237720000000003
6.884720000000005
9.814319999999993
3.370720000000002
5.680320000000004
6.361820000000004
1.70062
4.598920000000002
3.950720000000002
2.966220000000001
3.2578000000000014
4.047620000000003
3.4914200000000024
4.157800000000002
2.922320000000002
2.2071199999999997
2.763320000000001
1.5908
1.5908
1.4766000000000001
1.4766000000000001
0.7614000000000001
0.7614000000000001
23.265420000000038
0.3941
0.6361
10.23181999999999
6.811200000000005
22.682520000000036
15.977719999999966
22.652520000000035
6.747900000000004
23.34752000000004
10.760019999999987
22.66042000000003
23.560520000000036
21.997520000000026
22.06782000000003
22.26510000000003
