5.2022518614636635
4.72680779142766
5.636291853219653
5.375816617030508
4.702615886761404
5.905128492454009
5.979079460195944
5.791127013143607
5.791127013143607
5.799230524305776
6.020767102875846
6.020767102875846
6.020767102875846
6.020767102875846
6.020767102875846
6.020767102875846
6.020767102875846
6.020767102875846
6.020767102875846
6.020767102875846
6.020767102875846
6.020767102875846
6.020767102875846
6.020767102875846
6.020767102875846
6.020767102875846
6.020767102875846
6.020767102875846
6.020767102875846
6.083369388763242
5.910736631411825
5.889020400908991
5.889020400908991
5.889020400908991
5.889020400908991
5.889020400908991
5.993086408086763
6.0085020884777105
4.854904781855638
4.854904781855638
5.716585428939645
5.716585428939645
5.716585428939645
5.716585428939645
5.716585428939645
5.716585428939645
5.716585428939645
5.716585428939645
5.716585428939645
5.716585428939645
5.716585428939645
5.716585428939645
5.716585428939645
5.716585428939645
5.716585428939645
5.716585428939645
5.716585428939645
5.716585428939645
5.716585428939645
5.716585428939645
6.887698414877284
6.070163619532473
6.02558049791387
6.02558049791387
6.02558049791387
6.02558049791387
6.02558049791387
6.02558049791387
6.02558049791387
6.02558049791387
6.02558049791387
5.816952652862151
5.8539377086013
5.768708936201614
6.05814278525798
5.626839113716406
5.658856482971405
5.678968779434067
5.678968779434067
5.678968779434067
5.678968779434067
5.678968779434067
5.678968779434067
5.678968779434067
5.678968779434067
5.678968779434067
5.678968779434067
6.1206881594780365
6.101786363543756
6.101786363543756
6.101786363543756
6.070353755528738
6.012596708548871
6.012596708548871
6.012596708548871
5.172014137364994
5.777004833889112
5.965426858264928
6.042804712649882
5.447995331116298
5.58801817841825
5.58801817841825
5.58801817841825
5.769847361361639
6.016179404195159
4.465735571199729
6.161302398213312
6.346684127647798
6.072273833051825
5.888361007207532
6.276899512263183
5.220645736000864
1.7353672652028393
2.0704624894332877
2.0704624894332877
2.0704624894332877
2.0704624894332877
2.0704624894332877
2.0704624894332877
2.0704624894332877
2.0704624894332877
2.0704624894332877
2.0704624894332877
2.0704624894332877
2.0704624894332877
5.7150075446626625
2.323922494291571
3.183870524895033
3.0466649115978965
3.0466649115978965
3.0466649115978965
3.0466649115978965
3.0466649115978965
3.0466649115978965
3.0466649115978965
3.0466649115978965
3.0466649115978965
3.0466649115978965
3.0466649115978965
3.0466649115978965
3.0466649115978965
3.0466649115978965
3.0466649115978965
3.0466649115978965
3.0466649115978965
3.0466649115978965
3.0466649115978965
3.0466649115978965
3.0466649115978965
3.0466649115978965
3.0466649115978965
3.0466649115978965
3.0466649115978965
2.0751207469281994
2.1860382636358135
2.1860382636358135
3.6618703118377542
3.6618703118377542
3.6618703118377542
3.6618703118377542
3.6618703118377542
3.6618703118377542
3.6618703118377542
3.6618703118377542
3.6618703118377542
3.6618703118377542
3.6618703118377542
3.6618703118377542
3.6618703118377542
3.6618703118377542
3.6618703118377542
3.6618703118377542
3.6618703118377542
3.6618703118377542
3.6618703118377542
3.6618703118377542
3.6618703118377542
3.6618703118377542
3.6618703118377542
3.6618703118377542
3.6618703118377542
3.6618703118377542
3.6618703118377542
3.6618703118377542
3.6618703118377542
3.6618703118377542
3.6618703118377542
3.6618703118377542
3.6618703118377542
3.6618703118377542
3.6618703118377542
3.6618703118377542
3.6618703118377542
3.6618703118377542
3.6618703118377542
3.6618703118377542
3.6618703118377542
3.6618703118377542
3.6618703118377542
3.6618703118377542
3.2643181014516367
3.2643181014516367
3.2643181014516367
3.2643181014516367
3.2643181014516367
3.2643181014516367
3.2643181014516367
3.2643181014516367
3.2643181014516367
3.2643181014516367
3.2643181014516367
3.2643181014516367
3.2643181014516367
3.2643181014516367
3.2643181014516367
3.2643181014516367
3.2643181014516367
3.2643181014516367
3.2643181014516367
3.2643181014516367
3.2643181014516367
3.2643181014516367
3.2643181014516367
3.2643181014516367
3.2643181014516367
3.2643181014516367
3.2643181014516367
3.2643181014516367
3.760029242221627
3.760029242221627
3.760029242221627
4.364633429481693
3.2098911551557894
3.2098911551557894
3.2098911551557894
3.2098911551557894
3.2098911551557894
3.2098911551557894
3.2098911551557894
3.2098911551557894
3.2098911551557894
3.2098911551557894
3.2098911551557894
3.2098911551557894
3.2098911551557894
3.2098911551557894
3.0602962897524355
3.0602962897524355
3.0602962897524355
3.0602962897524355
3.0602962897524355
3.0602962897524355
3.0602962897524355
3.0602962897524355
3.0602962897524355
3.0602962897524355
3.0602962897524355
3.0602962897524355
3.0602962897524355
3.0602962897524355
3.0602962897524355
3.0602962897524355
3.0602962897524355
3.0602962897524355
3.0602962897524355
3.0602962897524355
3.0602962897524355
3.0602962897524355
3.0602962897524355
3.0602962897524355
3.0602962897524355
3.0602962897524355
3.0602962897524355
3.0602962897524355
3.0602962897524355
3.0602962897524355
3.0602962897524355
3.0602962897524355
3.0602962897524355
3.0602962897524355
3.0602962897524355
3.0602962897524355
3.0602962897524355
3.0602962897524355
3.0602962897524355
3.0602962897524355
3.0602962897524355
3.0602962897524355
3.0602962897524355
3.0602962897524355
3.0602962897524355
3.0602962897524355
3.0602962897524355
3.0602962897524355
3.0602962897524355
3.0602962897524355
3.0602962897524355
3.0602962897524355
3.0602962897524355
3.0602962897524355
3.0602962897524355
3.0602962897524355
3.0602962897524355
3.0602962897524355
3.0602962897524355
3.0602962897524355
3.0602962897524355
3.0602962897524355
3.0602962897524355
3.0602962897524355
3.0602962897524355
3.0602962897524355
3.0602962897524355
3.0602962897524355
3.0602962897524355
3.0602962897524355
3.0602962897524355
3.0602962897524355
3.0602962897524355
3.0602962897524355
3.0602962897524355
3.0602962897524355
3.0602962897524355
3.0602962897524355
3.0602962897524355
3.0602962897524355
3.0602962897524355
3.0602962897524355
3.0602962897524355
3.0602962897524355
3.0602962897524355
3.0602962897524355
3.0602962897524355
3.0602962897524355
3.0602962897524355
3.0602962897524355
3.0602962897524355
3.0602962897524355
3.0602962897524355
3.0602962897524355
3.0602962897524355
3.0602962897524355
3.0602962897524355
3.0602962897524355
3.0602962897524355
3.0602962897524355
3.0602962897524355
3.0602962897524355
3.0602962897524355
3.0602962897524355
3.0602962897524355
3.0602962897524355
3.0602962897524355
3.0602962897524355
3.0602962897524355
3.0602962897524355
3.0602962897524355
3.0602962897524355
3.0602962897524355
3.0602962897524355
3.0602962897524355
3.0602962897524355
3.0602962897524355
3.0602962897524355
3.0602962897524355
3.0602962897524355
3.0602962897524355
3.0602962897524355
3.0602962897524355
3.0602962897524355
3.0602962897524355
3.0602962897524355
3.0602962897524355
3.0602962897524355
3.0602962897524355
3.0602962897524355
3.0602962897524355
3.0602962897524355
3.0602962897524355
3.0602962897524355
3.0602962897524355
3.0602962897524355
3.0602962897524355
3.0602962897524355
3.0602962897524355
3.0602962897524355
3.0602962897524355
3.0602962897524355
3.0602962897524355
3.0602962897524355
3.0602962897524355
3.0602962897524355
3.0602962897524355
3.0602962897524355
3.0602962897524355
3.0602962897524355
3.0602962897524355
3.0602962897524355
3.0602962897524355
3.0602962897524355
3.0602962897524355
3.0602962897524355
3.0602962897524355
3.0602962897524355
3.0602962897524355
3.0602962897524355
3.0602962897524355
3.0602962897524355
3.0602962897524355
3.0602962897524355
3.0602962897524355
3.0602962897524355
3.0602962897524355
3.0602962897524355
3.0602962897524355
3.0602962897524355
3.0602962897524355
3.0602962897524355
3.0602962897524355
3.0602962897524355
3.0602962897524355
3.0602962897524355
3.0602962897524355
3.0602962897524355
3.0602962897524355
3.0602962897524355
3.0602962897524355
3.0602962897524355
3.0602962897524355
3.0602962897524355
3.0602962897524355
3.0602962897524355
3.0602962897524355
3.0602962897524355
3.0602962897524355
3.0602962897524355
3.0602962897524355
3.0602962897524355
3.0602962897524355
3.0602962897524355
3.0602962897524355
3.0602962897524355
3.0602962897524355
3.0602962897524355
3.0602962897524355
3.0602962897524355
3.0602962897524355
3.0602962897524355
3.0602962897524355
3.0602962897524355
3.0602962897524355
3.0602962897524355
3.0602962897524355
3.0602962897524355
3.0602962897524355
3.0602962897524355
3.0602962897524355
3.0602962897524355
3.0602962897524355
3.0602962897524355
3.0602962897524355
3.0602962897524355
3.0602962897524355
3.0602962897524355
3.0602962897524355
3.0602962897524355
2.7943502122277515
4.250739697756371
3.006787807865753
3.457492277237211
3.373829457410931
6.201254355754848
3.86202574155741
6.661041654019599
6.011414502008799
6.011414502008799
6.403977355945689
6.080920327034132
6.080920327034132
6.080920327034132
6.080920327034132
6.080920327034132
6.043020985948671
6.043020985948671
6.336525072900075
6.336525072900075
6.301774264174264
6.301774264174264
6.301774264174264
6.301774264174264
6.301774264174264
6.445771399452779
6.3346545187274295
6.192260274123113
6.155239940566837
6.155239940566837
6.339023634981091
6.571468628682041
5.770737824194917
6.394355020570826
