25.891900000000057
25.897600000000054
25.897600000000054
25.73240000000006
25.73240000000006
25.73240000000006
25.73240000000006
25.73240000000006
25.73240000000006
25.73240000000006
25.73240000000006
25.73240000000006
25.73240000000006
25.73240000000006
25.73240000000006
25.73240000000006
25.73240000000006
25.73240000000006
25.73240000000006
25.73240000000006
25.73240000000006
25.73240000000006
25.73240000000006
25.73240000000006
25.73240000000006
25.73240000000006
25.73240000000006
25.73240000000006
25.73240000000006
25.73240000000006
25.73240000000006
25.73240000000006
25.73240000000006
25.73240000000006
25.73240000000006
25.73240000000006
25.73240000000006
25.73240000000006
25.73240000000006
25.73240000000006
25.73240000000006
25.73240000000006
25.73240000000006
25.73240000000006
25.73240000000006
25.73240000000006
25.73240000000006
25.73240000000006
25.73240000000006
25.73240000000006
25.73240000000006
25.73240000000006
25.73240000000006
25.73240000000006
25.73240000000006
25.73240000000006
25.73240000000006
25.73240000000006
25.73240000000006
25.73240000000006
25.73240000000006
25.73240000000006
25.73240000000006
25.73240000000006
25.73240000000006
25.73240000000006
25.73240000000006
25.73240000000006
25.73240000000006
25.73240000000006
25.73240000000006
25.73240000000006
25.73240000000006
25.73240000000006
25.73240000000006
25.73240000000006
25.73240000000006
25.73240000000006
25.73240000000006
25.73240000000006
25.73240000000006
25.73240000000006
25.73240000000006
25.73240000000006
25.73240000000006
25.73240000000006
25.73240000000006
25.73240000000006
25.73240000000006
25.73240000000006
25.73240000000006
25.73240000000006
25.73240000000006
25.73240000000006
25.73240000000006
25.73240000000006
25.73240000000006
25.73240000000006
25.73240000000006
25.73240000000006
25.73240000000006
25.73240000000006
25.73240000000006
25.73240000000006
25.73240000000006
25.73240000000006
25.73240000000006
25.73240000000006
25.73240000000006
25.73240000000006
25.73240000000006
25.73240000000006
25.73240000000006
25.73240000000006
25.73240000000006
25.73240000000006
25.73240000000006
25.73240000000006
25.73240000000006
25.73240000000006
25.73240000000006
25.73240000000006
25.73240000000006
25.73240000000006
25.73240000000006
25.73240000000006
25.73240000000006
25.73240000000006
25.73240000000006
25.73240000000006
25.73240000000006
25.73240000000006
25.73240000000006
25.73240000000006
25.73240000000006
25.73240000000006
25.73240000000006
25.73240000000006
25.73240000000006
25.73240000000006
25.73240000000006
25.73240000000006
25.73240000000006
25.73240000000006
25.73240000000006
25.73240000000006
25.73240000000006
25.73240000000006
25.73240000000006
25.73240000000006
25.73240000000006
25.73240000000006
25.73240000000006
25.73240000000006
25.73240000000006
25.73240000000006
25.73240000000006
25.73240000000006
25.73240000000006
25.73240000000006
25.73240000000006
25.73240000000006
25.73240000000006
25.73240000000006
25.73240000000006
25.73240000000006
25.73240000000006
25.73240000000006
25.73240000000006
25.73240000000006
25.73240000000006
25.73240000000006
25.73240000000006
25.73240000000006
25.73240000000006
25.73240000000006
25.73240000000006
25.73240000000006
25.73240000000006
25.73240000000006
25.73240000000006
25.73240000000006
25.73240000000006
25.73240000000006
25.73240000000006
25.73240000000006
25.73240000000006
25.73240000000006
25.73240000000006
25.73240000000006
25.73240000000006
25.73240000000006
25.73240000000006
25.73240000000006
25.73240000000006
25.73240000000006
25.73240000000006
25.607200000000066
25.64690000000006
25.64690000000006
25.64690000000006
25.64690000000006
25.642900000000058
25.642900000000058
25.642900000000058
25.642900000000058
25.642900000000058
25.642900000000058
25.642900000000058
25.642900000000058
25.642900000000058
25.642900000000058
25.642900000000058
25.642900000000058
25.642900000000058
25.642900000000058
25.642900000000058
25.642900000000058
25.642900000000058
25.642900000000058
25.642900000000058
25.642900000000058
25.642900000000058
25.642900000000058
25.642900000000058
25.642900000000058
25.642900000000058
25.642900000000058
25.642900000000058
25.642900000000058
25.642900000000058
25.642900000000058
25.642900000000058
25.642900000000058
25.642900000000058
25.642900000000058
25.642900000000058
25.642900000000058
25.642900000000058
25.642900000000058
25.642900000000058
25.642900000000058
25.642900000000058
25.642900000000058
25.642900000000058
25.642900000000058
25.642900000000058
25.642900000000058
25.642900000000058
25.642900000000058
25.642900000000058
25.642900000000058
25.642900000000058
25.642900000000058
25.474300000000056
25.384800000000055
25.384800000000055
25.456600000000055
25.469800000000056
25.218700000000062
25.218700000000062
25.135800000000053
25.084200000000056
25.252800000000054
25.252800000000054
25.252800000000054
25.252800000000054
25.252800000000054
25.084200000000052
25.252800000000054
25.211700000000054
25.29190000000005
25.252200000000055
25.29530000000005
24.994700000000055
25.12670000000006
25.179600000000054
24.95220000000005
25.20580000000005
25.052200000000056
25.052200000000056
24.95220000000005
24.926300000000055
24.864100000000057
24.83790000000005
24.600000000000055
25.01580000000006
24.78650000000006
24.436000000000053
24.461400000000058
24.43600000000006
24.43600000000006
24.43600000000006
24.43600000000006
24.43600000000006
24.757400000000054
24.757400000000054
24.757400000000054
24.346500000000056
25.229000000000052
24.49930000000006
24.58880000000006
24.513700000000057
24.677800000000044
24.49930000000006
24.489200000000046
23.787800000000054
23.787800000000054
24.15170000000005
24.15170000000005
24.023000000000057
24.090400000000052
24.062200000000047
24.80810000000005
23.839100000000045
23.781900000000043
23.69240000000004
24.571400000000057
23.761600000000048
23.139600000000048
23.367300000000053
24.091800000000053
23.35100000000004
23.282000000000043
24.046900000000043
23.532600000000052
23.532900000000044
22.973900000000043
22.47170000000003
22.99340000000004
22.898900000000047
22.362600000000036
22.27310000000003
21.949700000000032
21.19940000000002
21.051200000000026
21.051200000000026
21.010400000000022
20.920900000000024
20.66110000000002
20.66110000000002
20.73770000000003
21.335000000000026
20.521200000000018
20.52120000000002
21.245500000000025
20.426800000000018
21.151500000000024
20.230200000000014
20.290770000000016
19.927520000000012
20.36850000000002
19.84010000000001
19.84010000000001
19.84010000000001
19.84010000000001
19.75060000000001
19.599500000000013
19.123199999999997
19.73930000000001
19.50550000000001
17.977599999999995
18.918300000000002
18.918300000000002
18.534000000000002
19.0177
18.57128
17.378699999999984
16.90919999999998
17.263799999999982
16.63269999999998
16.77209999999998
16.450299999999977
16.450299999999977
16.242599999999975
16.617899999999977
16.145199999999974
15.686399999999974
15.686399999999974
15.899799999999972
14.865399999999976
14.25989999999998
13.052999999999981
13.364899999999981
12.444499999999982
12.716699999999982
11.148099999999987
11.420299999999987
10.499899999999988
11.330799999999988
8.7402
8.9063
8.9063
8.9063
8.9063
8.9063
8.9063
8.9063
8.9063
8.9063
8.9063
8.9063
8.9063
8.9063
8.9063
8.9063
8.9063
8.9063
8.9063
8.9063
8.9063
8.9063
8.9063
8.9063
8.9063
8.9063
8.9063
8.9063
8.9063
8.9063
8.9063
8.9063
8.9063
8.9063
8.9063
8.9063
8.9063
8.9063
8.9063
8.9063
8.9063
8.9063
8.9063
8.9063
8.9063
8.9063
8.9063
8.9063
8.516200000000001
9.074299999999997
8.8168
8.8168
8.8168
8.8168
8.8168
8.8168
8.8168
8.8168
8.8168
8.8168
8.8168
8.8168
9.071499999999997
8.126100000000003
7.586500000000005
8.721400000000001
7.913000000000005
8.085300000000005
8.5553
8.393800000000002
8.393800000000002
8.179300000000005
7.960100000000006
9.670799999999993
9.670799999999993
9.670799999999993
7.0869000000000035
7.0869000000000035
9.072099999999995
6.276000000000003
18.954799999999995
5.639900000000002
5.746000000000003
5.052200000000004
1.883
5.570400000000003
5.3506000000000045
3.493100000000001
3.493100000000001
3.805600000000001
1.4434
0.8022
0.0040000000000000036
0.0040000000000000036
23.30760000000005
8.269600000000004
8.660300000000001
10.717799999999986
7.108500000000004
7.361400000000004
18.567800000000002
11.273999999999983
5.875800000000003
7.726900000000005
8.426100000000002
23.601500000000055
9.619699999999991
24.583500000000058
22.73380000000004
24.616700000000044
