6.073534660143576
6.073534660143576
6.073534660143576
6.073534660143576
6.073534660143576
6.148653838547608
6.148653838547608
6.148653838547608
6.148653838547608
6.148653838547608
6.148653838547608
6.148653838547608
6.148653838547608
6.148653838547608
6.148653838547608
6.148653838547608
6.156174236473189
6.156174236473189
6.156174236473189
6.156174236473189
6.156174236473189
6.156174236473189
6.156174236473189
6.156174236473189
6.156174236473189
6.156174236473189
6.156174236473189
6.156174236473189
6.156174236473189
6.156174236473189
6.156174236473189
6.156174236473189
6.156174236473189
6.156174236473189
6.156174236473189
6.156174236473189
6.156174236473189
6.156174236473189
6.156174236473189
6.156174236473189
6.156174236473189
6.156174236473189
6.156174236473189
6.156174236473189
6.156174236473189
6.156174236473189
6.156174236473189
6.156174236473189
6.156174236473189
6.156174236473189
6.156174236473189
6.156174236473189
6.156174236473189
6.156174236473189
6.156174236473189
6.156174236473189
6.156174236473189
6.156174236473189
6.156174236473189
6.156174236473189
6.156174236473189
6.156174236473189
6.156174236473189
6.156174236473189
6.156174236473189
6.156174236473189
6.156174236473189
6.156174236473189
6.156174236473189
6.156174236473189
6.156174236473189
6.156174236473189
6.156174236473189
6.156174236473189
6.156174236473189
6.156174236473189
6.156174236473189
6.156174236473189
6.156174236473189
6.156174236473189
6.156174236473189
6.156174236473189
6.156174236473189
6.156174236473189
6.156174236473189
6.156174236473189
6.156174236473189
6.156174236473189
6.156174236473189
6.156174236473189
6.156174236473189
6.156174236473189
6.156174236473189
6.156174236473189
6.156174236473189
6.156174236473189
6.156174236473189
6.156174236473189
6.156174236473189
6.156174236473189
6.156174236473189
6.156174236473189
6.156174236473189
6.156174236473189
6.156174236473189
6.156174236473189
6.156174236473189
6.156174236473189
6.156174236473189
6.156174236473189
6.156174236473189
6.156174236473189
6.156174236473189
6.156174236473189
6.156174236473189
6.156174236473189
6.156174236473189
6.156174236473189
6.156174236473189
6.156174236473189
6.156174236473189
6.156174236473189
6.156174236473189
6.156174236473189
6.156174236473189
6.156174236473189
6.156174236473189
6.156174236473189
6.156174236473189
6.156174236473189
6.156174236473189
6.156174236473189
6.156174236473189
6.156174236473189
6.156174236473189
6.156174236473189
6.156174236473189
6.156174236473189
6.156174236473189
6.156174236473189
6.156174236473189
6.156174236473189
6.156174236473189
6.156174236473189
6.156174236473189
6.156174236473189
6.156174236473189
6.156174236473189
6.156174236473189
6.1211508742736145
6.1211508742736145
6.1211508742736145
6.1211508742736145
6.1211508742736145
6.1211508742736145
6.1211508742736145
6.1211508742736145
6.1211508742736145
6.1211508742736145
6.1211508742736145
6.1211508742736145
6.1211508742736145
6.1211508742736145
6.1211508742736145
6.1211508742736145
6.1211508742736145
6.1211508742736145
6.1211508742736145
6.1211508742736145
6.1211508742736145
6.129795435851544
6.1108475059034095
6.198276796890454
6.198276796890454
6.198276796890454
6.198276796890454
6.198276796890454
6.198276796890454
6.198276796890454
6.198276796890454
6.198276796890454
6.198276796890454
6.198276796890454
6.198276796890454
6.198276796890454
6.198276796890454
6.198276796890454
6.198276796890454
6.198276796890454
6.198276796890454
6.198276796890454
6.198276796890454
6.198276796890454
6.198276796890454
6.198276796890454
6.198276796890454
6.198276796890454
6.198276796890454
6.198276796890454
6.198276796890454
6.198276796890454
6.198276796890454
6.198276796890454
6.198276796890454
6.198276796890454
6.198276796890454
6.198276796890454
6.198276796890454
6.198276796890454
6.198276796890454
6.198276796890454
6.198276796890454
6.198276796890454
6.198276796890454
6.198276796890454
6.118279729850503
6.118279729850503
6.118279729850503
6.118279729850503
6.118279729850503
6.118279729850503
6.118279729850503
6.118279729850503
6.118279729850503
6.118279729850503
6.118279729850503
6.118279729850503
6.118279729850503
6.118279729850503
6.118279729850503
6.118279729850503
6.118279729850503
6.118279729850503
6.118279729850503
6.118279729850503
6.118279729850503
6.118279729850503
6.118279729850503
6.118279729850503
6.118279729850503
6.118279729850503
6.118279729850503
6.118279729850503
6.118279729850503
6.118279729850503
6.118279729850503
6.118279729850503
6.118279729850503
6.118279729850503
6.118279729850503
6.118279729850503
6.118279729850503
6.118279729850503
6.118279729850503
6.118279729850503
6.118279729850503
6.118279729850503
6.118279729850503
6.118279729850503
6.118279729850503
6.118279729850503
6.118279729850503
6.118279729850503
6.118279729850503
6.118279729850503
6.118279729850503
6.118279729850503
6.118279729850503
6.118279729850503
6.118279729850503
6.118279729850503
6.118279729850503
6.118279729850503
6.118279729850503
6.118279729850503
6.118279729850503
6.118279729850503
6.118279729850503
6.118279729850503
6.118279729850503
6.118279729850503
6.118279729850503
6.118279729850503
6.118279729850503
6.118279729850503
6.118279729850503
6.118279729850503
6.118279729850503
6.118279729850503
6.118279729850503
6.118279729850503
6.118279729850503
6.118279729850503
6.118279729850503
6.118279729850503
6.118279729850503
6.118279729850503
6.118279729850503
6.118279729850503
6.118279729850503
6.118279729850503
6.118279729850503
6.118279729850503
6.118279729850503
6.118279729850503
6.118279729850503
6.118279729850503
6.118279729850503
6.118279729850503
6.118279729850503
6.118279729850503
6.118279729850503
6.118279729850503
6.118279729850503
6.118279729850503
6.118279729850503
6.118279729850503
6.118279729850503
6.118279729850503
6.118279729850503
6.118279729850503
6.118279729850503
6.118279729850503
6.118279729850503
6.118279729850503
6.118279729850503
6.118279729850503
6.118279729850503
6.118279729850503
6.118279729850503
6.118279729850503
6.118279729850503
6.118279729850503
6.118279729850503
6.118279729850503
6.118279729850503
6.118279729850503
6.118279729850503
6.118279729850503
6.118279729850503
6.118279729850503
6.118279729850503
6.118279729850503
6.118279729850503
6.118279729850503
6.118279729850503
6.118279729850503
6.118279729850503
6.118279729850503
6.118279729850503
6.118279729850503
6.118279729850503
6.118279729850503
6.118279729850503
6.118279729850503
6.118279729850503
6.118279729850503
6.118279729850503
6.118279729850503
6.118279729850503
6.118279729850503
6.118279729850503
6.118279729850503
6.118279729850503
6.118279729850503
6.118279729850503
6.118279729850503
6.118279729850503
6.118279729850503
6.118279729850503
6.118279729850503
6.118279729850503
6.118279729850503
6.118279729850503
6.118279729850503
6.118279729850503
6.118279729850503
6.118279729850503
6.118279729850503
6.118279729850503
6.118279729850503
6.118279729850503
6.118279729850503
6.118279729850503
6.118279729850503
6.118279729850503
6.118279729850503
6.118279729850503
6.118279729850503
6.118279729850503
6.118279729850503
6.118279729850503
6.118279729850503
6.118279729850503
6.119973230565013
6.167771535989793
6.2842125706806
6.442148117327984
6.308749728115954
6.314173322458831
6.314445389081383
6.314445389081383
6.323971312240575
6.325990983721335
6.159719435992
6.0803327393075435
6.0803327393075435
6.313183712641232
6.324729307281182
6.1796971181125375
6.268358010428136
6.287116586540776
6.287116586540776
6.193024836366288
5.959427297006215
6.18386630748809
6.043961924387103
6.0423264973339395
6.0423264973339395
6.0423264973339395
6.156321934870105
6.186997686498253
6.383913159967349
6.054943152515018
6.004253761337476
6.226164945187855
6.1629886095901725
6.507842330257344
6.565451874730062
5.966106776047492
6.835962446540796
6.835962446540796
6.850638880607665
6.185966624945544
6.897797075228528
6.838754353933368
6.041968264119433
6.908857581811918
6.179590356441466
6.969606525777978
5.812600881164231
5.770864317016061
5.58073834047496
5.396889243984743
5.433012832720684
5.293219873310758
5.3441045331764085
5.903482382865995
5.261863411972081
5.868497390664358
5.448658502810677
5.092498636432667
5.38305578440517
5.342935534067173
4.916716615573985
5.302503845905722
4.90583599462513
4.915307933953407
4.878599740372683
4.815970011802181
4.876431444245932
4.753062613171714
5.157019994924224
4.911754737853732
5.1118390522547505
4.729876932505755
5.056735485347451
4.728814062535418
5.055107723964182
5.857233557908574
5.080531276722691
5.47674018347647
4.821777990052187
5.142639307265499
5.142639307265499
4.760384867985724
4.241091957372744
4.7145700747385435
4.950836169346095
4.631557048218058
4.733251346860593
4.613567206951594
4.403027667601313
4.403027667601313
4.608037188189868
4.3286628273252195
5.66049009316457
4.426217155293007
3.3735618532747536
4.100874398069973
5.786917476862893
5.706343396595336
5.552093377398519
4.492506380487854
6.667815384615385
6.667815384615385
6.963984615384615
4.473674344791644
6.052933006976723
6.052933006976723
