[0.9813828]
[0.00016012]
[0.00016012]
[0.00016012]
[0.00016012]
[0.00016012]
[0.00016012]
[0.00016012]
[0.00016012]
[0.00016012]
[0.00016012]
[0.00016012]
[0.00016012]
[0.00016012]
[0.00016012]
[0.00016012]
[0.00016012]
[0.00016012]
[0.00016012]
[0.00016012]
[0.00016012]
[0.00016012]
[0.00016012]
[0.00016012]
[0.00016012]
[0.00016012]
[0.00016012]
[0.00016012]
[0.00016012]
[0.00016012]
[0.00016012]
[0.00016012]
[0.00016012]
[0.00016012]
[0.00016012]
[0.00016012]
[0.00016012]
[0.00016012]
[0.00016012]
[0.00016012]
[0.00016012]
[0.00016012]
[0.00016012]
[0.00016012]
[0.00016012]
[0.00016012]
[0.00016012]
[0.00016012]
[0.00016012]
[0.00016012]
[0.00016012]
[0.00016012]
[0.00016012]
[0.00016012]
[0.00016012]
[0.00016012]
[0.00016012]
[0.00016012]
[0.00016012]
[0.00016012]
[0.00016012]
[0.00016012]
[0.00016012]
[0.00016012]
[0.00016012]
[0.00016012]
[0.00016012]
[0.00016012]
[0.00016012]
[0.00016012]
[0.00016012]
[0.00016012]
[0.00016012]
[0.00016012]
[0.00016012]
[0.00016012]
[0.00016012]
[0.00016012]
[0.00016012]
[0.00016012]
[0.00016012]
[0.00016012]
[0.00016012]
[0.00016012]
[0.00016012]
[0.00016012]
[0.00016012]
[0.00016012]
[0.00016012]
[0.00016012]
[0.00016012]
[0.00016012]
[0.00016012]
[0.00016012]
[0.00016012]
[0.00016012]
[0.00016012]
[0.00016012]
[0.00016012]
[0.00016012]
[0.00016012]
[0.00016012]
[0.00016012]
[0.00016012]
[0.00016012]
[0.00016012]
[0.00016012]
[0.00016012]
[0.00016012]
[0.00016012]
[0.00016012]
[0.00016012]
[0.00016012]
[0.00016012]
[0.00016012]
[0.00016012]
[0.00016012]
[0.00016012]
[0.00016012]
[0.00016012]
[0.00016012]
[0.00016012]
[0.00016012]
[0.00016012]
[0.00016012]
[0.00016012]
[0.00016012]
[0.00016012]
[0.00016012]
[0.00016012]
[0.00016012]
[0.00016012]
[0.00016012]
[0.00016012]
[0.00016012]
[0.00016012]
[0.00016012]
[0.00016012]
[0.00016012]
[0.00016012]
[0.00016012]
[0.00016012]
[0.00016012]
[0.00016012]
[0.00016012]
[0.00016012]
[0.00016012]
[0.00016012]
[0.00016012]
[0.00016012]
[0.00016012]
[0.00016012]
[0.00016012]
[0.00016012]
[0.00016012]
[0.00016012]
[0.00016012]
[0.00016012]
[0.00016012]
[0.00016012]
[0.00016012]
[0.00016012]
[0.00016012]
[0.00016012]
[0.00016012]
[0.00016012]
[0.00016012]
[0.00016012]
[0.00016012]
[0.00016012]
[0.00016012]
[0.00016012]
[0.00016012]
[0.00016012]
[0.00016012]
[0.00016012]
[0.00016012]
[0.00016012]
[0.00016012]
[0.00016012]
[0.00016012]
[0.00016012]
[0.00016012]
[0.00016012]
[0.00016012]
[0.00016012]
[0.00016012]
[0.00016012]
[0.00016012]
[0.00016012]
[0.00016012]
[0.00016012]
[0.00016012]
[0.00016012]
[0.00016012]
[0.00016012]
[0.00016012]
[0.00016012]
[0.00016012]
[0.00016012]
[0.00016012]
[0.00016012]
[0.00016012]
[0.00016012]
[0.00016012]
[0.00016012]
[0.00016012]
[0.00016012]
[0.00016012]
[0.00016012]
[0.00016012]
[0.00016012]
[0.00016012]
[0.00016012]
[0.00016012]
[0.00016091]
[0.00016091]
[0.00016091]
[0.00016091]
[0.00016091]
[0.00016091]
[0.00016091]
[0.00016091]
[0.00016091]
[0.00016091]
[0.00016091]
[0.00016091]
[0.00016091]
[0.00016091]
[0.00016091]
[0.00016091]
[0.00016091]
[0.00016091]
[0.00016091]
[0.00016091]
[0.00016091]
[0.00016091]
[0.00016091]
[0.00016091]
[0.00016091]
[0.00016091]
[0.00016091]
[0.00016091]
[0.00016091]
[0.00016091]
[0.00016091]
[0.00016091]
[0.00016091]
[0.00016091]
[0.00016091]
[0.00016091]
[0.00016091]
[0.00016091]
[0.00016091]
[0.00016091]
[0.00016091]
[0.00016091]
[0.00016091]
[0.00016091]
[0.00016091]
[0.00016091]
[0.00016091]
[0.00016091]
[0.00016091]
[0.00016091]
[0.00016091]
[0.00016091]
[0.00016091]
[0.00016091]
[0.00016091]
[0.00016091]
[0.00016091]
[0.00016091]
[0.00016091]
[0.00016091]
[0.00016091]
[0.00016091]
[0.00016091]
[0.00016091]
[0.00016091]
[0.00016091]
[0.00016091]
[0.00016091]
[0.00016091]
[0.00016091]
[0.00016091]
[0.00016091]
[0.00016091]
[0.00016091]
[0.00016091]
[0.00016091]
[0.00016091]
[0.00016091]
[0.00016091]
[0.00016091]
[0.00016091]
[0.00016091]
[0.00016091]
[0.00016091]
[0.00016091]
[0.00016091]
[0.00016091]
[0.00016091]
[0.00016091]
[0.00016091]
[0.00016091]
[0.00016091]
[0.00016091]
[0.00016091]
[0.00016091]
[0.00016091]
[0.00016091]
[0.00016091]
[0.00016091]
[0.00016091]
[0.00016091]
[0.00016091]
[0.00016091]
[0.00016091]
[0.00016091]
[0.00016091]
[0.00016091]
[0.00016091]
[0.00016091]
[0.00016091]
[0.00016091]
[0.00016091]
[0.00016091]
[0.00016091]
[0.00016091]
[0.00016091]
[0.00016091]
[0.00016091]
[0.00016091]
[0.00016091]
[0.00016091]
[0.00016091]
[0.00016091]
[0.00016091]
[0.00016091]
[0.00016091]
[0.00016091]
[0.00016091]
[0.00016091]
[0.00016091]
[0.00016091]
[0.00016091]
[0.00016091]
[0.00016091]
[0.00016091]
[0.00016091]
[0.00016091]
[0.00016091]
[0.00016091]
[0.00016091]
[0.00016091]
[0.00016091]
[0.00016091]
[0.00016091]
[0.00016091]
[0.00016091]
[0.00016091]
[0.00016091]
[0.00016091]
[0.00016091]
[0.00016091]
[0.00016091]
[0.00016091]
[0.00016091]
[0.00016091]
[0.00016091]
[0.00016091]
[0.00016091]
[0.00016091]
[0.00016091]
[0.00016091]
[0.00016091]
[0.00016091]
[0.00016091]
[0.00016091]
[0.00016091]
[0.00016091]
[0.00016091]
[0.00016091]
[0.00016091]
[0.00016091]
[0.00016091]
[0.00016091]
[0.00016091]
[0.00016091]
[0.00016091]
[0.00016091]
[0.00016091]
[0.00016091]
[0.00016091]
[0.00016091]
[0.00016091]
[0.00016091]
[0.00016091]
[0.00016091]
[0.00016091]
[0.00016091]
[0.00016091]
[0.00016091]
[0.00016091]
[0.00016091]
[0.00016091]
[0.00016091]
[0.00016091]
[0.00016091]
[0.00016091]
[0.00016091]
[0.00016091]
[0.00016091]
[0.00016091]
[0.00016091]
[0.00016091]
[0.00016091]
[0.00016091]
[0.00016091]
[0.00016091]
[0.00016091]
[0.00016091]
[0.00016091]
[0.00016091]
[0.00016091]
[0.00016091]
[0.00016091]
[0.00016091]
[0.00016091]
[0.00016091]
[0.00016091]
[0.00016091]
[0.00016091]
[0.00016091]
[0.00016091]
[0.00016091]
[0.00016091]
[0.00016091]
[0.00016091]
[0.00016091]
[0.00016091]
[0.00016091]
[0.00016091]
[0.00016091]
[0.00016073]
[0.00015976]
[0.00016091]
[0.00016047]
[0.00016188]
[0.00016072]
[0.00016072]
[0.00016147]
[0.00016147]
[0.00016147]
[0.00016262]
[0.00016179]
[0.00016238]
[0.00016032]
[0.00016493]
[0.00016277]
[0.00016675]
[0.00016596]
[0.00017077]
[0.00017484]
[0.00017561]
[0.00016654]
[0.00018068]
[0.00017916]
[0.00016683]
[0.00016598]
[0.00018174]
[0.00017128]
[0.00018799]
[0.00017571]
[0.00018575]
[0.00017647]
[0.00017174]
[0.00016085]
[0.0001695]
[0.0001695]
[0.0001695]
[0.0001695]
[0.0001595]
[0.00016795]
[0.00018303]
[0.00016237]
[0.00017097]
[0.00020344]
[0.00016743]
[0.00017495]
[0.00315187]
[0.00019429]
[0.00019429]
[0.00019429]
[0.0001878]
[0.0001878]
[0.00020124]
[0.00020124]
[0.00020124]
