4.441100000000003
4.441100000000003
4.441100000000003
4.441100000000003
4.441100000000003
4.441100000000003
1.4766
1.4766
1.4766
2.4432
1.4963
5.497800000000004
5.497800000000004
5.497800000000004
5.497800000000004
5.497800000000004
5.497800000000004
5.497800000000004
0.8566
4.503700000000003
4.503700000000003
4.503700000000003
4.503700000000003
4.503700000000003
4.503700000000003
4.503700000000003
4.478800000000002
4.394400000000003
4.088700000000002
4.088700000000002
4.088700000000002
4.088700000000002
5.196800000000004
5.196800000000004
5.196800000000004
5.196800000000004
5.196800000000004
5.196800000000004
5.196800000000004
4.6266000000000025
4.6266000000000025
4.6266000000000025
4.6266000000000025
4.6266000000000025
4.6266000000000025
4.6266000000000025
4.6266000000000025
2.2771
2.2771
2.2771
2.2771
2.2771
2.2771
2.2771
2.2771
2.2771
2.2771
2.2771
2.2771
2.2771
2.2771
2.2771
2.2771
2.2771
2.2771
2.2771
2.2771
2.2771
2.2771
2.2771
2.2771
2.2771
2.2771
2.2771
2.2771
2.2771
2.2771
2.2771
2.2771
2.2771
2.2771
2.2771
2.2771
2.2771
2.2771
2.2771
2.2771
2.2771
2.2771
2.2771
2.2771
2.2771
2.2771
2.2771
2.2771
2.2771
2.2771
2.2771
2.2771
2.2771
2.2771
2.2771
2.2771
2.2771
2.2771
2.2771
2.2771
2.2771
2.2771
2.2771
2.2771
2.2771
2.2771
2.2771
2.2771
2.2771
2.2771
2.2771
2.2771
2.2771
2.2771
2.2771
2.2771
2.2771
2.2771
2.2771
2.2771
2.2771
2.2771
2.2771
2.2771
2.2771
2.2771
2.2771
2.2771
2.2771
2.2771
2.2771
2.2771
2.2771
2.2771
2.2771
2.2771
2.2771
2.2771
2.2771
2.2771
2.2771
2.2771
2.2771
2.2771
2.2771
2.2771
2.2771
2.2771
2.2771
2.2771
2.2771
2.2771
2.2771
2.2771
2.2771
2.2771
2.2771
4.584100000000003
4.584100000000003
4.584100000000003
4.584100000000003
4.584100000000003
4.584100000000003
39.886999999999965
39.886999999999965
39.886999999999965
39.886999999999965
39.886999999999965
39.886999999999965
39.886999999999965
39.886999999999965
39.886999999999965
39.886999999999965
39.886999999999965
39.886999999999965
39.886999999999965
39.886999999999965
39.886999999999965
39.886999999999965
39.886999999999965
39.886999999999965
39.886999999999965
39.886999999999965
39.886999999999965
39.886999999999965
39.886999999999965
39.886999999999965
39.886999999999965
39.886999999999965
39.886999999999965
39.886999999999965
39.886999999999965
39.886999999999965
39.886999999999965
39.886999999999965
39.886999999999965
39.886999999999965
39.886999999999965
39.886999999999965
39.886999999999965
39.886999999999965
39.886999999999965
39.886999999999965
39.886999999999965
39.886999999999965
39.886999999999965
39.886999999999965
39.886999999999965
39.886999999999965
39.886999999999965
39.886999999999965
39.886999999999965
39.886999999999965
39.886999999999965
39.886999999999965
39.886999999999965
39.886999999999965
39.886999999999965
39.886999999999965
39.886999999999965
39.886999999999965
39.886999999999965
39.886999999999965
39.886999999999965
39.886999999999965
39.886999999999965
39.886999999999965
39.886999999999965
39.886999999999965
39.886999999999965
39.886999999999965
39.886999999999965
39.886999999999965
39.886999999999965
39.886999999999965
39.886999999999965
39.886999999999965
39.886999999999965
39.886999999999965
39.886999999999965
39.886999999999965
39.886999999999965
39.886999999999965
39.886999999999965
39.886999999999965
39.886999999999965
39.886999999999965
39.886999999999965
39.886999999999965
39.886999999999965
39.886999999999965
39.886999999999965
39.886999999999965
39.886999999999965
39.886999999999965
39.886999999999965
39.886999999999965
39.886999999999965
39.886999999999965
39.886999999999965
39.886999999999965
39.886999999999965
39.886999999999965
39.886999999999965
39.886999999999965
39.886999999999965
39.886999999999965
39.886999999999965
39.886999999999965
39.886999999999965
39.886999999999965
39.886999999999965
39.886999999999965
39.886999999999965
39.886999999999965
39.886999999999965
39.886999999999965
39.886999999999965
39.886999999999965
39.886999999999965
39.886999999999965
39.886999999999965
39.886999999999965
39.886999999999965
39.886999999999965
39.886999999999965
39.886999999999965
39.886999999999965
39.886999999999965
39.886999999999965
39.886999999999965
39.886999999999965
39.886999999999965
39.886999999999965
39.886999999999965
39.886999999999965
39.886999999999965
39.886999999999965
39.886999999999965
39.886999999999965
39.886999999999965
39.886999999999965
39.886999999999965
39.886999999999965
39.886999999999965
39.886999999999965
39.886999999999965
39.886999999999965
39.886999999999965
39.886999999999965
39.886999999999965
39.886999999999965
39.886999999999965
39.886999999999965
39.886999999999965
39.886999999999965
39.886999999999965
39.886999999999965
39.886999999999965
39.886999999999965
39.886999999999965
39.886999999999965
39.886999999999965
39.886999999999965
39.886999999999965
39.886999999999965
39.886999999999965
39.886999999999965
39.886999999999965
39.886999999999965
39.886999999999965
39.886999999999965
39.886999999999965
39.886999999999965
39.886999999999965
39.886999999999965
39.886999999999965
39.886999999999965
39.886999999999965
39.886999999999965
39.886999999999965
39.886999999999965
39.886999999999965
39.886999999999965
39.886999999999965
39.886999999999965
39.886999999999965
39.886999999999965
39.886999999999965
39.886999999999965
39.886999999999965
39.886999999999965
39.886999999999965
39.886999999999965
39.886999999999965
39.886999999999965
39.886999999999965
39.886999999999965
39.886999999999965
39.886999999999965
39.886999999999965
39.886999999999965
39.886999999999965
39.886999999999965
39.886999999999965
39.886999999999965
39.886999999999965
39.886999999999965
39.886999999999965
39.886999999999965
39.886999999999965
39.886999999999965
39.886999999999965
39.886999999999965
39.886999999999965
39.886999999999965
39.886999999999965
39.886999999999965
39.886999999999965
39.886999999999965
39.886999999999965
39.886999999999965
39.886999999999965
39.886999999999965
39.886999999999965
39.886999999999965
39.886999999999965
39.886999999999965
39.886999999999965
39.886999999999965
39.886999999999965
39.886999999999965
39.886999999999965
39.886999999999965
39.886999999999965
39.886999999999965
39.886999999999965
39.886999999999965
39.886999999999965
39.886999999999965
39.886999999999965
39.886999999999965
39.886999999999965
39.886999999999965
39.886999999999965
39.886999999999965
39.886999999999965
39.886999999999965
39.886999999999965
39.23879999999996
39.23879999999996
39.23879999999996
39.23879999999996
39.23879999999996
39.37989999999996
39.17039999999996
39.28129999999996
39.17039999999996
39.17039999999996
39.17039999999996
39.17039999999996
39.170399999999965
39.28199999999997
39.17369999999996
38.59059999999996
38.59059999999996
38.59059999999996
38.59059999999996
38.59059999999996
38.74339999999995
37.94239999999996
37.94239999999996
37.937399999999954
36.72809999999998
33.36529999999994
33.47449999999995
33.677199999999935
32.28629999999998
32.28629999999998
31.94449999999999
32.44889999999998
32.18459999999999
32.67579999999998
30.50339999999999
27.499099999999988
25.99469999999999
23.816
21.579220000000007
23.13360000000001
21.268470000000004
22.22180000000001
22.1452
22.1452
21.477020000000007
21.477020000000007
21.3077
22.074200000000005
20.520400000000002
20.8742
20.8742
20.7508
20.7508
20.7508
20.7508
20.7508
2.7784000000000004
20.378800000000002
20.253000000000004
19.541100000000004
18.850400000000004
18.6976
15.830999999999985
14.222699999999987
15.569699999999983
13.574499999999988
12.695999999999987
11.25809999999999
10.981699999999991
9.997199999999992
9.997199999999992
9.499099999999993
6.444300000000003
6.0725000000000025
6.0725000000000025
5.796100000000003
5.473200000000001
3.2033000000000014
3.8515000000000015
4.606100000000001
5.727700000000002
5.906900000000001
32.21219999999998
28.831200000000003
