21.19170000000002
20.961400000000015
20.643600000000013
20.38180000000001
20.19680000000001
20.860200000000013
20.68820000000001
20.57150000000001
20.57150000000001
20.57150000000001
20.57150000000001
20.447900000000008
20.29130000000001
20.29130000000001
20.29130000000001
20.29130000000001
20.104600000000012
20.104600000000012
19.982500000000005
19.982500000000005
19.982500000000005
19.982500000000005
19.5346
19.5346
19.93620000000001
19.995400000000007
19.995400000000007
19.995400000000007
19.995400000000007
19.995400000000007
19.590900000000005
19.590900000000005
19.590900000000005
19.3343
19.3343
19.3343
19.3343
19.3343
19.3343
19.3343
19.3343
19.3343
19.3343
19.3343
19.375899999999998
20.511800000000008
19.689700000000002
19.689700000000002
19.689700000000002
19.689700000000002
19.689700000000002
20.0956
20.015300000000007
19.9233
19.9233
19.9233
19.9233
20.266900000000007
19.548400000000004
20.26060000000001
20.064400000000003
19.9658
19.9658
19.9658
19.9658
20.0088
20.0088
20.0088
20.0088
20.0088
20.0088
20.0088
20.0088
20.0088
20.0088
20.0088
19.4781
20.150500000000008
19.930300000000006
19.930300000000006
19.930300000000006
19.930300000000006
20.057700000000004
20.057700000000004
20.057700000000004
20.057700000000004
20.0194
20.0194
20.015800000000006
19.343600000000002
19.343600000000002
19.343600000000002
19.343600000000002
20.085400000000003
20.13550000000001
19.983700000000006
19.2028
19.2028
19.2028
19.2028
19.2028
19.470200000000002
18.863599999999995
19.533199999999997
20.119500000000006
20.119500000000006
19.989900000000002
20.185000000000006
20.185000000000006
19.28
18.863799999999994
18.863799999999994
19.834800000000005
19.367099999999997
19.037999999999997
20.102400000000006
19.749400000000005
19.854100000000006
19.854100000000006
19.035599999999995
20.269200000000012
19.934700000000003
19.8636
19.8636
19.8636
19.5177
19.3775
20.353700000000014
19.536200000000004
19.536200000000004
19.409599999999998
19.2296
19.975000000000005
19.895000000000003
18.829899999999995
19.7163
19.859400000000004
19.688299999999998
19.387999999999998
19.171599999999998
19.910500000000003
18.955599999999997
19.330299999999998
19.469199999999994
19.018899999999995
19.945600000000006
18.688999999999993
19.90470000000001
19.7143
19.026099999999992
19.778700000000004
18.67279999999999
19.293699999999998
19.403799999999993
19.698200000000003
19.503299999999996
18.709199999999992
19.599500000000003
19.3246
19.6712
5.266900000000005
18.714899999999993
19.3279
18.887099999999993
19.514499999999998
19.03779999999999
19.681100000000004
18.006799999999988
19.225799999999996
18.605199999999993
19.5832
5.269300000000005
5.269300000000005
18.597799999999992
18.597799999999992
18.597799999999992
18.119099999999985
19.022599999999994
19.5315
19.8104
19.2028
19.954600000000006
20.060000000000002
19.5269
19.3111
19.271099999999997
19.483600000000003
4.981400000000003
19.3056
18.476999999999986
19.106899999999992
18.97099999999999
18.392599999999987
18.981699999999986
18.168199999999977
19.428799999999995
19.6472
18.50689999999999
4.668000000000004
18.865799999999997
18.865799999999997
5.078300000000005
19.305699999999995
17.57089999999998
17.58819999999998
18.075899999999983
19.18059999999999
18.56439999999999
18.50979999999999
5.269300000000004
18.498499999999993
4.505700000000004
17.756699999999984
4.508600000000003
4.873400000000004
4.873400000000004
4.873400000000004
4.473100000000002
17.54209999999998
4.9726000000000035
17.237699999999972
4.268400000000003
6.514200000000006
6.514200000000006
4.549400000000002
4.549400000000002
4.407700000000004
18.929299999999998
17.76179999999998
4.771200000000003
6.341100000000005
4.939500000000003
4.939500000000003
4.939500000000003
4.939500000000003
4.2078000000000015
14.408199999999969
2.2969
13.849099999999975
4.236800000000004
4.617200000000003
4.426900000000003
-0.6657000000000002
4.591400000000003
4.565600000000003
13.202899999999977
3.995700000000002
4.813500000000004
4.813500000000004
4.813500000000004
4.859800000000003
4.859800000000003
-0.4251
4.576900000000004
4.158900000000003
5.3689000000000044
4.806500000000003
4.806500000000003
4.806500000000003
4.806500000000003
4.806500000000003
4.817000000000004
4.817000000000004
4.817000000000004
4.817000000000004
4.817000000000004
4.817000000000004
4.817000000000004
4.817000000000004
3.0953000000000017
4.212000000000002
12.37101999999998
5.209970000000005
4.885400000000002
4.806500000000003
4.806500000000003
4.806500000000003
4.806500000000003
4.201500000000002
5.411500000000004
5.411500000000004
5.411500000000004
5.411500000000004
4.882100000000003
4.882100000000003
4.405300000000002
4.954800000000003
4.954800000000003
4.330700000000003
3.974400000000002
4.950500000000003
4.950500000000003
4.950500000000003
4.950500000000003
4.950500000000003
4.950500000000003
5.091600000000003
4.654500000000003
4.654500000000003
4.654500000000003
4.654500000000003
4.304670000000002
4.498100000000003
5.094400000000004
5.094400000000004
5.094400000000004
5.094400000000004
3.9906000000000024
2.3506
4.4010000000000025
12.134599999999981
4.569500000000003
4.635900000000002
4.635900000000002
12.226499999999982
4.373300000000003
4.373300000000003
5.094400000000004
5.905800000000005
5.3449000000000035
5.3449000000000035
4.260100000000002
4.501900000000003
5.220500000000003
4.704300000000003
4.704300000000003
4.704300000000003
4.144700000000003
4.818700000000002
5.387400000000003
1.4959
3.5443000000000016
5.063000000000003
4.216300000000002
4.042900000000002
4.406300000000003
4.195100000000002
-0.12789999999999985
5.079900000000003
5.079900000000003
4.860200000000003
5.117300000000003
10.604599999999989
10.640699999999988
4.283800000000002
4.283800000000002
4.014500000000003
6.346800000000005
6.346800000000005
4.093500000000002
2.8406000000000002
2.8406000000000002
2.9198000000000013
4.754500000000003
3.5469000000000017
10.829599999999987
4.063200000000002
10.467599999999992
3.3271000000000006
10.173699999999993
4.286300000000002
8.861500000000001
4.770600000000003
6.379100000000005
5.250300000000004
5.389800000000004
5.080200000000004
5.988500000000005
4.670700000000004
5.682800000000006
6.074000000000004
2.3267999999999995
1.761
13.268899999999975
9.2179
1.6439999999999997
5.0217000000000045
2.4049199999999997
6.0762000000000045
4.416300000000002
9.147499999999999
9.611499999999996
4.597300000000003
4.606200000000002
4.694500000000003
3.00992
9.487799999999996
9.800399999999994
5.200800000000003
5.113700000000003
19.594299999999997
3.9909000000000034
5.200800000000003
5.583700000000004
2.495
2.4154999999999998
2.4154999999999998
3.989700000000001
2.2836999999999996
5.368100000000004
2.458
4.5907000000000036
4.078220000000001
8.781600000000001
7.155700000000006
4.007700000000002
2.4071
4.594700000000003
8.030000000000006
3.936600000000002
3.225500000000001
6.002500000000005
0.16199999999999998
0.16199999999999998
4.325600000000002
3.0629
3.0629
3.936600000000002
4.773700000000003
6.168600000000005
1.1451
9.653979999999995
3.092900000000001
4.388300000000004
4.814200000000004
2.2215999999999996
3.0111000000000017
1.8762999999999996
4.715500000000003
1.9608999999999999
3.0028000000000006
1.4990999999999999
3.729800000000001
2.2699999999999996
1.9608999999999999
5.919870000000005
3.1811000000000007
4.539400000000002
-0.17039999999999988
7.4182800000000055
4.194100000000002
1.6866
6.122800000000005
4.870400000000004
4.870400000000004
4.582500000000003
4.582500000000003
4.7265000000000015
4.7265000000000015
5.026300000000003
4.149300000000002
4.607500000000003
3.1050000000000013
4.817170000000003
3.264100000000001
3.5969000000000015
11.716299999999983
18.758499999999998
4.294000000000002
1.1419
4.087200000000003
6.058800000000004
1.1923
4.736200000000004
4.5930000000000035
18.85759999999999
5.500300000000005
0.7767
0.0040000000000000036
2.4775
2.1242
18.74989999999999
2.7317
2.0452999999999997
20.044300000000003
2.5366
18.58929999999999
17.235499999999977
19.047499999999992
7.549800000000006
5.1125000000000025
2.87202
18.944099999999995
18.934699999999996
17.990399999999987
19.322000000000003
18.88289999999999
19.537299999999995
18.776599999999988
4.074700000000003
4.519600000000003
4.086400000000002
19.015
18.565399999999986
19.164500000000004
4.140000000000002
5.058000000000003
18.41509999999999
12.53539999999998
18.55099999999999
