[0.8638843]
[0.8638843]
[0.8638843]
[0.8227592]
[0.7348523]
[0.7348523]
[0.7348523]
[0.7348523]
[0.7348523]
[0.7348523]
[0.7348523]
[0.7348523]
[0.7348523]
[0.7348523]
[0.7348523]
[0.7348523]
[0.7348523]
[0.7348523]
[0.7348523]
[0.7348523]
[0.7348523]
[0.05952414]
[0.05949517]
[0.05949517]
[0.05949517]
[0.05949517]
[0.05949517]
[0.05949517]
[0.05949517]
[0.05949517]
[0.05936368]
[0.05939615]
[0.05939615]
[0.05939615]
[0.05939615]
[0.05939615]
[0.05939615]
[0.05939615]
[0.05939615]
[0.05940227]
[0.05938024]
[0.05940798]
[0.05940877]
[0.059389]
[0.059389]
[0.059389]
[0.05949521]
[0.05953529]
[0.05945472]
[0.05954268]
[0.05957994]
[0.05957994]
[0.05944248]
[0.0595353]
[0.05953536]
[0.05953536]
[0.05953536]
[0.05953536]
[0.05953536]
[0.05953536]
[0.05941732]
[0.05941732]
[0.05941798]
[0.05937487]
[0.05937487]
[0.05937487]
[0.05937487]
[0.05940872]
[0.05937949]
[0.05937949]
[0.05937949]
[0.05965326]
[0.05965326]
[0.05965326]
[0.05965326]
[0.05944455]
[0.05944455]
[0.05944455]
[0.05944455]
[0.05944455]
[0.05944455]
[0.0594014]
[0.0594014]
[0.0594014]
[0.0594014]
[0.05956983]
[0.05940188]
[0.05940188]
[0.05940188]
[0.05940188]
[0.05940188]
[0.05940188]
[0.0595077]
[0.05942412]
[0.05943232]
[0.05941506]
[0.05945875]
[0.05949093]
[0.05949093]
[0.05940162]
[0.05940162]
[0.05945976]
[0.05943931]
[0.05954213]
[0.05954213]
[0.05954213]
[0.05954213]
[0.05954213]
[0.05954213]
[0.05954213]
[0.05954213]
[0.05954213]
[0.05954213]
[0.05954213]
[0.05954213]
[0.05954213]
[0.05954213]
[0.05954213]
[0.05954213]
[0.05954213]
[0.05954213]
[0.05954213]
[0.05954213]
[0.05957923]
[0.05956322]
[0.05956322]
[0.05956322]
[0.05945133]
[0.05945133]
[0.05945133]
[0.05945133]
[0.05945133]
[0.05961975]
[0.05961975]
[0.05943963]
[0.05952876]
[0.05943217]
[0.05957934]
[0.05957934]
[0.05957934]
[0.05957934]
[0.05957934]
[0.05957934]
[0.05961994]
[0.05950675]
[0.05932153]
[0.05932153]
[0.05932153]
[0.05928306]
[0.05928306]
[0.0594487]
[0.05925346]
[0.05942371]
[0.05948733]
[0.05954268]
[0.05954268]
[0.05954268]
[0.05954268]
[0.05954268]
[0.05954268]
[0.05954268]
[0.05954268]
[0.05954268]
[0.05952908]
[0.05961501]
[0.05961501]
[0.05961501]
[0.05961501]
[0.05953637]
[0.0595346]
[0.05949355]
[0.05949355]
[0.05949355]
[0.05949355]
[0.05949355]
[0.05949355]
[0.05949355]
[0.05951723]
[0.05958494]
[0.05954268]
[0.05954268]
[0.05954268]
[0.05966855]
[0.05942156]
[0.05942156]
[0.05942312]
[0.0595421]
[0.05966083]
[0.05947931]
[0.05947931]
[0.05942363]
[0.05942363]
[0.05961983]
[0.05971282]
[0.05971282]
[0.05942419]
[0.05942419]
[0.05942419]
[0.05942419]
[0.05942419]
[0.05942419]
[0.05942419]
[0.05942419]
[0.05945813]
[0.05942357]
[0.05957942]
[0.05951015]
[0.05942412]
[0.05941508]
[0.05942413]
[0.0594239]
[0.0594239]
[0.0594239]
[0.05945883]
[0.05945883]
[0.05945883]
[0.05945883]
[0.05965326]
[0.05934704]
[0.05975788]
[0.05957744]
[0.05970176]
[0.05963631]
[0.05948251]
[0.05959771]
[0.05976922]
[0.05969321]
[0.0594664]
[0.05957934]
[0.05957934]
[0.05957934]
[0.05957751]
[0.05958693]
[0.05963824]
[0.05963824]
[0.05958688]
[0.05955188]
[0.05955188]
[0.05958693]
[0.05937487]
[0.05962789]
[0.0592946]
[0.05962777]
[0.05962861]
[0.05927165]
[0.05942702]
[0.05955249]
[0.05955249]
[0.05955249]
[0.05955249]
[0.05955249]
[0.05955249]
[0.0596157]
[0.05961281]
[0.05936337]
[0.05958998]
[0.05934973]
[0.059459]
[0.05956953]
[0.05956953]
[0.05952881]
[0.05958773]
[0.05952921]
[0.05950936]
[0.05958747]
[0.05951583]
[0.05941588]
[0.05940878]
[0.05964594]
[0.05951528]
[0.05937607]
[0.05960598]
[0.05975214]
[0.05946582]
[0.05946587]
[0.05954901]
[0.05954593]
[0.05955665]
[0.05946578]
[0.05969971]
[0.05962794]
[0.05950376]
[0.05941413]
[0.05965986]
[0.05957107]
[0.05954561]
[0.05981782]
[0.05981375]
[0.05964921]
[0.059649]
[0.05943523]
[0.05966045]
[0.05959868]
[0.05951677]
[0.05970145]
[0.0596735]
[0.05934173]
[0.05965978]
[0.05957846]
[0.05973062]
[0.05955389]
[0.05955527]
[0.05963721]
[0.05924223]
[0.05964674]
[0.05950615]
[0.05951639]
[0.05951639]
[0.05949306]
[0.0595152]
[0.05936911]
[0.05950491]
[0.05965297]
[0.0596383]
[0.05937291]
[0.05963633]
[0.05947869]
[0.0596221]
[0.0596221]
[0.0596221]
[0.05943466]
[0.05970962]
[0.05959903]
[0.05974424]
[0.05969971]
[0.05952939]
[0.05955522]
[0.05969772]
[0.05956441]
[0.05971293]
[0.05971572]
[0.05972565]
[0.05972565]
[0.05982593]
[0.05962343]
[0.05944227]
[0.05964304]
[0.05969161]
[0.0597326]
[0.05943521]
[0.05970779]
[0.05937086]
[0.0597484]
[0.05966559]
[0.05961468]
[0.05960345]
[0.05964056]
[0.05990272]
[0.05944243]
[0.05993444]
[0.05949616]
[0.05928195]
[0.05988991]
[0.05966798]
[0.05958682]
[0.05962567]
[0.05988009]
[0.05959025]
[0.05975118]
[0.05949578]
[0.05949705]
[0.05951079]
[0.05959081]
[0.05954381]
[0.0594988]
[0.0596725]
[0.06015064]
[0.06012976]
[0.05945934]
[0.05938862]
[0.05960684]
[0.05995396]
[0.05995396]
[0.06018038]
[0.05931348]
[0.06014488]
[0.0594496]
[0.06026662]
[0.05959427]
[0.06022289]
[0.06020093]
[0.0619586]
[0.06150549]
[0.39477217]
[0.39477217]
[0.39477217]
[0.06153731]
[0.06217462]
[0.06192702]
[0.06459984]
[0.06365463]
[0.06311744]
[0.06312948]
[0.06518392]
[0.06520793]
[0.05943623]
[0.3110719]
[0.39909604]
[0.06483711]
[0.05948475]
[0.06627096]
[0.06499899]
[0.06588075]
[0.06642895]
[0.05977802]
[0.06754395]
[0.34342286]
[0.06588039]
[0.06625395]
[0.06539372]
[0.0729165]
[0.06832981]
[0.267108]
[0.06349087]
[0.06734104]
[0.06633544]
[0.2281117]
[0.2281117]
[0.2281117]
[0.2281117]
[0.2281117]
[0.2281117]
[0.2281117]
[0.2281117]
[0.2281117]
[0.2281117]
[0.2281117]
[0.2281117]
[0.09276839]
[0.07942484]
[0.08992677]
[0.08885356]
[0.09013704]
[0.17657353]
[0.09580398]
[0.09580398]
[0.08285671]
[0.08259445]
[0.09117186]
[0.12944414]
[0.17669384]
[0.18703641]
[0.08031213]
[0.08844582]
[0.07065857]
[0.09666155]
[0.24313593]
[0.10448861]
[0.10396469]
[0.10854706]
[0.14081416]
[0.14081416]
[0.10134471]
[0.09731351]
[0.09731351]
[0.19589028]
[0.12226762]
[0.1583869]
[0.13441968]
[0.11714639]
[0.0845644]
[0.05958012]
[0.05925489]
[0.12651011]
[0.42340395]
[0.05954377]
[0.13350017]
[0.07259047]
[0.07259047]
[0.10062931]
[0.07812099]
[0.09558547]
[0.05935311]
[0.08331925]
[0.21722648]
[0.12297196]
[0.05946918]
[0.32642886]
[0.05952306]
[0.09237195]
[0.07925988]
[0.0591559]
[0.05943779]
[0.07726651]
[0.05932508]
[0.05935696]
[0.05947144]
[0.05954678]
[0.05931972]
[0.07100268]
[0.1099883]
[0.06778695]
[0.08883404]
[0.06399615]
[0.05935004]
[0.05934567]
[0.05948541]
[0.05947046]
[0.0595503]
[0.05948546]
