6.780600000000004
7.5678000000000045
14.523199999999973
6.033800000000005
12.392919999999977
12.33679999999998
13.239299999999977
10.08479999999999
12.732999999999976
13.696599999999977
5.147100000000004
5.009300000000003
5.009300000000003
11.963519999999981
12.986599999999976
8.358900000000002
12.856199999999978
12.856199999999978
11.069899999999985
7.637800000000005
13.264999999999977
12.589499999999978
5.0633000000000035
12.714299999999977
4.619200000000003
4.619200000000003
4.619200000000003
6.420200000000004
11.885819999999981
11.885819999999981
7.968800000000004
7.968800000000004
12.921999999999978
12.921999999999978
10.84979999999999
5.5732700000000035
5.5732700000000035
5.197020000000005
11.577399999999983
12.21319999999998
12.840999999999976
13.007099999999978
12.57099999999998
12.57099999999998
11.825999999999981
11.825999999999981
11.825999999999981
10.32711999999999
4.942800000000004
12.80989999999998
10.092819999999996
5.094000000000002
13.087399999999977
12.342399999999978
10.173419999999997
10.173419999999997
11.766699999999982
11.648899999999985
11.073919999999987
4.151100000000003
4.151100000000003
4.151100000000003
4.151100000000003
4.151100000000003
4.151100000000003
4.151100000000003
4.151100000000003
4.151100000000003
12.583199999999977
12.103419999999984
5.5625000000000036
5.521670000000004
11.403119999999983
11.403119999999983
11.572299999999982
11.572299999999982
11.572299999999982
3.6125000000000025
11.995899999999983
12.676499999999978
13.117099999999978
11.676999999999984
5.053900000000002
11.163919999999985
11.163919999999985
3.502900000000002
11.00711999999999
11.00711999999999
4.317200000000004
11.162219999999987
12.569599999999978
10.784719999999991
4.093900000000001
11.670819999999987
11.065999999999987
10.074219999999997
10.285819999999998
5.149020000000004
5.149020000000004
5.877520000000004
10.229099999999997
5.250420000000004
10.74119999999999
10.74119999999999
11.016099999999987
11.713319999999985
4.438400000000003
11.556199999999984
12.029599999999983
12.029599999999983
11.643099999999984
4.4699000000000035
11.280119999999986
12.465699999999979
4.152800000000004
10.142619999999997
10.322719999999995
13.413399999999976
10.835619999999992
10.835619999999992
10.898719999999992
10.898719999999992
11.096519999999986
9.811499999999997
10.83759999999999
10.83759999999999
10.237799999999993
4.274700000000004
4.274700000000004
4.274700000000004
4.274700000000004
11.424599999999984
10.56259999999999
11.292299999999985
5.433120000000004
12.591999999999977
11.199619999999989
4.002700000000003
4.7741000000000025
4.1441000000000034
10.185119999999996
10.185119999999996
11.441919999999984
11.096399999999983
10.999999999999986
11.305119999999985
11.21901999999999
3.864900000000003
3.5942000000000025
4.317200000000004
11.053819999999991
10.508119999999995
9.012300000000003
10.569699999999992
10.569699999999992
11.189199999999985
4.759500000000004
3.482300000000002
3.482300000000002
12.237799999999979
10.342519999999995
11.473399999999984
11.472299999999983
10.48639999999999
11.306199999999984
11.133499999999984
11.284099999999984
11.351419999999987
10.922499999999989
10.922499999999989
11.351419999999987
11.351419999999987
11.351419999999987
4.432420000000003
9.474920000000001
11.83629999999998
11.019499999999987
13.079199999999979
10.99241999999999
10.99241999999999
10.768119999999989
10.932119999999987
10.932119999999987
3.3450000000000015
13.302699999999975
10.305399999999992
10.95189999999999
10.885719999999985
10.839019999999989
10.839019999999989
10.839019999999989
10.783699999999987
10.432099999999993
11.648699999999982
11.051819999999985
11.931199999999983
11.426919999999983
12.34659999999998
10.864299999999986
10.266199999999998
11.389699999999989
10.152219999999993
11.347199999999988
10.607719999999995
10.489019999999993
10.489019999999993
11.351419999999989
9.009420000000002
9.03532
10.572619999999992
10.681519999999994
10.681519999999994
10.681519999999994
10.489019999999993
10.446319999999991
11.292819999999983
9.956499999999995
10.813119999999989
4.124000000000003
11.030799999999987
11.030799999999987
10.744199999999987
3.9042000000000017
10.827899999999989
10.002019999999995
10.893419999999988
10.893419999999988
10.907999999999989
10.341799999999996
4.216000000000003
4.216000000000003
4.216000000000003
10.137019999999998
11.293799999999985
7.412600000000004
3.8526200000000026
10.823499999999987
11.431399999999984
10.973199999999988
10.530319999999994
10.893219999999987
3.9540200000000016
10.469719999999988
10.469719999999988
10.469719999999988
10.072919999999996
11.713399999999982
12.17839999999998
12.837319999999979
11.23911999999999
11.109919999999985
10.073019999999996
10.295119999999994
9.72102
11.048519999999987
10.325599999999993
10.217619999999997
11.273899999999987
9.286599999999998
10.410119999999994
4.063370000000003
10.23629999999999
12.14999999999998
10.991499999999986
9.233119999999998
9.233119999999998
11.624619999999984
10.091099999999994
10.80181999999999
10.641299999999989
10.377799999999993
10.098399999999993
9.763819999999996
8.364100000000006
13.108299999999975
3.0535000000000014
11.449219999999984
10.331919999999995
11.131099999999986
10.143399999999993
11.238199999999985
10.065299999999995
10.77799999999999
11.932399999999983
10.701099999999991
10.139419999999989
9.42074
9.158819999999999
10.160099999999991
10.160099999999991
11.215099999999984
11.106199999999985
10.201799999999993
10.169999999999993
10.177319999999993
11.92059999999998
4.579800000000004
12.457699999999978
10.962299999999987
10.590199999999992
8.140500000000007
9.38142
9.621119999999996
9.748999999999997
8.843020000000001
8.843020000000001
10.755399999999993
12.33359999999998
8.697000000000001
11.514399999999982
10.481099999999993
9.556099999999995
9.556099999999995
10.986099999999988
11.609499999999985
10.010999999999992
9.42472
4.634000000000004
9.302299999999999
11.548399999999983
12.225119999999983
11.84509999999998
10.815899999999989
12.335699999999976
10.114299999999991
9.504099999999998
9.504099999999998
10.856499999999984
11.681099999999983
10.713799999999987
11.480499999999981
11.937299999999981
3.6311000000000027
10.45909999999999
7.464900000000006
11.58019999999998
3.871800000000003
9.258099999999999
4.685600000000003
10.57699999999999
10.077819999999996
10.589899999999988
4.322700000000003
9.863419999999989
9.863419999999989
11.03531999999999
4.651520000000004
9.659699999999997
10.123199999999994
10.33859999999999
9.558099999999994
9.624519999999997
10.60699999999999
10.60699999999999
5.137700000000003
10.59541999999999
9.938719999999991
10.411819999999992
3.8217000000000034
11.081399999999988
10.129999999999995
8.951120000000001
10.888599999999988
4.865200000000003
9.152
10.021299999999991
8.132100000000005
8.502100000000004
2.3738
11.04429999999999
3.706300000000002
4.785300000000003
9.957299999999993
0.1411
9.317619999999996
9.702599999999997
8.755500000000001
9.449919999999997
7.727300000000007
8.131600000000006
10.338719999999991
10.67569999999999
10.884999999999986
10.840199999999987
10.802299999999988
11.008499999999987
9.652699999999996
10.45069999999999
10.912519999999988
4.131000000000004
9.1071
7.420600000000006
4.9341000000000035
10.84849999999999
4.117020000000003
8.654600000000002
8.654600000000002
6.727700000000005
10.280399999999991
10.270299999999992
10.63299999999999
7.949920000000006
7.705800000000007
7.1558000000000055
3.635600000000002
7.415600000000005
9.809699999999994
10.287319999999992
10.003099999999996
9.1649
6.817200000000005
8.438720000000005
6.548400000000004
9.894099999999993
9.2547
7.313100000000006
1.2131
8.350700000000009
10.710199999999988
4.171400000000003
6.0568200000000045
9.914919999999995
1.7322
2.1158000000000006
4.8937000000000035
0.8940999999999999
10.18559999999999
6.415200000000004
8.254100000000003
9.311199999999998
5.018000000000004
2.981500000000002
3.538000000000002
4.440000000000003
5.350100000000004
6.7568000000000055
12.585599999999976
3.097900000000001
2.3271200000000007
2.2923
10.266919999999995
12.05979999999998
10.815819999999984
12.32819999999998
11.514999999999983
0.9792
10.741319999999988
2.6542000000000017
10.142019999999992
2.3047000000000004
2.4392000000000005
1.6181999999999999
0.5857
1.1419
0.2052
9.552919999999997
11.995899999999983
2.2238800000000003
-0.1849
0.24939999999999998
10.685719999999991
1.4204999999999999
12.32979999999998
0.38920000000000005
12.931999999999979
10.68189999999999
3.879800000000002
9.532619999999998
10.239399999999993
9.484299999999998
9.424099999999997
6.000400000000005
10.554799999999991
8.282620000000003
4.400000000000002
12.046219999999982
1.1316999999999997
9.370419999999998
5.302400000000004
10.777399999999988
11.69159999999998
11.509299999999985
3.2902000000000013
10.574919999999986
11.334619999999987
10.857299999999988
10.516199999999989
6.545600000000003
10.10149999999999
11.428699999999983
11.362199999999985
4.291200000000003
8.735300000000004
7.466800000000005
11.517419999999982
4.141970000000003
11.597319999999984
8.546520000000003
7.650400000000007
4.147400000000004
