[0.00017436]
[0.00017436]
[0.00017436]
[0.00017436]
[0.00018036]
[0.00018036]
[0.00018036]
[0.00018036]
[0.00018036]
[0.00018036]
[0.00018036]
[0.00018036]
[0.00018036]
[0.00018036]
[0.0001802]
[0.0001802]
[0.0001802]
[0.0001802]
[0.0001802]
[0.0001802]
[0.0001802]
[0.0001802]
[0.0001802]
[0.0001802]
[0.0001802]
[0.0001802]
[0.0001802]
[0.0001802]
[0.0001802]
[0.0001802]
[0.0001802]
[0.0001802]
[0.0001802]
[0.0001802]
[0.0001802]
[0.0001802]
[0.0001802]
[0.0001802]
[0.0001802]
[0.0001802]
[0.0001802]
[0.0001802]
[0.0001802]
[0.0001802]
[0.0001802]
[0.0001802]
[0.00017779]
[0.00018871]
[0.00018871]
[0.00018871]
[0.00018871]
[0.00018871]
[0.00018871]
[0.00018871]
[0.00018871]
[0.00018871]
[0.00018871]
[0.00018871]
[0.00018871]
[0.00018871]
[0.00018871]
[0.00018871]
[0.00018871]
[0.00018871]
[0.00018871]
[0.00018871]
[0.00018871]
[0.00018871]
[0.00018871]
[0.00018871]
[0.00018871]
[0.00018871]
[0.00018871]
[0.00017935]
[0.00018834]
[0.00018834]
[0.00018834]
[0.00017005]
[0.00017005]
[0.00017111]
[0.0001671]
[0.00017159]
[0.00017159]
[0.00017159]
[0.00017159]
[0.00017159]
[0.00017159]
[0.00017159]
[0.00017159]
[0.00017159]
[0.00017159]
[0.00017159]
[0.00017159]
[0.00017159]
[0.00017159]
[0.00017159]
[0.00017159]
[0.00017159]
[0.00017159]
[0.00017159]
[0.00017159]
[0.00017159]
[0.00017159]
[0.00017159]
[0.00017159]
[0.00017159]
[0.00017159]
[0.00017159]
[0.00017159]
[0.00017159]
[0.00017159]
[0.00017159]
[0.00017159]
[0.00017159]
[0.00017159]
[0.00017159]
[0.00017159]
[0.00017159]
[0.00017159]
[0.00017159]
[0.00017159]
[0.00017159]
[0.00017159]
[0.00017159]
[0.00017159]
[0.00017159]
[0.00017159]
[0.00017159]
[0.00017159]
[0.00017159]
[0.00017159]
[0.00017159]
[0.00017159]
[0.00017159]
[0.00017159]
[0.00017159]
[0.00017159]
[0.00017159]
[0.00017159]
[0.00017159]
[0.00017159]
[0.00017159]
[0.00017159]
[0.00017159]
[0.00017159]
[0.00017159]
[0.00017159]
[0.00017159]
[0.00017159]
[0.00017159]
[0.00017159]
[0.00017159]
[0.00017159]
[0.00017159]
[0.00017159]
[0.00017159]
[0.00017159]
[0.00017159]
[0.00017159]
[0.00017159]
[0.00017159]
[0.00017159]
[0.00017159]
[0.00017159]
[0.00017159]
[0.00017159]
[0.00017159]
[0.00017159]
[0.00017159]
[0.00017159]
[0.00017159]
[0.00017159]
[0.00017159]
[0.00017159]
[0.00017159]
[0.00017159]
[0.00017159]
[0.00017159]
[0.00017159]
[0.00017159]
[0.00017159]
[0.00017159]
[0.00017159]
[0.00017159]
[0.00017159]
[0.00017159]
[0.00017159]
[0.00017159]
[0.00017159]
[0.00017159]
[0.00017159]
[0.00017159]
[0.00017159]
[0.00017159]
[0.00017159]
[0.00017159]
[0.00017159]
[0.00017159]
[0.00017159]
[0.00017159]
[0.00017159]
[0.00017159]
[0.00017159]
[0.00017159]
[0.00017159]
[0.00017159]
[0.00017159]
[0.00017159]
[0.00017159]
[0.00017159]
[0.00017159]
[0.00017159]
[0.00017159]
[0.00017159]
[0.00017159]
[0.00017159]
[0.00017159]
[0.00017159]
[0.00017159]
[0.00017159]
[0.00017159]
[0.00017159]
[0.00017159]
[0.00017159]
[0.00017159]
[0.00017159]
[0.00017159]
[0.00017159]
[0.00017159]
[0.00017159]
[0.00017159]
[0.00017159]
[0.00017159]
[0.00017159]
[0.00017159]
[0.00017159]
[0.00017159]
[0.00017159]
[0.00017159]
[0.00017159]
[0.00017159]
[0.00017159]
[0.00017159]
[0.00017159]
[0.00017159]
[0.00017159]
[0.00017159]
[0.00017159]
[0.00017159]
[0.00017159]
[0.00017159]
[0.00017159]
[0.00017159]
[0.00017159]
[0.00017159]
[0.00017159]
[0.00017159]
[0.00017159]
[0.00017159]
[0.00017159]
[0.00017159]
[0.00017159]
[0.00017159]
[0.00017159]
[0.00017159]
[0.00017159]
[0.00017159]
[0.00017159]
[0.00017159]
[0.00017159]
[0.00017159]
[0.00017159]
[0.00017159]
[0.00017159]
[0.00017159]
[0.00017159]
[0.00017159]
[0.00017159]
[0.00017159]
[0.00017159]
[0.00017159]
[0.00017159]
[0.00017159]
[0.00017159]
[0.00017159]
[0.00017159]
[0.00017159]
[0.00017159]
[0.00017159]
[0.00017159]
[0.00017159]
[0.00017159]
[0.00017159]
[0.00017159]
[0.00017159]
[0.00017159]
[0.00017159]
[0.00017159]
[0.00017159]
[0.00017159]
[0.00017159]
[0.00017159]
[0.00017159]
[0.00017159]
[0.00017159]
[0.00017159]
[0.00017159]
[0.00017159]
[0.00017159]
[0.00017159]
[0.00017159]
[0.00017159]
[0.00017159]
[0.00017159]
[0.00017159]
[0.00017159]
[0.00017159]
[0.00017159]
[0.00017159]
[0.00017159]
[0.00017159]
[0.00017159]
[0.00017159]
[0.00017159]
[0.00017159]
[0.00017159]
[0.00017159]
[0.00017159]
[0.00017159]
[0.00017159]
[0.00017159]
[0.00017159]
[0.00017159]
[0.00017159]
[0.00017159]
[0.00017159]
[0.00017159]
[0.00017159]
[0.00017159]
[0.00017159]
[0.00017159]
[0.00017159]
[0.00017159]
[0.00017159]
[0.00017159]
[0.00017159]
[0.00017159]
[0.00017159]
[0.00017159]
[0.00017159]
[0.00017159]
[0.00017159]
[0.00017159]
[0.00017159]
[0.00017159]
[0.00017159]
[0.00017159]
[0.00017159]
[0.00017159]
[0.00017159]
[0.00017159]
[0.00017159]
[0.00017159]
[0.00017159]
[0.00017159]
[0.00017159]
[0.00017159]
[0.00017159]
[0.00017159]
[0.00017159]
[0.00017159]
[0.00017159]
[0.00017159]
[0.00017159]
[0.00017159]
[0.00017159]
[0.00017159]
[0.00017159]
[0.00017159]
[0.00017159]
[0.00017159]
[0.00017159]
[0.00017159]
[0.00017973]
[0.00017841]
[0.00017841]
[0.00017841]
[0.00017841]
[0.00017841]
[0.00017841]
[0.00017841]
[0.00017841]
[0.00017841]
[0.00017841]
[0.00017841]
[0.00017631]
[0.00017232]
[0.00018827]
[0.00017212]
[0.00017212]
[0.0001689]
[0.00018203]
[0.00016977]
[0.00017686]
[0.00017103]
[0.00017103]
[0.00017103]
[0.00017703]
[0.0001774]
[0.0001736]
[0.00017361]
[0.00017389]
[0.00020844]
[0.00017037]
[0.00017857]
[0.00021167]
[0.00017293]
[0.00030006]
[0.00030428]
[0.00032329]
[0.00540728]
[0.02094513]
[0.00020372]
[0.00019151]
[0.00018646]
[0.00018646]
[0.00018646]
[0.00018646]
[0.00019781]
[0.00017187]
[0.00018769]
[0.00018769]
[0.00018769]
[0.00018769]
[0.00018769]
[0.00018735]
[0.00018735]
[0.00018735]
[0.00018735]
[0.00018735]
[0.00018735]
[0.00018735]
[0.00018735]
[0.0001991]
[0.0001991]
[0.0001991]
[0.00019827]
[0.0001826]
[0.0001826]
[0.0001826]
[0.00018051]
[0.00016979]
[0.03829806]
[0.00017646]
[0.00017646]
[0.00017646]
[0.00017646]
[0.00017646]
[0.00017646]
[0.00017646]
[0.00017646]
[0.00017646]
[0.00017646]
[0.00017646]
[0.00017646]
[0.00017646]
[0.00017646]
[0.00017646]
[0.00017646]
[0.00017646]
[0.00017646]
[0.00017646]
[0.00017646]
[0.00017646]
[0.00017646]
[0.00017646]
[0.00017646]
[0.00017646]
[0.00017646]
[0.00017646]
[0.00017646]
[0.00017646]
[0.00017646]
[0.00017646]
[0.00017646]
[0.00017646]
[0.00017646]
[0.00017646]
[0.00017646]
[0.00017646]
[0.00017646]
[0.00017646]
[0.00017646]
[0.00017646]
[0.00017646]
[0.00017646]
[0.00017646]
[0.00017646]
[0.00017646]
[0.00017228]
