5.499696291660752
5.499696291660752
5.498719960299805
5.421435291461453
5.421435291461453
5.421435291461453
5.421435291461453
5.421435291461453
5.421435291461453
5.421435291461453
5.421435291461453
5.421435291461453
5.421435291461453
5.421435291461453
5.421435291461453
5.421435291461453
5.421435291461453
5.421435291461453
5.421435291461453
5.421435291461453
5.421435291461453
5.421435291461453
5.421435291461453
5.421435291461453
5.421435291461453
5.421435291461453
5.421435291461453
5.421435291461453
5.421435291461453
5.421435291461453
5.421435291461453
5.421435291461453
5.421435291461453
5.421435291461453
5.421435291461453
5.421435291461453
5.421435291461453
5.421435291461453
5.421435291461453
5.421435291461453
5.421435291461453
5.421435291461453
5.421435291461453
5.421435291461453
5.421435291461453
5.421435291461453
5.421435291461453
5.421435291461453
5.421435291461453
5.421435291461453
5.421435291461453
5.421435291461453
5.421435291461453
5.421435291461453
5.421435291461453
5.421435291461453
5.421435291461453
5.421435291461453
5.421435291461453
5.421435291461453
5.421435291461453
5.421435291461453
5.421435291461453
5.421435291461453
5.421435291461453
5.421435291461453
5.421435291461453
5.421435291461453
5.421435291461453
5.421435291461453
5.421435291461453
5.421435291461453
5.421435291461453
5.421435291461453
5.421435291461453
5.421435291461453
5.421435291461453
5.421435291461453
5.421435291461453
5.421435291461453
5.421435291461453
5.421435291461453
5.421435291461453
5.421435291461453
5.421435291461453
5.482305167400397
5.520979427755426
5.428902259787245
5.489988232637924
5.50977735674951
5.50977735674951
5.673085963962701
5.406144673564894
5.105248114008306
5.105248114008306
5.105248114008306
5.1777969588172965
5.073842330305739
5.073842330305739
5.073842330305739
5.073842330305739
5.0831333002054055
3.2821609917984196
3.4167961435080443
3.4167961435080443
3.4167961435080443
3.4167961435080443
3.4167961435080443
3.4167961435080443
3.4167961435080443
3.4167961435080443
3.4167961435080443
3.4167961435080443
3.4167961435080443
3.4167961435080443
3.4167961435080443
3.4167961435080443
3.4167961435080443
3.4167961435080443
3.4167961435080443
3.4167961435080443
3.4167961435080443
3.4167961435080443
3.4167961435080443
3.4167961435080443
3.4167961435080443
3.4167961435080443
3.4167961435080443
3.4167961435080443
3.4167961435080443
3.4167961435080443
3.4167961435080443
3.4167961435080443
3.4167961435080443
3.4167961435080443
3.4754703047727116
3.1348711317219884
3.1348711317219884
3.1348711317219884
3.1348711317219884
3.1348711317219884
3.543449102445627
3.543449102445627
3.543449102445627
3.543449102445627
3.543449102445627
3.543449102445627
3.543449102445627
3.543449102445627
3.543449102445627
3.543449102445627
3.543449102445627
3.543449102445627
3.543449102445627
3.543449102445627
3.543449102445627
3.543449102445627
3.543449102445627
3.543449102445627
3.543449102445627
3.543449102445627
3.543449102445627
3.543449102445627
3.543449102445627
3.543449102445627
3.543449102445627
3.543449102445627
3.543449102445627
3.543449102445627
3.543449102445627
3.543449102445627
3.543449102445627
3.543449102445627
3.543449102445627
3.543449102445627
3.5810002133285437
3.5810002133285437
3.5810002133285437
3.5810002133285437
3.5810002133285437
3.282285197656055
3.5951632522613606
3.7956294515083293
3.7956294515083293
3.7956294515083293
3.651396743040327
3.651396743040327
3.651396743040327
3.651396743040327
3.651396743040327
3.651396743040327
3.651396743040327
3.651396743040327
3.651396743040327
3.651396743040327
3.651396743040327
3.651396743040327
3.651396743040327
3.651396743040327
3.651396743040327
3.651396743040327
3.651396743040327
3.651396743040327
3.651396743040327
3.651396743040327
3.651396743040327
3.651396743040327
3.651396743040327
3.651396743040327
3.651396743040327
3.651396743040327
3.651396743040327
3.651396743040327
3.651396743040327
3.651396743040327
3.651396743040327
3.651396743040327
3.651396743040327
3.651396743040327
3.651396743040327
3.651396743040327
3.651396743040327
3.651396743040327
3.651396743040327
3.651396743040327
3.651396743040327
3.651396743040327
3.651396743040327
3.651396743040327
3.651396743040327
3.651396743040327
3.651396743040327
3.651396743040327
3.651396743040327
3.651396743040327
3.651396743040327
3.651396743040327
3.651396743040327
3.651396743040327
3.651396743040327
3.651396743040327
3.651396743040327
3.651396743040327
3.651396743040327
3.651396743040327
3.651396743040327
3.651396743040327
3.651396743040327
3.651396743040327
3.651396743040327
3.651396743040327
3.651396743040327
3.651396743040327
3.651396743040327
3.651396743040327
3.651396743040327
3.651396743040327
3.651396743040327
3.651396743040327
3.651396743040327
3.651396743040327
3.847342331865745
3.847342331865745
3.847342331865745
3.847342331865745
3.847342331865745
3.847342331865745
3.847342331865745
3.847342331865745
3.847342331865745
3.847342331865745
3.847342331865745
3.847342331865745
3.847342331865745
3.847342331865745
3.847342331865745
3.847342331865745
3.847342331865745
3.847342331865745
3.847342331865745
3.847342331865745
3.847342331865745
3.847342331865745
3.847342331865745
3.847342331865745
3.847342331865745
3.847342331865745
3.847342331865745
3.847342331865745
3.847342331865745
3.847342331865745
3.847342331865745
3.847342331865745
3.8388937562401404
3.567573220680085
3.567573220680085
3.567573220680085
3.567573220680085
3.567573220680085
3.567573220680085
3.567573220680085
3.567573220680085
3.567573220680085
3.567573220680085
3.1392773529645
3.1392773529645
4.174096031986674
2.3849124942766533
2.3849124942766533
2.3849124942766533
2.3144944237836693
2.3144944237836693
2.3144944237836693
2.3144944237836693
2.3144944237836693
2.3144944237836693
2.3144944237836693
2.3144944237836693
2.3144944237836693
2.3144944237836693
2.3144944237836693
2.3144944237836693
2.3144944237836693
2.3144944237836693
2.3144944237836693
2.3144944237836693
2.3144944237836693
2.3144944237836693
2.3144944237836693
2.3144944237836693
2.3144944237836693
2.3144944237836693
2.3144944237836693
2.3144944237836693
2.3144944237836693
2.3144944237836693
2.3144944237836693
2.3144944237836693
2.3144944237836693
2.3144944237836693
2.3144944237836693
2.3144944237836693
2.3144944237836693
2.3144944237836693
2.3144944237836693
2.3144944237836693
2.3144944237836693
2.3144944237836693
2.3144944237836693
2.3144944237836693
2.3144944237836693
2.3144944237836693
2.3144944237836693
2.3144944237836693
2.3144944237836693
2.3144944237836693
2.3144944237836693
2.3144944237836693
2.3144944237836693
2.3144944237836693
2.3144944237836693
2.3144944237836693
2.3144944237836693
2.3144944237836693
2.3144944237836693
2.3144944237836693
2.3144944237836693
2.3144944237836693
2.3144944237836693
2.3144944237836693
2.3144944237836693
2.3144944237836693
2.3144944237836693
2.3144944237836693
2.3144944237836693
2.3144944237836693
2.3144944237836693
2.3144944237836693
2.3144944237836693
2.3144944237836693
2.3144944237836693
2.3144944237836693
2.3144944237836693
2.3144944237836693
2.3144944237836693
2.3144944237836693
2.3144944237836693
2.3144944237836693
2.3144944237836693
2.3144944237836693
2.3144944237836693
2.3144944237836693
2.3144944237836693
2.3144944237836693
2.3144944237836693
2.3144944237836693
2.3144944237836693
2.3144944237836693
2.3144944237836693
2.3144944237836693
2.3144944237836693
2.3144944237836693
2.3144944237836693
2.3144944237836693
2.3144944237836693
2.3144944237836693
2.3144944237836693
2.3144944237836693
2.3144944237836693
2.3144944237836693
2.3144944237836693
2.3144944237836693
2.3144944237836693
2.3144944237836693
2.3144944237836693
2.3144944237836693
2.3144944237836693
2.3144944237836693
2.3144944237836693
2.3144944237836693
2.3144944237836693
2.3144944237836693
2.3144944237836693
2.3144944237836693
2.3144944237836693
2.3144944237836693
2.3144944237836693
2.3144944237836693
2.3144944237836693
2.3144944237836693
2.3144944237836693
2.3144944237836693
2.3144944237836693
2.3144944237836693
2.3144944237836693
2.3144944237836693
2.3144944237836693
2.3144944237836693
2.3144944237836693
2.3144944237836693
2.3144944237836693
2.3144944237836693
2.3144944237836693
2.3144944237836693
2.3144944237836693
2.3144944237836693
2.3144944237836693
2.3144944237836693
2.3144944237836693
2.3144944237836693
2.3144944237836693
2.3144944237836693
2.3144944237836693
2.3144944237836693
2.3144944237836693
2.3144944237836693
2.3144944237836693
2.3144944237836693
2.3144944237836693
2.3144944237836693
2.3144944237836693
2.3144944237836693
2.3144944237836693
2.3144944237836693
2.3144944237836693
2.3144944237836693
2.3144944237836693
2.3144944237836693
2.3144944237836693
2.3144944237836693
2.3144944237836693
3.910823087106449
3.516859426107474
4.170331972516733
3.3184099029310543
3.9525721982206985
3.32052948433142
3.32052948433142
2.7209885432277012
2.4838165957293707
3.5453101951956913
4.241359642660395
4.241359642660395
4.040170423072771
3.7549253346857494
3.3169946621088204
4.327876028752616
3.3545193124584713
3.2573180645684294
3.5316891568233277
4.253042391942281
4.901379453766237
4.0725208311537004
4.29609026166106
3.119323046467981
4.283700928267218
4.480838066397155
3.048431652842835
3.2533070746962327
6.054952842018821
