4.833269200059132
2.762594489739339
4.635939645403262
4.704976435652376
4.578551567369974
4.578551567369974
3.879445365692031
3.4124606308845555
4.636265280816138
4.324785447136303
4.252885406158159
4.220395426346284
4.220395426346284
4.220395426346284
4.220395426346284
3.2408757797359478
3.2408757797359478
4.420536604250901
3.174464075373188
4.1970100513090065
4.6003296309321104
4.6003296309321104
2.9785758159076785
3.5237781693460946
3.04001646273091
3.04001646273091
3.04001646273091
3.7366088757972964
3.2595248335932148
3.2595248335932148
3.2595248335932148
3.2595248335932148
3.5823959855721146
4.284880050733554
4.284880050733554
4.284880050733554
4.560793289127959
4.201982842055594
4.1122277138504675
4.036254447475245
4.036254447475245
3.6966916380453307
3.12667591315253
3.12667591315253
3.9507968423073
3.9507968423073
3.4692989265070358
4.104419171612674
6.024423931111317
4.628754919075501
4.239994138497476
4.626744904227682
3.4147087390338324
3.4147087390338324
3.4147087390338324
3.4147087390338324
3.4147087390338324
4.768938823402525
4.1323497846773005
4.9897709562003225
7.627880356020469
3.2726822989201247
3.9693145873353854
3.9693145873353854
3.9693145873353854
3.9693145873353854
3.9693145873353854
3.9693145873353854
3.9693145873353854
4.898219459848968
4.930500562433069
3.323776622321197
3.323776622321197
2.8300709405013933
4.389244596861459
4.801486396067781
4.801486396067781
4.801486396067781
4.801486396067781
4.801486396067781
4.801486396067781
4.801486396067781
4.453374699244274
2.5675396171768305
3.39262601549994
3.9882835678750936
4.876024947761172
3.548015368748417
4.927909782429613
4.927909782429613
4.927909782429613
4.333084889644577
4.964693521425994
5.489785216672789
3.3926655646288895
4.899273292011442
3.6481167567586814
3.6481167567586814
4.995786848986474
3.134642035114675
3.3295553990856694
3.6101671064090315
3.38712580205166
3.446917697656053
3.72091776424317
3.1500924084243733
3.7902164609421547
4.408997995998577
3.054871678747771
3.4643964770384006
5.0545218877270806
3.444399088217782
2.782243521895632
4.685726979368084
4.323116765229347
3.368678274579132
3.055258612362101
3.055258612362101
3.055258612362101
3.055258612362101
3.5576953225356984
3.7293581406640293
3.7293581406640293
3.7293581406640293
4.918823430072293
3.4121963242361586
4.796042233601859
4.796042233601859
3.057134145334106
5.375931588375472
6.628828326715712
6.628828326715712
6.628828326715712
6.628828326715712
3.4920588591694184
4.216579967639012
6.690358821251915
6.610804590451976
6.610804590451976
6.610804590451976
6.610804590451976
6.610804590451976
3.118756713635843
4.242391230172925
4.242391230172925
4.242391230172925
4.31212416666932
3.5136178424695155
3.5136178424695155
4.549409623847153
3.5196270924230184
5.654072306619832
4.46250306462889
4.46250306462889
4.46250306462889
3.1445891893400475
3.557113368706145
5.292165196611684
3.696655959727342
4.558913404652264
4.558913404652264
4.494617821800402
3.4986180435416
3.649514510884922
4.456780665788483
3.9393477337025296
4.57770746245578
3.629460812702737
3.629460812702737
4.1774515686986655
4.1774515686986655
4.1774515686986655
3.3547779510940368
4.011722413370916
4.29295231311554
4.8043738837274175
4.781870056291161
4.549787281978679
4.549787281978679
4.71778431462889
4.218240457537039
4.193529857448551
3.7605041693460937
3.7364651179068122
3.1824636999899774
4.152386624880837
4.180184314628889
4.180184314628889
4.36550374271156
3.5604954001153244
3.5604954001153244
5.311195187781464
4.013943380113059
7.091577625565151
3.9857367662994108
4.765996210137315
4.469135945841435
4.010938832696939
4.203232588865406
3.9840815050676976
4.106766938069388
3.140994755670847
3.240762888058785
3.240762888058785
3.7489554369491493
3.7489554369491493
3.7489554369491493
3.724594472833168
3.45238015161931
5.013799896557714
4.709402022210206
4.2847499959985775
4.373480144016142
4.740592005946503
6.946373744929193
5.158780665788482
5.158780665788482
3.925111629828491
3.8059542681445304
3.8059542681445304
3.8059542681445304
3.9217197131221484
4.9568588891202525
4.082922250032011
5.070578072711575
5.0649973494918195
4.672978187426791
5.392719127326944
3.3882483421022487
5.058078349825765
2.835903793001007
4.470354581840557
3.1640006949327617
2.4146416352126483
4.983463358096175
5.098940281173098
4.03821739905926
4.03821739905926
4.03821739905926
4.724225789387719
4.789650096745169
2.8462600914675598
4.446563567217069
3.987051461995895
4.448557251783023
6.456963218613404
6.456963218613404
6.456963218613404
6.456963218613404
6.456963218613404
6.456963218613404
5.042149135035513
4.833154517270989
6.640895048668198
3.35717126552848
4.334983598696468
4.7507846566120735
3.6819571437327747
4.419582560383019
5.254120522907143
4.715335935944324
6.765431471718997
4.334268760718721
7.143993360112851
4.630161505067698
3.9230079018459616
3.8890706099340093
3.4774869793422027
3.963701312739862
5.814913141228284
5.205152136911684
4.121292691268002
6.515516437035928
5.955397817282305
3.682984697073856
3.5374529998538566
4.303207711861045
5.769989791078697
3.4065190255383264
6.840551843199229
6.840551843199229
2.607694044728307
4.849754901163965
6.48283730768223
6.48283730768223
6.48283730768223
3.847117707807633
4.372241232283156
3.5488525087690617
4.757293598957933
3.0348504125405835
5.264058315644752
4.400398932573145
6.6006429946240495
3.290600676028042
5.13848019793068
6.111271066716499
3.824378657784962
3.505005478750327
4.083274798716724
4.906324153761682
5.354870881041679
5.2862959389946855
4.472438485865457
4.472438485865457
4.216011806606069
3.790158648657343
4.379900500139842
4.240939759128801
3.750837023625051
4.065106746713134
2.9214706250069895
6.540655931164011
4.695218958191599
3.822000626679321
5.708450490033283
5.708450490033283
4.985538235663088
3.3514450274406027
4.539335394391116
5.012235840072925
5.446739262178225
4.464866527216344
5.5038145055816505
5.290701003370435
4.926880626837011
3.2940449177903215
3.389554604006367
5.509583273865695
6.843569696346197
3.205490875495977
3.983165914357911
4.90239252983006
6.019836566458434
4.3774726946394615
7.347569696346198
7.347569696346198
7.347569696346198
4.654418800748704
3.7465267805254747
5.371775665293089
3.5038075087690608
4.836459127730014
3.0770405739209092
2.9030183750138843
6.9420279264473574
6.713835059656269
6.713835059656269
6.713835059656269
5.91908003579966
5.273279996542253
3.3412290617225633
4.70923576403862
3.327793226138443
5.599994716814369
4.039520492143368
4.9783389399940585
6.129181796136306
6.129181796136306
6.83978844507559
5.446221989989135
5.690278922586907
2.7960687180883532
4.89497826878197
4.315857602430038
4.518072001513926
4.9351731574905475
3.4708159057902312
4.554346714510536
2.8410859052992397
5.35091174056965
5.695857166597791
4.381007698063144
4.0366153323935094
4.841318635748396
3.1747419350587665
6.584348015121856
5.0916050347467285
6.852224419087977
4.10950286947485
5.203727256202046
5.203727256202046
3.3091409703075225
5.33507358052036
4.5035083046214375
4.26229644182905
3.6500155218523247
5.377625008462537
4.998907795936828
2.9629740335677006
4.462357426674207
2.9269687107291045
3.68652168895901
5.899177057556246
4.50243124626917
4.595573604249461
3.4310583034892854
4.67624729539812
4.224756130606479
3.1243155856921385
3.7389604553570246
4.075844427994403
5.269882727463365
5.747256167656024
5.790217428056143
4.131585555916041
2.55725939336919
3.3869558072410078
4.860798884513635
3.7391627315061697
5.336009478503669
3.128241344697493
3.9404695396833773
4.83356616231272
5.779578456085138
2.340769868776457
3.9615742442327884
6.380488370275802
3.709201062666536
5.868476923076923
7.289465694885351
5.444061086419298
4.7638015887231
1.0
4.493954163304737
6.350139929407469
4.617080351505007
7.712291196209326
4.320360575466721
4.723010883529146
3.0031408083238658
5.985979589389578
6.579852960454612
3.825859214054443
5.868326744504643
3.7804001585274083
2.7366360745960545
3.444181853379403
3.5623230568445763
3.669121765103238
3.669121765103238
5.68144728169727
3.2011514592114407
2.7197692003141345
3.2303668438268236
3.524015354160288
3.554446123391058
4.230096074596055
4.085623025774512
5.947318268144531
4.343231446918822
5.53037176466173
4.261020778726991
5.881470893129616
5.80165443042341
3.5919964296256417
4.749109042906941
5.987840203941774
6.567704097500346
3.898492277237211
4.709542052222012
4.043614072795545
7.3284153846153846
7.3284153846153846
7.3284153846153846
4.371664889644577
5.904510771225581
4.445429457410929
4.947589324197195
4.395337679896756
5.238326269404213
4.743583303564777
4.692814072795545
5.20926408581746
3.151705206117562
5.143449808523067
4.535455887707171
5.360363056074405
6.163582084118202
4.801119759469522
5.465447613217684
5.9043879080928825
5.284984362184985
4.999202908784572
5.110085507572731
5.725713894519832
5.373753732038353
5.444896542038
6.601985764139138
5.827882711071474
4.552000840815908
3.655147566351733
4.256460904093862
6.4987459358057125
6.07864505976023
4.267448373503429
6.20360813239963
4.308892498606993
4.9763205932345045
4.469469990443353
