[0.00050683]
[0.00050683]
[0.00050683]
[0.00050683]
[0.00050683]
[0.00050683]
[0.00050683]
[0.00050683]
[0.00050683]
[0.00050683]
[0.00050683]
[0.00050683]
[0.00050683]
[0.00050683]
[0.00050683]
[0.00050683]
[0.00050683]
[0.00050683]
[0.00050683]
[0.00050683]
[0.00050683]
[0.00050683]
[0.00050683]
[0.00050683]
[0.00050683]
[0.00050683]
[0.00050683]
[0.00050683]
[0.00050683]
[0.00050683]
[0.00050683]
[0.00050683]
[0.00050683]
[0.00050683]
[0.00050683]
[0.00050683]
[0.00050683]
[0.00050683]
[0.00050683]
[0.00050683]
[0.00050683]
[0.00050683]
[0.00050683]
[0.00050683]
[0.00050683]
[0.00050683]
[0.00050683]
[0.00050683]
[0.00050683]
[0.00050683]
[0.00050683]
[0.00050683]
[0.00050683]
[0.00050683]
[0.00050683]
[0.00050683]
[0.00050683]
[0.00050683]
[0.00050683]
[0.00050683]
[0.00050683]
[0.00050683]
[0.00050683]
[0.00050683]
[0.00050683]
[0.00050683]
[0.00050683]
[0.00050683]
[0.00050683]
[0.00050683]
[0.00050683]
[0.00050683]
[0.00050683]
[0.00050683]
[0.00050683]
[0.00050683]
[0.00050683]
[0.00050683]
[0.00050683]
[0.00050683]
[0.00050683]
[0.00050683]
[0.00050683]
[0.00050683]
[0.00050683]
[0.00050683]
[0.00050683]
[0.00050683]
[0.00050683]
[0.00050683]
[0.00050683]
[0.00050683]
[0.00050683]
[0.00050683]
[0.00050683]
[0.00050683]
[0.00050683]
[0.00050683]
[0.00050683]
[0.00050683]
[0.00050683]
[0.00050683]
[0.00050683]
[0.00050683]
[0.00050683]
[0.00050683]
[0.00050683]
[0.00050683]
[0.00050683]
[0.00050683]
[0.00050683]
[0.00050683]
[0.00050683]
[0.00050683]
[0.00050683]
[0.00050683]
[0.00050683]
[0.00050683]
[0.00050683]
[0.00050683]
[0.00050683]
[0.00050683]
[0.00050683]
[0.00050683]
[0.00050683]
[0.00050683]
[0.00050683]
[0.00050683]
[0.00050683]
[0.00050683]
[0.00050683]
[0.00050683]
[0.00050683]
[0.00050683]
[0.00050683]
[0.00050683]
[0.00050683]
[0.00050683]
[0.00050683]
[0.00050683]
[0.00050683]
[0.00050683]
[0.00050683]
[0.00050683]
[0.00050683]
[0.00050683]
[0.00050683]
[0.00050683]
[0.00050683]
[0.00050683]
[0.00050683]
[0.00050683]
[0.00050683]
[0.00050683]
[0.00050683]
[0.00050683]
[0.00050683]
[0.00050683]
[0.00050683]
[0.00050683]
[0.00050683]
[0.00050683]
[0.00050683]
[0.00050683]
[0.00050683]
[0.00050683]
[0.00050683]
[0.00050683]
[0.00050683]
[0.00050683]
[0.00050683]
[0.00050683]
[0.00050683]
[0.00050683]
[0.00050683]
[0.00050683]
[0.00050683]
[0.00050683]
[0.00050683]
[0.00050683]
[0.00050683]
[0.00050683]
[0.00050683]
[0.00050683]
[0.00050683]
[0.00050683]
[0.00050683]
[0.00050683]
[0.00050683]
[0.00050683]
[0.00050683]
[0.00050683]
[0.00050683]
[0.00050683]
[0.00050683]
[0.00050683]
[0.00050683]
[0.00050683]
[0.00050683]
[0.00050683]
[0.00050683]
[0.00050683]
[0.00050683]
[0.00050683]
[0.00050683]
[0.00050683]
[0.00050683]
[0.00050683]
[0.00050683]
[0.00050683]
[0.00050683]
[0.00050683]
[0.00050683]
[0.00050683]
[0.00050683]
[0.00050683]
[0.00050683]
[0.00050683]
[0.00050683]
[0.00050683]
[0.00050683]
[0.00050683]
[0.00050683]
[0.00050683]
[0.00050683]
[0.00050683]
[0.00050683]
[0.00050683]
[0.00050683]
[0.00050683]
[0.00050683]
[0.00050683]
[0.00050683]
[0.00050683]
[0.00050683]
[0.00050683]
[0.00050683]
[0.00050683]
[0.00050683]
[0.00050683]
[0.00050683]
[0.00050683]
[0.00050683]
[0.00050683]
[0.00050683]
[0.00050683]
[0.00050683]
[0.00050683]
[0.00050683]
[0.00050683]
[0.00050683]
[0.00050683]
[0.00050683]
[0.00050683]
[0.00050683]
[0.00050683]
[0.00050683]
[0.00050683]
[0.00050683]
[0.00050683]
[0.00050683]
[0.00050683]
[0.00050683]
[0.00050683]
[0.00050683]
[0.00050683]
[0.00050683]
[0.00050683]
[0.00050683]
[0.00050683]
[0.00050683]
[0.00050683]
[0.00050683]
[0.00050683]
[0.00050683]
[0.00050683]
[0.00050683]
[0.00050683]
[0.00050683]
[0.00050683]
[0.00050683]
[0.00050683]
[0.00050683]
[0.00050683]
[0.00050683]
[0.00050683]
[0.00050683]
[0.00050683]
[0.00050683]
[0.00050683]
[0.00050683]
[0.00050683]
[0.00050683]
[0.00050683]
[0.00050683]
[0.00050683]
[0.00050683]
[0.00050683]
[0.00050683]
[0.00050683]
[0.00050683]
[0.00050683]
[0.00050683]
[0.00050683]
[0.00050683]
[0.00050683]
[0.00050683]
[0.00050683]
[0.00050683]
[0.00050683]
[0.00050683]
[0.00050683]
[0.00050683]
[0.00050683]
[0.00050683]
[0.00050683]
[0.00050683]
[0.00050683]
[0.00050683]
[0.00050683]
[0.00050683]
[0.00050683]
[0.00050683]
[0.00050683]
[0.00050683]
[0.00050683]
[0.00050683]
[0.00050683]
[0.00050683]
[0.00050683]
[0.00050683]
[0.00050683]
[0.00050683]
[0.00050683]
[0.00050683]
[0.00050683]
[0.00050683]
[0.00050683]
[0.00050683]
[0.00050683]
[0.00050683]
[0.00050683]
[0.00050683]
[0.00050683]
[0.00050683]
[0.00050683]
[0.00050683]
[0.00050683]
[0.00050683]
[0.00050683]
[0.00050683]
[0.00050683]
[0.00050683]
[0.00050683]
[0.00050683]
[0.00050683]
[0.00050683]
[0.00050683]
[0.00050683]
[0.00050683]
[0.00050683]
[0.00050683]
[0.00050683]
[0.00050683]
[0.00050683]
[0.00050683]
[0.00050683]
[0.00050683]
[0.00050683]
[0.00050683]
[0.00050683]
[0.00050683]
[0.00050683]
[0.00050683]
[0.00050683]
[0.00050683]
[0.00050683]
[0.00050683]
[0.00050683]
[0.00050683]
[0.00050683]
[0.00050683]
[0.00050683]
[0.00050683]
[0.00050683]
[0.00050683]
[0.00050683]
[0.00050683]
[0.00050683]
[0.00050683]
[0.00050683]
[0.00050683]
[0.00050683]
[0.00050683]
[0.00050683]
[0.00050683]
[0.00050683]
[0.00050683]
[0.00050683]
[0.00050683]
[0.00050683]
[0.00050683]
[0.00050683]
[0.00050683]
[0.00050683]
[0.00050683]
[0.00050683]
[0.00050683]
[0.00050683]
[0.00050683]
[0.00050683]
[0.00050683]
[0.00050683]
[0.00050683]
[0.00050683]
[0.00050683]
[0.00050683]
[0.00050683]
[0.00050683]
[0.00050683]
[0.00050683]
[0.00050683]
[0.00050683]
[0.00050683]
[0.00050683]
[0.00050683]
[0.00050683]
[0.00050683]
[0.00050683]
[0.00050683]
[0.00050683]
[0.00050683]
[0.00050683]
[0.00050683]
[0.00050683]
[0.00050683]
[0.00050683]
[0.00050683]
[0.00050683]
[0.00050683]
[0.00050185]
[0.00050185]
[0.00050152]
[0.00050014]
[0.00051293]
[0.00051292]
[0.00051292]
[0.00051292]
[0.00051292]
[0.0005195]
[0.0005195]
[0.00050273]
[0.00051042]
[0.00051042]
[0.00051042]
[0.00051999]
[0.00051999]
[0.00051999]
[0.00051998]
[0.00050057]
[0.00052821]
[0.00052819]
[0.00054941]
[0.00057876]
[0.00062094]
[0.00064155]
[0.00059947]
[0.00059947]
[0.0005797]
[0.00062285]
[0.00062214]
[0.0006597]
[0.0008511]
[0.00077952]
[0.00072237]
[0.00093556]
[0.00093556]
[0.00104308]
[0.00065367]
[0.00119981]
[0.00069377]
[0.00100803]
[0.00153674]
[0.00099217]
[0.00096112]
[0.00071898]
[0.00066185]
[0.00030203]
[0.00030203]
[0.00030292]
[0.00030292]
[0.00030292]
[0.00030292]
[0.00030203]
[0.00030203]
[0.00030665]
[0.00030665]
[0.00090381]
[0.00030142]
[0.00034182]
