3.7679868903045444
3.7786075575890674
3.80823916092549
3.80823916092549
3.80823916092549
3.80823916092549
3.895610471939194
3.895610471939194
3.895610471939194
3.895610471939194
3.6549787458893235
3.6549787458893235
3.6549787458893235
3.6549787458893235
3.6549787458893235
3.6549787458893235
3.6549787458893235
3.6549787458893235
3.6549787458893235
3.6549787458893235
3.6549787458893235
3.6549787458893235
3.6549787458893235
3.6549787458893235
3.6549787458893235
3.6549787458893235
3.6549787458893235
3.6549787458893235
3.6549787458893235
3.6549787458893235
3.6549787458893235
3.6549787458893235
3.6549787458893235
3.6549787458893235
3.6549787458893235
3.6549787458893235
3.6549787458893235
3.6549787458893235
3.6549787458893235
3.6549787458893235
3.6549787458893235
3.6549787458893235
3.6549787458893235
3.6549787458893235
3.6549787458893235
3.6549787458893235
3.6549787458893235
3.6549787458893235
3.6549787458893235
3.6549787458893235
3.6549787458893235
3.6549787458893235
3.6549787458893235
3.6549787458893235
3.6549787458893235
3.6549787458893235
3.6549787458893235
3.6549787458893235
3.6549787458893235
3.6549787458893235
3.6549787458893235
3.6549787458893235
3.6549787458893235
3.6549787458893235
3.6549787458893235
3.6549787458893235
3.6549787458893235
3.86917359989709
3.754868078424698
3.754868078424698
3.754868078424698
3.754868078424698
3.754868078424698
3.754868078424698
3.754868078424698
3.754868078424698
3.754868078424698
3.754868078424698
3.754868078424698
3.754868078424698
3.754868078424698
3.754868078424698
3.754868078424698
3.754868078424698
3.754868078424698
3.754868078424698
3.754868078424698
3.754868078424698
3.754868078424698
3.754868078424698
3.754868078424698
3.754868078424698
3.754868078424698
3.754868078424698
3.754868078424698
3.754868078424698
3.754868078424698
3.754868078424698
3.754868078424698
3.754868078424698
3.754868078424698
3.754868078424698
3.754868078424698
3.754868078424698
3.754868078424698
3.754868078424698
3.754868078424698
3.754868078424698
3.754868078424698
3.754868078424698
3.754868078424698
3.754868078424698
3.754868078424698
3.754868078424698
3.754868078424698
3.754868078424698
3.754868078424698
3.754868078424698
3.754868078424698
3.754868078424698
3.754868078424698
3.754868078424698
3.754868078424698
3.754868078424698
3.754868078424698
3.754868078424698
3.754868078424698
3.754868078424698
3.754868078424698
3.754868078424698
3.754868078424698
3.754868078424698
3.754868078424698
3.754868078424698
3.754868078424698
3.754868078424698
3.754868078424698
3.754868078424698
3.754868078424698
3.754868078424698
3.754868078424698
3.754868078424698
3.754868078424698
3.754868078424698
3.754868078424698
3.754868078424698
3.754868078424698
3.754868078424698
3.754868078424698
3.754868078424698
3.754868078424698
3.754868078424698
3.754868078424698
3.754868078424698
3.754868078424698
3.754868078424698
3.754868078424698
3.754868078424698
3.754868078424698
3.754868078424698
3.754868078424698
3.754868078424698
3.754868078424698
3.754868078424698
3.754868078424698
3.754868078424698
3.754868078424698
3.754868078424698
3.754868078424698
3.754868078424698
3.754868078424698
3.754868078424698
3.754868078424698
3.754868078424698
3.754868078424698
3.754868078424698
3.754868078424698
3.754868078424698
3.754868078424698
3.754868078424698
3.754868078424698
3.754868078424698
3.754868078424698
3.754868078424698
3.754868078424698
3.754868078424698
3.754868078424698
3.754868078424698
3.754868078424698
3.754868078424698
3.754868078424698
3.754868078424698
3.754868078424698
3.754868078424698
3.754868078424698
3.754868078424698
3.754868078424698
3.754868078424698
3.754868078424698
3.754868078424698
3.754868078424698
3.754868078424698
3.754868078424698
3.754868078424698
3.754868078424698
3.754868078424698
3.754868078424698
3.754868078424698
3.754868078424698
3.754868078424698
3.754868078424698
3.754868078424698
3.754868078424698
3.754868078424698
3.754868078424698
3.754868078424698
3.754868078424698
3.754868078424698
3.754868078424698
3.754868078424698
3.754868078424698
3.754868078424698
3.754868078424698
3.754868078424698
3.754868078424698
3.754868078424698
3.754868078424698
3.754868078424698
3.754868078424698
3.754868078424698
3.754868078424698
3.754868078424698
3.754868078424698
3.754868078424698
3.754868078424698
3.754868078424698
3.754868078424698
3.754868078424698
3.754868078424698
3.754868078424698
3.754868078424698
3.754868078424698
3.754868078424698
3.754868078424698
3.754868078424698
3.754868078424698
3.754868078424698
3.754868078424698
3.754868078424698
3.754868078424698
3.754868078424698
3.754868078424698
3.754868078424698
3.754868078424698
3.754868078424698
3.754868078424698
3.754868078424698
3.754868078424698
3.754868078424698
3.754868078424698
3.754868078424698
3.754868078424698
3.754868078424698
3.754868078424698
3.754868078424698
3.754868078424698
3.754868078424698
3.754868078424698
3.754868078424698
3.754868078424698
3.754868078424698
3.754868078424698
3.754868078424698
3.754868078424698
3.754868078424698
3.754868078424698
3.754868078424698
3.754868078424698
3.754868078424698
3.754868078424698
3.754868078424698
3.754868078424698
3.754868078424698
3.754868078424698
3.754868078424698
3.754868078424698
3.754868078424698
3.754868078424698
3.754868078424698
3.754868078424698
3.754868078424698
3.754868078424698
3.754868078424698
3.754868078424698
3.754868078424698
3.754868078424698
3.754868078424698
3.754868078424698
3.754868078424698
3.754868078424698
3.754868078424698
3.754868078424698
3.754868078424698
3.754868078424698
3.754868078424698
3.754868078424698
3.754868078424698
3.754868078424698
3.754868078424698
3.754868078424698
3.754868078424698
3.754868078424698
3.754868078424698
3.754868078424698
3.754868078424698
3.754868078424698
3.754868078424698
3.754868078424698
3.754868078424698
3.754868078424698
3.754868078424698
3.754868078424698
3.754868078424698
3.754868078424698
3.754868078424698
3.754868078424698
3.754868078424698
3.754868078424698
3.754868078424698
3.754868078424698
3.754868078424698
3.754868078424698
3.754868078424698
3.754868078424698
3.754868078424698
3.754868078424698
3.754868078424698
3.754868078424698
3.754868078424698
3.754868078424698
3.754868078424698
3.754868078424698
3.754868078424698
3.754868078424698
3.754868078424698
3.754868078424698
3.754868078424698
3.754868078424698
3.754868078424698
3.754868078424698
3.754868078424698
3.754868078424698
3.754868078424698
3.754868078424698
3.754868078424698
3.754868078424698
3.754868078424698
3.754868078424698
3.754868078424698
3.754868078424698
3.754868078424698
3.754868078424698
3.754868078424698
3.754868078424698
3.754868078424698
3.754868078424698
3.754868078424698
3.754868078424698
3.754868078424698
3.754868078424698
3.754868078424698
3.754868078424698
3.754868078424698
3.754868078424698
3.754868078424698
3.754868078424698
3.754868078424698
3.754868078424698
3.754868078424698
3.754868078424698
3.754868078424698
3.754868078424698
3.754868078424698
3.754868078424698
3.754868078424698
3.754868078424698
3.754868078424698
3.754868078424698
3.754868078424698
3.754868078424698
3.754868078424698
3.754868078424698
3.754868078424698
3.754868078424698
3.754868078424698
3.754868078424698
3.754868078424698
3.754868078424698
3.754868078424698
3.754868078424698
3.754868078424698
3.754868078424698
3.754868078424698
3.754868078424698
3.754868078424698
3.754868078424698
3.754868078424698
3.754868078424698
3.754868078424698
3.754868078424698
3.754868078424698
3.754868078424698
3.754868078424698
3.754868078424698
3.754868078424698
3.754868078424698
3.754868078424698
3.754868078424698
3.754868078424698
3.754868078424698
3.754868078424698
3.754868078424698
3.754868078424698
3.754868078424698
3.754868078424698
3.754868078424698
3.754868078424698
3.754868078424698
3.754868078424698
3.754868078424698
3.754868078424698
3.754868078424698
3.754868078424698
3.8150504676910133
3.820870022834665
3.820870022834665
3.820870022834665
3.820870022834665
3.706474496546454
3.805022849526045
3.805022849526045
3.805022849526045
3.495972942797877
3.770041934016958
3.867441477885638
3.867441477885638
3.867441477885638
3.911565766013183
4.116744814308252
4.241957418571458
3.7433924958893234
4.0293090411429615
4.130100514030216
3.80937520442753
3.74803844180365
3.867120461624319
3.9199266305047074
4.180650900510587
3.927976431421394
3.828312155819696
3.9381041140332194
4.307825073807788
4.196412585813854
4.366409371487463
4.033554226658553
4.502426080915552
3.0345452907493025
3.568823038421674
2.7846361711073815
1.052922015068658
3.3827959773595033
2.574512234985381
2.312593058846497
2.312593058846497
3.147537878694071
3.204870801650303
3.359730039855628
3.9231082472376375
3.8195197872406643
2.033898144014559
3.919375842742679
4.2169719291210646
4.2169719291210646
1.0
1.0766195634868012
1.0
2.3490407356867102
2.008682098771004
1.1765612788317714
1.1765612788317714
1.2633697403702335
1.2633697403702335
2.8609616434999516
4.071915433250072
4.56670460441204
2.440330099658784
4.429933395686671
4.429933395686671
4.867638049460853
4.5978866388401896
