[0.05865535]
[0.05871981]
[0.05865631]
[0.05865602]
[0.05813704]
[0.05813704]
[0.05816753]
[0.05871946]
[0.05871946]
[0.05871946]
[0.05871946]
[0.05871946]
[0.05871946]
[0.05871946]
[0.05871946]
[0.05871946]
[0.05871946]
[0.05871946]
[0.05871946]
[0.05871946]
[0.05871946]
[0.05871946]
[0.05871946]
[0.05816749]
[0.0581675]
[0.0581675]
[0.05816729]
[0.05816729]
[0.05816729]
[0.05963926]
[0.06281161]
[0.06281161]
[0.06281161]
[0.0587924]
[0.0587924]
[0.0581671]
[0.05994821]
[0.05994821]
[0.05994821]
[0.05994821]
[0.05994821]
[0.05994821]
[0.05871565]
[0.05871565]
[0.05871565]
[0.05871558]
[0.05871558]
[0.05871558]
[0.05871558]
[0.05871558]
[0.05871558]
[0.05871558]
[0.05871558]
[0.05871558]
[0.05871558]
[0.06012394]
[0.06012394]
[0.05872017]
[0.05872017]
[0.05872017]
[0.05823767]
[0.05823767]
[0.05886799]
[0.05865211]
[0.05878836]
[0.05871543]
[0.05871543]
[0.05871543]
[0.05871543]
[0.05871543]
[0.05871543]
[0.05878848]
[0.05878848]
[0.05878848]
[0.05878848]
[0.05878848]
[0.05878848]
[0.05878848]
[0.05878818]
[0.05878818]
[0.05878818]
[0.05878818]
[0.05878818]
[0.05878818]
[0.05878818]
[0.05878818]
[0.05871544]
[0.05878828]
[0.05820019]
[0.05820019]
[0.05820019]
[0.05820019]
[0.05820019]
[0.05820019]
[0.05820019]
[0.05820019]
[0.05981256]
[0.05981256]
[0.05878831]
[0.05819994]
[0.05819994]
[0.05819994]
[0.05819994]
[0.05819994]
[0.05819994]
[0.05819994]
[0.05820019]
[0.05816539]
[0.05816538]
[0.05816538]
[0.05816538]
[0.05816538]
[0.05871531]
[0.05871531]
[0.05816741]
[0.05816741]
[0.05816741]
[0.05816741]
[0.05816538]
[0.05816538]
[0.05816538]
[0.05816538]
[0.05816538]
[0.05816538]
[0.05816538]
[0.05816538]
[0.05816538]
[0.05816538]
[0.05816538]
[0.05816538]
[0.05816538]
[0.05816538]
[0.05816538]
[0.05816538]
[0.05816538]
[0.05816538]
[0.05816538]
[0.05816538]
[0.05816538]
[0.06030895]
[0.05878779]
[0.05878779]
[0.05878779]
[0.05878779]
[0.05878779]
[0.05820269]
[0.05820269]
[0.05813488]
[0.05813488]
[0.05865229]
[0.05865229]
[0.05865229]
[0.05865229]
[0.05819809]
[0.05995817]
[0.05995817]
[0.05807395]
[0.05807395]
[0.05807395]
[0.05807395]
[0.05807395]
[0.05878448]
[0.05878448]
[0.05878448]
[0.05878448]
[0.05878754]
[0.05878754]
[0.05878754]
[0.05878754]
[0.05878754]
[0.05878754]
[0.05878754]
[0.05878754]
[0.05878754]
[0.05878754]
[0.05878754]
[0.05878754]
[0.05878754]
[0.05878754]
[0.05878754]
[0.05878754]
[0.05878754]
[0.05878754]
[0.05878754]
[0.05878754]
[0.05878754]
[0.05878754]
[0.05878754]
[0.05878754]
[0.05878754]
[0.05878698]
[0.05886893]
[0.05819975]
[0.05819975]
[0.05819975]
[0.05819975]
[0.05855252]
[0.05855252]
[0.05855252]
[0.05855252]
[0.05855252]
[0.05855252]
[0.05855252]
[0.05855252]
[0.05855252]
[0.05855252]
[0.05855252]
[0.05790466]
[0.05790466]
[0.05823524]
[0.05878422]
[0.0599411]
[0.05871604]
[0.05953496]
[0.0604929]
[0.05871904]
[0.05990557]
[0.05878767]
[0.05867945]
[0.05867945]
[0.0582349]
[0.05848611]
[0.05848611]
[0.05872296]
[0.05823512]
[0.05872025]
[0.05996609]
[0.05977753]
[0.06374821]
[0.05878926]
[0.0579046]
[0.05816539]
[0.06094137]
[0.05819792]
[0.05819989]
[0.0607277]
[0.06539062]
[0.05894754]
[0.06071914]
[0.05823755]
[0.05869867]
[0.05823769]
[0.06264894]
[0.05886248]
[0.05886248]
[0.05886248]
[0.0609457]
[0.05905673]
[0.05820026]
[0.05990548]
[0.05820045]
[0.06014139]
[0.05820024]
[0.05882408]
[0.05994858]
[0.05827482]
[0.06177064]
[0.05785227]
[0.05792389]
[0.06012315]
[0.05886189]
[0.05886207]
[0.05871139]
[0.05819977]
[0.06091715]
[0.05861652]
[0.05809993]
[0.05848643]
[0.05882236]
[0.05823458]
[0.05823458]
[0.05823458]
[0.05823458]
[0.05886704]
[0.06017477]
[0.05817833]
[0.05823307]
[0.05894355]
[0.06121006]
[0.06006973]
[0.07199121]
[0.06117587]
[0.06611411]
[0.05948918]
[0.05877583]
[0.05823313]
[0.05865571]
[0.05817822]
[0.06308963]
[0.05823316]
[0.059047]
[0.05792409]
[0.05870568]
[0.06070592]
[0.0588854]
[0.05881601]
[0.06175198]
[0.06320137]
[0.06320137]
[0.05863665]
[0.06032406]
[0.05868568]
[0.05868568]
[0.05868568]
[0.05992831]
[0.06094734]
[0.06010156]
[0.05794337]
[0.06094603]
[0.05827237]
[0.05776568]
[0.05871978]
[0.0651568]
[0.05880966]
[0.06011407]
[0.06118124]
[0.06006928]
[0.05853703]
[0.05853701]
[0.05952988]
[0.06202213]
[0.05913302]
[0.05945599]
[0.06369415]
[0.06266206]
[0.05852425]
[0.06386016]
[0.05790468]
[0.05794314]
[0.05794314]
[0.0585239]
[0.06209442]
[0.06209442]
[0.05815707]
[0.05870519]
[0.05790494]
[0.05975751]
[0.08042371]
[0.06147129]
[0.06343526]
[0.05776502]
[0.06343357]
[0.05824418]
[0.05777704]
[0.06271327]
[0.06008933]
[0.05792364]
[0.05852126]
[0.05994827]
[0.05989249]
[0.06424299]
[0.059929]
[0.09307791]
[0.05974299]
[0.05944428]
[0.05944428]
[0.06473017]
[0.0593485]
[0.06303534]
[0.07956178]
[0.07956178]
[0.05892587]
[0.06028414]
[0.06028414]
[0.05912381]
[0.06301193]
[0.05850956]
[0.05845341]
[0.06166054]
[0.07031228]
[0.06003681]
[0.06093236]
[0.06028118]
[0.06041904]
[0.06067723]
[0.06211584]
[0.05946529]
[0.06485277]
[0.06009683]
[0.05975427]
[0.05975427]
[0.05992265]
[0.06030979]
[0.05935726]
[0.06812067]
[0.06037313]
[0.06232833]
[0.06232833]
[0.06232798]
[0.11456617]
[0.05872044]
[0.05979157]
[0.05979157]
[0.05979094]
[0.06827606]
[0.07588424]
[0.07400385]
[0.06028153]
[0.0758827]
[0.07818723]
[0.06490067]
[0.09142182]
[0.06332962]
[0.07628416]
[0.06850188]
[0.06744661]
[0.06852381]
[0.10677741]
[0.06441706]
[0.06928539]
[0.06558134]
[0.07593639]
[0.05920907]
[0.0787295]
[0.0787295]
[0.06593044]
[0.08474704]
[0.07480805]
[0.08809195]
[0.06343743]
[0.06782082]
[0.0713002]
[0.06660578]
[0.06096103]
[0.06152525]
[0.06152525]
[0.06549119]
[0.06549119]
[0.06549119]
[0.06549119]
[0.06549119]
[0.06549119]
[0.06427062]
[0.06640416]
[0.06845539]
[0.06261136]
[0.06525914]
[0.06484102]
[0.07753771]
[0.0802031]
[0.06551771]
[0.07253414]
[0.06171033]
[0.07299411]
[0.07451282]
[0.07451282]
[0.08617104]
[0.06680806]
[0.06032352]
[0.07504339]
[0.24375965]
[0.09731279]
[0.05945051]
[0.14274797]
[0.07188204]
[0.07188204]
[0.08084698]
[0.0684981]
[0.06911132]
[0.06911132]
[0.06984466]
[0.1291669]
[0.09111734]
[0.12380096]
[0.10194528]
[0.26154244]
[0.10716959]
[0.10716959]
[0.08401848]
[0.08870514]
[0.23370963]
[0.2569538]
[0.1545098]
[0.1545098]
[0.05928467]
[0.0591759]
[0.06022041]
[0.05953177]
[0.05941]
[0.05814748]
[0.06847264]
[0.06847264]
[0.17255464]
[0.06465331]
[0.0588986]
[0.06976965]
[0.06212314]
[0.0643803]
[0.0643803]
[0.0643803]
[0.07437611]
[0.06182179]
[0.0618213]
[0.06883112]
[0.05994532]
[0.06080956]
[0.06432784]
[0.06682473]
[0.07745896]
[0.05993142]
