24.243420000000036
24.24342000000004
24.24342000000004
24.24342000000004
24.24342000000004
24.24342000000004
24.24342000000004
24.24342000000004
24.24342000000004
24.24342000000004
24.24342000000004
24.24342000000004
24.24342000000004
24.24342000000004
24.24342000000004
24.24342000000004
24.24342000000004
24.24342000000004
24.24342000000004
24.24342000000004
24.24342000000004
24.24342000000004
24.24342000000004
23.929800000000032
23.929800000000032
23.73632000000004
23.73632000000004
23.73632000000004
23.73632000000004
23.73632000000004
23.73632000000004
23.73632000000004
23.59522000000004
23.59522000000004
23.59522000000004
23.59522000000004
23.59522000000004
23.59522000000004
23.59522000000004
23.59522000000004
23.59522000000004
23.761320000000037
23.59522000000004
23.59522000000004
23.59522000000004
23.59522000000004
23.59522000000004
23.59522000000004
23.59522000000004
23.59522000000004
23.59522000000004
23.59522000000004
23.59522000000004
23.59522000000004
23.59522000000004
23.59522000000004
23.59522000000004
23.59522000000004
23.59522000000004
23.59522000000004
23.59522000000004
23.59522000000004
23.59522000000004
23.59522000000004
23.59522000000004
23.59522000000004
23.59522000000004
23.59522000000004
23.59522000000004
23.59522000000004
23.59522000000004
23.59522000000004
23.59522000000004
23.59522000000004
23.59522000000004
23.59522000000004
23.59522000000004
23.59522000000004
23.59522000000004
23.59522000000004
23.59522000000004
23.59522000000004
23.59522000000004
23.59522000000004
23.59522000000004
23.59522000000004
23.59522000000004
23.59522000000004
23.59522000000004
23.59522000000004
23.59522000000004
23.59522000000004
23.59522000000004
23.59522000000004
23.59522000000004
23.59522000000004
23.59522000000004
23.59522000000004
23.59522000000004
23.59522000000004
23.59522000000004
23.59522000000004
23.59522000000004
23.59522000000004
23.59522000000004
23.59522000000004
23.59522000000004
23.59522000000004
23.59522000000004
23.59522000000004
23.59522000000004
23.59522000000004
23.59522000000004
23.59522000000004
23.59522000000004
23.59522000000004
23.59522000000004
23.59522000000004
23.59522000000004
23.59522000000004
23.59522000000004
23.59522000000004
23.59522000000004
23.59522000000004
23.59522000000004
23.59522000000004
23.59522000000004
23.59522000000004
23.59522000000004
23.59522000000004
23.59522000000004
23.59522000000004
23.59522000000004
23.59522000000004
23.59522000000004
23.59522000000004
23.59522000000004
23.59522000000004
23.59522000000004
23.59522000000004
23.59522000000004
23.59522000000004
23.59522000000004
23.59522000000004
23.59522000000004
23.59522000000004
23.59522000000004
23.59522000000004
23.59522000000004
23.59522000000004
23.59522000000004
23.59522000000004
23.59522000000004
23.59522000000004
23.59522000000004
23.59522000000004
23.59522000000004
23.59522000000004
23.59522000000004
23.59522000000004
23.59522000000004
23.59522000000004
23.59522000000004
23.59522000000004
23.59522000000004
23.59522000000004
23.59522000000004
23.59522000000004
23.59522000000004
23.59522000000004
23.59522000000004
23.59522000000004
23.59522000000004
23.59522000000004
23.59522000000004
23.59522000000004
23.59522000000004
23.59522000000004
23.59522000000004
23.59522000000004
23.59522000000004
23.59522000000004
23.59522000000004
23.59522000000004
23.59522000000004
23.59522000000004
23.59522000000004
23.59522000000004
23.59522000000004
23.59522000000004
23.59522000000004
23.59522000000004
23.59522000000004
23.59522000000004
23.59522000000004
23.59522000000004
23.59522000000004
23.59522000000004
23.59522000000004
23.59522000000004
23.59522000000004
23.59522000000004
23.59522000000004
23.59522000000004
23.59522000000004
23.59522000000004
23.59522000000004
23.59522000000004
23.59522000000004
23.59522000000004
23.59522000000004
23.59522000000004
23.59522000000004
23.59522000000004
23.59522000000004
23.59522000000004
23.59522000000004
23.59522000000004
23.59522000000004
23.59522000000004
23.59522000000004
23.59522000000004
23.59522000000004
23.59522000000004
23.59522000000004
23.59522000000004
23.59522000000004
23.59522000000004
23.59522000000004
23.59522000000004
23.59522000000004
23.59522000000004
23.59522000000004
23.59522000000004
23.59522000000004
23.59522000000004
23.59522000000004
23.59522000000004
23.59522000000004
23.59522000000004
23.59522000000004
23.59522000000004
23.59522000000004
23.59522000000004
23.59522000000004
23.59522000000004
23.59522000000004
23.59522000000004
23.59522000000004
23.59522000000004
23.59522000000004
23.59522000000004
23.59522000000004
23.59522000000004
23.59522000000004
23.59522000000004
23.59522000000004
23.59522000000004
23.59522000000004
23.59522000000004
23.59522000000004
23.59522000000004
23.59522000000004
23.59522000000004
23.59522000000004
23.59522000000004
23.59522000000004
23.59522000000004
23.59522000000004
23.59522000000004
23.59522000000004
23.59522000000004
23.59522000000004
23.59522000000004
23.59522000000004
23.59522000000004
23.59522000000004
23.59522000000004
23.59522000000004
23.59522000000004
23.59522000000004
23.59522000000004
23.59522000000004
23.59522000000004
23.59522000000004
23.59522000000004
23.59522000000004
23.59522000000004
23.59522000000004
23.59522000000004
23.59522000000004
23.59522000000004
23.59522000000004
23.59522000000004
23.59522000000004
23.59522000000004
23.59522000000004
23.59522000000004
23.59522000000004
23.59522000000004
23.59522000000004
23.59522000000004
23.59522000000004
23.59522000000004
23.59522000000004
23.59522000000004
23.59522000000004
23.59522000000004
23.59522000000004
23.59522000000004
23.59522000000004
23.59522000000004
23.59522000000004
23.59522000000004
23.59522000000004
23.59522000000004
23.59522000000004
23.59522000000004
23.59522000000004
23.59522000000004
23.59522000000004
23.59522000000004
23.59522000000004
23.59522000000004
23.59522000000004
23.59522000000004
23.59522000000004
23.59522000000004
23.59522000000004
23.59522000000004
23.59522000000004
23.59522000000004
23.59522000000004
23.59522000000004
23.59522000000004
23.59522000000004
23.59522000000004
23.59522000000004
23.59522000000004
23.59522000000004
23.59522000000004
23.59522000000004
23.59522000000004
23.59522000000004
23.59522000000004
23.59522000000004
23.59522000000004
23.59522000000004
23.59522000000004
23.59522000000004
23.59522000000004
23.59522000000004
23.59522000000004
23.59522000000004
23.59522000000004
23.59522000000004
23.59522000000004
23.59522000000004
23.59522000000004
23.59522000000004
23.59522000000004
23.59522000000004
23.59522000000004
23.59522000000004
23.59522000000004
23.59522000000004
23.59522000000004
23.59522000000004
23.59522000000004
23.59522000000004
23.59522000000004
23.59522000000004
23.59522000000004
23.59522000000004
23.59522000000004
23.59522000000004
23.59522000000004
23.59522000000004
23.59522000000004
23.59522000000004
23.59522000000004
23.59522000000004
23.59522000000004
23.59522000000004
23.59522000000004
23.59522000000004
23.59522000000004
23.59522000000004
23.59522000000004
23.59522000000004
23.59522000000004
23.59522000000004
23.59522000000004
23.59522000000004
23.59522000000004
23.59522000000004
23.59522000000004
23.59522000000004
23.59522000000004
23.59522000000004
23.59522000000004
23.59522000000004
23.59522000000004
23.59522000000004
23.59522000000004
23.59522000000004
23.59522000000004
23.59522000000004
23.59522000000004
23.59522000000004
23.59522000000004
23.59522000000004
23.59522000000004
23.59522000000004
23.59522000000004
23.59522000000004
23.59522000000004
23.59522000000004
23.59522000000004
23.59522000000004
23.59522000000004
23.59522000000004
23.59522000000004
23.59522000000004
23.59522000000004
23.59522000000004
23.59522000000004
23.59522000000004
23.59522000000004
23.59522000000004
23.59522000000004
23.59522000000004
23.59522000000004
23.59522000000004
23.59522000000004
23.59522000000004
23.59522000000004
23.59522000000004
23.59522000000004
23.59522000000004
23.59522000000004
23.59522000000004
23.59522000000004
23.59522000000004
23.59522000000004
23.59522000000004
23.59522000000004
23.59522000000004
23.59522000000004
23.59522000000004
23.59522000000004
23.59522000000004
23.59522000000004
23.637720000000037
23.187620000000045
23.187620000000045
23.187620000000045
23.081520000000044
23.788720000000033
23.622620000000033
23.360220000000037
23.158480000000036
23.200620000000036
22.815020000000032
23.204620000000038
23.035100000000032
22.298820000000035
22.690920000000034
23.64772000000004
22.441520000000033
23.41752000000003
22.538220000000035
21.650620000000032
21.650620000000032
22.96770000000003
22.931120000000035
21.646420000000024
22.466620000000034
21.297120000000024
22.504120000000036
22.09502000000003
20.62642000000002
17.460819999999988
16.043119999999977
14.746719999999975
12.348919999999982
7.559620000000004
4.146220000000003
6.369720000000004
5.083120000000003
6.155320000000004
5.076720000000003
2.1386000000000003
2.6019000000000005
2.0457
22.15772000000003
22.73050000000003
21.123800000000028
23.542220000000032
20.549600000000023
