11.086699999999986
10.059799999999994
9.517239999999997
9.517239999999997
9.525699999999997
9.20882
9.20882
9.419699999999997
9.419699999999997
9.419699999999997
9.498599999999994
9.498599999999994
9.07924
8.652620000000002
9.04654
8.77392
7.952300000000005
8.606000000000003
8.9231
9.29722
9.2197
7.734200000000006
7.797100000000006
7.656000000000005
7.656000000000005
8.323100000000004
8.323100000000004
8.323100000000004
8.323100000000004
10.524139999999994
7.312900000000006
7.312900000000006
8.9168
8.174100000000003
8.93792
8.264100000000004
7.547420000000005
8.741020000000002
9.384099999999997
7.760620000000006
7.760620000000006
7.760620000000006
7.760620000000006
7.760620000000006
7.888220000000006
7.888220000000006
7.596920000000005
8.278400000000005
10.870299999999988
7.404020000000005
7.8502400000000065
7.541820000000006
7.541820000000006
8.084000000000005
7.967100000000006
7.967100000000006
7.935740000000006
9.013140000000002
7.327820000000006
8.444000000000003
6.632700000000005
8.158600000000005
7.206820000000005
7.7740400000000065
7.247800000000006
7.888300000000005
7.888300000000005
7.468220000000005
7.670520000000005
8.404400000000003
8.404400000000003
7.379540000000006
7.752700000000006
7.752700000000006
7.859540000000007
7.130700000000006
8.296900000000004
8.296900000000004
8.296900000000004
6.658000000000004
7.885500000000006
8.397670000000002
7.628600000000005
8.614700000000003
6.276840000000004
8.554920000000003
7.842500000000006
8.423320000000002
6.292000000000006
7.001520000000005
7.847740000000007
7.9073200000000075
8.563320000000003
7.139800000000006
7.988700000000007
7.988700000000007
8.327440000000005
7.448220000000007
7.051000000000005
7.578300000000005
7.842140000000008
6.530820000000006
6.530820000000006
9.02684
9.02684
7.4219400000000055
7.642300000000005
7.155620000000004
6.353440000000004
6.353440000000004
7.744400000000005
7.653340000000007
7.653340000000007
8.761700000000001
6.607420000000005
7.848200000000006
5.0206000000000035
5.0206000000000035
5.0206000000000035
7.028300000000006
7.754600000000007
6.928000000000005
7.013500000000006
7.906600000000005
6.9253200000000055
6.4573000000000045
7.358300000000006
7.358300000000006
7.358300000000006
7.358300000000006
7.595900000000006
7.712100000000007
6.688800000000005
7.535800000000006
6.823300000000005
7.5456000000000065
7.5456000000000065
7.120600000000005
7.120600000000005
7.120600000000005
8.718420000000002
7.443800000000007
7.0941000000000045
7.0941000000000045
7.0941000000000045
8.658500000000002
7.756200000000006
5.9684200000000045
5.9684200000000045
8.8587
7.6565000000000065
6.989400000000005
7.383900000000005
7.229000000000005
7.229000000000005
7.229000000000005
5.954320000000004
6.144200000000004
6.144200000000004
6.144200000000004
6.950300000000006
8.9882
7.694440000000006
7.694440000000006
6.798040000000006
7.031620000000006
8.544240000000004
6.564400000000005
6.564400000000005
6.564400000000005
6.067200000000004
7.603100000000006
7.603100000000006
7.004420000000004
5.880420000000004
6.721900000000005
5.8922200000000045
5.8922200000000045
5.8922200000000045
7.618240000000006
5.813220000000003
5.813220000000003
5.813220000000003
5.813220000000003
6.566400000000004
6.566400000000004
6.560200000000005
5.997600000000005
5.997600000000005
7.130000000000006
9.210399999999998
7.0639000000000065
7.0639000000000065
7.0639000000000065
7.0639000000000065
7.0639000000000065
6.643000000000004
8.974000000000002
7.738400000000006
7.122600000000006
5.138800000000004
5.138800000000004
6.8445000000000045
6.8445000000000045
6.8445000000000045
6.435320000000005
9.303799999999999
4.868200000000004
6.004000000000005
6.9836000000000045
7.431400000000007
6.499900000000004
5.215400000000004
7.428220000000007
6.322020000000005
7.481000000000004
6.715020000000005
7.171600000000005
4.944400000000004
4.944400000000004
4.944400000000004
4.944400000000004
6.4271000000000065
5.277900000000004
8.124700000000006
7.593300000000006
6.013600000000004
6.715200000000004
6.162220000000005
5.377620000000005
8.013040000000005
6.507700000000006
6.507700000000006
6.757300000000004
6.492920000000004
5.665200000000004
5.665200000000004
5.665200000000004
6.250400000000005
6.288300000000005
5.849800000000004
7.194720000000005
7.017700000000006
4.975100000000004
5.069200000000004
5.069200000000004
8.529320000000002
6.498000000000005
6.498000000000005
5.872500000000005
5.874820000000005
6.593200000000007
6.593200000000007
8.715220000000004
7.673900000000006
7.733520000000007
6.3738000000000055
7.198420000000005
6.848600000000005
7.6146000000000065
6.8342200000000055
7.752540000000008
6.458900000000006
7.472400000000007
7.5761000000000065
6.552700000000004
5.772120000000005
6.458900000000006
6.055300000000005
5.6815200000000035
6.170500000000005
5.047440000000004
7.759920000000006
7.357000000000005
7.7481200000000054
5.806600000000005
7.353800000000005
4.430600000000003
4.430600000000003
4.430600000000003
5.483400000000003
6.535400000000005
6.218600000000004
5.845800000000004
6.525800000000006
7.388000000000006
5.317300000000003
7.368600000000006
7.3795000000000055
8.192440000000005
7.009500000000005
5.720520000000005
7.0347200000000045
6.346620000000005
4.487200000000002
7.125700000000006
7.258400000000005
5.777320000000004
6.916200000000004
6.4550200000000055
6.478400000000005
5.5255000000000045
6.931600000000006
6.782500000000005
7.086800000000006
6.827900000000007
4.913820000000004
7.624200000000006
5.009020000000004
5.811620000000005
5.557300000000004
6.117720000000004
5.665200000000004
5.920820000000004
5.408600000000004
6.289300000000006
8.430270000000002
4.942900000000003
7.3598400000000055
7.498520000000006
7.478500000000006
4.146220000000003
3.3340000000000014
6.618600000000005
7.563500000000005
6.848400000000007
6.624000000000007
5.593200000000003
6.535600000000005
6.534800000000005
4.4642000000000035
5.1090000000000035
7.497120000000008
5.792900000000004
4.316420000000003
6.517000000000006
7.176700000000006
5.035200000000004
5.501800000000005
6.885320000000005
6.260600000000005
5.032800000000004
6.717400000000005
7.018300000000004
7.117500000000006
6.572400000000005
6.158200000000005
6.131300000000004
7.295500000000006
5.762100000000005
4.561500000000002
4.476600000000003
6.446100000000004
4.906000000000003
6.079520000000005
6.952800000000005
5.816800000000004
4.786800000000004
6.423600000000005
5.695620000000004
4.454500000000004
6.117100000000005
6.926500000000006
6.149300000000004
6.010620000000004
6.488500000000006
7.103900000000006
6.5583000000000045
6.0358000000000045
6.532500000000005
6.382900000000006
6.713900000000005
3.8815000000000026
4.355400000000003
6.583300000000006
4.347420000000003
6.611800000000006
6.611800000000006
5.744580000000004
6.231200000000006
6.464500000000004
4.342400000000003
4.342400000000003
5.822220000000004
6.722980000000005
5.744580000000004
5.492500000000004
5.122620000000005
5.3582000000000045
5.292820000000005
4.9116000000000035
3.107800000000001
6.639600000000005
3.5984000000000025
5.510500000000004
1.8256999999999999
6.859820000000005
3.4895000000000023
6.193200000000005
2.4085
5.4330200000000035
4.296100000000003
4.204700000000003
5.839900000000004
4.295300000000003
4.593620000000004
5.232000000000003
6.287100000000005
4.222500000000003
6.412900000000003
4.472900000000004
3.701100000000002
4.544780000000004
6.388700000000006
1.7852000000000001
4.702500000000003
1.70062
3.362700000000003
7.364820000000007
2.1163999999999996
2.971300000000001
6.137200000000005
5.798700000000005
2.922200000000001
2.8686000000000007
2.4253000000000005
2.6632000000000007
3.063220000000002
3.818100000000002
1.5908
4.859200000000003
4.800300000000004
1.9688999999999999
5.394220000000004
9.624519999999997
2.396020000000001
2.396020000000001
1.1124
3.674820000000002
3.438180000000002
2.1386000000000003
2.3047000000000004
0.9758
2.6019000000000005
6.059100000000004
8.304320000000004
1.7226
1.1515
1.5025
6.994000000000007
2.6385000000000014
5.940720000000004
1.1664
1.532
1.3584
-0.0943
0.37129999999999996
1.0994
1.5065
0.5857
1.5413
1.5413
6.919320000000006
6.191500000000006
0.9503
6.431900000000006
7.072520000000005
0.5601999999999999
9.045699999999998
3.4091000000000014
7.1608200000000055
-0.8247
0.6361
0.6361
4.605400000000003
5.794000000000005
6.134120000000005
5.044120000000004
3.849400000000003
4.717900000000004
5.596400000000004
6.008100000000005
4.317400000000003
8.000700000000005
8.873899999999999
5.652920000000004
10.061319999999995
7.493720000000008
4.068600000000003
4.314600000000003
6.367100000000006
7.999400000000007
7.453720000000005
6.749100000000005
8.052320000000007
7.303620000000006
5.524300000000004
5.704820000000005
7.242100000000005
6.686920000000005
