[0.6152588]
[0.58155704]
[0.5888086]
[0.585082]
[0.57051754]
[0.57051754]
[0.57051754]
[0.57051754]
[0.57051754]
[0.57051754]
[0.57051754]
[0.57051754]
[0.57051754]
[0.57051754]
[0.57051754]
[0.57051754]
[0.57051754]
[0.57051754]
[0.57051754]
[0.57051754]
[0.57051754]
[0.57051754]
[0.57051754]
[0.57051754]
[0.57051754]
[0.5875082]
[0.56243575]
[0.56504214]
[0.53123385]
[0.5604221]
[0.5604221]
[0.5604221]
[0.5604221]
[0.56697667]
[0.57497126]
[0.5741121]
[0.5741121]
[0.5741121]
[0.5741121]
[0.5741121]
[0.5741121]
[0.5327866]
[0.5327866]
[0.5327866]
[0.5327866]
[0.5327866]
[0.5327866]
[0.5327866]
[0.5327866]
[0.5327866]
[0.5327866]
[0.5327866]
[0.5327866]
[0.5327866]
[0.5327866]
[0.5327866]
[0.5327866]
[0.56785953]
[0.55120176]
[0.534604]
[0.52634394]
[0.52634394]
[0.51547617]
[0.5471454]
[0.5471454]
[0.5471454]
[0.5370437]
[0.57155144]
[0.57155144]
[0.57155144]
[0.572808]
[0.5148551]
[0.49094355]
[0.5296485]
[0.5331573]
[0.51071495]
[0.52783066]
[0.48691136]
[0.5239832]
[0.5011606]
[0.4882306]
[0.4882306]
[0.4882306]
[0.4882306]
[0.47540766]
[0.5286293]
[0.44722018]
[0.5438943]
[0.48257983]
[0.48257983]
[0.48257983]
[0.4755042]
[0.51668715]
[0.45668772]
[0.44875175]
[0.44875175]
[0.4703324]
[0.4267495]
[0.5415017]
[0.4861587]
[0.4678805]
[0.46924698]
[0.41516137]
[0.41516137]
[0.4235502]
[0.4580244]
[0.41616914]
[0.4525041]
[0.42777613]
[0.50469905]
[0.50469905]
[0.44144]
[0.44144]
[0.44144]
[0.37569258]
[0.44866955]
[0.45839643]
[0.42306077]
[0.42306077]
[0.4505873]
[0.47603577]
[0.44572842]
[0.42605925]
[0.38461208]
[0.36822692]
[0.36822692]
[0.36822692]
[0.36822692]
[0.36822692]
[0.36822692]
[0.36822692]
[0.36822692]
[0.36822692]
[0.36822692]
[0.36822692]
[0.36822692]
[0.36822692]
[0.36822692]
[0.36822692]
[0.36822692]
[0.36822692]
[0.3193225]
[0.4224363]
[0.4229546]
[0.40998942]
[0.4208229]
[0.4208229]
[0.4208229]
[0.4208229]
[0.4208229]
[0.4208229]
[0.4208229]
[0.4208229]
[0.4208229]
[0.4208229]
[0.4208229]
[0.4208229]
[0.42565632]
[0.37608793]
[0.37608793]
[0.37608793]
[0.37608793]
[0.37608793]
[0.37608793]
[0.37608793]
[0.37608793]
[0.37608793]
[0.37608793]
[0.37608793]
[0.37608793]
[0.37608793]
[0.37608793]
[0.37608793]
[0.37608793]
[0.37608793]
[0.37608793]
[0.37608793]
[0.37608793]
[0.37608793]
[0.37608793]
[0.37608793]
[0.37608793]
[0.37608793]
[0.37608793]
[0.37608793]
[0.37608793]
[0.37608793]
[0.37608793]
[0.37608793]
[0.37608793]
[0.37608793]
[0.37608793]
[0.37608793]
[0.37608793]
[0.37608793]
[0.37608793]
[0.37608793]
[0.37608793]
[0.37608793]
[0.37608793]
[0.37608793]
[0.37608793]
[0.37608793]
[0.37608793]
[0.37608793]
[0.37608793]
[0.37608793]
[0.37608793]
[0.37608793]
[0.37608793]
[0.3927487]
[0.3927487]
[0.3927487]
[0.3927487]
[0.3927487]
[0.41057652]
[0.41057652]
[0.41057652]
[0.36369488]
[0.37207937]
[0.37907502]
[0.3581645]
[0.3581645]
[0.3581645]
[0.4279519]
[0.4279519]
[0.4279519]
[0.4279519]
[0.4279519]
[0.4279519]
[0.4279519]
[0.376022]
[0.40825507]
[0.40285966]
[0.40285966]
[0.4380585]
[0.3774544]
[0.3774544]
[0.3774544]
[0.3774544]
[0.3774544]
[0.37376794]
[0.32397148]
[0.41244736]
[0.31121835]
[0.37575606]
[0.33505508]
[0.33505508]
[0.33505508]
[0.33505508]
[0.42272696]
[0.42272696]
[0.42272696]
[0.3717238]
[0.38319713]
[0.31969154]
[0.32092127]
[0.3083524]
[0.3083524]
[0.355867]
[0.355867]
[0.355867]
[0.355867]
[0.40493152]
[0.35423094]
[0.35423094]
[0.35423094]
[0.35423094]
[0.35423094]
[0.35423094]
[0.35423094]
[0.35423094]
[0.35423094]
[0.35423094]
[0.35423094]
[0.35423094]
[0.35423094]
[0.35423094]
[0.35423094]
[0.35423094]
[0.35423094]
[0.35423094]
[0.35423094]
[0.35423094]
[0.35423094]
[0.35423094]
[0.35423094]
[0.35423094]
[0.35423094]
[0.35423094]
[0.35423094]
[0.32339495]
[0.32339495]
[0.32551712]
[0.37793088]
[0.35684562]
[0.35240334]
[0.3246635]
[0.33732525]
[0.33732525]
[0.3665874]
[0.31276813]
[0.34318516]
[0.31243154]
[0.3428992]
[0.2833519]
[0.3998658]
[0.31310877]
[0.31800884]
[0.24256769]
[0.3217093]
[0.3163984]
[0.3163984]
[0.29940575]
[0.31661633]
[0.27660847]
[0.30321205]
[0.30321205]
[0.30321205]
[0.30321205]
[0.30321205]
[0.30321205]
[0.2578181]
[0.2578181]
[0.2578181]
[0.32417342]
[0.32417342]
[0.32417342]
[0.32417342]
[0.32417342]
[0.32417342]
[0.32417342]
[0.28909582]
[0.2610988]
[0.2610988]
[0.2610988]
[0.26069513]
[0.28305775]
[0.35673907]
[0.29720324]
[0.3484535]
[0.3484535]
[0.3484535]
[0.3484535]
[0.3484535]
[0.3484535]
[0.3484535]
[0.3484535]
[0.3484535]
[0.3484535]
[0.3484535]
[0.3484535]
[0.3484535]
[0.3484535]
[0.3484535]
[0.3484535]
[0.29866207]
[0.29866207]
[0.33204457]
[0.29999435]
[0.261792]
[0.28622705]
[0.30568972]
[0.31275976]
[0.24162006]
[0.23998483]
[0.284524]
[0.284524]
[0.284524]
[0.25600234]
[0.34414452]
[0.30194774]
[0.24434781]
[0.290068]
[0.290068]
[0.290068]
[0.290068]
[0.290068]
[0.31649864]
[0.31649864]
[0.31649864]
[0.31649864]
[0.31649864]
[0.24502078]
[0.266671]
[0.2731753]
[0.33227223]
[0.26325336]
[0.290488]
[0.32835045]
[0.30942005]
[0.28470758]
[0.2458018]
[0.22347239]
[0.30302483]
[0.31364632]
[0.31364632]
[0.28182623]
[0.2454472]
[0.2852135]
[0.28533235]
[0.2539817]
[0.25322154]
[0.24376087]
[0.25022882]
[0.2989661]
[0.22537032]
[0.24679357]
[0.24679357]
[0.24638225]
[0.28720558]
[0.26373076]
[0.26373076]
[0.23108563]
[0.19681884]
[0.26548266]
[0.21939601]
[0.2731116]
[0.21350743]
[0.23615152]
[0.23615152]
[0.31880555]
[0.2200661]
[0.2365734]
[0.2717912]
[0.41023377]
[0.2717912]
[0.2717912]
[0.2717912]
[0.28263244]
[0.24635388]
[0.24635388]
[0.20602736]
[0.24658243]
[0.24658243]
[0.24658243]
[0.13538559]
[0.24270247]
[0.17744891]
[0.18007973]
[0.19703762]
[0.23219427]
[0.19002073]
[0.20271732]
[0.1312552]
[0.18044414]
[0.24768709]
[0.14612502]
[0.1930505]
[0.20697246]
[0.17133729]
[0.23408246]
[0.23408246]
[0.23408246]
[0.23408246]
[0.23408246]
[0.23408246]
[0.23408246]
[0.18060979]
[0.14492151]
[0.20472103]
[0.19371974]
[0.19898061]
[0.15145373]
[0.15602742]
[0.15697592]
[0.18656628]
[0.16467807]
[0.14099775]
[0.16345495]
[0.15424256]
[0.20259535]
[0.150827]
[0.27139625]
[0.09808613]
[0.10717732]
[0.12227433]
[0.12227433]
[0.12227433]
[0.12227433]
[0.12227433]
[0.1414809]
[0.20182917]
[0.09645959]
[0.09645959]
[0.09979989]
[0.09979989]
[0.09759798]
[0.10377015]
[0.10315828]
[0.1013869]
[0.20158988]
[0.20158988]
[0.16185088]
[0.14644676]
[0.25221846]
[0.19795825]
[0.18616243]
[0.18432252]
[0.3257356]
