5.0549000000000035
3.662020000000002
3.265600000000002
3.277400000000002
3.277400000000002
3.585820000000002
3.585820000000002
3.353600000000001
3.353600000000001
3.353600000000001
3.353600000000001
3.3622000000000014
3.707200000000003
3.0592000000000015
3.0592000000000015
2.839800000000001
3.148220000000002
3.148220000000002
2.9475200000000017
3.482800000000002
4.088420000000003
2.2490000000000006
2.2490000000000006
2.2490000000000006
2.2490000000000006
2.2490000000000006
2.2490000000000006
2.2490000000000006
2.30344
2.30344
2.30344
2.30344
2.30344
2.30344
2.30344
2.30344
2.30344
2.30344
2.30344
2.30344
2.30344
2.30344
2.30344
2.30344
3.4182200000000025
3.4182200000000025
2.5574200000000005
2.900520000000001
2.0036199999999997
2.8638000000000012
1.99502
1.99502
1.99502
1.99502
1.99502
1.99502
1.99502
1.99502
1.99502
1.99502
1.99502
1.99502
1.99502
1.99502
1.99502
1.99502
1.99502
1.99502
1.99502
1.99502
1.99502
1.99502
1.99502
1.99502
1.99502
1.99502
1.99502
1.99502
1.99502
1.99502
1.99502
1.99502
1.99502
1.99502
1.99502
1.99502
1.99502
1.99502
1.99502
1.99502
1.99502
1.99502
1.99502
1.99502
1.99502
1.99502
1.99502
1.99502
1.99502
1.99502
1.99502
1.99502
1.99502
1.99502
1.99502
1.99502
1.99502
1.99502
1.99502
1.99502
1.99502
1.99502
1.99502
1.99502
2.1341200000000002
2.1341200000000002
2.1341200000000002
1.6952
1.6952
1.6952
1.6952
1.8256999999999999
1.8256999999999999
1.8256999999999999
1.8256999999999999
1.8256999999999999
1.8256999999999999
2.1753
1.6866
1.6866
1.6866
1.6866
1.6866
1.6866
1.6866
1.6866
1.6866
1.6866
1.6866
1.6866
1.6866
1.6866
1.6866
1.6866
1.6866
1.6866
1.6866
1.6866
1.6866
1.6866
1.6866
1.6866
1.6866
1.6866
1.6866
1.6866
1.6866
1.6866
1.6866
1.6866
1.6866
1.6866
1.6866
1.6866
1.6866
1.6866
1.6866
1.6866
1.6866
1.6866
1.6866
1.6866
1.6866
1.6866
1.6866
1.6866
1.6866
1.6866
1.6866
1.6866
1.6866
2.03672
2.547600000000001
2.3296
2.1561000000000003
2.1561000000000003
2.639800000000001
1.7283
1.7283
1.7283
1.7283
1.7283
1.7283
1.406
2.4673200000000013
1.70062
1.70062
3.8442000000000016
1.1789
1.1789
1.3921999999999999
1.3921999999999999
1.3921999999999999
1.3921999999999999
1.3921999999999999
1.3921999999999999
3.0078000000000014
3.3339000000000016
1.57722
1.57722
1.57722
1.57722
1.5582799999999999
1.5582799999999999
1.48732
2.5377000000000014
1.4990999999999999
1.2688000000000001
1.2688000000000001
1.2688000000000001
1.2688000000000001
2.65749
2.392920000000001
3.410800000000002
1.9907
1.9907
3.3614000000000024
1.7435999999999998
1.6679000000000002
1.6679000000000002
1.9752999999999996
1.9752999999999996
2.812100000000001
1.59998
2.3414
1.99269
1.4163
1.7299
2.495920000000001
1.6808999999999998
3.741100000000002
3.741100000000002
3.6791000000000027
2.3677
1.1593
3.845200000000003
3.845200000000003
1.7265
2.5792200000000003
3.301420000000002
3.7646000000000033
2.8777800000000013
2.6728000000000014
0.7871999999999999
1.3364
1.3364
1.3364
2.5287000000000006
2.5287000000000006
2.5287000000000006
2.794900000000001
3.755100000000002
1.1124
1.1124
1.1124
1.1124
1.1124
1.1124
1.1124
1.1124
1.1124
2.2827
2.2827
2.2827
2.6948000000000008
2.6948000000000008
1.5025
1.5025
1.5025
1.5025
1.5025
1.5025
3.374500000000002
1.3364
1.8667
2.9844000000000017
2.5287000000000006
2.5287000000000006
2.5287000000000006
2.1386000000000003
2.1386000000000003
1.8926
1.8926
3.0050000000000017
2.1386000000000003
2.1386000000000003
2.1386000000000003
2.1386000000000003
2.1386000000000003
2.4488000000000003
2.6149000000000004
2.6149000000000004
2.4488000000000003
2.3047000000000004
2.3047000000000004
2.3047000000000004
2.5643200000000004
1.06749
1.5824
1.5824
1.8926
1.8926
1.8926
1.8926
2.8701000000000016
2.3804000000000007
2.0587
2.0587
1.5824
0.9462999999999999
0.9462999999999999
0.9462999999999999
1.0262
2.706900000000001
2.0587
1.3918000000000001
2.567400000000001
1.8926
0.8664
1.1923
1.1923
2.0396
2.562200000000001
1.7997
1.8667
1.5025
1.5025
1.5025
1.5025
1.5025
1.5025
1.5025
1.5025
1.5025
1.5025
1.5025
1.5025
1.5025
1.5025
1.9429999999999998
1.9429999999999998
1.7393999999999998
1.8960000000000001
1.9145999999999999
1.9145999999999999
1.9145999999999999
1.7485
1.7485
1.7485
1.7485
1.7485
1.7485
2.4598000000000004
2.0457
2.0457
2.2118
2.2118
1.4766000000000001
2.5090000000000003
2.706900000000001
2.5287000000000006
1.0774000000000001
1.5633
2.820300000000001
1.6685999999999999
0.5845
1.5543
2.0491
1.3699
1.532
1.9903
1.1419
0.6595
1.3584
1.3584
1.3584
1.3584
0.5303
1.5733000000000001
3.2009000000000016
0.8943
0.37129999999999996
0.37129999999999996
1.6583999999999999
1.5733000000000001
0.4749
1.0589
1.69688
1.0349000000000002
1.0349000000000002
1.0994
1.0994
1.0994
1.0994
1.0865
1.0865
1.6556
1.6556
1.048
1.006
1.0171000000000001
2.551000000000001
0.9550000000000001
0.5857
0.5857
0.5857
1.0899
2.2138
2.2138
2.3638000000000003
1.3966
2.2138
2.076
1.5842999999999998
1.1164
2.1603000000000003
2.3357
2.2827
0.9851
1.5954000000000002
0.3941
0.8022
0.8022
0.8022
0.8022
0.9642999999999999
1.5025
0.25699999999999995
2.1932
1.3286799999999999
-0.13679999999999998
1.7277
2.812100000000001
2.812100000000001
2.812100000000001
2.0854999999999997
0.0040000000000000036
0.5466
1.7277
1.7277
-0.1849
-0.1849
0.5636
1.7708
1.45
1.45
1.8127
1.62208
1.6954
1.439
1.3800999999999999
1.0053999999999998
1.5093
1.28698
1.1692
1.7008999999999999
0.8007
1.2957999999999998
1.3376
2.5287000000000006
1.4225999999999999
0.5917000000000001
2.4488000000000003
2.4488000000000003
2.4488000000000003
2.0587
2.706900000000001
1.5633
1.5633
1.6002
1.6002
1.6002
1.1731999999999998
1.129
1.1832
0.6361
0.6361
0.6361
1.8401
1.8236999999999999
2.2146
3.2828000000000017
3.2828000000000017
1.45
2.8976000000000015
2.8976000000000015
1.8828
2.8389000000000006
2.4488000000000003
3.083400000000001
