4.773017435866455
4.857821526573436
4.857821526573436
4.857821526573436
4.857821526573436
4.857821526573436
4.857821526573436
4.857821526573436
4.857821526573436
4.857821526573436
4.857821526573436
4.857821526573436
4.857821526573436
4.857821526573436
4.857821526573436
4.857821526573436
4.857821526573436
4.857821526573436
4.857821526573436
4.857821526573436
4.857821526573436
4.857821526573436
4.857821526573436
4.857821526573436
4.857821526573436
4.857821526573436
4.857821526573436
4.857821526573436
4.857821526573436
4.857821526573436
4.857821526573436
4.857821526573436
4.857821526573436
4.857821526573436
4.857821526573436
4.857821526573436
4.857821526573436
4.857821526573436
4.857821526573436
4.857821526573436
4.857821526573436
4.857821526573436
4.857821526573436
4.857821526573436
4.857821526573436
4.857821526573436
4.857821526573436
4.857821526573436
4.857821526573436
4.857821526573436
4.857821526573436
4.857821526573436
4.857821526573436
4.857821526573436
4.857821526573436
4.857821526573436
4.857821526573436
4.857821526573436
4.857821526573436
4.857821526573436
4.857821526573436
4.857821526573436
4.857821526573436
4.857821526573436
4.857821526573436
4.857821526573436
4.857821526573436
4.857821526573436
4.857821526573436
4.857821526573436
4.857821526573436
4.857821526573436
4.857821526573436
4.857821526573436
4.857821526573436
4.857821526573436
4.857821526573436
4.857821526573436
4.857821526573436
4.857821526573436
4.857821526573436
4.857821526573436
4.857821526573436
4.857821526573436
4.857821526573436
4.857821526573436
4.857821526573436
4.857821526573436
4.857821526573436
4.857821526573436
4.857821526573436
4.857821526573436
4.857821526573436
4.857821526573436
4.857821526573436
4.857821526573436
4.857821526573436
4.857821526573436
4.857821526573436
4.857821526573436
4.857821526573436
4.857821526573436
4.857821526573436
4.857821526573436
4.857821526573436
4.857821526573436
4.857821526573436
4.857821526573436
4.857821526573436
4.857821526573436
4.857821526573436
4.857821526573436
4.857821526573436
4.857821526573436
4.857821526573436
4.857821526573436
4.857821526573436
4.857821526573436
4.857821526573436
4.857821526573436
4.857821526573436
4.857821526573436
4.857821526573436
4.857821526573436
4.857821526573436
4.857821526573436
4.857821526573436
4.857821526573436
4.857821526573436
4.857821526573436
4.857821526573436
4.857821526573436
4.857821526573436
4.857821526573436
4.857821526573436
4.857821526573436
4.857821526573436
4.857821526573436
4.857821526573436
4.857821526573436
4.857821526573436
4.857821526573436
4.857821526573436
4.857821526573436
4.857821526573436
4.857821526573436
4.857821526573436
4.857821526573436
4.857821526573436
4.857821526573436
4.857821526573436
4.857821526573436
4.857821526573436
4.857821526573436
4.857821526573436
4.857821526573436
4.857821526573436
4.857821526573436
4.857821526573436
4.857821526573436
4.857821526573436
4.857821526573436
4.857821526573436
4.857821526573436
4.857821526573436
4.857821526573436
4.857821526573436
4.857821526573436
4.857821526573436
4.857821526573436
4.857821526573436
4.857821526573436
4.857821526573436
4.857821526573436
4.857821526573436
4.857821526573436
4.857821526573436
4.857821526573436
4.857821526573436
4.857821526573436
4.857821526573436
4.857821526573436
4.857821526573436
4.857821526573436
4.857821526573436
4.857821526573436
4.857821526573436
4.857821526573436
4.857821526573436
4.857821526573436
4.857821526573436
4.857821526573436
4.857821526573436
4.857821526573436
4.857821526573436
4.857821526573436
4.857821526573436
4.664847134342686
4.664847134342686
4.664847134342686
4.664847134342686
4.664847134342686
4.664847134342686
4.664847134342686
4.664847134342686
4.664847134342686
4.664847134342686
4.664847134342686
4.664847134342686
4.664847134342686
4.664847134342686
4.889951806697936
4.889951806697936
4.788152962767299
4.788152962767299
4.788152962767299
4.788152962767299
4.788152962767299
4.788152962767299
4.788152962767299
4.788152962767299
4.788152962767299
4.788152962767299
4.788152962767299
4.788152962767299
4.788152962767299
4.788152962767299
4.788152962767299
4.788152962767299
4.788152962767299
4.788152962767299
4.788152962767299
4.788152962767299
4.788152962767299
4.788152962767299
4.788152962767299
4.788152962767299
4.788152962767299
4.788152962767299
4.788152962767299
4.788152962767299
4.788152962767299
4.788152962767299
4.788152962767299
4.788152962767299
4.788152962767299
4.788152962767299
4.788152962767299
4.788152962767299
4.788152962767299
4.788152962767299
4.788152962767299
4.788152962767299
4.788152962767299
4.788152962767299
4.788152962767299
4.788152962767299
4.788152962767299
4.788152962767299
4.788152962767299
4.788152962767299
4.788152962767299
4.788152962767299
4.788152962767299
4.788152962767299
4.788152962767299
4.788152962767299
4.8234006283964685
4.8234006283964685
4.8234006283964685
4.8234006283964685
4.8234006283964685
4.8234006283964685
4.8234006283964685
4.8234006283964685
4.8234006283964685
4.8234006283964685
4.840686613382044
4.840686613382044
4.840686613382044
4.840686613382044
4.840686613382044
4.840686613382044
4.840686613382044
4.840686613382044
4.840686613382044
4.840686613382044
4.840686613382044
4.840686613382044
4.840686613382044
4.840686613382044
4.840686613382044
4.840686613382044
4.840686613382044
4.840686613382044
4.840686613382044
4.840686613382044
4.840686613382044
4.840686613382044
4.840686613382044
4.840686613382044
4.840686613382044
4.840686613382044
4.840686613382044
4.840686613382044
4.840686613382044
4.840686613382044
4.840686613382044
4.840686613382044
4.840686613382044
4.840492111718252
4.840492111718252
4.85441482665038
4.85441482665038
4.85441482665038
4.85441482665038
4.85441482665038
4.857655641130018
4.857655641130018
4.656994002556612
4.7775442558960854
4.7775442558960854
4.865026328707717
4.865026328707717
4.865026328707717
4.865026328707717
4.865026328707717
4.865026328707717
4.865026328707717
4.865026328707717
4.865026328707717
4.865026328707717
4.865026328707717
4.865026328707717
4.865026328707717
4.865026328707717
4.865026328707717
4.865026328707717
4.865026328707717
4.865026328707717
4.865026328707717
4.865026328707717
4.865026328707717
4.865026328707717
4.865026328707717
4.865026328707717
4.865026328707717
4.865026328707717
4.865026328707717
4.865026328707717
4.742299887110397
4.742299887110397
4.742299887110397
4.742299887110397
4.762943611031968
4.791858718053094
4.791858718053094
4.791858718053094
4.791858718053094
4.791858718053094
4.791858718053094
4.791858718053094
4.791858718053094
4.791858718053094
4.791858718053094
4.791858718053094
4.791858718053094
4.791858718053094
4.791858718053094
4.791858718053094
4.791858718053094
4.791858718053094
4.791858718053094
4.791858718053094
4.791858718053094
4.791858718053094
4.791858718053094
4.791858718053094
4.791858718053094
4.791858718053094
4.791858718053094
4.791858718053094
4.791858718053094
4.791858718053094
4.791858718053094
4.791858718053094
4.791858718053094
4.791858718053094
4.791858718053094
4.791858718053094
4.791858718053094
4.791858718053094
4.799565324387936
4.799565324387936
4.595631496798896
4.595631496798896
4.720960709003321
4.720960709003321
4.720960709003321
4.720960709003321
4.720960709003321
4.720960709003321
4.720960709003321
4.720960709003321
4.840425777412114
4.756830392261239
4.762796093047424
4.80737699859608
4.77423952342941
4.77423952342941
4.77423952342941
4.77423952342941
4.77423952342941
4.77423952342941
4.859470301763501
4.960701651073213
4.788604596752835
4.587788313257143
4.587788313257143
4.936553518569879
4.763577541582507
4.928519347827326
4.928519347827326
4.959075328263076
4.918952493455048
4.65696167160611
4.453795670544501
4.895902176888304
4.70409516399773
5.08335187201258
5.08335187201258
5.029242121333897
4.857225210828398
5.144554218402224
3.89656769073655
3.3877442376948412
3.7908202284473296
3.7908202284473296
3.5345860223102257
3.5345860223102257
3.5345860223102257
3.5345860223102257
3.5345860223102257
3.5345860223102257
3.5345860223102257
3.5345860223102257
3.5345860223102257
3.5345860223102257
3.5345860223102257
3.7945567630841355
1.0
1.0
3.5344647832456904
4.678409548830047
4.678409548830047
4.678409548830047
4.678409548830047
4.678409548830047
1.426382456189046
1.426382456189046
1.426382456189046
1.426382456189046
1.426382456189046
1.426382456189046
1.2633697403702335
1.2633697403702335
1.2633697403702335
1.2633697403702335
1.2633697403702335
1.2633697403702335
3.7545708204590795
3.7545708204590795
3.7545708204590795
3.7545708204590795
2.875950201076753
2.875950201076753
2.875950201076753
2.875950201076753
2.875950201076753
2.6125062672901898
2.8206166730857483
3.14559394170195
2.908345590839417
2.908345590839417
2.908345590839417
2.908345590839417
2.908345590839417
3.8308869256326457
4.08999868818016
4.434506484139665
4.434506484139665
4.263621311513212
4.263621311513212
4.263621311513212
4.263621311513212
4.263621311513212
4.043614072795545
4.232632328503966
5.7708648598918115
5.007917179546596
