[0.00024882]
[0.00024882]
[0.00024882]
[0.00024882]
[0.00024882]
[0.00024882]
[0.00024882]
[0.00024882]
[0.00024882]
[0.00024882]
[0.00024882]
[0.00024882]
[0.00024882]
[0.00022605]
[0.00022603]
[0.00022603]
[0.00022603]
[0.00022603]
[0.00022603]
[0.00022603]
[0.00022603]
[0.00022603]
[0.00022603]
[0.00022603]
[0.00022603]
[0.00022603]
[0.00022603]
[0.00022603]
[0.00022603]
[0.00022603]
[0.00022603]
[0.00022603]
[0.00022603]
[0.00022603]
[0.00022603]
[0.00022603]
[0.00022603]
[0.00022603]
[0.00022603]
[0.00022603]
[0.00022603]
[0.00022603]
[0.00022603]
[0.00022603]
[0.00022603]
[0.00022603]
[0.00022578]
[0.00023045]
[0.00026842]
[0.00026842]
[0.00026842]
[0.00026842]
[0.00026842]
[0.00026842]
[0.00026842]
[0.00026842]
[0.00026842]
[0.00026842]
[0.00026842]
[0.00026842]
[0.00026842]
[0.00026842]
[0.00026842]
[0.00026842]
[0.00026842]
[0.00026842]
[0.00024439]
[0.00021221]
[0.00021221]
[0.00021221]
[0.00021221]
[0.00024402]
[0.00024402]
[0.00024402]
[0.00024402]
[0.00024402]
[0.00024402]
[0.00024402]
[0.00024402]
[0.00024402]
[0.00024402]
[0.00024402]
[0.00024402]
[0.00024402]
[0.00024402]
[0.00024402]
[0.00024402]
[0.00024402]
[0.00024402]
[0.00024402]
[0.00024402]
[0.00024402]
[0.00024402]
[0.00024402]
[0.00024402]
[0.00024402]
[0.00024402]
[0.00024402]
[0.00024402]
[0.00024402]
[0.00024402]
[0.00024402]
[0.00024402]
[0.00024402]
[0.00024402]
[0.00024402]
[0.00024402]
[0.00024402]
[0.00024402]
[0.00024402]
[0.00024402]
[0.00024402]
[0.00024402]
[0.00024402]
[0.00024402]
[0.00024402]
[0.00024402]
[0.00024402]
[0.00024402]
[0.00024402]
[0.00024402]
[0.00024402]
[0.00024402]
[0.00024402]
[0.00024402]
[0.00024402]
[0.00024402]
[0.00024402]
[0.00024402]
[0.00024402]
[0.00024402]
[0.00024402]
[0.00024402]
[0.00024402]
[0.00024402]
[0.00024402]
[0.00024402]
[0.00024402]
[0.00024402]
[0.00024402]
[0.00024402]
[0.00024402]
[0.00024402]
[0.00024402]
[0.00024402]
[0.00024402]
[0.00024402]
[0.00024402]
[0.00024402]
[0.00024402]
[0.00024402]
[0.00024402]
[0.00024402]
[0.00024402]
[0.00024402]
[0.00024402]
[0.00024402]
[0.00024402]
[0.00024402]
[0.00024402]
[0.00024402]
[0.00024402]
[0.00024402]
[0.00024402]
[0.00024402]
[0.00024402]
[0.00024402]
[0.00024402]
[0.00024402]
[0.00024402]
[0.00024402]
[0.00024402]
[0.00024402]
[0.00024402]
[0.00024402]
[0.00024402]
[0.00024402]
[0.00024402]
[0.00024402]
[0.00024402]
[0.00024402]
[0.00024402]
[0.00024402]
[0.00024402]
[0.00024402]
[0.00024402]
[0.00024402]
[0.00024402]
[0.00024402]
[0.00024402]
[0.00024402]
[0.00024402]
[0.00024402]
[0.00024402]
[0.00024402]
[0.00024402]
[0.00024402]
[0.00024402]
[0.00024402]
[0.00024402]
[0.00024402]
[0.00024402]
[0.00024402]
[0.00024402]
[0.00024402]
[0.00024402]
[0.00024402]
[0.00024402]
[0.00024402]
[0.00024402]
[0.00024402]
[0.00024402]
[0.00024402]
[0.00024402]
[0.00024402]
[0.00024402]
[0.00024402]
[0.00024402]
[0.00024402]
[0.00024402]
[0.00024402]
[0.00024402]
[0.00024402]
[0.00024402]
[0.00024402]
[0.00024402]
[0.00024402]
[0.00024402]
[0.00024402]
[0.00024402]
[0.00024402]
[0.00024402]
[0.00024402]
[0.00024402]
[0.00024402]
[0.00024402]
[0.00024402]
[0.00024402]
[0.00024402]
[0.00024402]
[0.00024402]
[0.00024402]
[0.00024402]
[0.00024402]
[0.00024402]
[0.00024402]
[0.00024402]
[0.00024402]
[0.00024402]
[0.00024402]
[0.00024402]
[0.00024402]
[0.00024402]
[0.00024402]
[0.00024402]
[0.00024402]
[0.00024402]
[0.00024402]
[0.00024402]
[0.00024402]
[0.00024402]
[0.00024402]
[0.00024402]
[0.00024402]
[0.00024402]
[0.00024402]
[0.00024402]
[0.00024402]
[0.00024402]
[0.00024402]
[0.00024402]
[0.00024402]
[0.00024402]
[0.00024402]
[0.00024402]
[0.00024402]
[0.00024402]
[0.00024402]
[0.00024402]
[0.00024402]
[0.00024402]
[0.00024402]
[0.00024402]
[0.00024402]
[0.00024402]
[0.00024402]
[0.00024402]
[0.00024402]
[0.00024402]
[0.00024402]
[0.00024402]
[0.00024402]
[0.00024402]
[0.00024402]
[0.00024402]
[0.00024402]
[0.00024402]
[0.00024402]
[0.00024402]
[0.00024402]
[0.00024402]
[0.00024402]
[0.00024402]
[0.00024402]
[0.00024402]
[0.00024402]
[0.00024402]
[0.00024402]
[0.00024402]
[0.00024402]
[0.00024402]
[0.00024402]
[0.00024402]
[0.00024402]
[0.00024402]
[0.00024402]
[0.00024402]
[0.00024402]
[0.00024402]
[0.00024402]
[0.00024402]
[0.00024402]
[0.00024402]
[0.00024402]
[0.00024402]
[0.00024402]
[0.00024402]
[0.00024402]
[0.00024402]
[0.00024402]
[0.00024402]
[0.00024402]
[0.00024402]
[0.00024402]
[0.00024402]
[0.00024402]
[0.00024402]
[0.00024402]
[0.00024402]
[0.00024402]
[0.00024402]
[0.00024402]
[0.00024402]
[0.00024402]
[0.00024402]
[0.00024402]
[0.00024402]
[0.00024402]
[0.00024402]
[0.00024402]
[0.00024402]
[0.00024402]
[0.00024402]
[0.00024402]
[0.00024402]
[0.00024402]
[0.00024402]
[0.00024402]
[0.00024402]
[0.00024402]
[0.00024402]
[0.00024402]
[0.00024402]
[0.00024402]
[0.00024402]
[0.00024402]
[0.00024402]
[0.00024402]
[0.00024402]
[0.00024402]
[0.00024402]
[0.00024402]
[0.00024402]
[0.00024402]
[0.00024402]
[0.00024402]
[0.00024402]
[0.00024402]
[0.00024402]
[0.00024402]
[0.00024402]
[0.00024402]
[0.00024402]
[0.00024402]
[0.00024402]
[0.00024402]
[0.00024402]
[0.00024402]
[0.00024402]
[0.00024402]
[0.00024402]
[0.00024402]
[0.00024402]
[0.00024402]
[0.00024402]
[0.00024402]
[0.00024402]
[0.00024402]
[0.00024402]
[0.00024402]
[0.00024402]
[0.00024402]
[0.00024402]
[0.00024402]
[0.00024402]
[0.00024402]
[0.00024402]
[0.00024402]
[0.00024402]
[0.00024402]
[0.00024402]
[0.00024402]
[0.00024402]
[0.00024402]
[0.00024402]
[0.00024402]
[0.00024402]
[0.00024402]
[0.00024402]
[0.00024402]
[0.00024402]
[0.00024402]
[0.00024402]
[0.00024402]
[0.00024402]
[0.00024402]
[0.00024402]
[0.00024402]
[0.00024402]
[0.00024402]
[0.00024402]
[0.00024402]
[0.00024402]
[0.00024402]
[0.00024402]
[0.00024402]
[0.00024402]
[0.00024402]
[0.00024402]
[0.00024402]
[0.00024402]
[0.00024402]
[0.00024402]
[0.00024402]
[0.00024402]
[0.00024402]
[0.00024402]
[0.00024402]
[0.00024402]
[0.00024402]
[0.00024402]
[0.00024402]
[0.00024402]
[0.00024402]
[0.00024402]
[0.00024402]
[0.00024402]
[0.00027079]
[0.00027079]
[0.000226]
[0.000226]
[0.00027689]
[0.00027689]
[0.00022234]
[0.00023111]
[0.00053711]
[0.00035147]
[0.00050263]
[0.00036168]
[0.00033723]
[0.00026891]
[0.0002916]
[0.00027644]
[0.0002185]
[0.00068059]
[0.00030699]
[0.000556]
[0.00067671]
[0.0003348]
[0.00134409]
[0.02032697]
[0.00472795]
[0.00268311]
[0.00517621]
[0.01047452]
[0.02301111]
[0.0005207]
[0.00369006]
[0.00087028]
[0.00080261]
[0.02954625]
[0.00268641]
[0.04654319]
[0.00124341]
[0.01133909]
[0.00234019]
[0.00227491]
[0.00175805]
[0.0007666]
[0.00056911]
