[0.00141634]
[0.00141634]
[0.00141634]
[0.00141634]
[0.00141634]
[0.00141634]
[0.00141634]
[0.00141634]
[0.00141639]
[0.00141639]
[0.00141639]
[0.00141639]
[0.00141639]
[0.00141639]
[0.00141639]
[0.00141639]
[0.00141639]
[0.00141639]
[0.00141639]
[0.00141639]
[0.00141639]
[0.00141639]
[0.00141639]
[0.00141639]
[0.00141639]
[0.00141639]
[0.00141639]
[0.00141639]
[0.00141639]
[0.00141639]
[0.00141639]
[0.00141639]
[0.00141639]
[0.00141639]
[0.00141639]
[0.00141639]
[0.00141639]
[0.00141639]
[0.00141639]
[0.00141639]
[0.00141639]
[0.00141639]
[0.00141639]
[0.00141639]
[0.00141639]
[0.00141639]
[0.00141639]
[0.00141639]
[0.00141639]
[0.00141639]
[0.00141639]
[0.00141639]
[0.00141639]
[0.00141639]
[0.00141639]
[0.00141639]
[0.00141639]
[0.00141639]
[0.00141639]
[0.00141639]
[0.00141639]
[0.00141639]
[0.00141639]
[0.00141639]
[0.00141639]
[0.00141639]
[0.00141639]
[0.00141639]
[0.00141639]
[0.00141639]
[0.00141639]
[0.00141639]
[0.00141639]
[0.00141639]
[0.00141639]
[0.00141644]
[0.00141644]
[0.00141644]
[0.00141644]
[0.00141644]
[0.00141644]
[0.00141644]
[0.00141644]
[0.00141644]
[0.00141639]
[0.00141634]
[0.00141637]
[0.00141637]
[0.00141637]
[0.00141637]
[0.00141637]
[0.00141637]
[0.00141637]
[0.00141637]
[0.00141637]
[0.00141637]
[0.00141637]
[0.00141637]
[0.00141649]
[0.00141649]
[0.00141649]
[0.00141649]
[0.00141649]
[0.00141649]
[0.00141649]
[0.00141649]
[0.00141649]
[0.00141649]
[0.00141649]
[0.00141649]
[0.00141649]
[0.00141649]
[0.00141649]
[0.00141649]
[0.00141649]
[0.00141649]
[0.00141649]
[0.00141649]
[0.00141649]
[0.00141649]
[0.00141649]
[0.00141649]
[0.00141649]
[0.00141649]
[0.00141649]
[0.00141649]
[0.00141649]
[0.00141649]
[0.00141649]
[0.00141649]
[0.00141649]
[0.00141649]
[0.00141649]
[0.00141649]
[0.00141649]
[0.00141649]
[0.00141649]
[0.00141649]
[0.00141649]
[0.00141649]
[0.00141649]
[0.00141649]
[0.00141649]
[0.00141649]
[0.00141649]
[0.00141649]
[0.00141649]
[0.00141649]
[0.00141649]
[0.00141649]
[0.00141649]
[0.00141649]
[0.00141649]
[0.00141649]
[0.00141643]
[0.00141643]
[0.00141643]
[0.00141643]
[0.00141643]
[0.00141643]
[0.00141643]
[0.00141643]
[0.00141643]
[0.00141643]
[0.00141643]
[0.00141643]
[0.00141643]
[0.00141643]
[0.00141643]
[0.00141643]
[0.00141643]
[0.00141643]
[0.00141643]
[0.00141643]
[0.00141643]
[0.00141643]
[0.00141643]
[0.00141643]
[0.00141643]
[0.00141643]
[0.00141643]
[0.00141643]
[0.00141643]
[0.00141643]
[0.00141643]
[0.00141643]
[0.00141643]
[0.00141643]
[0.00141643]
[0.00141643]
[0.00141643]
[0.00141643]
[0.00141643]
[0.00141643]
[0.00141643]
[0.00141643]
[0.00141643]
[0.00141643]
[0.00141643]
[0.00141643]
[0.00141643]
[0.00141643]
[0.00141643]
[0.00141643]
[0.00141643]
[0.00141643]
[0.00141643]
[0.00141643]
[0.00141643]
[0.00141643]
[0.00141643]
[0.00141643]
[0.00141643]
[0.00141643]
[0.00141643]
[0.00141643]
[0.00141643]
[0.00141643]
[0.00141643]
[0.00141643]
[0.00141643]
[0.00141643]
[0.00141643]
[0.00141643]
[0.00141643]
[0.00141643]
[0.00141643]
[0.00141643]
[0.00141643]
[0.00141643]
[0.00141643]
[0.00141643]
[0.00141643]
[0.00141643]
[0.00141643]
[0.00141643]
[0.00141643]
[0.00141643]
[0.00141643]
[0.00141643]
[0.00141643]
[0.00141643]
[0.00141643]
[0.00141643]
[0.00141643]
[0.00141643]
[0.00141643]
[0.00141643]
[0.00141643]
[0.00141643]
[0.00141643]
[0.00141643]
[0.00141643]
[0.00141643]
[0.00141643]
[0.00141643]
[0.00141643]
[0.00141643]
[0.00141643]
[0.00141643]
[0.00141643]
[0.00141643]
[0.00141643]
[0.00141643]
[0.00141643]
[0.00141643]
[0.00141643]
[0.00141643]
[0.00141643]
[0.00141643]
[0.00141643]
[0.00141643]
[0.00141643]
[0.00141643]
[0.00141643]
[0.00141643]
[0.00141643]
[0.00141643]
[0.00141643]
[0.00141643]
[0.00141643]
[0.00141643]
[0.00141643]
[0.00141643]
[0.00141643]
[0.00141643]
[0.00141643]
[0.00141643]
[0.00141643]
[0.00141643]
[0.00141643]
[0.00141643]
[0.00141643]
[0.00141643]
[0.00141643]
[0.00141643]
[0.00141643]
[0.00141643]
[0.00141643]
[0.00141643]
[0.00141643]
[0.00141643]
[0.0014166]
[0.00141644]
[0.00141644]
[0.00141647]
[0.00141644]
[0.00141651]
[0.00141642]
[0.00141643]
[0.00141657]
[0.00141637]
[0.00141643]
[0.00141651]
[0.00141643]
[0.0014163]
[0.00141645]
[0.00141645]
[0.00141656]
[0.00141649]
[0.00141649]
[0.00141649]
[0.00141649]
[0.00141643]
[0.00141649]
[0.00141643]
[0.00141643]
[0.00141661]
[0.00141643]
[0.0014164]
[0.00141649]
[0.00141661]
[0.00141657]
[0.00141645]
[0.00141649]
[0.00141639]
[0.00141652]
[0.00141649]
[0.00141649]
[0.00141649]
[0.00141644]
[0.00141657]
[0.00141657]
[0.00141657]
[0.00141657]
[0.00141657]
[0.00141657]
[0.00141644]
[0.00141644]
[0.0014166]
[0.0014166]
[0.0014165]
[0.00141649]
[0.00141643]
[0.00141657]
[0.00141643]
[0.0014165]
[0.0014165]
[0.0014165]
[0.00141661]
[0.00141646]
[0.00141676]
[0.00141651]
[0.00141643]
[0.00141643]
[0.00141643]
[0.00141644]
[0.00141725]
[0.00141677]
[0.00141677]
[0.00141647]
[0.00141644]
[0.00141678]
[0.00141664]
[0.00141676]
[0.00141658]
[0.00141652]
[0.00141675]
[0.00141877]
[0.00141794]
[0.00141842]
[0.00141796]
[0.00141783]
[0.00141763]
[0.00141805]
[0.00141797]
[0.00141794]
[0.00141755]
[0.00141789]
[0.00141856]
[0.00141901]
[0.00141889]
[0.00141799]
[0.00141926]
[0.00141843]
[0.00141958]
[0.00141842]
[0.00141842]
[0.00142056]
[0.00142049]
[0.00141994]
[0.00141832]
[0.00142047]
[0.00142145]
[0.00142051]
[0.00142045]
[0.00141966]
[0.0014203]
[0.00142185]
[0.00142129]
[0.00142528]
[0.00143586]
[0.0014265]
[0.00142355]
[0.00143003]
[0.0014291]
[0.0014291]
[0.00143062]
[0.00143062]
[0.00143062]
[0.00143062]
[0.00142632]
[0.00142632]
[0.00142595]
[0.00143246]
[0.00143829]
[0.0014318]
[0.00142802]
[0.00143109]
[0.00142993]
[0.00142993]
[0.00143189]
[0.00143189]
[0.00143189]
[0.00143143]
[0.00143574]
[0.00142592]
[0.00143293]
[0.00143661]
[0.00142825]
[0.00142825]
[0.00142493]
[0.0014435]
[0.00145069]
[0.00143129]
[0.00143353]
[0.00144689]
[0.00151307]
[0.00151307]
[0.00186452]
[0.00228263]
[0.00142922]
[0.00172732]
[0.00265904]
[0.00176029]
[0.00365668]
[0.00255803]
[0.00228958]
[0.00392981]
[0.00229838]
[0.00269415]
[0.00277851]
[0.00340733]
[0.0019601]
[0.00288018]
[0.00361317]
[0.00259418]
[0.00217638]
[0.00726295]
[0.00184034]
[0.00219936]
[0.00265994]
[0.00265994]
[0.00265994]
[0.0021425]
[0.00177968]
[0.00240738]
[0.00142173]
[0.00175728]
[0.00187383]
[0.00244103]
[0.00244103]
[0.00244103]
[0.00244103]
[0.0050289]
[0.00294398]
[0.002826]
[0.2498178]
[0.00142021]
[0.0014164]
[0.00146142]
[0.00146707]
[0.00144493]
[0.00145793]
[0.00144549]
[0.00143666]
[0.00143666]
[0.00143878]
[0.0014178]
[0.0014372]
