[0.00074426]
[0.00074426]
[0.00074426]
[0.00074426]
[0.00074426]
[0.00074426]
[0.00074426]
[0.00069581]
[0.00069581]
[0.00069581]
[0.00069581]
[0.00069581]
[0.00069581]
[0.00080401]
[0.00080401]
[0.00080401]
[0.00084435]
[0.00084435]
[0.00084435]
[0.00084435]
[0.00084435]
[0.00084435]
[0.00084435]
[0.00083873]
[0.00083873]
[0.00083873]
[0.00083873]
[0.00083873]
[0.00083873]
[0.00083873]
[0.00083873]
[0.00083873]
[0.00083873]
[0.00083873]
[0.00083873]
[0.00083873]
[0.00083873]
[0.00083873]
[0.00083873]
[0.00083873]
[0.00083873]
[0.00083873]
[0.00083873]
[0.00083873]
[0.00083873]
[0.00083873]
[0.00083873]
[0.00083873]
[0.00083873]
[0.00083873]
[0.00083873]
[0.00083873]
[0.00083873]
[0.00083873]
[0.00083873]
[0.00083873]
[0.00083873]
[0.00083873]
[0.00083873]
[0.00083873]
[0.00083873]
[0.00083873]
[0.00083873]
[0.00083873]
[0.00083873]
[0.00083873]
[0.00083873]
[0.00083873]
[0.00083873]
[0.00083873]
[0.00083873]
[0.00083873]
[0.00083873]
[0.00083873]
[0.00083873]
[0.00083873]
[0.00083873]
[0.00083873]
[0.00083873]
[0.00083873]
[0.00083873]
[0.00083873]
[0.00083873]
[0.00083873]
[0.00083873]
[0.00083873]
[0.00083873]
[0.00083873]
[0.00083873]
[0.00083873]
[0.00083873]
[0.00083873]
[0.00083873]
[0.00083873]
[0.00083873]
[0.00083873]
[0.00083873]
[0.00083873]
[0.00083873]
[0.00083873]
[0.00083873]
[0.00083873]
[0.00083873]
[0.00083873]
[0.00083873]
[0.00083873]
[0.00083873]
[0.00083873]
[0.00083873]
[0.00083873]
[0.00083873]
[0.00083873]
[0.00083873]
[0.00083873]
[0.00083873]
[0.00083873]
[0.00083873]
[0.00083873]
[0.00083873]
[0.00083873]
[0.00083873]
[0.00083873]
[0.00083873]
[0.00083873]
[0.00083873]
[0.00083873]
[0.00083873]
[0.00083873]
[0.00083873]
[0.00083873]
[0.00083873]
[0.00083873]
[0.00083873]
[0.00083873]
[0.00083873]
[0.00083873]
[0.00083873]
[0.00083873]
[0.00083873]
[0.00083873]
[0.00083873]
[0.00083873]
[0.00083873]
[0.00083873]
[0.00083873]
[0.00083873]
[0.00083873]
[0.00083873]
[0.00083873]
[0.00083873]
[0.00083873]
[0.00083873]
[0.00083873]
[0.00083873]
[0.00083873]
[0.00083873]
[0.00083873]
[0.00083873]
[0.00083873]
[0.00083873]
[0.00083873]
[0.00083873]
[0.00083873]
[0.00083873]
[0.00083873]
[0.00083873]
[0.00083873]
[0.00083873]
[0.00083873]
[0.00083873]
[0.00083873]
[0.00083873]
[0.00083873]
[0.00083873]
[0.00083873]
[0.00083873]
[0.00083873]
[0.00083873]
[0.00083873]
[0.00083873]
[0.00083873]
[0.00083873]
[0.00083873]
[0.00083873]
[0.00083873]
[0.00083873]
[0.00083873]
[0.00083873]
[0.00083873]
[0.00083873]
[0.00083873]
[0.00083873]
[0.00083873]
[0.00083873]
[0.00083873]
[0.00083873]
[0.00083873]
[0.00083873]
[0.00083873]
[0.00083873]
[0.00083873]
[0.00083873]
[0.00083873]
[0.00083873]
[0.00083873]
[0.00083873]
[0.00083873]
[0.00083873]
[0.00083873]
[0.00083873]
[0.00083873]
[0.00083873]
[0.00083873]
[0.00083873]
[0.00083873]
[0.00083873]
[0.00083873]
[0.00083873]
[0.00083873]
[0.00083873]
[0.00083873]
[0.00083873]
[0.00083873]
[0.00083873]
[0.00083873]
[0.00083873]
[0.00083873]
[0.00083873]
[0.00083873]
[0.00083873]
[0.00083873]
[0.00083873]
[0.00083873]
[0.00083873]
[0.00083873]
[0.00083873]
[0.00083873]
[0.00083873]
[0.00083873]
[0.00083873]
[0.00083873]
[0.00083873]
[0.00083873]
[0.00083873]
[0.00083873]
[0.00083873]
[0.00083873]
[0.00083873]
[0.00083873]
[0.00083873]
[0.00083873]
[0.00083873]
[0.00083873]
[0.00083873]
[0.00083873]
[0.00083873]
[0.00083873]
[0.00083873]
[0.00083873]
[0.00083873]
[0.00083873]
[0.00083873]
[0.00083873]
[0.00083873]
[0.00083873]
[0.00083873]
[0.00083873]
[0.00083873]
[0.00083873]
[0.00083873]
[0.00083873]
[0.00083873]
[0.00083873]
[0.00083873]
[0.00083873]
[0.00083873]
[0.00083873]
[0.00083873]
[0.00083873]
[0.00083873]
[0.00083873]
[0.00083873]
[0.00083873]
[0.00083873]
[0.00083873]
[0.00083873]
[0.00083873]
[0.00083873]
[0.00083873]
[0.00083873]
[0.00083873]
[0.00083873]
[0.00083873]
[0.00083873]
[0.00083873]
[0.00083873]
[0.00083873]
[0.00083873]
[0.00083873]
[0.00083873]
[0.00083873]
[0.00083873]
[0.00083873]
[0.00083873]
[0.00083873]
[0.00083873]
[0.00083873]
[0.00083873]
[0.00083873]
[0.00083873]
[0.00083873]
[0.00083873]
[0.00083873]
[0.00083873]
[0.00083873]
[0.00083873]
[0.00083873]
[0.00083873]
[0.00083873]
[0.00083873]
[0.00083873]
[0.00083873]
[0.00083873]
[0.00083873]
[0.00083873]
[0.00083873]
[0.00083873]
[0.00083873]
[0.00083873]
[0.00083873]
[0.00083873]
[0.00083873]
[0.00083873]
[0.00083873]
[0.00083873]
[0.00083873]
[0.00083873]
[0.00083873]
[0.00083873]
[0.00083873]
[0.00083873]
[0.00083873]
[0.00083873]
[0.00083873]
[0.00083873]
[0.00083873]
[0.00083873]
[0.00083873]
[0.00083873]
[0.00083873]
[0.00083873]
[0.00083873]
[0.00083873]
[0.00083873]
[0.00083873]
[0.00083873]
[0.00083873]
[0.00083873]
[0.00083873]
[0.00083873]
[0.00083873]
[0.00083873]
[0.00083873]
[0.00083873]
[0.00083873]
[0.00083873]
[0.00083873]
[0.00083873]
[0.00083873]
[0.00083873]
[0.00083873]
[0.00083873]
[0.00083873]
[0.00083873]
[0.00083873]
[0.00083873]
[0.00083873]
[0.00083873]
[0.00083873]
[0.00083873]
[0.00083873]
[0.00083873]
[0.00083873]
[0.00083873]
[0.00083873]
[0.00083873]
[0.00083873]
[0.00083873]
[0.00083873]
[0.00083873]
[0.00083873]
[0.00083873]
[0.00083873]
[0.00083873]
[0.00083456]
[0.00079381]
[0.0007901]
[0.00073497]
[0.00099921]
[0.00099921]
[0.00099921]
[0.00103485]
[0.00121146]
[0.00076834]
[0.000902]
[0.000902]
[0.000902]
[0.000902]
[0.000902]
[0.000902]
[0.000902]
[0.000902]
[0.000902]
[0.000902]
[0.000902]
[0.000902]
[0.000902]
[0.000902]
[0.000902]
[0.000902]
[0.000902]
[0.000902]
[0.000902]
[0.000902]
[0.000902]
[0.000902]
[0.000902]
[0.000902]
[0.000902]
[0.000902]
[0.000902]
[0.000902]
[0.000902]
[0.000902]
[0.000902]
[0.000902]
[0.000902]
[0.000902]
[0.000902]
[0.000902]
[0.000902]
[0.000902]
[0.000902]
[0.000902]
[0.000902]
[0.000902]
[0.000902]
[0.000902]
[0.000902]
[0.000902]
[0.000902]
[0.000902]
[0.000902]
[0.000902]
[0.000902]
[0.000902]
[0.000902]
[0.000902]
[0.000902]
[0.000902]
[0.000902]
[0.000902]
[0.000902]
[0.000902]
[0.00122898]
[0.00114446]
[0.00104864]
[0.00338469]
[0.00338469]
[0.00073304]
[0.00072287]
[0.00098152]
[0.00098152]
[0.00098152]
[0.00122037]
[0.00106326]
[0.00103625]
[0.00108445]
[0.00108445]
[0.00080431]
[0.00115167]
[0.00074082]
[0.00059802]
[0.0014081]
[0.00165429]
[0.00467657]
[0.00109053]
[0.03402966]
[0.03812623]
[0.07445186]
[0.00398822]
[0.15107012]
[0.0201616]
[0.05352396]
[0.42115906]
[0.25849086]
[0.0015386]
[0.0101838]
[0.08974499]
[0.00058432]
