[0.00766809]
[0.00766809]
[0.00765377]
[0.00765377]
[0.00765377]
[0.00765377]
[0.00765377]
[0.00765377]
[0.00765377]
[0.00765377]
[0.00765377]
[0.00765377]
[0.00765377]
[0.00765377]
[0.00765377]
[0.00765377]
[0.00765377]
[0.00765377]
[0.00765377]
[0.00765377]
[0.00765377]
[0.00765377]
[0.00765377]
[0.00765377]
[0.00765377]
[0.00765377]
[0.00765377]
[0.00765377]
[0.00765377]
[0.00765377]
[0.00765377]
[0.00765377]
[0.00765377]
[0.00765377]
[0.00765377]
[0.00765377]
[0.00765377]
[0.00768405]
[0.00768405]
[0.00768405]
[0.00768405]
[0.00768405]
[0.00768405]
[0.00768405]
[0.00768405]
[0.00768405]
[0.00767199]
[0.00767199]
[0.00767199]
[0.00767199]
[0.00767199]
[0.00767199]
[0.00767199]
[0.00767199]
[0.00767199]
[0.00767199]
[0.00767199]
[0.00767199]
[0.00767199]
[0.00767199]
[0.00767199]
[0.00767199]
[0.00767199]
[0.00771115]
[0.00771115]
[0.00771115]
[0.00771115]
[0.00771115]
[0.00771115]
[0.00771115]
[0.00771115]
[0.00771115]
[0.00771115]
[0.00771115]
[0.00771115]
[0.00771115]
[0.00771115]
[0.00771115]
[0.00771115]
[0.00771115]
[0.00771115]
[0.00771115]
[0.00771115]
[0.00771115]
[0.00771115]
[0.00771115]
[0.00771115]
[0.00771115]
[0.00771115]
[0.00771115]
[0.00771115]
[0.00771115]
[0.00771115]
[0.00771115]
[0.00771115]
[0.00771115]
[0.00771115]
[0.00771115]
[0.00771115]
[0.00771115]
[0.00771115]
[0.00771115]
[0.00771115]
[0.00771115]
[0.00771115]
[0.00771115]
[0.00771115]
[0.00771115]
[0.00771115]
[0.00771115]
[0.00771115]
[0.00771115]
[0.00771115]
[0.00771115]
[0.00771115]
[0.00771115]
[0.00771115]
[0.00771115]
[0.00771115]
[0.00771115]
[0.00771115]
[0.00771115]
[0.00771115]
[0.00771115]
[0.00771115]
[0.00771115]
[0.00771115]
[0.00771115]
[0.00771115]
[0.00771115]
[0.00771115]
[0.00771115]
[0.00771115]
[0.00771115]
[0.00771115]
[0.00771115]
[0.00771115]
[0.00771115]
[0.00771115]
[0.00771115]
[0.00771115]
[0.00771115]
[0.00771115]
[0.00771115]
[0.00771115]
[0.00771115]
[0.00771115]
[0.00771115]
[0.00771115]
[0.00771115]
[0.00771115]
[0.00771115]
[0.00771115]
[0.00771115]
[0.00771115]
[0.00771115]
[0.00771115]
[0.00771115]
[0.00771115]
[0.00771115]
[0.00771115]
[0.00771115]
[0.00771115]
[0.00771115]
[0.00771115]
[0.00771115]
[0.00771115]
[0.00771115]
[0.00771115]
[0.00771115]
[0.00771115]
[0.00771115]
[0.00771115]
[0.00771115]
[0.00771115]
[0.00771115]
[0.00771115]
[0.00771115]
[0.00771115]
[0.00771115]
[0.00771115]
[0.00771115]
[0.00771115]
[0.00771115]
[0.00771115]
[0.00771115]
[0.00771115]
[0.00771115]
[0.00771115]
[0.00771115]
[0.00771115]
[0.00771115]
[0.00771115]
[0.00771115]
[0.00771115]
[0.00771115]
[0.00771115]
[0.00771115]
[0.00771115]
[0.00771115]
[0.00771115]
[0.00771115]
[0.00771115]
[0.00771115]
[0.00771115]
[0.00771115]
[0.00771115]
[0.00771115]
[0.00771115]
[0.00771115]
[0.00771115]
[0.00771115]
[0.00771115]
[0.00771115]
[0.00771115]
[0.00771115]
[0.00771115]
[0.00771115]
[0.00771115]
[0.00771115]
[0.00771115]
[0.00771115]
[0.00771115]
[0.00767195]
[0.00767195]
[0.00767195]
[0.00767195]
[0.00767195]
[0.00767195]
[0.00767195]
[0.00767195]
[0.00767195]
[0.00767195]
[0.00767195]
[0.00767195]
[0.00767195]
[0.00765461]
[0.00765461]
[0.00765462]
[0.00765462]
[0.00765462]
[0.00765462]
[0.00765462]
[0.00765462]
[0.00768405]
[0.00768568]
[0.00767161]
[0.00767162]
[0.00765768]
[0.0077113]
[0.0077113]
[0.0077113]
[0.0077113]
[0.0077113]
[0.0077113]
[0.0077113]
[0.00770507]
[0.00767159]
[0.00775745]
[0.00775745]
[0.00771135]
[0.00771135]
[0.00771135]
[0.00771135]
[0.00771135]
[0.00771135]
[0.00771135]
[0.00767161]
[0.00767161]
[0.00767161]
[0.00776032]
[0.00776032]
[0.00767266]
[0.00764315]
[0.00770235]
[0.00764315]
[0.00764315]
[0.00775735]
[0.00775735]
[0.00775735]
[0.00775735]
[0.00775735]
[0.00775735]
[0.00767195]
[0.00765574]
[0.00765574]
[0.00775057]
[0.00767449]
[0.00768057]
[0.00768057]
[0.00765571]
[0.00773404]
[0.00769596]
[0.00769596]
[0.00769596]
[0.00774255]
[0.00782942]
[0.00772502]
[0.00771219]
[0.00771219]
[0.00771209]
[0.00771209]
[0.00766319]
[0.00775167]
[0.00776901]
[0.00767949]
[0.00776045]
[0.00786663]
[0.00786663]
[0.00786663]
[0.00775161]
[0.00786663]
[0.00786663]
[0.00770012]
[0.00775139]
[0.00775774]
[0.00783415]
[0.00776039]
[0.00776944]
[0.00775156]
[0.00776944]
[0.00783394]
[0.00783394]
[0.00783394]
[0.00783394]
[0.00783394]
[0.00783394]
[0.00783394]
[0.0077515]
[0.00767223]
[0.00771348]
[0.00772642]
[0.00793617]
[0.0077601]
[0.0077601]
[0.0077601]
[0.00771174]
[0.00771174]
[0.00803902]
[0.00784381]
[0.00782866]
[0.00771546]
[0.00775791]
[0.00765851]
[0.00769671]
[0.00795691]
[0.00768941]
[0.00799449]
[0.00776329]
[0.00771389]
[0.00778054]
[0.00778054]
[0.00767982]
[0.00776468]
[0.00764824]
[0.00775142]
[0.0077028]
[0.00773565]
[0.00770366]
[0.00768826]
[0.0076817]
[0.00779063]
[0.00778449]
[0.0077655]
[0.00775272]
[0.0077341]
[0.00777205]
[0.0076647]
[0.00769927]
[0.00769927]
[0.00774939]
[0.00779671]
[0.00806779]
[0.00828809]
[0.00773327]
[0.00774881]
[0.00779098]
[0.00777594]
[0.00778367]
[0.00774939]
[0.00776413]
[0.00776413]
[0.00778013]
[0.00774329]
[0.00783933]
[0.00783562]
[0.00780562]
[0.00784728]
[0.00784728]
[0.00784728]
[0.00784728]
[0.00807729]
[0.0078282]
[0.00799951]
[0.00799951]
[0.00799951]
[0.00799951]
[0.00816922]
[0.00792601]
[0.00812323]
[0.00788949]
[0.00804426]
[0.00804426]
[0.00799767]
[0.00814704]
[0.00811208]
[0.0081174]
[0.0081174]
[0.00817648]
[0.00801934]
[0.00812899]
[0.00779865]
[0.00806158]
[0.00836374]
[0.00836374]
[0.00846509]
[0.00806652]
[0.00833204]
[0.00828738]
[0.00873928]
[0.00840869]
[0.00793282]
[0.00845517]
[0.0078401]
[0.00787378]
[0.00787378]
[0.00787378]
[0.00835592]
[0.00793282]
[0.0080323]
[0.00805752]
[0.0079616]
[0.00783602]
[0.0090854]
[0.0098294]
[0.0081541]
[0.00892858]
[0.00889009]
[0.00850358]
[0.00800819]
[0.00790562]
[0.01479548]
[0.00793074]
[0.0080254]
[0.00866126]
[0.01428306]
[0.00802428]
[0.00843741]
[0.00813715]
[0.0082834]
[0.00781332]
[0.00779386]
[0.00775648]
[0.00787999]
[0.00794963]
[0.00792177]
[0.00799915]
[0.00811216]
[0.00798712]
[0.00828763]
[0.0083052]
[0.00783072]
[0.00761791]
[0.00756251]
[0.00754984]
[0.00754984]
[0.00754984]
[0.00754984]
[0.00754984]
[0.00754984]
[0.00754984]
[0.00754984]
[0.0078641]
[0.00754984]
[0.00776821]
[0.00776725]
[0.0075692]
[0.0075692]
[0.03062746]
[0.0079816]
[0.00775723]
[0.00831572]
[0.01883431]
[0.00809064]
[0.00770916]
[0.00777117]
[0.00777779]
[0.00770902]
[0.00807189]
[0.00779816]
[0.00770983]
[0.00770983]
[0.00769616]
[0.00767179]
[0.00767179]
[0.00767179]
[0.00765575]
[0.00765575]
[0.00763025]
[0.00762744]
