[0.00075668]
[0.00075668]
[0.00075668]
[0.00075668]
[0.00075668]
[0.00075668]
[0.00075668]
[0.00075668]
[0.00075668]
[0.00075668]
[0.00076112]
[0.00076112]
[0.00076112]
[0.00076112]
[0.00076112]
[0.00076112]
[0.00076112]
[0.00076112]
[0.00076112]
[0.00076112]
[0.00076112]
[0.00076112]
[0.00076112]
[0.00076112]
[0.00076112]
[0.00076112]
[0.00076112]
[0.00076112]
[0.00076112]
[0.00076112]
[0.00076112]
[0.00076112]
[0.00076112]
[0.00076112]
[0.00076112]
[0.00076112]
[0.00076112]
[0.00076112]
[0.00076112]
[0.00076112]
[0.00076112]
[0.00076112]
[0.00076112]
[0.00076112]
[0.00076112]
[0.00076112]
[0.00076112]
[0.00076112]
[0.00076112]
[0.00076112]
[0.00076112]
[0.00076112]
[0.00076112]
[0.00076112]
[0.00076112]
[0.00076112]
[0.00076112]
[0.00076112]
[0.00076112]
[0.00076112]
[0.00076112]
[0.00076112]
[0.00076112]
[0.00076112]
[0.00076112]
[0.00076112]
[0.00076112]
[0.00076112]
[0.00076112]
[0.00076112]
[0.00076112]
[0.00076112]
[0.00076112]
[0.00076112]
[0.00076112]
[0.00076112]
[0.00076112]
[0.00076112]
[0.00076112]
[0.00076112]
[0.00076112]
[0.00076112]
[0.00076112]
[0.00076112]
[0.00076112]
[0.00076112]
[0.00076112]
[0.00076112]
[0.00076112]
[0.00076112]
[0.00076112]
[0.00076112]
[0.00076112]
[0.00076112]
[0.00076112]
[0.00076112]
[0.00076112]
[0.00076112]
[0.00076112]
[0.00076112]
[0.00076112]
[0.00076112]
[0.00076112]
[0.00076112]
[0.00076112]
[0.00076112]
[0.00076112]
[0.00076112]
[0.00076112]
[0.00076112]
[0.00076112]
[0.00076112]
[0.00076112]
[0.00076112]
[0.00076112]
[0.00076112]
[0.00076112]
[0.00076112]
[0.00076112]
[0.00076112]
[0.00076112]
[0.00076112]
[0.00076112]
[0.00076112]
[0.00076112]
[0.00076112]
[0.00076112]
[0.00076112]
[0.00076112]
[0.00076112]
[0.00076112]
[0.00076112]
[0.00076112]
[0.00076112]
[0.00076112]
[0.00076112]
[0.00076112]
[0.00076112]
[0.00076112]
[0.00076112]
[0.00076112]
[0.00076112]
[0.00076112]
[0.00076112]
[0.00076112]
[0.00076112]
[0.00076112]
[0.00076112]
[0.00076112]
[0.00076112]
[0.00076112]
[0.00076112]
[0.00076112]
[0.00076112]
[0.00076112]
[0.00076112]
[0.00076112]
[0.00076112]
[0.00076112]
[0.00076112]
[0.00076112]
[0.00076112]
[0.00076112]
[0.00076112]
[0.00076112]
[0.00076112]
[0.00076112]
[0.00076112]
[0.00076112]
[0.00076112]
[0.00076112]
[0.00076112]
[0.00076112]
[0.00076112]
[0.00076112]
[0.00076112]
[0.00076112]
[0.00076112]
[0.00076112]
[0.00076112]
[0.00076112]
[0.00076112]
[0.00076112]
[0.00076112]
[0.00076112]
[0.00076112]
[0.00076112]
[0.00076112]
[0.00076112]
[0.00076112]
[0.00076112]
[0.00076112]
[0.00076112]
[0.00076112]
[0.00076112]
[0.00076112]
[0.00076112]
[0.00076112]
[0.00076112]
[0.00076112]
[0.00076112]
[0.00076112]
[0.00076112]
[0.00076112]
[0.00076112]
[0.00076112]
[0.00076112]
[0.00076112]
[0.00076112]
[0.00076112]
[0.00076112]
[0.00076112]
[0.00076112]
[0.00076112]
[0.00076112]
[0.00076112]
[0.00076112]
[0.00076112]
[0.00076112]
[0.00076112]
[0.00076112]
[0.00076112]
[0.00076112]
[0.00076112]
[0.00076112]
[0.00076112]
[0.00076112]
[0.00076112]
[0.00076112]
[0.00076112]
[0.00076112]
[0.00076112]
[0.00076112]
[0.00076112]
[0.00076112]
[0.00076112]
[0.00076112]
[0.00076112]
[0.00076112]
[0.00076112]
[0.00076112]
[0.00076112]
[0.00076112]
[0.00076112]
[0.00076112]
[0.00076112]
[0.00076112]
[0.00076112]
[0.00076112]
[0.00076112]
[0.00076112]
[0.00076112]
[0.00076112]
[0.00076112]
[0.00076112]
[0.00076112]
[0.00076112]
[0.00076112]
[0.00076112]
[0.00076112]
[0.00076112]
[0.00076112]
[0.00076112]
[0.00076112]
[0.00076112]
[0.00076112]
[0.00076112]
[0.00076112]
[0.00076112]
[0.00076112]
[0.00076112]
[0.00076112]
[0.00076112]
[0.00076112]
[0.00076112]
[0.00076112]
[0.00076112]
[0.00076112]
[0.00076112]
[0.00076112]
[0.00076112]
[0.00076112]
[0.00076112]
[0.00076112]
[0.00076112]
[0.00076112]
[0.00076112]
[0.00076112]
[0.00076112]
[0.00076112]
[0.00076112]
[0.00076112]
[0.00076112]
[0.00076112]
[0.00076112]
[0.00076112]
[0.00076112]
[0.00076112]
[0.00076112]
[0.00076112]
[0.00076112]
[0.00076112]
[0.00076112]
[0.00076112]
[0.00076112]
[0.00076112]
[0.00076112]
[0.00076112]
[0.00076112]
[0.00076112]
[0.00076112]
[0.00076112]
[0.00076112]
[0.00076112]
[0.00076112]
[0.00076112]
[0.00076112]
[0.00076112]
[0.00076112]
[0.00076112]
[0.00076112]
[0.00076112]
[0.00076112]
[0.00076112]
[0.00076112]
[0.00076112]
[0.00076112]
[0.00076112]
[0.00076112]
[0.00076112]
[0.00076112]
[0.00076112]
[0.00076112]
[0.00076112]
[0.00076112]
[0.00076112]
[0.00076112]
[0.00076112]
[0.00076112]
[0.00076112]
[0.00076112]
[0.00076112]
[0.00076112]
[0.00076112]
[0.00076112]
[0.00076112]
[0.00076112]
[0.00076112]
[0.00076112]
[0.00076112]
[0.00076112]
[0.00076112]
[0.00076112]
[0.00076112]
[0.00076112]
[0.00076112]
[0.00076112]
[0.00076112]
[0.00076112]
[0.00076112]
[0.00076112]
[0.00076112]
[0.00076112]
[0.00076112]
[0.00076112]
[0.00076112]
[0.00076112]
[0.00076112]
[0.00076112]
[0.00076112]
[0.00076112]
[0.00076112]
[0.00076112]
[0.00076112]
[0.00076112]
[0.00076112]
[0.00076112]
[0.00076112]
[0.00076014]
[0.00076021]
[0.00076021]
[0.00076021]
[0.00075904]
[0.00076543]
[0.00076649]
[0.00076544]
[0.00076543]
[0.00076543]
[0.00076543]
[0.00076543]
[0.00076543]
[0.00076543]
[0.00076543]
[0.00076649]
[0.00075625]
[0.00075668]
[0.00076242]
[0.00076914]
[0.00076914]
[0.00076242]
[0.00077055]
[0.00076276]
[0.00077055]
[0.00077055]
[0.00075819]
[0.00076626]
[0.0007584]
[0.00076274]
[0.00076626]
[0.00076134]
[0.00076626]
[0.00076626]
[0.00077379]
[0.00076413]
[0.00077669]
[0.00077669]
[0.00077669]
[0.00076095]
[0.00076095]
[0.00075487]
[0.000771]
[0.00078044]
[0.00075928]
[0.0007582]
[0.00075249]
[0.00076932]
[0.00077217]
[0.0007611]
[0.00075223]
[0.00078051]
[0.00077184]
[0.00076766]
[0.00076053]
[0.00077355]
[0.00077355]
[0.00077355]
[0.00078074]
[0.00078074]
[0.00078019]
[0.0007769]
[0.0007769]
[0.00077009]
[0.00077921]
[0.00077645]
[0.00077645]
[0.00076463]
[0.00078426]
[0.00078426]
[0.00084757]
[0.00083195]
[0.00083195]
[0.00094416]
[0.00094416]
[0.00082637]
[0.00083656]
[0.00085437]
[0.00084841]
[0.00083739]
[0.00082623]
[0.00087785]
[0.00090937]
[0.00083354]
[0.00081556]
[0.00084925]
[0.00081978]
[0.00098289]
[0.00087632]
[0.00089678]
[0.0008646]
[0.0008346]
[0.00086426]
[0.00086426]
[0.000854]
[0.0009513]
[0.00123909]
[0.00088098]
[0.00088851]
[0.00083896]
[0.00083699]
[0.00091179]
[0.00093201]
[0.00087508]
[0.00090455]
[0.00081537]
[0.00090455]
[0.00087571]
[0.00082745]
[0.00099779]
[0.00093797]
[0.00104495]
[0.00104495]
[0.00086057]
[0.00356937]
[0.00071423]
[0.00071423]
[0.00071423]
[0.00071424]
[0.00071425]
[0.00088898]
[0.00071682]
