2.9712826471275857
2.7662042569298997
3.1343130206482943
2.910479126417526
2.5557946923111103
2.8356598465857914
3.723858325400199
1.7539752593139912
1.7105031945366633
3.5660003338028794
3.5660003338028794
3.6679511800068223
2.821404780583494
2.821404780583494
3.3222407830406393
3.3222407830406393
3.3222407830406393
2.541793291401845
2.8774391107998376
2.252472320041262
2.916836915552489
3.383804997087463
2.581404712755287
1.5692667080431963
3.2089532380414987
3.1368522910136853
3.9205076415524447
2.729103958163389
2.5429205541970425
2.5429205541970425
1.6677692721457618
2.606669906797274
2.606669906797274
3.982303215841169
2.461651902345956
3.445852453112142
1.4217888723145133
2.0853324279944037
2.0853324279944037
2.1536557792411024
2.156340111810911
1.5080592112975655
1.5080592112975655
1.5080592112975655
1.3920308106072987
1.3920308106072987
2.883592613956912
2.4595020022879908
3.250285420145108
2.9245837691871817
2.0986250687144707
3.7474625784703957
2.624228288750249
1.4116961957269947
2.747869211134285
2.8769635255155563
3.8462923990592603
1.6547508666014412
5.330854671786534
1.887259476416613
2.72192752608483
2.500530901566476
3.07935345966861
3.0761166094238668
2.3300080094585827
2.3300080094585827
2.5900113782206464
2.5225894318459847
5.2665327562847875
2.9509936676560233
1.6815901118109107
3.6988411474779053
4.0197090519871885
3.7016479629433032
2.5213350547264017
1.1442826693129504
1.1442826693129504
1.1442826693129504
2.4178179900944787
2.769773905923774
2.769773905923774
2.769773905923774
1.7107163967885946
2.4413367395382917
1.7443590097071464
1.7443590097071464
2.80528446048549
2.891800811111608
1.1717245417360953
1.1717245417360953
2.3091835920016077
3.4634884453473447
3.210857129194485
3.0651538265189
3.0651538265189
3.0651538265189
3.0651538265189
1.4527520142635666
1.4527520142635666
1.4563190472306005
1.367786943831506
2.44703273568671
2.441198277999831
3.3751120204988343
1.6075696125427346
2.152428246504737
3.153775231201175
2.0333927356867108
3.432980503517866
1.014182862295245
1.014182862295245
1.014182862295245
1.014182862295245
1.014182862295245
1.014182862295245
1.014182862295245
1.014182862295245
1.014182862295245
2.4182484818175585
1.5438483245284242
2.605062949669625
3.6877990528698508
1.7660839628028313
3.81184680310753
2.5586180838388817
2.5586180838388817
1.7247422560357286
1.7247422560357286
1.837713662615215
4.1515004907887505
2.0020626357985503
1.9629008726699482
1.9629008726699482
1.9629008726699482
2.92391327799983
1.7369820926585824
3.208628922999721
3.380390643929376
2.884226125796925
3.423129426936611
3.621319230308318
3.1613304151476633
1.3016096663675611
1.264311220354946
1.264311220354946
1.264311220354946
1.264311220354946
3.226858643279442
3.548945715846185
1.4333663772277632
1.9635235980979253
1.9635235980979253
1.9635235980979253
1.9635235980979253
1.9635235980979253
3.1162656362864345
3.0768863620603373
2.8665555856921383
2.503101351071326
1.9167177061175629
2.594949839759108
1.4448903417897014
2.897368667656025
4.59244115012941
2.6187267395382907
1.753485297671574
1.670903398524196
1.410602907903563
1.410602907903563
3.8961488612010546
2.700678211547288
2.1815239605351415
3.1602152010767544
3.129194299483702
3.129194299483702
3.129194299483702
3.129194299483702
3.129194299483702
3.129194299483702
2.920488859963717
4.445094629194486
2.778979486791039
1.6361641021756554
3.285098889532863
1.0284255677733025
1.0284255677733025
1.0284255677733025
1.0284255677733025
1.0284255677733025
1.0284255677733025
1.0284255677733025
1.0284255677733025
3.4543759942340477
2.838903662615216
2.7131852010767528
3.060404675154543
2.775154506892889
2.948579272650072
2.6895051467759448
2.6895051467759448
2.6895051467759448
2.900468277999831
2.724348662615215
2.724348662615215
2.724348662615215
2.8577771241536762
2.8577771241536762
2.1990492027200013
2.1990492027200013
2.1990492027200013
2.1990492027200013
3.184718375013884
3.5313568365523453
2.241878419447495
2.241878419447495
2.478177893384446
2.489528615710901
1.6200036626152148
1.6200036626152148
2.828587523288178
2.3200936676560246
3.029481920164386
3.029481920164386
2.8459644463651
2.9816585087931475
2.5925505856921376
2.5925505856921376
2.2741549267240035
3.004648497415583
2.5977398126097864
4.079809010465388
5.224483482975344
2.313548475348332
3.089292972462048
4.353320898952016
3.0058787095195294
3.0058787095195294
3.976906101639605
3.419989816461369
1.5918801439895383
3.2728055137148386
2.883259197324408
2.2715854528105535
2.2715854528105535
3.408615796163347
2.807879809322701
3.473338843311966
2.991406964957763
3.5197561676560243
3.0870140472306007
3.1979710436697477
3.1979710436697477
1.9048592926283714
1.9048592926283714
1.9048592926283714
3.134880882667959
2.277097124153677
2.5905920303450465
4.5151588790901425
2.3202514908995138
2.3202514908995138
2.3202514908995138
2.12707318893262
1.384694968001245
1.384694968001245
2.6548783878899407
2.6548783878899407
3.5216109605489443
2.6262036626152145
2.739748689717766
3.2755488184804866
4.553219701988174
3.060021431701406
1.7036239605351433
1.7036239605351433
3.8219777714332253
2.8466967395382916
4.605580585692138
2.7285201461316984
1.7853974516818454
3.0310617395382913
4.075376125796923
2.6091308102998862
2.0895314515177272
2.0895314515177272
2.0895314515177272
2.0895314515177272
2.0895314515177272
2.896466448285665
2.973547430074042
2.973547430074042
3.0520430764121524
2.0334903417896992
2.6430162682274503
2.6430162682274503
2.744774567822592
3.00021250876906
1.3477370589832063
3.2770269271555517
3.9025502923280673
3.895141601371245
3.1589936083144057
2.0886109132203075
4.53916358640147
2.489178211547287
2.477577379946455
4.160921486254989
2.3017969205201823
2.685018959988037
2.789584900889137
2.441495051464127
1.3106820670664607
2.2285402039417743
2.4458470374582184
4.301311354922907
4.206653691254722
3.5148638664329432
2.454285452810552
3.207131874247519
2.4772395833858596
2.4772395833858596
1.817027275693551
2.632868494948097
2.3929083890620806
3.511957868044954
2.9691083570774346
2.3102154075616834
2.8772261427488424
3.3708498164613685
2.6837146572654547
2.991267624284502
3.916280475434986
2.3288290483731267
2.3288290483731267
3.3673127252439894
3.1686519239890103
1.0
1.0
3.0882893769009288
2.662347072292288
1.360634776456326
3.674323816478335
3.203010792071125
2.3265973855836624
4.7468044258422655
2.330498893989537
1.0337432953498862
5.055113862990484
4.049294212100909
3.150993941701949
2.7788215313853453
3.8769007845347474
2.385817209746362
2.385817209746362
2.2129537016818457
3.15525868978518
3.1641601239442414
2.8750687831395805
1.6295901374030706
2.798134321588833
2.798134321588833
3.4534495822742377
2.1554244569296976
2.986996055866854
2.752380201076754
2.0014413446974935
1.855455919423779
2.5602533261137204
1.0
3.5979783643935725
3.6018867395382923
3.089699033945937
3.214818124758768
4.465739986920087
3.8204204655766123
2.8628668361331115
2.1779421791586238
2.3873188172249638
4.844322903009989
4.844322903009989
2.6047523246348874
4.275406393757881
1.0
4.04932828304064
1.5559458942163857
4.252908772877849
2.8300688226495865
1.9197147764563258
1.7058664687640182
1.7058664687640182
1.7058664687640182
1.7058664687640182
3.6077681488107123
3.0409043149178636
2.5934979381040844
3.556904838766222
4.377110137985819
1.7609160226226113
3.826942880089156
4.164759898262563
2.053303220912614
2.053303220912614
2.053303220912614
3.5944279156893
2.2178715644777114
3.7881004787537655
4.431047446480164
3.0217271834403645
3.48812481932639
4.9883179483295015
2.6923638630964266
2.1875847512908972
3.386390269759346
2.5951144595137094
2.253851778604922
4.164675093044169
3.9650490659923268
3.304900601321398
3.897039750008826
4.904479426122187
5.426559867879776
3.4632094709126138
3.4734322243495352
4.846467965045767
3.2642455373045713
3.667498161071711
3.8910837449219855
3.5797477526715005
3.7219215803423786
1.659109300809794
1.659109300809794
3.912109478750299
4.06905832828129
4.795186348919188
3.370130874269181
4.089807594328393
4.089807594328393
4.298636949093096
5.124879133131118
2.914723118299607
5.176654729765913
3.816052386258975
3.6192334139269597
2.6355692721457604
4.028280905137052
3.6291072056301275
3.702239750008827
3.75987135980343
3.8371658553985313
4.012071111334925
2.738080115558061
2.7475679189493913
3.2287812270191925
4.161554831169806
3.119323046467981
4.21517987474895
5.151852963404449
5.151852963404449
4.076467311220435
3.006787807865753
3.4814508674954636
3.9860613175169313
3.2967845849295188
3.2967845849295188
3.6395999695449035
3.6395999695449035
2.8496744982615887
3.0517416063532856
4.26736921069073
2.4469364956358532
3.2758971052409107
3.669121765103238
3.947163887755929
4.230827524398322
3.512502563714116
3.898492277237211
3.898492277237211
4.08999868818016
4.08999868818016
4.276961169150132
4.518016547968836
3.938808575919757
4.731066252110849
4.731066252110849
5.55976131751693
5.322193306003557
2.7419726292934268
2.997172518149924
7.3284153846153846
7.3284153846153846
2.8598338691001466
4.0949149265317875
3.4430954836500787
4.493672551882589
2.8142741818749304
4.818307390064064
3.8907619880355337
3.3971759643038055
5.018414768675729
2.9185254204925073
