5.952800000000003
7.983890000000006
12.715699999999975
5.400400000000002
5.264400000000002
2.7695000000000007
2.7695000000000007
2.7695000000000007
2.7695000000000007
2.7695000000000007
6.655100000000004
5.585200000000002
6.143300000000003
6.5553000000000035
6.5553000000000035
6.5553000000000035
6.5553000000000035
6.5553000000000035
1.8756999999999997
2.3688000000000002
2.3688000000000002
2.3688000000000002
2.3688000000000002
2.3688000000000002
2.3688000000000002
2.3688000000000002
2.3688000000000002
2.3688000000000002
2.3688000000000002
2.3688000000000002
2.3688000000000002
2.3688000000000002
2.3688000000000002
2.3688000000000002
2.3688000000000002
2.3688000000000002
2.3688000000000002
2.3688000000000002
2.3688000000000002
2.3688000000000002
8.7658
4.607700000000002
5.999100000000003
8.252200000000002
8.330600000000004
7.570700000000005
7.570700000000005
7.557700000000004
6.289800000000004
2.9025000000000016
2.9025000000000016
2.9025000000000016
2.9025000000000016
23.27480000000004
23.27480000000004
23.27480000000004
23.27480000000004
23.27480000000004
23.27480000000004
23.27480000000004
23.27480000000004
23.27480000000004
23.27480000000004
23.27480000000004
23.27480000000004
23.27480000000004
23.27480000000004
23.27480000000004
23.27480000000004
23.27480000000004
23.27480000000004
23.27480000000004
23.27480000000004
23.27480000000004
23.27480000000004
23.27480000000004
23.27480000000004
23.27480000000004
23.27480000000004
23.27480000000004
23.27480000000004
23.27480000000004
23.27480000000004
23.27480000000004
23.27480000000004
23.27480000000004
23.27480000000004
23.27480000000004
23.27480000000004
23.27480000000004
23.27480000000004
23.27480000000004
23.27480000000004
23.27480000000004
23.27480000000004
23.27480000000004
23.27480000000004
23.27480000000004
23.27480000000004
23.27480000000004
23.27480000000004
23.27480000000004
23.27480000000004
23.27480000000004
23.27480000000004
23.27480000000004
23.27480000000004
23.27480000000004
23.27480000000004
23.27480000000004
23.27480000000004
23.27480000000004
23.27480000000004
23.27480000000004
23.27480000000004
23.27480000000004
23.27480000000004
23.27480000000004
23.27480000000004
23.27480000000004
23.27480000000004
23.27480000000004
23.27480000000004
23.27480000000004
23.27480000000004
23.27480000000004
23.27480000000004
23.27480000000004
23.27480000000004
23.17960000000004
23.17960000000004
23.17960000000004
23.17960000000004
23.17960000000004
23.23510000000004
23.020100000000046
23.020100000000046
22.867200000000043
22.834300000000038
22.43730000000004
23.13320000000004
22.298200000000037
22.298200000000037
22.794600000000045
22.494600000000034
22.494600000000034
22.494600000000034
22.837700000000037
22.837700000000037
6.364200000000003
6.364200000000003
6.364200000000003
6.364200000000003
22.926700000000043
21.978400000000033
22.847800000000042
21.883200000000027
22.926700000000043
6.9459000000000035
6.9459000000000035
6.9459000000000035
6.9459000000000035
6.9459000000000035
6.9459000000000035
6.9459000000000035
6.9459000000000035
6.9459000000000035
22.211300000000033
22.211300000000037
21.32430000000003
4.475100000000002
21.763400000000033
21.763400000000033
21.763400000000033
21.763400000000033
21.763400000000033
21.763400000000033
20.544100000000018
21.960400000000032
21.55690000000003
21.55690000000003
20.154000000000014
4.238500000000001
1.5056
1.5056
1.5056
18.517
18.777699999999992
19.094
19.218500000000002
0.5857
0.5857
0.5857
0.5857
0.5857
0.5857
0.5857
0.5857
0.5857
0.5857
0.5857
0.5857
0.5857
0.5857
0.5857
0.5857
0.5857
0.5857
0.5857
0.5857
0.5857
0.5857
0.5857
0.5857
0.5857
0.5857
6.175300000000003
6.175300000000003
6.175300000000003
6.175300000000003
6.175300000000003
6.175300000000003
6.175300000000003
6.175300000000003
6.175300000000003
6.175300000000003
6.175300000000003
6.175300000000003
10.011799999999992
4.497500000000002
4.497500000000002
4.497500000000002
4.497500000000002
4.497500000000002
4.497500000000002
4.497500000000002
4.497500000000002
4.497500000000002
4.497500000000002
4.497500000000002
4.497500000000002
4.497500000000002
4.497500000000002
4.497500000000002
4.497500000000002
4.497500000000002
4.497500000000002
4.497500000000002
4.497500000000002
4.497500000000002
4.497500000000002
4.497500000000002
4.497500000000002
4.497500000000002
16.134699999999974
9.610799999999994
9.610799999999994
9.610799999999994
9.610799999999994
15.230899999999975
1.7127000000000001
1.7127000000000001
1.7127000000000001
1.7127000000000001
1.7127000000000001
1.7127000000000001
1.7127000000000001
1.7127000000000001
1.7127000000000001
1.7127000000000001
1.7127000000000001
1.7127000000000001
1.7127000000000001
1.7127000000000001
1.7127000000000001
1.7127000000000001
1.7127000000000001
1.7127000000000001
8.744
8.744
8.744
8.744
8.744
5.8080000000000025
5.8080000000000025
5.8080000000000025
5.8080000000000025
5.8080000000000025
5.8080000000000025
5.8080000000000025
5.8080000000000025
5.8080000000000025
5.8080000000000025
14.648099999999982
8.338200000000004
9.097099999999998
9.097099999999998
5.103100000000002
5.103100000000002
5.103100000000002
5.103100000000002
5.103100000000002
5.103100000000002
5.103100000000002
5.103100000000002
5.103100000000002
5.103100000000002
5.103100000000002
5.103100000000002
3.769400000000002
3.769400000000002
3.769400000000002
4.756500000000003
4.756500000000003
4.756500000000003
4.756500000000003
2.0873
6.648700000000003
6.648700000000003
6.648700000000003
6.648700000000003
6.648700000000003
6.648700000000003
6.648700000000003
6.648700000000003
6.648700000000003
6.648700000000003
6.648700000000003
6.648700000000003
6.648700000000003
6.648700000000003
6.648700000000003
6.648700000000003
6.648700000000003
6.648700000000003
6.648700000000003
6.648700000000003
6.648700000000003
6.648700000000003
5.900000000000004
12.646499999999989
8.8224
8.8224
8.8224
8.8224
8.8224
8.8224
8.8224
8.8224
8.8224
8.8224
2.3463000000000003
2.3463000000000003
2.3463000000000003
12.037999999999988
12.640099999999986
10.093399999999992
5.619100000000002
5.619100000000002
5.619100000000002
5.619100000000002
5.619100000000002
5.619100000000002
1.3167
1.3167
1.3167
1.3167
1.3167
1.3167
1.3167
1.3167
1.3167
1.3167
1.3167
1.3167
1.3167
1.3167
1.3167
1.3167
1.3167
1.3167
1.3167
1.3167
1.3167
1.3167
1.3167
1.3167
1.3167
8.7999
8.7999
8.7999
8.7999
8.7999
8.7999
8.7999
8.7999
8.7999
8.7999
8.7999
8.7999
8.7999
7.942200000000004
5.920600000000003
5.920600000000003
5.920600000000003
5.920600000000003
5.920600000000003
5.920600000000003
7.984700000000005
7.984700000000005
7.984700000000005
7.984700000000005
7.984700000000005
7.984700000000005
7.984700000000005
7.984700000000005
7.984700000000005
7.984700000000005
7.984700000000005
7.984700000000005
7.984700000000005
7.984700000000005
6.135000000000003
7.2969000000000035
2.547600000000001
2.547600000000001
2.547600000000001
2.547600000000001
2.547600000000001
2.547600000000001
2.547600000000001
2.547600000000001
2.547600000000001
2.547600000000001
2.547600000000001
2.547600000000001
6.015100000000005
6.015100000000005
6.015100000000005
6.015100000000005
6.015100000000005
6.015100000000005
6.015100000000005
6.015100000000005
6.015100000000005
6.015100000000005
8.485500000000002
8.485500000000002
8.485500000000002
8.485500000000002
8.485500000000002
8.286200000000003
8.286200000000003
5.553300000000003
5.553300000000003
5.553300000000003
5.553300000000003
5.553300000000003
5.553300000000003
6.351500000000003
6.351500000000003
6.351500000000003
6.351500000000003
6.351500000000003
7.403000000000004
7.403000000000004
5.096700000000002
5.096700000000002
5.096700000000002
5.096700000000002
5.578800000000003
3.2132000000000014
3.2132000000000014
3.2132000000000014
3.2132000000000014
3.2132000000000014
3.2132000000000014
3.2132000000000014
3.2132000000000014
3.2132000000000014
3.2132000000000014
3.2132000000000014
3.2132000000000014
3.2132000000000014
3.2132000000000014
3.2132000000000014
1.2509000000000001
1.2509000000000001
1.2509000000000001
1.2509000000000001
1.2509000000000001
1.2509000000000001
1.2764
0.7943
-0.13679999999999998
1.4886
0.8007
5.8465000000000025
0.15250000000000002
7.9977000000000045
