24.723900000000057
24.68080000000005
24.68080000000005
24.68080000000005
24.68080000000005
24.68080000000005
24.68080000000005
24.68080000000005
24.68080000000005
24.68080000000005
24.68080000000005
24.68080000000005
24.68080000000005
24.68080000000005
24.723900000000057
24.723900000000057
24.723900000000057
24.723900000000057
24.723900000000057
24.723900000000057
24.723900000000057
24.723900000000057
24.723900000000057
24.723900000000057
24.723900000000057
24.723900000000057
24.723900000000057
24.723900000000057
24.723900000000057
24.723900000000057
24.723900000000057
24.723900000000057
24.723900000000057
24.723900000000057
24.723900000000057
24.723900000000057
24.723900000000057
24.723900000000057
24.723900000000057
24.723900000000057
24.723900000000057
24.723900000000057
24.723900000000057
24.723900000000057
24.723900000000057
24.723900000000057
24.723900000000057
24.723900000000057
24.723900000000057
24.723900000000057
24.723900000000057
24.723900000000057
24.723900000000057
24.723900000000057
24.723900000000057
24.723900000000057
24.723900000000057
24.883400000000055
24.883400000000055
24.46580000000006
24.46580000000006
24.46580000000006
24.46580000000006
24.46580000000006
24.46580000000006
24.46580000000006
24.46580000000006
24.46580000000006
24.46580000000006
24.46580000000006
24.46580000000006
24.46580000000006
24.46580000000006
24.46580000000006
24.46580000000006
24.46580000000006
24.46580000000006
24.46580000000006
24.46580000000006
24.46580000000006
24.46580000000006
24.46580000000006
24.46580000000006
24.46580000000006
24.46580000000006
24.46580000000006
24.46580000000006
24.46580000000006
24.46580000000006
24.46580000000006
24.46580000000006
24.46580000000006
24.46580000000006
24.46580000000006
24.46580000000006
24.46580000000006
24.46580000000006
24.46580000000006
24.46580000000006
24.46580000000006
24.46580000000006
24.46580000000006
24.46580000000006
24.46580000000006
24.46580000000006
24.46580000000006
24.46580000000006
24.46580000000006
24.46580000000006
24.46580000000006
24.46580000000006
24.46580000000006
24.46580000000006
24.46580000000006
24.46580000000006
24.46580000000006
24.46580000000006
24.46580000000006
24.46580000000006
24.46580000000006
24.46580000000006
24.46580000000006
24.46580000000006
24.46580000000006
24.46580000000006
24.46580000000006
24.46580000000006
24.46580000000006
24.46580000000006
24.46580000000006
24.46580000000006
24.46580000000006
24.46580000000006
24.46580000000006
24.46580000000006
24.46580000000006
24.46580000000006
24.46580000000006
24.46580000000006
24.46580000000006
24.46580000000006
24.46580000000006
24.46580000000006
24.46580000000006
24.46580000000006
24.46580000000006
24.46580000000006
24.46580000000006
24.46580000000006
24.46580000000006
24.46580000000006
24.46580000000006
24.46580000000006
24.46580000000006
24.46580000000006
24.46580000000006
24.46580000000006
24.46580000000006
24.46580000000006
24.46580000000006
24.46580000000006
24.46580000000006
24.46580000000006
24.46580000000006
24.46580000000006
24.46580000000006
24.46580000000006
24.46580000000006
24.46580000000006
24.46580000000006
24.46580000000006
24.46580000000006
24.46580000000006
24.46580000000006
24.46580000000006
24.46580000000006
24.46580000000006
24.46580000000006
24.46580000000006
24.46580000000006
24.46580000000006
24.46580000000006
24.46580000000006
24.46580000000006
24.46580000000006
24.46580000000006
24.46580000000006
24.46580000000006
24.46580000000006
24.46580000000006
24.46580000000006
24.46580000000006
24.46580000000006
24.46580000000006
24.46580000000006
24.46580000000006
24.46580000000006
24.46580000000006
24.46580000000006
24.46580000000006
24.46580000000006
24.46580000000006
24.46580000000006
24.46580000000006
24.46580000000006
24.46580000000006
24.46580000000006
24.46580000000006
24.46580000000006
24.46580000000006
24.46580000000006
24.46580000000006
24.46580000000006
24.46580000000006
24.46580000000006
24.46580000000006
24.46580000000006
24.46580000000006
24.46580000000006
24.46580000000006
24.46580000000006
24.46580000000006
24.46580000000006
24.46580000000006
24.46580000000006
24.333800000000053
24.333800000000053
24.29070000000005
24.333800000000053
24.333800000000053
24.333800000000053
24.333800000000053
24.075700000000058
24.075700000000058
24.075700000000058
24.075700000000058
24.075700000000058
24.075700000000058
24.075700000000058
24.075700000000058
24.075700000000058
24.21680000000006
23.981600000000057
24.075700000000058
24.075700000000058
24.075700000000058
24.075700000000058
24.075700000000058
24.075700000000058
24.075700000000058
24.075700000000058
24.075700000000058
24.075700000000058
23.958700000000057
23.958700000000057
23.958700000000057
23.958700000000057
23.958700000000057
23.958700000000057
24.032600000000052
24.058200000000056
24.058200000000056
23.817600000000056
23.817600000000056
23.817600000000056
23.817600000000056
23.817600000000056
23.958700000000057
23.958700000000054
23.958700000000054
23.958700000000054
23.958700000000054
23.958700000000057
24.24370000000005
24.286800000000056
24.286800000000056
24.286800000000056
24.02530000000005
23.943700000000053
23.943700000000053
23.943700000000053
23.943700000000053
23.943700000000053
23.943700000000053
24.287800000000058
24.028700000000057
23.860100000000052
23.860100000000052
24.007300000000058
23.685600000000054
23.685600000000054
23.945100000000057
23.945100000000057
24.278400000000055
23.685600000000054
23.685600000000054
23.685600000000054
23.685600000000054
23.685600000000054
24.118900000000057
23.268000000000054
24.118900000000057
24.010600000000057
23.64250000000005
24.118900000000057
23.42750000000005
23.752500000000055
24.290200000000052
23.809200000000047
23.860800000000054
24.212500000000055
23.860800000000054
23.491200000000052
23.860800000000054
23.810500000000054
23.810500000000054
23.860800000000054
23.785600000000056
23.38440000000005
24.117700000000056
23.333400000000054
23.75250000000005
23.934100000000058
23.16940000000005
23.16940000000005
23.16940000000005
23.16940000000005
23.29550000000005
23.29550000000005
23.29550000000005
23.29550000000005
23.29550000000005
23.356700000000057
24.669800000000055
23.461600000000054
23.56490000000005
23.31210000000005
23.120400000000046
23.16350000000005
23.061500000000045
22.905400000000046
22.905400000000046
22.905400000000046
22.52120000000004
22.52120000000004
23.143200000000054
23.073400000000042
23.75650000000005
22.85500000000004
22.885100000000048
24.25840000000006
24.026100000000053
23.903600000000054
22.90880000000005
23.768000000000054
22.526000000000042
22.526000000000042
22.38330000000004
22.267900000000036
22.267900000000036
22.267900000000036
22.267900000000036
23.54400000000005
22.07480000000003
22.135900000000035
21.877800000000033
21.877800000000033
21.877800000000033
22.87200000000005
23.41880000000005
23.41880000000005
21.603100000000033
22.63770000000004
21.30420000000003
21.30420000000003
20.904500000000024
20.904500000000024
20.864800000000024
20.914100000000023
20.43280000000002
21.27270000000003
20.174700000000023
20.174700000000023
19.999600000000015
19.999600000000015
19.78460000000001
19.78460000000001
19.78460000000001
20.88260000000003
20.18540000000002
21.04210000000003
19.927300000000013
21.03950000000002
19.351400000000012
19.351400000000012
19.351400000000012
19.351400000000012
18.937920000000016
18.72292
19.353700000000007
18.414499999999997
18.2944
18.2944
18.718
18.460500000000003
18.120099999999994
18.58190000000001
17.9043
17.26129999999998
17.47339999999998
17.47339999999998
16.96689999999998
17.29199999999999
19.967700000000015
16.642899999999976
16.34569999999998
16.086699999999972
16.129199999999972
18.11089999999999
18.11089999999999
15.39239999999997
15.54749999999997
14.83359999999998
14.783199999999974
14.443499999999979
17.274499999999982
12.980999999999982
13.44679999999998
12.853119999999983
12.544699999999985
13.06629999999998
12.833399999999985
12.250299999999985
12.250299999999985
12.250299999999985
11.896499999999985
12.126899999999987
13.038699999999983
12.618299999999982
12.741499999999986
12.575399999999988
12.998999999999983
11.968799999999987
11.629099999999989
11.627599999999992
11.943299999999985
11.943299999999985
11.689299999999985
11.19819999999999
10.675799999999992
9.745299999999993
10.83089999999999
11.756699999999984
9.942099999999991
9.683099999999994
9.219799999999996
9.126899999999996
9.126899999999996
8.613199999999999
8.570699999999999
8.5877
7.234600000000003
6.651500000000003
7.439900000000002
7.142700000000002
6.926200000000002
6.4204000000000025
6.344500000000002
5.516600000000001
5.813800000000001
5.599400000000002
5.599400000000002
5.123100000000001
1.8821
1.8821
0.5857
2.4906
2.4906
0.546
-0.1849
2.8025000000000007
0.6361
0.6361
23.415500000000055
18.75931
24.19600000000006
17.75509999999999
17.75509999999999
21.727200000000035
6.829700000000002
20.552100000000024
24.983200000000057
12.032599999999984
11.548599999999988
23.280300000000054
23.63440000000005
17.736099999999993
24.234600000000054
23.16350000000004
23.553600000000046
