[0.00331215]
[0.00331217]
[0.00331217]
[0.00331217]
[0.00331217]
[0.00331217]
[0.00331217]
[0.00331217]
[0.00331217]
[0.00331217]
[0.00331217]
[0.00331217]
[0.00331217]
[0.00331217]
[0.00331217]
[0.00331217]
[0.00331217]
[0.00331217]
[0.00331217]
[0.00331217]
[0.00331217]
[0.00331217]
[0.00331217]
[0.00331217]
[0.00331217]
[0.00331217]
[0.00332279]
[0.00332279]
[0.00345923]
[0.00331675]
[0.00331675]
[0.00331675]
[0.00331675]
[0.00331675]
[0.00331675]
[0.00331675]
[0.00331675]
[0.00331675]
[0.00331675]
[0.00331675]
[0.00331675]
[0.00331675]
[0.00331675]
[0.00331675]
[0.00331675]
[0.00331675]
[0.00334818]
[0.00332901]
[0.00332901]
[0.00332901]
[0.0033564]
[0.0033564]
[0.0033564]
[0.0033564]
[0.00335639]
[0.0033564]
[0.00335639]
[0.0033564]
[0.0033564]
[0.00335639]
[0.00335639]
[0.00335639]
[0.00335639]
[0.00335639]
[0.00335639]
[0.00335639]
[0.00335639]
[0.00335639]
[0.00335639]
[0.00335639]
[0.00335639]
[0.00335639]
[0.00335639]
[0.00335639]
[0.00335639]
[0.00335639]
[0.00335639]
[0.00335639]
[0.00335639]
[0.00335639]
[0.00335639]
[0.00335639]
[0.00335639]
[0.00335639]
[0.00335639]
[0.00335639]
[0.00335639]
[0.00335639]
[0.00335639]
[0.00335639]
[0.00335639]
[0.00335639]
[0.00335639]
[0.00335639]
[0.00335639]
[0.00335639]
[0.00335639]
[0.00335639]
[0.00335639]
[0.00335639]
[0.00335639]
[0.00335639]
[0.00335639]
[0.00335639]
[0.00335639]
[0.00335639]
[0.00335639]
[0.00335639]
[0.00335639]
[0.00335639]
[0.00335639]
[0.00335639]
[0.00335639]
[0.00335639]
[0.00335639]
[0.00335639]
[0.00335639]
[0.00335639]
[0.00335639]
[0.00335639]
[0.00335639]
[0.00335639]
[0.00335639]
[0.00335639]
[0.00335639]
[0.00335639]
[0.00335639]
[0.00335639]
[0.00335639]
[0.00335639]
[0.00335639]
[0.00335639]
[0.00335639]
[0.00335639]
[0.00335639]
[0.00335639]
[0.00335639]
[0.00335639]
[0.00335639]
[0.00335639]
[0.00335639]
[0.00335639]
[0.00335639]
[0.00335639]
[0.00335639]
[0.00335639]
[0.00335639]
[0.00335639]
[0.00335639]
[0.00335639]
[0.00335639]
[0.00335639]
[0.00335639]
[0.00335639]
[0.00335639]
[0.00335639]
[0.00335639]
[0.00335639]
[0.00335639]
[0.00335639]
[0.00335639]
[0.00335639]
[0.00335639]
[0.00335639]
[0.00335639]
[0.00335639]
[0.00335639]
[0.00335639]
[0.00335639]
[0.00335639]
[0.00335639]
[0.00335639]
[0.00335639]
[0.00335639]
[0.00335639]
[0.00335639]
[0.00335639]
[0.00335639]
[0.00335639]
[0.00335639]
[0.00335639]
[0.00335639]
[0.00335639]
[0.00335639]
[0.00335639]
[0.00335639]
[0.00335639]
[0.00335639]
[0.00335639]
[0.00335639]
[0.00335639]
[0.00335639]
[0.00335639]
[0.00335639]
[0.00335639]
[0.00335639]
[0.00335639]
[0.00335639]
[0.00335639]
[0.00335639]
[0.00335639]
[0.00335639]
[0.00335639]
[0.00335639]
[0.00335639]
[0.00335639]
[0.00335639]
[0.00335639]
[0.00335639]
[0.00335639]
[0.00335639]
[0.00335639]
[0.00335639]
[0.00335639]
[0.00335639]
[0.00335639]
[0.00335639]
[0.00335639]
[0.00335639]
[0.00335639]
[0.00335639]
[0.00335639]
[0.00335639]
[0.00335639]
[0.00335639]
[0.00335639]
[0.00335639]
[0.00335639]
[0.00335639]
[0.00335639]
[0.00335639]
[0.00335639]
[0.00335639]
[0.00335639]
[0.00335639]
[0.00335639]
[0.00335639]
[0.00335639]
[0.00335639]
[0.00335639]
[0.00335639]
[0.00335639]
[0.00335639]
[0.00335639]
[0.00335639]
[0.00335639]
[0.00335639]
[0.00335639]
[0.00335639]
[0.00335639]
[0.00335639]
[0.00335639]
[0.00335639]
[0.00335639]
[0.00335639]
[0.00335639]
[0.00335639]
[0.00335639]
[0.00335639]
[0.00335639]
[0.00335639]
[0.00335639]
[0.00335639]
[0.00335639]
[0.00335639]
[0.00335639]
[0.00335639]
[0.00335639]
[0.00335639]
[0.00335639]
[0.00335639]
[0.00335639]
[0.00335639]
[0.00335639]
[0.00335639]
[0.00335639]
[0.00335639]
[0.00335639]
[0.00335639]
[0.00335639]
[0.00335639]
[0.00335639]
[0.00335639]
[0.00335639]
[0.00335639]
[0.00335639]
[0.00335639]
[0.00335639]
[0.00335639]
[0.00335639]
[0.00335639]
[0.00335639]
[0.00335639]
[0.00335639]
[0.00335639]
[0.00335639]
[0.00335639]
[0.00335639]
[0.00335639]
[0.00335639]
[0.00335639]
[0.00335639]
[0.00335613]
[0.00333017]
[0.00331823]
[0.00336396]
[0.00336762]
[0.00334956]
[0.00332273]
[0.00337541]
[0.00337541]
[0.00337541]
[0.00337541]
[0.00337541]
[0.00336764]
[0.00341253]
[0.00339021]
[0.00334022]
[0.00334956]
[0.00336766]
[0.00336767]
[0.00336766]
[0.00336767]
[0.00336766]
[0.00341254]
[0.00353277]
[0.00353277]
[0.00334956]
[0.00328839]
[0.00346026]
[0.00360747]
[0.00353277]
[0.00360748]
[0.00346026]
[0.00346026]
[0.00338148]
[0.00338147]
[0.00349733]
[0.00334861]
[0.00335212]
[0.00338149]
[0.00341766]
[0.00342127]
[0.00344244]
[0.00344244]
[0.00338153]
[0.00338153]
[0.00337809]
[0.0034832]
[0.00343594]
[0.00336672]
[0.00346012]
[0.00349727]
[0.00349727]
[0.00335886]
[0.00337135]
[0.00367378]
[0.00345138]
[0.00370469]
[0.00370469]
[0.00368874]
[0.00337011]
[0.00373641]
[0.00474104]
[0.00387323]
[0.00538953]
[0.00538949]
[0.00485562]
[0.00485562]
[0.00474518]
[0.00469525]
[0.00547838]
[0.00552061]
[0.00510261]
[0.00572321]
[0.00572321]
[0.00505311]
[0.00505311]
[0.01142705]
[0.00731811]
[0.00635392]
[0.00553393]
[0.0049384]
[0.00728278]
[0.01924422]
[0.00857433]
[0.00694642]
[0.00374327]
[0.01181064]
[0.00654233]
[0.00538875]
[0.00602095]
[0.00562425]
[0.00626526]
[0.00626526]
[0.00558793]
[0.00624314]
[0.00525317]
[0.00711935]
[0.01403992]
[0.12965521]
[0.00662715]
[0.00469083]
[0.00457162]
[0.00656288]
[0.00656288]
[0.00656288]
[0.00466619]
[0.00466619]
[0.00507791]
[0.01546878]
[0.00828985]
[0.00820104]
[0.00937463]
[0.00397555]
[0.01323523]
[0.13410352]
[0.00600497]
[0.00589651]
[0.00589651]
[0.00457695]
[0.07049545]
[0.00483788]
[0.34272406]
[0.00536326]
[0.02468224]
[0.004041]
[0.00715738]
[0.0069687]
[0.0069687]
[0.00823074]
[0.01278753]
[0.00899646]
[0.00934459]
[0.03306153]
[0.01005115]
[0.01005115]
[0.00590609]
[0.00573629]
[0.00529026]
[0.02217096]
[0.01154182]
[0.00591395]
[0.00324414]
[0.0076149]
[0.00529509]
[0.00827849]
[0.00694023]
[0.00324421]
[0.00324421]
[0.00324421]
[0.38838208]
[0.00633692]
[0.00633692]
[0.00735517]
[0.00735517]
[0.00735517]
[0.00735517]
[0.00735517]
[0.00735517]
[0.00735517]
[0.00735517]
[0.00735517]
[0.00735517]
[0.00735517]
[0.00735517]
[0.00735517]
[0.00735517]
[0.00735517]
[0.00735517]
[0.00735517]
[0.00735517]
[0.00735517]
[0.00735517]
[0.00735517]
[0.00735517]
[0.00735517]
[0.00735517]
[0.00735517]
[0.00868008]
[0.00490202]
[0.00520728]
[0.003312]
[0.28905874]
[0.00807085]
[0.01252037]
[0.01252037]
[0.01252037]
[0.01252037]
[0.01252037]
[0.00526213]
[0.01840507]
[0.01840507]
[0.01179877]
[0.02095255]
[0.00526443]
[0.04964386]
[0.01509731]
[0.01012504]
[0.00351856]
