[0.5276515]
[0.51897025]
[0.51897025]
[0.51897025]
[0.51465446]
[0.51465446]
[0.51465446]
[0.51465446]
[0.51465446]
[0.51465446]
[0.51465446]
[0.51465446]
[0.51465446]
[0.51465446]
[0.51465446]
[0.51465446]
[0.51465446]
[0.51465446]
[0.51465446]
[0.51465446]
[0.51465446]
[0.51465446]
[0.51465446]
[0.5191289]
[0.5147747]
[0.50860757]
[0.50860757]
[0.50860757]
[0.50860757]
[0.50860757]
[0.50860757]
[0.50860757]
[0.50860757]
[0.50860757]
[0.50860757]
[0.50860757]
[0.50860757]
[0.50860757]
[0.50860757]
[0.50860757]
[0.50860757]
[0.50860757]
[0.50860757]
[0.50860757]
[0.50860757]
[0.50860757]
[0.50860757]
[0.50860757]
[0.50860757]
[0.50860757]
[0.50860757]
[0.50860757]
[0.50860757]
[0.50860757]
[0.50860757]
[0.5193345]
[0.5193345]
[0.5193345]
[0.5193219]
[0.51493657]
[0.51493657]
[0.51493657]
[0.51493657]
[0.51493657]
[0.51927584]
[0.51925474]
[0.5193134]
[0.5193134]
[0.5148391]
[0.5148391]
[0.5148391]
[0.5191983]
[0.5098469]
[0.5148092]
[0.49565864]
[0.49565864]
[0.49565864]
[0.49565864]
[0.5076948]
[0.49954385]
[0.49679893]
[0.49679893]
[0.50558686]
[0.5252612]
[0.5252612]
[0.5122725]
[0.51928157]
[0.4951114]
[0.515527]
[0.515527]
[0.4946238]
[0.4946238]
[0.4946238]
[0.5260166]
[0.48989886]
[0.49485886]
[0.49485886]
[0.49398807]
[0.49398807]
[0.4850527]
[0.4850527]
[0.4850527]
[0.4850527]
[0.4850527]
[0.4850527]
[0.4850527]
[0.4850527]
[0.4850527]
[0.4850527]
[0.4850527]
[0.4850527]
[0.4850527]
[0.4850527]
[0.4850527]
[0.4850527]
[0.4850527]
[0.4850527]
[0.4850527]
[0.4850527]
[0.4850527]
[0.4850527]
[0.4850527]
[0.4850527]
[0.4850527]
[0.4850527]
[0.4850527]
[0.4850527]
[0.4850527]
[0.4850527]
[0.4850527]
[0.4850527]
[0.4850527]
[0.4850527]
[0.4850527]
[0.4850527]
[0.4850527]
[0.4850527]
[0.49440807]
[0.49440807]
[0.5146962]
[0.5048575]
[0.5048575]
[0.5048575]
[0.5048575]
[0.5048575]
[0.5048575]
[0.4926631]
[0.4926631]
[0.4926631]
[0.4926631]
[0.4926631]
[0.5100589]
[0.51049316]
[0.51049316]
[0.51049316]
[0.5063728]
[0.5063728]
[0.5063728]
[0.51002383]
[0.5146948]
[0.49894187]
[0.5123136]
[0.5171344]
[0.4923939]
[0.4923939]
[0.4923939]
[0.51571816]
[0.5151717]
[0.4991642]
[0.5199864]
[0.4818807]
[0.4818807]
[0.4818807]
[0.4818807]
[0.4818807]
[0.4818807]
[0.4818807]
[0.4818807]
[0.4818807]
[0.4818807]
[0.4818807]
[0.4818807]
[0.4818807]
[0.4818807]
[0.4818807]
[0.4818807]
[0.4818807]
[0.4818807]
[0.4818807]
[0.4818807]
[0.5140053]
[0.48970342]
[0.48970342]
[0.48970342]
[0.48970342]
[0.5153713]
[0.5154686]
[0.49035633]
[0.49035633]
[0.48862487]
[0.48862487]
[0.48862487]
[0.48034915]
[0.48034915]
[0.48034915]
[0.48034915]
[0.48034915]
[0.48034915]
[0.48034915]
[0.48034915]
[0.48034915]
[0.48034915]
[0.48034915]
[0.48034915]
[0.48034915]
[0.48034915]
[0.48034915]
[0.48034915]
[0.48034915]
[0.48034915]
[0.48034915]
[0.48034915]
[0.48034915]
[0.48034915]
[0.48034915]
[0.48034915]
[0.48034915]
[0.48034915]
[0.48034915]
[0.48034915]
[0.48034915]
[0.48034915]
[0.48034915]
[0.48034915]
[0.48034915]
[0.48034915]
[0.49124485]
[0.49124485]
[0.49124485]
[0.49124485]
[0.48271978]
[0.48271978]
[0.48271978]
[0.48271978]
[0.48271978]
[0.48271978]
[0.48271978]
[0.48271978]
[0.48271978]
[0.48271978]
[0.48271978]
[0.48271978]
[0.48271978]
[0.48271978]
[0.48271978]
[0.48271978]
[0.48271978]
[0.48271978]
[0.48271978]
[0.5109257]
[0.49028197]
[0.48930627]
[0.5145229]
[0.51536983]
[0.48784575]
[0.48952544]
[0.48898125]
[0.48898125]
[0.4813953]
[0.4813953]
[0.4813953]
[0.49176252]
[0.49176252]
[0.49176252]
[0.4143123]
[0.48918328]
[0.5130295]
[0.4880531]
[0.48675573]
[0.5191139]
[0.47722214]
[0.47722214]
[0.4873071]
[0.4228427]
[0.4228427]
[0.4228427]
[0.4228427]
[0.51823324]
[0.51657367]
[0.4814939]
[0.4814939]
[0.4814939]
[0.4814939]
[0.4814939]
[0.4814939]
[0.4814939]
[0.4814939]
[0.4814939]
[0.4814939]
[0.4814939]
[0.4814939]
[0.4814939]
[0.4814939]
[0.4814939]
[0.4814939]
[0.4814939]
[0.4814939]
[0.4814939]
[0.504532]
[0.504532]
[0.4242224]
[0.51682425]
[0.4798753]
[0.4798753]
[0.4798753]
[0.4798753]
[0.4798753]
[0.4798753]
[0.4798753]
[0.4798753]
[0.4798753]
[0.4798753]
[0.4798753]
[0.4798753]
[0.4798753]
[0.4798753]
[0.4798753]
[0.4798753]
[0.41665515]
[0.41665515]
[0.47774902]
[0.47774902]
[0.47774902]
[0.47948745]
[0.47948745]
[0.4141096]
[0.4141096]
[0.4141096]
[0.4141096]
[0.4141096]
[0.4141096]
[0.4141096]
[0.5197515]
[0.5068599]
[0.5068599]
[0.5068599]
[0.48912928]
[0.4344286]
[0.51095337]
[0.51095337]
[0.47922087]
[0.47922087]
[0.47922087]
[0.47922087]
[0.47922087]
[0.4134817]
[0.4134817]
[0.4134817]
[0.4134817]
[0.4134817]
[0.4134817]
[0.4189679]
[0.4245972]
[0.5071997]
[0.4129695]
[0.4129695]
[0.4129695]
[0.5093257]
[0.5145984]
[0.41064754]
[0.41064754]
[0.51471317]
[0.51471317]
[0.4257596]
[0.4257596]
[0.42424446]
[0.42424446]
[0.42865354]
[0.42865354]
[0.4193381]
[0.4193381]
[0.4193381]
[0.4193381]
[0.4193381]
[0.49336243]
[0.49336243]
[0.48981357]
[0.48981357]
[0.48791876]
[0.48791876]
[0.48941442]
[0.4727393]
[0.4727393]
[0.4727393]
[0.4727393]
[0.4727393]
[0.4727393]
[0.4727393]
[0.4727393]
[0.4727393]
[0.4727393]
[0.4727393]
[0.4727393]
[0.4727393]
[0.4727393]
[0.4727393]
[0.4727393]
[0.4727393]
[0.4727393]
[0.4727393]
[0.4727393]
[0.4727393]
[0.4727393]
[0.4727393]
[0.4727393]
[0.4727393]
[0.4727393]
[0.4727393]
[0.4727393]
[0.4727393]
[0.4727393]
[0.4727393]
[0.4727393]
[0.4727393]
[0.4727393]
[0.4727393]
[0.4727393]
[0.4727393]
[0.4727393]
[0.4727393]
[0.4727393]
[0.4727393]
[0.4727393]
[0.4727393]
[0.4727393]
[0.4727393]
[0.4727393]
[0.4727393]
[0.4727393]
[0.4727393]
[0.4727393]
[0.4727393]
[0.4727393]
[0.4727393]
[0.4727393]
[0.4727393]
[0.4727393]
[0.4727393]
[0.4727393]
[0.4727393]
[0.4727393]
[0.4727393]
[0.4727393]
[0.4727393]
[0.4727393]
[0.48792002]
[0.41800958]
[0.41800958]
[0.41800958]
[0.41800958]
[0.41800958]
[0.41800958]
[0.41800958]
[0.41800958]
[0.41800958]
[0.41800958]
[0.41800958]
[0.41800958]
[0.41800958]
[0.42403278]
[0.42403278]
[0.42403278]
[0.42403278]
[0.4257652]
[0.4257652]
[0.4257652]
[0.4257652]
[0.4257652]
[0.4257652]
[0.4257652]
[0.4257652]
[0.4257652]
[0.4257652]
[0.4257652]
[0.4257652]
[0.4257652]
[0.4257652]
[0.4257652]
[0.4257652]
[0.4257652]
[0.4257652]
[0.4257652]
[0.4257652]
[0.4257652]
[0.4257652]
[0.4257652]
[0.4257652]
[0.42537192]
[0.42537192]
[0.42537192]
