4.232266375474859
4.150966773352844
4.476689420044483
4.244146614201651
4.244146614201651
4.244146614201651
4.692856986718262
4.286300990859474
4.351925791920483
3.866412000662553
4.322879340709385
4.390423341222754
4.807907463281351
4.67821840998939
4.424284461431364
4.626586770598541
4.860049701803914
4.706963724609022
4.257891546994979
4.257891546994979
4.559375165976194
4.513263092423017
4.328872067686275
4.69557840683999
5.057308799455052
3.8380559042792894
4.436579194065564
4.683872109973308
4.683872109973308
4.249886100343175
4.249886100343175
4.8861489070709565
4.8861489070709565
3.7928623234306125
3.7928623234306125
3.7928623234306125
4.6800543009448745
4.840398251654796
4.785969028428446
3.9024192418207697
4.152954165610453
4.708427394111607
4.033525453934107
5.2234195463787545
4.981858913697246
4.8865113129036875
4.941173005984475
4.941173005984475
4.941173005984475
4.948848585664653
4.998851297551015
4.9584215564290055
4.833419394111607
3.9620380675457962
3.9620380675457962
4.560959457474169
4.215085044098655
4.117966473190474
4.619981967595628
5.0176371729732665
5.0176371729732665
5.008043666981769
5.032619462059774
5.032619462059774
4.640460429134089
4.5867313730002
4.777402820215235
4.944802009496222
4.3238417169470065
4.049373545095078
5.000776871465728
4.087295959671462
3.7825328273562118
3.7825328273562118
4.665443217609486
4.665443217609486
4.801010543697096
4.288898726713777
4.7085624884351684
4.412133367008714
3.6733699618708364
5.059936089017924
4.850747230325443
4.5134012384384015
5.0374717849843735
4.516768197867622
4.086898116071458
5.176572928674851
5.671471470238615
4.7050600991049585
4.927093763618802
4.832364869159415
4.7075455678118985
4.490546667442056
4.943780696709887
4.943780696709887
3.84597968257839
4.418113969612689
4.418113969612689
4.226994217278417
4.226994217278417
4.226994217278417
4.987761486850344
5.041744214535022
4.753825735194991
4.3864002731944876
4.595690345230188
4.595690345230188
4.595690345230188
4.595690345230188
4.595690345230188
4.327081189060109
4.327081189060109
4.327081189060109
5.064186689788109
4.605290459732124
4.605290459732124
4.3812959362137045
4.357126588983961
5.003490439304924
4.362924483720803
4.362924483720803
4.362924483720803
4.8296686032255085
4.942964624880837
4.922679354151525
4.096843571620276
4.052548227973604
4.9891085297571856
4.9891085297571856
4.9891085297571856
4.9891085297571856
4.417433706703713
5.5869923196133655
5.5869923196133655
4.905758875673781
4.217702249514217
4.217702249514217
4.795895547633135
4.990630215107011
4.027883455867593
4.850963735433178
4.850963735433178
4.826840598788996
4.826840598788996
4.335894854699088
5.205795775844999
3.809314786263923
5.090946944747564
4.441230217098392
5.35503546203537
5.35503546203537
5.35503546203537
4.338057249521407
4.338057249521407
4.338057249521407
4.064518991097351
4.064518991097351
4.9868956235220745
4.835328961094674
4.757860989542262
4.681256732116191
5.074634998998083
4.974046600407329
4.03403965535967
5.055384080000388
5.199909612091935
5.199909612091935
4.505559370341671
4.006158639449
4.438391852141855
4.998556616343967
5.187503164103481
4.568353029354576
4.568353029354576
4.85918453989906
4.32404020658323
4.32404020658323
4.32404020658323
4.4027990391682845
4.4027990391682845
4.4027990391682845
4.4027990391682845
4.4027990391682845
4.4027990391682845
4.4027990391682845
4.4027990391682845
4.045809516832533
4.955790107664627
4.023233469184316
4.023233469184316
4.476437259322536
4.700092880994562
4.595582129538947
4.734154004536464
4.42992384512859
4.037378947141308
4.706238400986798
4.153518896676269
4.8766431473579
4.8766431473579
5.135710244308918
4.795430512522927
4.795430512522927
4.795430512522927
5.002492422633135
4.6651644194561
4.909258181206578
4.906938386052906
4.540274891006482
4.159876301859238
5.135685027631171
5.135685027631171
4.382192889677494
4.599881454708918
4.599881454708918
4.693511820913637
4.545422149498
5.095201457441599
4.241738807038161
4.363016486658289
4.523554002610376
5.615951243161461
4.500013715427327
5.201443904911747
5.201443904911747
4.206688929710463
4.339828073682918
5.570031034867505
5.027610580218848
5.050074399162603
4.761213584993132
5.260463528286558
4.9104012183025
5.046139376297579
4.948074842001173
4.948074842001173
4.948074842001173
4.948074842001173
4.876793569551333
4.202454845591766
4.905134826748254
4.905134826748254
4.98976465654497
4.388889207497753
5.155441941863904
4.535549676603379
5.344852462703042
4.633501643708988
4.863362514414227
5.118701418844896
5.013226776795386
4.852391213746616
4.370440143825752
5.279562010498635
4.612362364298145
4.997350042535262
5.0928641118856
5.493926938615979
4.422871650279198
5.062809659903319
4.987847032509126
5.415811918280596
4.654500784730709
4.909915487623439
5.0247724648171
4.955502137250534
4.955502137250534
4.914772498265926
4.5102110004951985
4.545486042356275
5.661034110658141
5.091647300534147
3.931753849271921
4.414026569194245
4.184909320767681
4.226499638073584
4.105016221866583
4.522591497283023
4.5750897850053045
4.694175856022932
4.662941146348999
4.394533989065685
5.057716941863904
4.5173812125401405
4.5173812125401405
4.98858042770848
4.410116388157264
4.746716938579885
4.071849005452937
4.854380892895713
4.8039665015771496
4.496862354007736
4.104626947141307
4.486784269261868
4.727266413827762
5.108266377479461
4.811909760007765
5.551992323231363
4.820895188686868
5.0965063637403025
3.9353071492264036
4.222152879214465
5.347626504245009
4.6639871832331465
4.44454833343749
4.71005287985477
4.973672140979903
4.875452219141038
5.112736593151078
4.244288944297439
4.994200594509534
4.767431058171853
5.2785582596062275
4.627723673258897
4.658508005577405
3.7244347448839026
4.913129872090971
5.101727045675442
4.754943761368532
4.706159992679486
5.033732116248664
4.534997446632095
4.746333855688228
4.010293016695628
5.243825836094674
4.93567228289718
5.07478878436407
5.099146810041972
5.552301565443685
4.96341096240251
5.468311922121027
5.009617985813882
5.045020085968483
5.0171629542711305
5.1776276010116415
5.139511158284437
5.06797937650251
4.728056692520917
4.366010116541271
4.918916209512798
4.738799205125279
4.588340470955135
5.488136536490694
4.636794537852094
5.478917263368729
5.147993738322242
5.56006893653005
5.109991905190006
4.747530298812984
4.956880224697422
5.182163637987793
5.204259215454578
5.681114027746942
5.32124552919032
5.1194275145244905
5.013906370177257
5.204119805131989
5.890810681195527
5.440401119810376
4.923462937538947
5.436807373649122
3.9696327824250055
4.998377539177982
5.282646931994735
5.406879853476912
4.542099061412735
4.465680952963241
5.2809743202481005
5.812318932573145
5.525497082803848
5.653719492221397
5.578386332759716
5.755734410171939
4.992375341368044
4.350427998444302
5.669249935987704
3.6807800474458015
3.1014545818405566
3.43297842669502
4.882973997570731
4.537058326699777
3.18434193539664
3.961861853886788
4.336576119586644
4.443866150018524
4.2694644094684
6.227384209382741
5.012926344827419
4.193012022621564
3.400693444213763
4.08356049064942
4.866455318409181
4.869600878662972
4.193595442242449
3.9133112513557453
2.317108234402932
6.370905217166113
4.3948609491275885
2.246091278326274
2.8754521203020946
3.3891733566284756
2.605208212955988
2.967772584209799
2.475117012613758
3.0742811556383707
2.5179901525885384
4.991581440661394
2.7591001768170074
2.934835376417526
5.152177385561453
2.615825063977095
5.0837297651578455
4.610752471034683
2.9267406917762653
4.413817706810516
4.234613179684586
3.750125490322059
3.040964730942676
4.090487199244273
2.667255662678306
3.464016609423867
2.9118444535681114
3.3047725087690614
4.38611595625286
4.38611595625286
3.3331372580280085
2.6634002489693245
4.4025342227192255
6.045737239398025
2.112885253391843
4.514711458327037
3.7899031924811366
3.7899031924811366
3.599188240593853
4.396807152759916
3.128563658532734
5.658596874982239
5.6459844254003375
4.8430514923054915
4.113988597444745
4.054249346327292
5.115767045020489
6.642317613057594
5.687920976555271
4.904505305365287
5.31314801465419
5.118308605053204
5.357362085466578
5.544200003495526
5.362728916265012
5.801664961523841
4.711821210963263
2.6439425198135886
6.368991745466392
5.839120305855775
3.622650042245307
5.016393713709927
5.182691043323318
5.189987196686883
4.842152802317861
5.654745080563821
5.819850581487151
5.470912146422032
5.693685152900793
6.520086805752547
6.677493918238052
6.368972788033671
6.657531839033845
5.872740788548949
5.497287831643605
5.566785427950113
5.428303604700186
4.813405433953831
6.312263957276756
4.574544857712114
5.189698648100383
5.809335604876396
6.629877206602115
6.62223180662287
5.554973732318524
6.075193240888306
5.556396502646283
7.494611098127942
5.04433934745378
5.843875936940658
5.619052280783472
5.888989008079516
5.962530824402131
7.007983809027479
6.7686611510999
5.308408358353043
6.006706758638868
5.843051654113656
7.127464605092026
5.6656895284827975
5.47485346457635
6.178904671466656
7.353473734063469
5.652792061640013
