[0.06781468]
[0.0665094]
[0.06653828]
[0.06653828]
[0.06602897]
[0.06602897]
[0.06602897]
[0.0655671]
[0.0655671]
[0.0655671]
[0.0655671]
[0.0655671]
[0.0656267]
[0.06781489]
[0.06781489]
[0.06584555]
[0.06781654]
[0.06653839]
[0.06653839]
[0.06653839]
[0.06653839]
[0.06653839]
[0.06653839]
[0.06653839]
[0.06653839]
[0.06653839]
[0.06653839]
[0.06653839]
[0.06653839]
[0.06653839]
[0.06653839]
[0.06536455]
[0.06536453]
[0.06660299]
[0.06660299]
[0.06660299]
[0.06940094]
[0.06644862]
[0.06650499]
[0.06673266]
[0.06608563]
[0.06781027]
[0.06781027]
[0.06781027]
[0.06781027]
[0.06781027]
[0.06781027]
[0.06781027]
[0.06781027]
[0.06781027]
[0.06781027]
[0.06781027]
[0.06781027]
[0.06669553]
[0.06645425]
[0.06653567]
[0.06653567]
[0.06653567]
[0.06653567]
[0.06653567]
[0.06653567]
[0.06653567]
[0.06601453]
[0.06601453]
[0.06601453]
[0.06601453]
[0.06601453]
[0.06601453]
[0.06601453]
[0.06601453]
[0.06601453]
[0.06601453]
[0.06608748]
[0.06604972]
[0.06681304]
[0.06681304]
[0.0661527]
[0.0661527]
[0.0657452]
[0.06538401]
[0.06530447]
[0.06551339]
[0.06551339]
[0.06642845]
[0.06623535]
[0.06670956]
[0.06736732]
[0.06544001]
[0.06607506]
[0.06656513]
[0.06657017]
[0.06645714]
[0.06627427]
[0.0661018]
[0.06681965]
[0.0653309]
[0.0654212]
[0.06603635]
[0.06603635]
[0.06603635]
[0.06604981]
[0.06540782]
[0.06538024]
[0.06538024]
[0.06538024]
[0.066903]
[0.066903]
[0.066903]
[0.06531484]
[0.06681286]
[0.06621798]
[0.06681301]
[0.06533194]
[0.06533194]
[0.06709818]
[0.06709818]
[0.06709818]
[0.06709818]
[0.06725815]
[0.06917176]
[0.06627747]
[0.06584208]
[0.06673446]
[0.06673446]
[0.06673446]
[0.06673446]
[0.06660176]
[0.06649163]
[0.06649163]
[0.06649163]
[0.06649163]
[0.06651738]
[0.066811]
[0.06650856]
[0.06658217]
[0.06560214]
[0.06589597]
[0.0656185]
[0.0665295]
[0.06734522]
[0.06798379]
[0.06692658]
[0.06697731]
[0.06697731]
[0.06697731]
[0.06862537]
[0.06609906]
[0.06824486]
[0.06645401]
[0.0688557]
[0.06578006]
[0.06544482]
[0.06652229]
[0.06578373]
[0.06717847]
[0.06718765]
[0.06724723]
[0.06607953]
[0.06795949]
[0.06659111]
[0.06543543]
[0.06781539]
[0.06711977]
[0.0689474]
[0.0659118]
[0.06546934]
[0.07245564]
[0.06742087]
[0.0661857]
[0.06702591]
[0.0661753]
[0.07186375]
[0.06644701]
[0.06782924]
[0.06591935]
[0.06872719]
[0.06588983]
[0.06998505]
[0.06670465]
[0.06567062]
[0.06863248]
[0.0676123]
[0.06765295]
[0.06844586]
[0.06736942]
[0.07014347]
[0.06771406]
[0.06787442]
[0.07171263]
[0.06610367]
[0.06799127]
[0.06954136]
[0.06808742]
[0.0656907]
[0.06682712]
[0.0676396]
[0.06673598]
[0.07094482]
[0.06718953]
[0.0658439]
[0.06581639]
[0.06965772]
[0.07111096]
[0.06550171]
[0.07364201]
[0.06740811]
[0.06578857]
[0.06766826]
[0.06632913]
[0.0666834]
[0.06782158]
[0.06859256]
[0.06863645]
[0.06608678]
[0.06567211]
[0.06797297]
[0.06595773]
[0.06693041]
[0.6712516]
[0.06668793]
[0.6876828]
[0.6167429]
[0.60830396]
[0.60830396]
[0.60830396]
[0.60830396]
[0.60830396]
[0.6187458]
[0.6187458]
[0.5663504]
[0.59929156]
[0.07075722]
[0.5586928]
[0.5586928]
[0.5586928]
[0.5586928]
[0.621479]
[0.621479]
[0.621479]
[0.5811357]
[0.5811357]
[0.5811357]
[0.5811357]
[0.6078422]
[0.57482976]
[0.57482976]
[0.57482976]
[0.57482976]
[0.57482976]
[0.57482976]
[0.57482976]
[0.57482976]
[0.57482976]
[0.57482976]
[0.57482976]
[0.60903996]
[0.06623514]
[0.60116094]
[0.54288656]
[0.5686383]
[0.5520236]
[0.06594621]
[0.5381696]
[0.06633654]
[0.5538136]
[0.5538136]
[0.5538136]
[0.5538136]
[0.5538136]
[0.5538136]
[0.5538136]
[0.5538136]
[0.5538136]
[0.5538136]
[0.5538136]
[0.5538136]
[0.5538136]
[0.5538136]
[0.5538136]
[0.5538136]
[0.5538136]
[0.5538136]
[0.5538136]
[0.5538136]
[0.5538136]
[0.56918585]
[0.57297]
[0.554169]
[0.554169]
[0.554169]
[0.06713322]
[0.53748953]
[0.55252385]
[0.58675224]
[0.58675224]
[0.58675224]
[0.06591062]
[0.57040006]
[0.57040006]
[0.5343467]
[0.5343467]
[0.5343467]
[0.5343467]
[0.5343467]
[0.5343467]
[0.06676879]
[0.06830834]
[0.5497505]
[0.5475773]
[0.06945536]
[0.07518819]
[0.6049111]
[0.47101507]
[0.57917744]
[0.57917744]
[0.06671801]
[0.61844933]
[0.53391653]
[0.6097652]
[0.45381722]
[0.49623486]
[0.5628619]
[0.38835227]
[0.5394256]
[0.5394256]
[0.5394256]
[0.5115803]
[0.5301821]
[0.06780241]
[0.4031869]
[0.5854552]
[0.39393777]
[0.6026052]
[0.47296482]
[0.5185684]
[0.5826114]
[0.53608644]
[0.55499846]
[0.57594305]
[0.06783359]
[0.38254142]
[0.38254142]
[0.37271664]
[0.44791216]
[0.46446112]
[0.34660345]
[0.3411442]
[0.24705744]
[0.45883512]
[0.45883512]
[0.47943413]
[0.0676931]
[0.5340129]
[0.07647564]
[0.41533938]
[0.5299049]
[0.0704169]
[0.06980231]
[0.43837917]
[0.41737044]
[0.459181]
[0.45436832]
[0.5055671]
[0.5055671]
[0.41601446]
[0.41601446]
[0.0715213]
[0.47596958]
[0.47596958]
[0.47596958]
[0.4037069]
[0.07030059]
[0.45816424]
[0.430773]
[0.41915467]
[0.30389076]
[0.5847474]
[0.39749318]
[0.39749318]
[0.07319653]
[0.26602933]
[0.38023147]
[0.57334965]
[0.3300882]
[0.3637261]
[0.07380541]
[0.35444203]
[0.06652652]
[0.36046892]
[0.27898693]
[0.07178803]
[0.61674273]
[0.32547894]
[0.26874554]
[0.2591469]
[0.35664102]
[0.35664102]
[0.27216604]
[0.4373601]
[0.35665894]
[0.06700567]
[0.41196474]
[0.21046422]
[0.36191007]
[0.32978615]
[0.32978615]
[0.36392692]
[0.07574282]
[0.3446333]
[0.08176374]
[0.5196007]
[0.08203328]
[0.06715236]
[0.07635392]
[0.3427189]
[0.3427189]
[0.20218317]
[0.23033087]
[0.08505701]
[0.40152383]
[0.10011385]
[0.3638575]
[0.1513497]
[0.47970614]
[0.47970614]
[0.09583808]
[0.39977023]
[0.296322]
[0.20753679]
[0.23531936]
[0.25180972]
[0.18575951]
[0.23642127]
[0.10687646]
[0.14746062]
[0.1032836]
[0.10615864]
[0.23834471]
[0.23834471]
[0.31550336]
[0.08727033]
[0.2511696]
[0.35934213]
[0.12217029]
[0.22001286]
[0.20472944]
[0.28559074]
[0.1172503]
[0.2753825]
[0.16599233]
[0.26830092]
[0.15842727]
[0.31504014]
[0.08763803]
[0.34621558]
[0.06678942]
[0.27597988]
[0.25927442]
[0.06719826]
[0.25080258]
[0.25822362]
[0.51867056]
[0.24327385]
[0.15694016]
[0.09220903]
[0.20282608]
[0.14509544]
[0.06826046]
[0.19875084]
[0.17937998]
[0.06802099]
[0.25026286]
[0.06716765]
[0.48217884]
[0.0674258]
[0.06857722]
[0.2614659]
[0.06669199]
[0.12840147]
[0.06857197]
[0.06636248]
[0.06565835]
[0.06654171]
[0.06874786]
[0.06567125]
[0.06965078]
[0.06947265]
[0.06669039]
[0.06706755]
[0.06707901]
[0.06619766]
[0.06904323]
[0.06744214]
[0.06990653]
[0.06771275]
[0.06541301]
[0.06774286]
[0.06890912]
[0.3525927]
[0.3041766]
