3.613556050751356
3.613556050751356
3.613556050751356
3.75821122868601
3.509248110289379
3.7082741269232624
3.7082741269232624
3.7082741269232624
3.7082741269232624
3.7082741269232624
3.825030544678482
3.956583581115728
3.923763918089324
3.810324401648537
3.507998599799868
3.507998599799868
3.507998599799868
3.86243773607651
3.9134510500001856
3.9134510500001856
3.800081841989261
3.5395051708793055
3.5634746905583032
3.2154582560450535
3.6119605578418277
3.6119605578418277
3.6119605578418277
3.6119605578418277
3.759029346703482
3.698505732667
3.9350679748032995
4.278129388128034
4.278129388128034
3.929720635126081
3.929720635126081
3.7772180829672184
3.7606645115386472
3.4945065150552814
3.6231759424572116
3.6231759424572116
3.6231759424572116
3.6231759424572116
3.6231759424572116
3.6231759424572116
3.6700991269232635
3.967799730018392
3.506545173226442
3.506545173226442
3.9361463796705163
3.7024470385899937
3.7024470385899937
3.780525993104419
3.7792150609891966
3.860275802597071
3.4909208444044584
3.4909208444044584
3.4909208444044584
3.7506062697804063
3.7506062697804063
3.4637104530736487
4.123727148901284
3.8885352614194737
3.6738235774727137
3.487469369030638
3.487469369030638
3.98075281188496
3.8779826434067797
3.6297782632036686
3.6297782632036686
3.6297782632036686
3.6297782632036686
3.6297782632036686
3.6297782632036686
3.6297782632036686
3.5143560823173505
3.5143560823173505
3.5143560823173505
3.5143560823173505
3.5143560823173505
3.5143560823173505
3.5143560823173505
3.5143560823173505
3.5143560823173505
3.456496058079672
3.456496058079672
3.456496058079672
3.67676966932909
3.67676966932909
3.6345591592404283
4.95075257964162
3.975203914485183
4.026311327072595
3.4399462284954865
3.4399462284954865
3.4399462284954865
3.99594462895144
4.262706269780406
3.3838398997354773
3.3838398997354773
3.7749302461138603
3.470639689515987
3.5546467116879805
3.5546467116879805
3.5565019042063053
3.945924794158965
4.2901818192309555
3.7532048278791112
4.034380684330719
3.8729865718278402
4.135755170879307
4.135755170879307
4.135755170879307
4.135755170879307
4.135755170879307
4.135755170879307
3.62617762077889
3.62617762077889
3.62617762077889
3.62617762077889
3.62617762077889
3.62617762077889
3.8973235774727133
3.7997866563702702
3.7997866563702702
3.7997866563702702
3.7997866563702702
3.7997866563702702
3.7997866563702702
3.5855312697804056
3.5855312697804056
3.5855312697804056
3.5855312697804056
3.9262241269232634
3.9262241269232634
3.9262241269232634
3.9262241269232634
3.9262241269232634
4.104269369030637
3.663156491787398
3.684138962088097
3.6411809774222457
3.6850554840470666
4.207035212081449
3.4403259359046414
4.198436169625603
3.468355338909186
3.468355338909186
3.468355338909186
3.468355338909186
3.468355338909186
3.468355338909186
3.468355338909186
3.468355338909186
3.468355338909186
3.468355338909186
3.468355338909186
3.80525849017814
3.889930720329856
3.889930720329856
4.2309820939562295
4.2309820939562295
4.2309820939562295
3.6683741448083165
3.6683741448083165
3.88710139602734
3.88710139602734
3.7527465718278403
3.7527465718278403
3.834741816583085
3.9213629294604866
3.837609566483702
3.8077787396600087
3.722643921327534
3.4106291758602953
4.205631269780405
4.213189786263921
4.0813997690434745
3.776687789058803
3.776687789058803
3.776687789058803
3.776687789058803
3.776687789058803
3.776687789058803
3.776687789058803
3.776687789058803
3.776687789058803
3.776687789058803
3.776687789058803
3.776687789058803
3.776687789058803
3.776687789058803
3.776687789058803
3.776687789058803
3.776687789058803
3.7329188037877934
3.7329188037877934
3.7329188037877934
4.212973814951956
4.212973814951956
4.957289498234621
3.6980362148353505
3.6980362148353505
3.6929379766585537
3.8724427753833206
3.855582368681504
3.855582368681504
3.855582368681504
3.855582368681504
3.4595688420431694
3.8324661435497562
3.85439634827513
3.4055222887017838
4.077554346703481
4.139553433400002
4.058236459736637
3.350520844404457
4.278664054898227
3.805715610439747
3.805715610439747
3.99480188993867
3.910563155797327
3.86103264340678
3.8109467004162045
3.8109467004162045
4.335381388877192
3.2398038119287467
3.6682930365279294
3.540467410988681
3.714073844555113
3.714073844555113
3.451236504865366
3.825908023891637
3.3805472684722027
3.7253689494502176
3.9009328043073195
3.992981528165142
3.785903649735477
3.866387085874809
3.9276136873628236
3.212287704810059
3.212287704810059
3.212287704810059
3.5789043340656015
3.8108757184105624
3.8108757184105624
3.6087951783570364
4.213899772602968
3.4666059537993377
3.5415763999600145
3.5415763999600145
4.156623774625042
4.384564786263922
3.7387364895606243
3.7387364895606243
3.7387364895606243
4.315790855143405
4.315790855143405
4.061678639540067
3.784987588461724
3.6373785225276585
3.7929738521979868
3.990885539491238
3.990885539491238
3.6882067116879806
3.6882067116879806
3.6882067116879806
3.6882067116879806
4.06775254129835
3.142145373181762
4.339895203378816
3.7205261522474213
3.871887231012691
3.909731746653014
3.722196421725526
5.333362683146678
4.020740138261406
4.020740138261406
4.020740138261406
4.034593357692493
3.7626520263732948
4.258125500549636
4.213850775274912
3.7330558891811485
4.304422753296889
3.9713582629892326
4.052742211925825
3.578697013441502
3.594491709340846
3.5610883995991394
4.409618180219448
4.507798320079589
4.055086726658554
3.9532539844152534
4.101997101548814
4.068281607635406
3.6918805578418263
3.602796421725526
3.887034963436231
3.696579515120092
3.7644610153446294
3.511528156597101
3.7061852843508607
3.827911121028812
5.241278032342022
4.066569635763066
3.467134248615423
3.9973940007939017
4.1520489146121085
3.964360390659526
3.8035828289147053
4.630519735843542
4.257623660620818
3.7036035225276596
4.277402929460485
4.277402929460485
4.225901718849494
3.5919373410586104
3.6566369053020376
4.402351702679103
4.268835561927057
3.91510289568651
4.301726431967699
4.813160271949313
3.84435759654121
4.125753155364785
4.378432252690711
3.95538494696856
4.077779923634702
3.9088128655341343
4.182962015120092
4.186231503881676
4.192921311081611
4.0997645543987264
3.804201160066982
3.429725918209562
4.1847684173442214
5.090804254408962
4.83668702092306
3.561824993211127
4.359558655462905
3.7131667364272234
4.321627843131332
4.2499351265134155
4.2499351265134155
5.433491970373213
3.5418019631835556
5.622229620526526
3.8833980403593085
4.1928149409259134
4.16814688918449
4.441311928902847
4.66853818685361
4.635733203483689
5.744244122807934
4.561704395644819
4.243710968463988
3.8698336831108975
3.6769443340656034
4.041889025275822
4.507700701366725
4.189925763322469
4.422200055729444
4.016074274148249
4.803396196183311
4.441639329347317
4.5383469233764835
3.8064271143779873
3.8064271143779873
4.554070546894225
3.7646832984724563
4.4656906442367745
4.582739992397549
3.2506892926398967
5.099272714726394
3.9486907939597398
4.625133317033217
4.450032686266857
3.8969637722029216
3.7836377708766626
3.684046110340746
4.654248736096228
5.560529746057676
5.0983515406960915
3.7049033508972844
3.8033277541783583
4.867540217465623
3.529639648664115
4.382718611809539
4.330464268156875
3.6027551055483586
4.904747571381742
4.07007779743138
3.451972240223001
2.557785840193098
2.429117198449511
2.429117198449511
5.00458584088805
3.009400019641763
3.329909951681845
3.3204664687640193
4.911798733487774
3.490318919069776
3.7169351238716377
2.261207740826876
3.1701835176063557
2.5974494347942834
3.0633033084950796
2.879496703205268
2.986383472043638
2.5508073639801836
3.5081158577371667
2.810168125374659
1.6678453858798363
2.0741618789585186
3.050959707807632
3.579614587335385
3.4336237277506747
1.9986247327901374
3.603547968689254
3.756566978839209
3.756566978839209
5.729725995496629
3.469224626207793
5.107666428106116
3.4554383491253207
3.4554383491253207
1.6322267225759273
2.15074244359859
2.808363253018557
3.813752453970748
2.92195888837988
2.294327667601314
5.4826125733103455
2.7340496587636327
1.3661344318459836
2.9973975852764596
2.971857586995286
2.609385967196454
2.8028340977787067
2.4409060004319443
2.4409060004319443
3.420119423376483
1.1518802358387852
2.6152752372308097
2.0027239789902556
2.5656266554555653
2.3768805147493115
3.388377870030462
3.975388494695393
3.7145194268518207
3.6636603327263995
4.175720020574216
3.6636468535426925
3.8745776207788882
3.771855525333617
3.9549900227380537
4.653630738775673
1.8708028831590298
4.162794000793902
4.068138084210105
2.5773981224938094
1.9197147764563258
1.659109300809794
1.659109300809794
1.659109300809794
2.4330750930441685
4.970861810804962
2.9416536626152148
3.4417109881220913
4.353841249082423
3.0733915747031277
3.816052386258975
4.119591547098136
4.099852221888597
3.898492277237211
4.4952686763877825
4.836539011858202
4.42253830389633
4.202175207862225
4.399460582169222
4.1664253745009905
5.069840778003202
4.843279570055206
4.21723351652394
4.059400896556994
5.002204826242353
5.26329980191821
6.086178869791308
5.312214878065337
3.9259581742157295
4.257737297577911
4.273813339056185
4.445856472609748
3.5873790813524433
5.697790446168452
3.42401048639222
4.585939627011322
3.6022782809894345
5.235941762898472
4.680867389012398
