[0.80977774]
[0.80977774]
[0.80977774]
[0.81583446]
[0.810236]
[0.8322186]
[0.8322186]
[0.8322186]
[0.8322186]
[0.8322186]
[0.8322186]
[0.8322186]
[0.8322186]
[0.8322186]
[0.8322186]
[0.8322186]
[0.8322186]
[0.8322186]
[0.8322186]
[0.8322186]
[0.8322186]
[0.676858]
[0.7951498]
[0.06250866]
[0.06257799]
[0.06257799]
[0.06257799]
[0.76179445]
[0.06219899]
[0.06219899]
[0.06219899]
[0.06223325]
[0.7829643]
[0.7829643]
[0.7829643]
[0.7829643]
[0.7829643]
[0.7829643]
[0.7829643]
[0.7829643]
[0.7829643]
[0.7829643]
[0.7829643]
[0.7829643]
[0.7829643]
[0.7829643]
[0.06230784]
[0.06250064]
[0.06250064]
[0.06250064]
[0.06250064]
[0.06250064]
[0.06250064]
[0.06250064]
[0.06250064]
[0.06250064]
[0.06250064]
[0.06250064]
[0.06250064]
[0.774838]
[0.0623706]
[0.0623706]
[0.0623706]
[0.0623706]
[0.0623706]
[0.0623706]
[0.0623706]
[0.0623706]
[0.06230681]
[0.06230681]
[0.06230681]
[0.78220695]
[0.06274848]
[0.7659505]
[0.06295913]
[0.06295913]
[0.06295913]
[0.06256436]
[0.06234732]
[0.06258166]
[0.06234732]
[0.06226845]
[0.06226845]
[0.06226845]
[0.06226845]
[0.06226845]
[0.06226845]
[0.06226845]
[0.06226845]
[0.06226845]
[0.06226845]
[0.06226845]
[0.06226845]
[0.06226845]
[0.06226845]
[0.06226845]
[0.06226845]
[0.06226845]
[0.06271579]
[0.06271579]
[0.06271579]
[0.06271579]
[0.06258216]
[0.06269685]
[0.06294632]
[0.06294632]
[0.06294632]
[0.06236862]
[0.06236862]
[0.06236862]
[0.06300773]
[0.06513172]
[0.06513172]
[0.06513172]
[0.06513172]
[0.06513172]
[0.06513172]
[0.06513172]
[0.06513172]
[0.06278518]
[0.06278518]
[0.0626252]
[0.0626252]
[0.06279826]
[0.06279826]
[0.06262571]
[0.06267514]
[0.06267514]
[0.06239226]
[0.06293382]
[0.06281164]
[0.06234372]
[0.06282424]
[0.06270654]
[0.06252672]
[0.0628479]
[0.06236536]
[0.06243082]
[0.06276461]
[0.06276461]
[0.06276461]
[0.06276461]
[0.06276461]
[0.06276461]
[0.06240327]
[0.06281783]
[0.06228334]
[0.06285201]
[0.06285201]
[0.06285201]
[0.06285201]
[0.06285201]
[0.06285201]
[0.06285201]
[0.06285201]
[0.06285201]
[0.06285201]
[0.06285201]
[0.06285201]
[0.0624002]
[0.06318108]
[0.06313974]
[0.06293435]
[0.06293435]
[0.06293435]
[0.06293435]
[0.06293435]
[0.06293435]
[0.06293435]
[0.06293435]
[0.06293435]
[0.06263214]
[0.06279826]
[0.06279826]
[0.06279826]
[0.06279826]
[0.06279826]
[0.06284922]
[0.06229101]
[0.0625985]
[0.06310771]
[0.06293549]
[0.06444408]
[0.06534674]
[0.06471857]
[0.06471857]
[0.06471857]
[0.06471857]
[0.0628264]
[0.06400957]
[0.06400957]
[0.06400957]
[0.06920153]
[0.06318598]
[0.06325323]
[0.06899264]
[0.06376453]
[0.06319468]
[0.06319468]
[0.06319468]
[0.06319468]
[0.06344564]
[0.06308026]
[0.06284423]
[0.06389715]
[0.06389715]
[0.06389715]
[0.06389715]
[0.06389715]
[0.06389715]
[0.06389715]
[0.06389715]
[0.06389715]
[0.06389715]
[0.06389715]
[0.06389715]
[0.06245249]
[0.06243955]
[0.06234039]
[0.06234039]
[0.06371842]
[0.06312823]
[0.06315453]
[0.06279866]
[0.06296796]
[0.06393918]
[0.0628419]
[0.06409583]
[0.06409583]
[0.06409583]
[0.06409583]
[0.06409583]
[0.06294034]
[0.06284089]
[0.06423657]
[0.06423657]
[0.06423657]
[0.06423657]
[0.06338309]
[0.06471075]
[0.06445194]
[0.06654821]
[0.06295762]
[0.06345306]
[0.06426988]
[0.06703369]
[0.06382967]
[0.06382967]
[0.06302857]
[0.06263656]
[0.06443287]
[0.06443287]
[0.06382654]
[0.06382654]
[0.06382654]
[0.06497633]
[0.06329108]
[0.06326229]
[0.06383563]
[0.06383563]
[0.06483747]
[0.06227036]
[0.0642417]
[0.06319077]
[0.06401595]
[0.06421681]
[0.06367286]
[0.06413154]
[0.06413154]
[0.06327136]
[0.06649699]
[0.06652547]
[0.06469551]
[0.06515333]
[0.06515333]
[0.06515333]
[0.06515333]
[0.06488236]
[0.06713151]
[0.06353311]
[0.06452353]
[0.06452353]
[0.06452353]
[0.06452353]
[0.06345463]
[0.06234445]
[0.06251763]
[0.06333669]
[0.06539988]
[0.0632023]
[0.06468618]
[0.06301603]
[0.06888728]
[0.06631836]
[0.06631836]
[0.06588043]
[0.06602671]
[0.06600875]
[0.06507808]
[0.06408619]
[0.0641089]
[0.06656042]
[0.06656042]
[0.06656042]
[0.066778]
[0.066778]
[0.066778]
[0.06512734]
[0.06481117]
[0.06481117]
[0.06720547]
[0.06696587]
[0.06718336]
[0.06718336]
[0.06718336]
[0.06671973]
[0.06298631]
[0.06516945]
[0.0665463]
[0.06455015]
[0.06852255]
[0.06794257]
[0.06794257]
[0.06794257]
[0.06453881]
[0.06362399]
[0.06477603]
[0.06539889]
[0.07378818]
[0.06725033]
[0.06686275]
[0.06871496]
[0.551737]
[0.06799668]
[0.06500073]
[0.0641982]
[0.07424828]
[0.06390198]
[0.06349509]
[0.06415278]
[0.06919963]
[0.06844437]
[0.06844437]
[0.06844437]
[0.06797934]
[0.0717632]
[0.07476803]
[0.06691714]
[0.06393918]
[0.06994153]
[0.06466576]
[0.06803048]
[0.06803048]
[0.06803048]
[0.06818715]
[0.06916382]
[0.06916382]
[0.4142247]
[0.06488304]
[0.06574277]
[0.06574277]
[0.06474839]
[0.07019927]
[0.07673554]
[0.07189196]
[0.06788405]
[0.06924529]
[0.06452408]
[0.06565553]
[0.0906122]
[0.06609751]
[0.07866963]
[0.0637516]
[0.07022042]
[0.06648142]
[0.0665595]
[0.07130672]
[0.06757086]
[0.07629784]
[0.06844109]
[0.07549182]
[0.06667852]
[0.06839033]
[0.06815517]
[0.06971297]
[0.07247178]
[0.0648646]
[0.38023582]
[0.21842435]
[0.07263414]
[0.06975743]
[0.07098456]
[0.3836938]
[0.07372915]
[0.07238504]
[0.45431718]
[0.06652059]
[0.414761]
[0.06914566]
[0.11668532]
[0.31112477]
[0.4039591]
[0.06314272]
[0.06314272]
[0.06314272]
[0.5825268]
[0.11106946]
[0.07719666]
[0.07122616]
[0.3009208]
[0.07641396]
[0.08877214]
[0.07693549]
[0.38652882]
[0.07521261]
[0.29057485]
[0.07678356]
[0.08512756]
[0.23660631]
[0.08496549]
[0.2706995]
[0.07643028]
[0.27519003]
[0.2232944]
[0.08876026]
[0.13264756]
[0.20032026]
[0.26143792]
[0.08899672]
[0.27090913]
[0.21109736]
[0.15416235]
[0.07840008]
[0.14306977]
[0.22869408]
[0.20610541]
[0.14239472]
[0.10095178]
[0.07810301]
[0.10242746]
[0.08852321]
[0.3253694]
[0.211487]
[0.211487]
[0.211487]
[0.211487]
[0.211487]
[0.19047631]
[0.36098504]
[0.10048914]
[0.12073325]
[0.14011551]
[0.14011551]
[0.11120258]
[0.3235935]
[0.17428622]
[0.17428622]
[0.16474487]
[0.10882623]
[0.10546961]
[0.13847679]
[0.2532414]
[0.12345856]
[0.06673289]
[0.23397379]
[0.23165388]
[0.2357098]
[0.4141521]
[0.12097604]
[0.426799]
[0.20308901]
[0.08365377]
[0.1359602]
[0.25912425]
[0.131334]
[0.26820222]
[0.10632213]
[0.10632213]
[0.05389769]
[0.05389769]
[0.08634543]
[0.0658738]
[0.0658738]
[0.0676339]
[0.10311391]
[0.07999807]
[0.106585]
[0.53735095]
[0.15137559]
[0.09773916]
[0.1125456]
[0.06775718]
[0.07708623]
[0.06628767]
[0.06857379]
[0.07595354]
[0.08644333]
[0.07345997]
[0.06550488]
[0.06725793]
