27.28632000000007
27.286320000000067
27.45754000000006
27.45754000000006
27.019820000000063
26.779220000000073
26.860320000000065
26.860320000000065
26.680620000000072
26.680620000000072
26.63812000000007
26.63812000000007
26.63812000000007
26.63812000000007
26.63812000000007
26.63812000000007
26.63812000000007
26.63812000000007
26.63812000000007
26.63812000000007
26.63812000000007
26.63812000000007
26.63812000000007
26.63812000000007
26.63812000000007
26.63812000000007
26.63812000000007
26.63812000000007
26.806720000000066
26.35812000000006
26.80934000000006
26.80934000000006
26.80934000000006
26.49702000000007
26.443120000000064
26.443120000000064
26.443120000000064
26.443120000000064
26.443120000000064
26.443120000000064
26.443120000000064
26.443120000000064
26.443120000000064
26.443120000000064
26.443120000000064
26.443120000000064
26.443120000000064
26.727820000000065
26.727820000000065
26.727820000000065
26.59732000000007
26.59112000000007
26.346620000000065
26.209920000000068
26.209920000000068
26.46972000000007
26.46972000000007
26.46972000000007
26.46972000000007
26.46972000000007
26.46972000000007
26.46972000000007
26.46972000000007
26.081920000000068
26.803720000000073
26.803720000000073
26.803720000000073
26.803720000000073
26.803720000000073
26.803720000000073
26.803720000000073
26.371620000000064
26.371620000000064
26.371620000000064
26.371620000000064
26.02552000000006
26.02552000000006
26.02552000000006
26.02552000000006
26.02552000000006
26.02552000000006
26.02552000000006
26.02552000000006
26.414120000000068
26.414120000000068
26.414120000000068
26.414120000000068
26.414120000000068
26.414120000000068
26.353220000000064
26.353220000000064
26.353220000000064
26.353220000000064
26.353220000000064
26.353220000000064
26.353220000000064
26.353220000000064
26.353220000000064
26.353220000000064
26.353220000000064
26.353220000000064
26.353220000000064
26.353220000000064
26.353220000000064
26.353220000000064
26.353220000000064
26.353220000000064
26.353220000000064
26.353220000000064
26.353220000000064
26.353220000000064
26.353220000000064
26.353220000000064
26.353220000000064
26.353220000000064
26.353220000000064
26.353220000000064
26.353220000000064
26.353220000000064
26.353220000000064
26.353220000000064
26.353220000000064
26.26612000000006
26.26612000000006
26.26612000000006
26.26612000000006
26.26612000000006
26.26612000000006
26.26612000000006
26.26612000000006
26.26612000000006
26.26612000000006
26.26612000000006
26.26612000000006
26.26612000000006
26.414120000000068
26.32862000000007
26.32862000000007
26.169620000000062
26.212120000000063
26.212120000000063
26.212120000000063
26.212120000000063
26.212120000000063
26.212120000000063
26.212120000000063
26.212120000000063
26.212120000000063
25.947420000000065
25.947420000000065
26.008020000000062
26.116020000000066
26.11352000000007
26.212120000000063
26.212120000000063
26.212120000000063
26.212120000000063
26.131020000000067
25.947420000000065
25.947420000000065
26.194120000000066
26.194120000000066
26.194120000000066
26.194120000000066
26.194120000000066
26.194120000000066
26.194120000000066
26.194120000000066
26.194120000000066
26.194120000000066
26.194120000000066
26.194120000000066
26.194120000000066
26.194120000000066
26.194120000000066
26.194120000000066
26.194120000000066
26.194120000000066
26.194120000000066
26.194120000000066
26.194120000000066
26.194120000000066
26.194120000000066
26.194120000000066
26.194120000000066
26.194120000000066
26.194120000000066
26.194120000000066
26.194120000000066
26.194120000000066
26.194120000000066
26.194120000000066
26.27302000000007
26.46232000000007
26.500920000000068
26.500920000000068
26.500920000000068
26.500920000000068
26.500920000000068
26.500920000000068
26.500920000000068
26.380220000000065
26.05302000000006
26.05302000000006
26.05302000000006
26.05302000000006
26.05302000000006
26.201020000000067
26.203640000000064
26.203640000000064
25.81242000000006
26.059220000000057
26.041120000000067
25.882020000000058
26.30754000000006
26.188820000000064
26.26082000000007
26.26082000000007
25.93602000000006
25.93602000000006
25.93602000000006
25.93602000000006
25.93602000000006
25.927700000000065
26.142720000000065
26.14702000000006
26.41362000000007
26.132220000000064
26.033120000000064
26.285320000000073
25.75292000000006
25.43372000000006
25.98722000000006
25.584620000000065
25.705020000000058
25.698420000000063
25.68092000000006
25.874520000000064
25.95522000000006
25.874520000000064
26.15852000000006
26.153220000000058
26.153220000000058
25.61792000000006
25.60152000000006
25.379820000000056
25.379820000000056
25.91612000000006
25.73162000000006
25.68702000000006
25.980920000000058
25.934120000000064
26.005120000000062
25.42282000000006
25.42282000000006
25.883220000000062
25.34172000000006
26.023520000000065
25.753120000000063
25.82532000000006
26.023520000000065
25.54592000000006
25.54592000000006
25.54592000000006
25.545920000000063
25.39292000000006
26.38930000000006
25.89522000000007
25.864020000000057
25.903220000000058
25.573020000000056
25.878720000000055
25.719020000000057
25.775300000000062
25.14882000000005
25.62512000000006
25.83462000000005
25.60220000000006
25.812720000000063
25.75702000000006
25.431920000000055
25.287820000000053
25.287820000000057
25.71672000000006
25.66622000000006
25.240920000000063
25.51392000000006
25.51392000000006
25.80352000000006
25.575520000000058
25.552820000000057
24.989720000000055
25.853020000000054
26.099720000000065
25.710120000000064
25.649220000000057
25.254020000000057
25.50982000000006
25.01432000000005
25.557520000000057
25.62702000000006
25.538620000000062
25.58522000000006
26.50162000000006
25.972000000000058
25.508120000000055
25.257020000000054
25.433920000000057
25.003520000000055
25.198420000000056
25.32102000000006
25.429320000000054
25.972220000000068
25.203020000000052
25.126420000000056
24.897720000000053
25.62532000000006
25.209620000000058
25.27612000000006
25.199520000000053
25.89432000000006
25.630820000000067
25.464820000000056
25.124220000000058
25.703020000000063
25.052220000000055
24.44390000000005
25.943320000000057
24.99482000000005
25.54622000000006
25.45212000000006
24.862420000000053
24.534220000000055
24.34812000000005
24.61250000000005
24.886020000000048
24.531400000000055
24.531400000000055
25.631920000000058
24.23420000000005
25.595420000000054
25.52342000000006
24.53530000000006
25.37652000000006
24.86792000000006
23.92022000000005
23.88440000000005
24.158600000000053
24.411600000000053
23.820720000000048
23.461500000000044
24.768220000000053
24.865820000000053
24.38090000000005
24.83892000000005
24.03240000000004
23.12180000000004
23.406100000000045
24.58280000000005
23.247100000000042
24.377100000000052
22.97590000000004
23.13860000000004
22.736900000000038
22.96210000000004
22.86760000000003
22.604900000000036
24.57222000000006
22.89760000000004
23.15750000000004
21.96380000000002
22.400120000000037
20.877400000000016
20.44400000000001
20.277900000000006
19.2703
18.19689999999999
18.96089999999999
18.548199999999987
18.548199999999987
18.59099999999999
18.876599999999993
17.699899999999978
17.87559999999998
17.360199999999978
18.151999999999983
25.600120000000054
18.15689999999999
16.91969999999997
17.106699999999975
16.37839999999997
16.204399999999968
16.71659999999997
16.32799999999997
16.19599999999997
15.937899999999967
16.32639999999997
15.42539999999997
14.629499999999968
14.579099999999968
14.58869999999997
14.38209999999997
15.731099999999968
14.79849999999997
14.24099999999997
13.897399999999973
8.470100000000002
13.987399999999974
13.388699999999977
13.676499999999974
6.667000000000003
13.352599999999976
13.402999999999974
4.980000000000003
13.327099999999977
15.707399999999964
6.716100000000004
15.739699999999964
7.439620000000004
12.059599999999984
6.127800000000002
12.144699999999983
11.279999999999987
1.3921999999999999
10.723799999999986
11.505119999999984
10.213299999999991
4.423800000000003
4.625100000000002
10.549599999999991
3.9167000000000023
8.366700000000003
10.543199999999988
9.610019999999995
8.8799
3.188600000000001
3.976600000000002
10.810819999999987
4.783600000000003
9.565099999999996
6.733100000000005
8.402200000000002
8.214700000000004
7.211400000000005
7.557420000000005
6.418900000000004
4.774700000000002
2.8043000000000005
6.055000000000004
6.326900000000005
5.214500000000003
5.770700000000003
3.6622000000000012
2.2651000000000003
4.682800000000003
4.0096000000000025
3.3114000000000017
3.959600000000002
1.6866
3.704900000000002
0.9907999999999999
4.270700000000002
3.6650000000000027
3.385200000000002
2.2118
1.6981
3.5792800000000016
0.37129999999999996
1.7485
1.9145999999999999
1.6556
24.52542000000005
1.0994
15.741599999999965
15.570199999999963
0.5601999999999999
1.28698
25.580720000000053
25.517940000000056
26.333020000000065
24.84532000000005
8.382600000000002
8.055100000000003
25.379020000000057
25.504120000000057
25.808220000000063
25.153820000000053
12.203999999999981
25.869940000000053
15.439699999999968
25.246020000000055
24.85162000000005
25.086920000000056
12.06859999999998
25.39892000000006
25.098320000000058
16.285899999999966
24.802920000000046
25.11362000000005
24.996120000000058
