18.438799999999997
18.438799999999997
18.438799999999997
18.438799999999997
18.438799999999997
18.438799999999997
18.438799999999997
18.438799999999997
18.438799999999997
18.438799999999997
18.274799999999995
18.362599999999993
18.362599999999993
18.05999999999999
17.79059999999999
17.79059999999999
17.79059999999999
17.79059999999999
17.79059999999999
17.79059999999999
17.79059999999999
17.79059999999999
17.79059999999999
17.79059999999999
17.79059999999999
17.79059999999999
17.79059999999999
17.79059999999999
17.79059999999999
17.79059999999999
17.79059999999999
17.79059999999999
17.79059999999999
17.79059999999999
17.79059999999999
17.79059999999999
17.79059999999999
17.79059999999999
17.79059999999999
17.79059999999999
17.79059999999999
17.79059999999999
17.79059999999999
17.79059999999999
17.79059999999999
17.79059999999999
17.79059999999999
17.79059999999999
17.79059999999999
17.79059999999999
17.79059999999999
17.79059999999999
17.79059999999999
17.79059999999999
17.79059999999999
17.79059999999999
17.79059999999999
17.79059999999999
17.79059999999999
17.79059999999999
17.79059999999999
17.79059999999999
17.79059999999999
17.79059999999999
17.79059999999999
17.79059999999999
17.79059999999999
17.79059999999999
17.79059999999999
17.79059999999999
17.79059999999999
17.79059999999999
17.79059999999999
17.79059999999999
17.79059999999999
17.79059999999999
17.79059999999999
17.79059999999999
17.79059999999999
17.79059999999999
17.79059999999999
18.02029999999999
18.02029999999999
18.02029999999999
18.02029999999999
18.02029999999999
18.02029999999999
18.02029999999999
18.02029999999999
18.02029999999999
18.02029999999999
18.02029999999999
18.02029999999999
18.02029999999999
18.02029999999999
18.02029999999999
18.02029999999999
18.02029999999999
18.02029999999999
18.02029999999999
18.02029999999999
18.02029999999999
18.02029999999999
18.02029999999999
18.02029999999999
18.02029999999999
18.02029999999999
18.02029999999999
18.02029999999999
18.02029999999999
18.02029999999999
18.02029999999999
18.02029999999999
18.02029999999999
18.02029999999999
18.02029999999999
18.02029999999999
18.02029999999999
18.02029999999999
18.02029999999999
18.02029999999999
18.02029999999999
18.02029999999999
18.02029999999999
18.02029999999999
18.02029999999999
18.02029999999999
18.02029999999999
18.02029999999999
18.02029999999999
18.02029999999999
18.02029999999999
18.02029999999999
18.02029999999999
18.02029999999999
18.02029999999999
18.02029999999999
18.02029999999999
18.02029999999999
18.02029999999999
18.02029999999999
18.02029999999999
18.02029999999999
18.02029999999999
18.02029999999999
18.02029999999999
18.02029999999999
18.02029999999999
18.02029999999999
18.02029999999999
18.02029999999999
18.02029999999999
18.02029999999999
18.02029999999999
18.02029999999999
18.02029999999999
18.02029999999999
18.02029999999999
18.02029999999999
18.02029999999999
18.02029999999999
18.02029999999999
18.02029999999999
18.02029999999999
18.02029999999999
18.02029999999999
18.02029999999999
18.02029999999999
18.02029999999999
18.02029999999999
18.02029999999999
18.02029999999999
18.02029999999999
18.02029999999999
18.02029999999999
18.02029999999999
18.02029999999999
18.02029999999999
18.02029999999999
18.02029999999999
18.02029999999999
18.02029999999999
18.02029999999999
18.02029999999999
18.02029999999999
18.02029999999999
17.93169999999999
17.908799999999985
17.93169999999999
17.87119999999999
17.924999999999994
17.714399999999983
17.714399999999983
17.714399999999983
17.714399999999983
17.697699999999987
17.697699999999987
17.799099999999992
17.714399999999987
17.979499999999994
17.74019999999999
17.536099999999987
17.536099999999987
17.536099999999987
17.536099999999987
17.900199999999995
17.900199999999995
17.900199999999995
17.900199999999995
18.066299999999995
18.066299999999995
17.536099999999987
17.536099999999987
17.536099999999987
17.66139999999999
18.03909999999999
18.03909999999999
17.50649999999999
17.66139999999999
17.702599999999986
17.670499999999983
17.670499999999983
17.670499999999983
17.61269999999999
18.115699999999993
18.094099999999994
17.276799999999987
17.276799999999987
17.08339999999998
17.382999999999985
17.382999999999985
17.382999999999985
17.75859999999999
17.836599999999986
18.035099999999993
17.382999999999985
17.56669999999999
17.642799999999983
17.230199999999982
17.150899999999986
17.150899999999986
17.459899999999983
17.423299999999987
17.459899999999987
18.02529999999999
17.09987999999998
17.72229999999998
17.78909999999999
17.78909999999999
17.13729999999998
17.521299999999986
17.521299999999986
17.933299999999985
17.478899999999985
17.478899999999985
17.11039999999998
17.175519999999988
17.596799999999984
17.24919999999998
17.24919999999998
17.249199999999984
17.249199999999984
17.249199999999984
17.185599999999983
17.185599999999983
17.185599999999983
17.415299999999984
17.39579999999999
17.521299999999986
17.185599999999983
17.574099999999987
17.574099999999987
17.415299999999984
17.185599999999983
17.415299999999988
17.469099999999983
17.04919999999998
17.185599999999983
17.65419999999999
17.65419999999999
17.65419999999999
17.415299999999984
17.415299999999984
17.415299999999984
17.25519999999998
17.092699999999983
17.33409999999998
16.729399999999977
17.007599999999982
17.079599999999978
17.677399999999988
17.677399999999988
17.677399999999988
16.820899999999977
17.677399999999988
17.677399999999988
16.97609999999998
16.98859999999998
16.98859999999998
17.503299999999985
17.503299999999985
16.44989999999997
15.798899999999971
16.668099999999974
16.566399999999977
17.20799999999998
17.04759999999998
17.692099999999986
16.90119999999998
16.844599999999982
16.876899999999985
17.219199999999983
17.442399999999985
17.476599999999983
17.442599999999985
17.22839999999998
16.34159999999998
16.293799999999973
17.458099999999988
15.076999999999973
17.222699999999982
17.212899999999983
17.228399999999983
16.248699999999978
16.29119999999998
15.734999999999975
17.20669999999998
17.43639999999998
15.93909999999997
15.369899999999973
16.076799999999974
15.847099999999967
17.005399999999977
16.806599999999975
16.915099999999978
14.774899999999974
16.661699999999975
16.88619999999998
15.709499999999974
16.252699999999972
17.544899999999988
14.948899999999975
14.37079999999998
14.052999999999978
15.209899999999974
14.912699999999976
16.843399999999978
13.54909999999998
14.337299999999976
16.978299999999976
14.696199999999976
14.367199999999976
14.190399999999979
14.426899999999979
14.09749999999998
13.759399999999975
13.22249999999998
13.801899999999975
13.127619999999977
12.95829999999998
14.11449999999998
13.776399999999972
12.235399999999984
13.558299999999981
13.558299999999981
13.558299999999981
12.631699999999979
13.015999999999977
12.849899999999979
12.846999999999984
13.058699999999982
12.761499999999982
13.85309999999998
13.050499999999978
11.946299999999985
11.988799999999985
11.137499999999985
11.390099999999988
11.432599999999987
10.964399999999987
10.55259999999999
10.55259999999999
11.011199999999986
10.54789999999999
10.54789999999999
11.218199999999985
10.709899999999989
11.407099999999986
11.528399999999985
10.756699999999988
10.756699999999988
10.29339999999999
10.119099999999989
10.850899999999989
9.995699999999989
9.995699999999989
9.514799999999996
10.36209999999999
10.24299999999999
9.568719999999994
9.162499999999998
9.915799999999994
9.711599999999995
9.711599999999995
10.26837999999999
9.112499999999997
8.965899999999998
8.965899999999998
9.072799999999996
9.235399999999995
9.717699999999992
9.142499999999995
8.6792
8.382700000000002
10.19139999999999
8.7245
8.5863
8.5863
8.5863
8.5863
7.652300000000005
9.115179999999997
10.308499999999988
7.732900000000004
7.732900000000004
8.072600000000003
8.030100000000003
8.030100000000003
8.030100000000003
8.030100000000003
8.603299999999999
7.645900000000005
8.860680000000002
7.658300000000004
7.618600000000004
7.618600000000004
7.801000000000005
8.4503
7.583900000000005
6.897100000000006
5.660600000000003
6.174300000000003
8.024700000000003
7.012000000000004
6.972300000000005
8.340100000000005
1.6866
5.221000000000003
5.932300000000003
5.376100000000003
7.668320000000006
3.6198200000000016
3.4108000000000005
3.4476000000000004
3.4476000000000004
3.483800000000002
4.539080000000002
16.617799999999978
1.7480999999999998
6.042400000000004
5.301900000000002
2.9123000000000006
2.7462000000000013
1.9251999999999998
2.8720800000000004
2.6533
2.0971
-0.3363
17.978499999999997
0.7609999999999999
-0.8247
0.15250000000000002
0.15250000000000002
0.16199999999999998
0.11280000000000001
0.6361
-0.22349999999999998
-0.22349999999999998
18.127499999999994
15.12049999999998
15.12049999999998
13.612899999999977
7.6410000000000045
7.6410000000000045
13.922699999999972
13.464199999999975
13.037199999999975
7.486900000000005
16.277899999999974
7.529400000000006
17.96299999999999
17.344099999999983
9.91859999999999
16.723799999999976
8.951300000000002
9.074899999999998
12.506099999999984
18.165799999999994
17.217999999999982
12.740599999999981
