24.95790000000006
24.94040000000006
24.639800000000058
24.639800000000058
24.639800000000058
24.68230000000006
24.829900000000052
24.639800000000058
24.68230000000006
24.68230000000006
24.68230000000006
24.68230000000006
24.68230000000006
24.68230000000006
24.68230000000006
24.21560000000005
24.74040000000005
24.403900000000053
24.403900000000053
24.45080000000005
24.433300000000052
24.433300000000052
24.433300000000052
24.433300000000052
24.309700000000053
24.390800000000056
24.390800000000056
24.390800000000056
24.433300000000052
24.433300000000052
24.433300000000052
24.433300000000052
24.433300000000052
24.433300000000052
24.433300000000052
24.433300000000052
24.574700000000057
24.433300000000052
24.433300000000052
24.30970000000005
24.30970000000005
24.30970000000005
24.30970000000005
24.30970000000005
24.30970000000005
24.30970000000005
24.30970000000005
24.30970000000005
24.248700000000053
24.30970000000005
24.30970000000005
24.30970000000005
24.30970000000005
24.30970000000005
24.30970000000005
24.30970000000005
24.56780000000005
24.690890000000053
24.580900000000053
24.580900000000053
24.580900000000053
24.580900000000053
24.580900000000053
24.580900000000053
24.580900000000053
24.580900000000053
24.580900000000053
24.580900000000053
24.580900000000053
24.580900000000053
24.30970000000005
24.43980000000005
24.126100000000054
24.126100000000054
24.31190000000005
24.31190000000005
24.292200000000054
24.17520000000005
24.17520000000005
24.17520000000005
24.17520000000005
24.31190000000005
24.31190000000005
24.31190000000005
24.31190000000005
24.31190000000005
24.31190000000005
24.31190000000005
24.31190000000005
24.31190000000005
24.31190000000005
24.31190000000005
24.31190000000005
24.31190000000005
24.31190000000005
24.433300000000052
24.433300000000052
24.433300000000052
24.433300000000052
24.433300000000052
24.433300000000052
24.433300000000052
24.433300000000052
24.433300000000052
24.433300000000052
24.433300000000052
24.433300000000052
24.433300000000052
24.433300000000052
24.433300000000052
24.433300000000052
24.433300000000052
24.311900000000055
24.249700000000054
24.155600000000053
24.31190000000005
24.31190000000005
24.17520000000005
24.17520000000005
24.17520000000005
24.17520000000005
24.31190000000005
24.17520000000005
24.17520000000005
24.17520000000005
24.17520000000005
24.17520000000005
24.17520000000005
24.17520000000005
24.17520000000005
24.17520000000005
24.17520000000005
24.17520000000005
24.17520000000005
24.17520000000005
24.17520000000005
24.17520000000005
24.17520000000005
24.17520000000005
24.17520000000005
24.17520000000005
24.415800000000054
24.415800000000054
24.415800000000054
24.415800000000054
24.17520000000005
24.17520000000005
24.17520000000005
24.17520000000005
24.17520000000005
24.17520000000005
24.17520000000005
24.17520000000005
24.31190000000005
24.31190000000005
24.31190000000005
24.27380000000005
24.371900000000053
23.991600000000048
23.991600000000048
23.991600000000048
23.991600000000048
23.991600000000048
23.991600000000048
23.991600000000048
23.991600000000048
23.991600000000048
23.991600000000048
23.991600000000048
23.991600000000048
23.991600000000048
23.991600000000048
23.991600000000048
23.991600000000048
23.991600000000048
24.05380000000005
24.15770000000005
24.15770000000005
24.15770000000005
24.15770000000005
24.15770000000005
24.175200000000046
24.175200000000046
24.175200000000046
24.175200000000046
24.175200000000046
24.175200000000046
23.991600000000048
23.991600000000048
23.991600000000048
23.991600000000048
23.991600000000048
23.991600000000048
24.175200000000046
24.175200000000046
24.15770000000005
24.15770000000005
23.825500000000048
23.825500000000048
24.15770000000005
24.15770000000005
24.15770000000005
24.15770000000005
24.15770000000005
24.15770000000005
24.15770000000005
24.15770000000005
24.15770000000005
24.15770000000005
24.15770000000005
24.15770000000005
24.15770000000005
24.11520000000005
24.15770000000005
24.15770000000005
24.03410000000005
24.322900000000054
24.322900000000054
24.322900000000054
24.322900000000054
24.000700000000048
24.000700000000048
24.000700000000048
23.742600000000046
24.227100000000053
23.962100000000046
23.962100000000046
23.919600000000045
23.95300000000005
23.919600000000045
23.919600000000045
24.17770000000005
24.34040000000006
23.785100000000046
24.154400000000052
24.08570000000005
23.452900000000042
23.755700000000047
23.921800000000047
23.755700000000047
23.785100000000046
23.90210000000005
24.04320000000005
24.04320000000005
24.04320000000005
23.785100000000046
23.48450000000004
23.859600000000047
23.959600000000048
23.931600000000053
23.931600000000053
23.931600000000053
23.804800000000043
23.926500000000047
23.661500000000043
23.48450000000004
23.90870000000005
24.18840000000006
23.661500000000043
23.507400000000047
23.507400000000047
23.507400000000047
23.869200000000045
24.13520000000005
23.673500000000047
23.601500000000044
23.767600000000048
24.085190000000054
23.90210000000005
23.601500000000044
23.601500000000044
24.085190000000054
24.085190000000054
23.66810000000004
23.663700000000045
23.663700000000045
23.767600000000048
23.767600000000048
23.66810000000004
23.734700000000043
23.52700000000004
23.893700000000045
23.767600000000048
23.644000000000045
23.878400000000056
23.34340000000004
23.81580000000005
24.302700000000055
23.52700000000004
23.509500000000042
23.75960000000005
23.22890000000004
23.512000000000047
23.738100000000042
23.653100000000045
23.27140000000004
23.395000000000042
23.395000000000042
23.40590000000004
23.653100000000045
23.27140000000004
23.531700000000043
23.531700000000043
23.815800000000053
22.928300000000036
23.828300000000045
23.31000000000004
23.32750000000004
23.32750000000004
23.21140000000004
23.071100000000037
23.071100000000037
23.695090000000054
23.604900000000043
23.39500000000004
23.25390000000004
23.46190000000004
23.584700000000044
23.477500000000042
23.629800000000046
23.774800000000052
23.466100000000043
23.552700000000044
23.67380000000005
22.995800000000035
23.284500000000044
22.87880000000003
23.369000000000042
23.015500000000035
23.716200000000043
23.24550000000004
23.16100000000004
23.45360000000004
22.881300000000035
23.406700000000043
23.14160000000004
23.181390000000047
23.238000000000035
23.238000000000035
22.987400000000036
22.987400000000036
23.282200000000042
23.262100000000043
23.031600000000033
22.872500000000038
23.892500000000048
23.28300000000004
23.23050000000004
23.23050000000004
22.841300000000036
22.365100000000027
22.85260000000003
22.758500000000033
22.758500000000033
23.88970000000005
22.81010000000003
23.00020000000004
22.431200000000032
22.40790000000003
23.26920000000004
22.564400000000035
22.564400000000035
22.59450000000003
22.840400000000034
22.577000000000034
22.41090000000003
23.47490000000004
22.142700000000026
22.257400000000036
21.965700000000027
22.478900000000035
23.04420000000004
21.98770000000003
23.353900000000042
22.596200000000035
23.16510000000004
23.16510000000004
22.33440000000003
22.009400000000028
22.20920000000003
21.85770000000003
22.505300000000034
22.900500000000033
22.93530000000004
21.906400000000023
21.66460000000003
21.40560000000002
21.05400000000002
22.209900000000022
21.26450000000002
21.629300000000022
21.516300000000015
20.155100000000004
19.667600000000004
19.175999999999995
18.999599999999994
18.86229999999999
18.86509999999999
18.107899999999983
18.528799999999986
17.81119999999998
17.84279999999998
17.892299999999985
17.194599999999973
19.2185
16.89649999999997
16.247399999999967
15.784099999999961
16.00139999999996
15.363999999999965
15.227299999999962
14.919399999999964
14.720999999999965
14.363199999999965
13.84819999999997
13.83859999999997
14.938199999999966
14.938199999999966
14.500899999999964
13.458099999999972
12.942699999999974
12.849799999999975
13.067999999999975
12.532899999999977
10.515099999999991
9.372399999999999
9.846919999999995
9.538499999999997
9.661099999999996
9.661099999999996
9.827199999999994
9.510800000000001
9.078
10.093799999999993
9.437099999999997
9.959299999999995
10.125399999999994
8.609000000000004
8.609000000000004
9.403099999999998
9.866399999999995
9.569199999999997
9.569199999999997
9.569199999999997
8.156200000000005
9.569199999999997
9.762099999999993
9.724299999999996
7.600000000000007
9.352699999999999
8.488400000000004
8.796500000000002
9.642399999999997
9.518799999999997
7.209900000000006
7.549600000000007
8.582100000000004
8.9894
8.623300000000002
9.703499999999995
7.667400000000007
6.429700000000006
8.374700000000004
6.893000000000006
7.856300000000007
6.388900000000007
6.555000000000006
8.976800000000003
5.093300000000005
5.649500000000005
9.2768
23.21930000000004
4.703200000000004
5.259400000000005
5.259400000000005
5.599100000000005
23.11890000000004
8.721200000000003
4.428800000000003
3.6990000000000025
4.038700000000003
4.038700000000003
4.183200000000004
3.6582000000000026
1.0994
0.09029999999999999
0.6361
22.653600000000036
23.03890000000004
22.682600000000036
22.972400000000036
23.25230000000004
24.466000000000058
14.658099999999967
23.325400000000045
22.704300000000032
23.285400000000045
16.11569999999996
23.265300000000043
22.932500000000037
