1.5990735522380461
2.5318504503561527
2.3292671485394454
1.7089786376339422
2.6220767225713715
1.3901129111358532
1.968978129608944
1.5374882852081715
1.5374882852081715
1.9813334578217194
1.8394511413267143
1.8394511413267143
1.8762506218461947
1.3753425999401045
2.113806254394282
2.8933692743465205
1.4991820926585806
1.916415716267677
2.8757541265518025
2.6897398526154266
1.4985550219931767
1.4985550219931767
2.761215925769534
2.0693680887138086
1.3789478041186012
1.395106895027693
2.7420894590159506
2.206866224250261
2.206866224250261
2.0489973510713266
2.4483796806587126
2.574264053414627
2.574264053414627
2.765865152315726
1.4587781993048097
1.9182453510713255
1.3221061957269953
1.2519458764988904
1.2635935312831332
3.0358935325007907
1.154220528604922
1.154220528604922
1.154220528604922
1.154220528604922
1.154220528604922
1.154220528604922
1.154220528604922
1.154220528604922
1.154220528604922
1.154220528604922
1.154220528604922
1.154220528604922
1.154220528604922
1.3049394975120254
1.3049394975120254
2.4870629545135294
1.4269404614612604
1.8763900465430954
1.292069328656492
1.292069328656492
1.292069328656492
1.292069328656492
1.292069328656492
1.292069328656492
1.292069328656492
1.292069328656492
1.292069328656492
2.2941638599637173
1.0553403606727105
1.0553403606727105
1.0553403606727105
3.0536988405947234
1.0843462778324717
1.0843462778324717
1.0843462778324717
1.0843462778324717
1.0843462778324717
1.0843462778324717
1.0843462778324717
1.0843462778324717
1.0843462778324717
1.0843462778324717
1.0843462778324717
2.564000591876166
2.961863122640459
1.7169749680012423
2.8996725473036644
2.8996725473036644
2.8996725473036644
2.8996725473036644
1.2760584468553642
1.2760584468553642
1.2760584468553642
1.1518802358387852
1.1518802358387852
1.1518802358387852
1.1518802358387852
1.1518802358387852
1.1518802358387852
1.1518802358387852
1.775766139163057
1.0284255677733025
2.540537632087707
1.4343436250917616
1.413558264704541
1.413558264704541
1.413558264704541
1.6122599477934525
1.5880026992234981
1.5880026992234981
3.0041657969111997
3.0041657969111997
3.0041657969111997
1.1049531863041597
1.1049531863041597
1.1049531863041597
1.1049531863041597
1.1049531863041597
1.1049531863041597
1.1049531863041597
1.1049531863041597
1.1049531863041597
1.1049531863041597
1.1049531863041597
1.0
1.0
1.0
1.0
1.0
1.0
1.0
1.0
1.0
1.0
1.0
1.0
1.0
1.0
1.0
1.635673456236228
1.635673456236228
2.080315863369151
2.2538450383597883
1.8543248581111342
1.8543248581111342
3.075853339128913
3.770037307777356
1.6200036626152148
1.6200036626152148
2.359449065992326
2.901347501463613
3.2457397849611898
1.384694968001245
1.384694968001245
1.384694968001245
1.384694968001245
1.384694968001245
2.915752240227814
1.9019477152539928
2.438037893384447
1.4973490617497163
1.6796737581059915
1.6796737581059915
1.6796737581059915
1.6796737581059915
3.106261853274753
1.3148931913043747
1.3148931913043747
3.303742778911251
2.7368200597699275
2.074957853379404
2.821651902345957
2.478177893384446
1.4530172648017263
1.2924684844847594
1.2924684844847594
1.2924684844847594
1.2924684844847594
1.3424871184298794
1.3424871184298794
1.0
1.0
1.0
1.0
1.0
1.3106820670664607
1.702195187781463
1.0804143977581013
1.0804143977581013
1.0804143977581013
1.0804143977581013
1.0804143977581013
1.0804143977581013
1.0804143977581013
1.0
1.0
1.0
1.0
1.0
1.881006195726993
2.2911089807780574
2.2911089807780574
4.024551482186756
1.3905008170664601
3.0385301447427677
3.4339948895328636
2.839748503419301
1.5029885943748713
2.988769043379019
2.4118166194227673
2.4118166194227673
2.4118166194227673
2.095168814155091
1.875104833811422
1.875104833811422
3.3017416959483734
3.665137773007194
2.3202514908995138
2.3202514908995138
2.3202514908995138
1.7853974516818454
1.8946765064627815
2.0108373208590287
2.9712152010767543
3.0675973291803134
2.8405158614055583
3.1753268644151245
2.435134486850931
2.9616838248529014
3.4040003338028795
3.370596890567448
2.652908980778058
1.7054226823253806
1.7054226823253806
1.7054226823253806
2.729293957964755
2.2285402039417743
2.2285402039417743
1.0
1.0
1.0
1.0
1.0
1.0
1.0
1.0
1.0
1.0
1.0
1.0
1.0
1.0
2.4594199119521445
3.385890581840556
3.1430233285941256
2.667560902067178
2.667560902067178
2.7547305856921387
3.2464270706660576
3.2464270706660576
2.1810671241536763
2.774230438267935
1.0
1.360634776456326
1.360634776456326
1.8548315862972302
3.5392282413639524
3.1995285080815563
2.247547715253992
2.034355624758769
2.034355624758769
1.446450905137052
2.828587523288178
3.6028824600080345
3.8156897197721413
2.5804899524379756
1.3045192340495184
2.3102154075616834
2.628268836171536
2.9384664901433837
2.9384664901433837
2.4991320072255565
1.5726834894626336
1.0
1.0
1.0
1.0
3.3731855771309807
2.495186713571579
2.8332848670556654
2.3819800229462995
2.8565327432906376
2.9162637001386678
3.1972100138098707
4.7750772756980195
3.0105906855597606
3.0105906855597606
2.8085840953444894
2.8085840953444894
2.8085840953444894
2.1212640415068016
3.044990363884418
1.0
1.5945274155095817
2.9868387132095098
2.8332332722760327
2.2129537016818457
2.2129537016818457
1.4142331354306847
2.1568594709126145
2.008682098771004
2.008682098771004
2.7044107920711244
2.793205163553301
2.9486077973461047
3.5610216738722507
4.3999461962717685
2.9038854880545646
3.3103670883754734
2.8103384844847614
2.7008351877814647
1.528193280147697
4.10098499715812
2.564552314917865
2.9769510078915733
2.9769510078915733
2.7122944058792715
1.5527732132580638
1.5527732132580638
2.0547372711847984
2.70866024272652
2.582590045866814
3.2188523191447045
3.585099703760089
3.0344515161589687
2.0793258946098856
4.013317134268487
2.800385094138381
1.7595416166930136
2.9024552010767533
2.5297320072255562
2.5297320072255562
2.5297320072255562
3.650998034097391
1.8796550430680856
2.3016059307028236
2.3016059307028236
2.7495380872003743
3.3943705192395957
3.834430435440769
2.748434344603421
2.8550186985801087
2.683499938706527
4.174260131326278
2.7529864955709566
1.4390300694453533
3.1294685943748703
3.0051750455707333
2.842225847375685
1.9061084805983377
2.6923638630964266
2.893078303083545
2.337638066940766
2.8624740645806526
2.9890717338144945
3.525584778937258
2.0071356744361672
2.683456946023222
3.0635798062359534
3.2617262364953117
3.447789762160559
3.2616384408516472
3.452104097824895
3.28518630871328
2.8728507764563265
4.422021633542798
2.221657683307857
3.8939293258504897
3.7855378614747908
2.6675642743708643
2.6675642743708643
2.6315074713630846
1.7549570386349824
3.741874816461369
2.2258074944050428
4.434841082018849
3.3671521252962027
2.6147751189818997
4.585604371541457
3.333839545687095
3.55918816774268
3.511740990002486
2.9903155970384745
2.9352673112204357
2.9352673112204357
2.765343212829359
3.1185723306386066
4.4563000079985295
3.3252412499646384
3.9012933116428083
4.285121651905575
4.448083409052485
4.192722903009988
3.3917701328364087
5.693109071377221
4.297301057341697
3.4245959630265776
3.7069466269679348
3.197632231396998
2.6186004011582718
3.9489833067581435
3.8237616123570044
3.8237616123570044
2.751137279055392
4.24844108482817
3.1337233918409417
3.9996424663852137
4.479801786442607
3.808612246967204
3.6118090296156193
3.643666161071711
3.643666161071711
3.7596565706827567
3.605450776456326
4.272829807137255
3.640413029361053
3.7542677466783
4.149361636348798
2.733714536134517
3.948511814786155
3.6740169303024803
4.321824198770475
4.573259015260168
3.5596366226101717
3.881270519239596
4.695558695678127
4.40129270885058
2.9561741610717096
4.483796506462783
3.119323046467981
3.119323046467981
3.870787178823189
3.7431569460232224
3.604740509601002
3.5919964296256417
4.076467311220435
3.163084468000042
3.9164567849046454
4.474468267774415
3.8293499023135524
5.26202068369177
3.524015354160288
3.524015354160288
4.023460355978468
4.023460355978468
3.6395999695449035
3.040964730942676
5.481841843111339
4.784933652389799
3.621315477700433
4.091189842151395
4.912215785773656
3.7899031924811366
3.7899031924811366
3.669121765103238
3.669121765103238
3.669121765103238
5.234744314917864
2.949803398524196
4.721756380046346
4.221538240593853
5.1023706107758535
4.997626512133102
3.8817699762012143
2.977527174747973
5.7131138060421245
4.054249346327292
5.3203237149303035
4.043614072795545
4.043614072795545
5.310996442203031
4.731066252110849
2.6235332034300978
3.496001760250447
2.92019018312957
7.3284153846153846
2.9706182967615558
3.8384910094499087
2.5657415614078385
2.5657415614078385
2.5657415614078385
3.0022285989415334
4.899220777036922
3.655082671500411
2.0328008090938656
2.924590291783069
2.9677737665016064
3.9924464816498304
4.633896482717956
5.065163304290612
