[0.00704378]
[0.00622247]
[0.00622247]
[0.00622247]
[0.00622247]
[0.00632881]
[0.00478447]
[0.00665483]
[0.00541983]
[0.00676947]
[0.00628692]
[0.00628692]
[0.00628692]
[0.00628692]
[0.00628692]
[0.00628692]
[0.00628692]
[0.00628692]
[0.00628692]
[0.00628692]
[0.00628692]
[0.00628692]
[0.00628692]
[0.00628692]
[0.00628692]
[0.00628692]
[0.00628692]
[0.00628692]
[0.00628692]
[0.00628692]
[0.00628692]
[0.00628692]
[0.00628692]
[0.00628692]
[0.00628692]
[0.00628692]
[0.00628692]
[0.00628692]
[0.00628692]
[0.00628692]
[0.00628693]
[0.00628692]
[0.00628692]
[0.00628692]
[0.00628692]
[0.00628692]
[0.00628692]
[0.00628692]
[0.00628692]
[0.00628692]
[0.00628692]
[0.00628692]
[0.00628692]
[0.00628692]
[0.00628692]
[0.00628692]
[0.00628692]
[0.00628692]
[0.00628692]
[0.00628692]
[0.00628692]
[0.00628692]
[0.00628692]
[0.00628692]
[0.00628692]
[0.00628692]
[0.00628692]
[0.00628692]
[0.00628692]
[0.00628692]
[0.00628692]
[0.00628692]
[0.00628692]
[0.00628692]
[0.00628692]
[0.00628692]
[0.00628692]
[0.00628692]
[0.00628692]
[0.00628692]
[0.00628692]
[0.00628692]
[0.00628692]
[0.00628692]
[0.00628692]
[0.00628692]
[0.00628692]
[0.00628692]
[0.00628692]
[0.00628692]
[0.00628692]
[0.00628692]
[0.00628692]
[0.00628692]
[0.00628692]
[0.00628692]
[0.00628692]
[0.00628692]
[0.00628692]
[0.00628692]
[0.00628692]
[0.00628692]
[0.00628692]
[0.00628692]
[0.00628692]
[0.00628692]
[0.00628692]
[0.00628692]
[0.00628692]
[0.00628692]
[0.00628692]
[0.00628692]
[0.00628692]
[0.00628692]
[0.00709081]
[0.02682318]
[0.00833189]
[0.5077971]
[0.5077971]
[0.5077971]
[0.5077971]
[0.5077971]
[0.5077971]
[0.5077971]
[0.00430009]
[0.00430009]
[0.00430009]
[0.00633453]
[0.00633453]
[0.00633453]
[0.00633453]
[0.00633453]
[0.00633453]
[0.00633453]
[0.00633453]
[0.00633453]
[0.00633453]
[0.00633453]
[0.00633453]
[0.00633453]
[0.00633453]
[0.00633453]
[0.00633453]
[0.00633453]
[0.14129311]
[0.14129311]
[0.00509897]
[0.00509897]
[0.00509897]
[0.00591301]
[0.00591301]
[0.00591301]
[0.00591301]
[0.00591301]
[0.00591301]
[0.00591301]
[0.00591301]
[0.00591301]
[0.00591301]
[0.00591301]
[0.00591301]
[0.00591301]
[0.00591301]
[0.00591301]
[0.00591301]
[0.00591301]
[0.00591301]
[0.00591301]
[0.00591301]
[0.00591301]
[0.00591301]
[0.00591301]
[0.00591301]
[0.00591301]
[0.00591301]
[0.00591301]
[0.00591301]
[0.00591301]
[0.00591301]
[0.00591301]
[0.00591301]
[0.00591301]
[0.00591301]
[0.00591301]
[0.00591301]
[0.00591301]
[0.00591301]
[0.00591301]
[0.00591301]
[0.00591301]
[0.00591301]
[0.00591301]
[0.00591301]
[0.00591301]
[0.00591301]
[0.00591301]
[0.00591301]
[0.00591301]
[0.00591301]
[0.00591301]
[0.00591301]
[0.00591301]
[0.00591301]
[0.00591301]
[0.00591301]
[0.00591301]
[0.00591301]
[0.00591301]
[0.00591301]
[0.00591301]
[0.00591301]
[0.00591301]
[0.00591301]
[0.00591301]
[0.00591301]
[0.00591301]
[0.00591301]
[0.00591301]
[0.00591301]
[0.00591301]
[0.00591301]
[0.00591301]
[0.00591301]
[0.00591301]
[0.00591301]
[0.00591301]
[0.00591301]
[0.00591301]
[0.00591301]
[0.00591301]
[0.00591301]
[0.00591301]
[0.00591301]
[0.00591301]
[0.00591301]
[0.00591301]
[0.00591301]
[0.00591301]
[0.00591301]
[0.00591301]
[0.00591301]
[0.00591301]
[0.00591301]
[0.00591301]
[0.00591301]
[0.00591301]
[0.00591301]
[0.00591301]
[0.00591301]
[0.00591301]
[0.00591301]
[0.00591301]
[0.00591301]
[0.00591301]
[0.00591301]
[0.00591301]
[0.00591301]
[0.00591301]
[0.00591301]
[0.00591301]
[0.00591301]
[0.00591301]
[0.00591301]
[0.00591301]
[0.00591301]
[0.00591301]
[0.00591301]
[0.00591301]
[0.00591301]
[0.00591301]
[0.00591301]
[0.00591301]
[0.00591301]
[0.00591301]
[0.00591301]
[0.00591301]
[0.00591301]
[0.00591301]
[0.00591301]
[0.00591301]
[0.00591301]
[0.00591301]
[0.00591301]
[0.00591301]
[0.00591301]
[0.00591301]
[0.00591301]
[0.00591301]
[0.00591301]
[0.00591301]
[0.00591301]
[0.00591301]
[0.00591301]
[0.00591301]
[0.00591301]
[0.00591301]
[0.00591301]
[0.00591301]
[0.00591301]
[0.00591301]
[0.00591301]
[0.00591301]
[0.00591301]
[0.00591301]
[0.00591301]
[0.00591301]
[0.00591301]
[0.00591301]
[0.00591301]
[0.00591301]
[0.00591301]
[0.00591301]
[0.00591301]
[0.00591301]
[0.00591301]
[0.00591301]
[0.00591301]
[0.00591301]
[0.00591301]
[0.00591301]
[0.00591301]
[0.00591301]
[0.00591301]
[0.00591301]
[0.00591301]
[0.00591301]
[0.00591301]
[0.00591301]
[0.00591301]
[0.00591301]
[0.00591301]
[0.00591301]
[0.00591301]
[0.01707549]
[0.01707549]
[0.01707549]
[0.01707549]
[0.01707549]
[0.00372895]
[0.00372895]
[0.00372895]
[0.00372895]
[0.00372895]
[0.00372895]
[0.00487772]
[0.00676204]
[0.00438748]
[0.00438748]
[0.00438748]
[0.00438748]
[0.00438748]
[0.00478689]
[0.0042146]
[0.00700567]
[0.00700567]
[0.00700567]
[0.00700567]
[0.00700567]
[0.0072645]
[0.00400129]
[0.00536484]
[0.4372242]
[0.4372242]
[0.4372242]
[0.4372242]
[0.4372242]
[0.4372242]
[0.4372242]
[0.4372242]
[0.00714421]
[0.00714421]
[0.00714421]
[0.00714421]
[0.00714421]
[0.00714421]
[0.00714421]
[0.00714421]
[0.00714421]
[0.00714421]
[0.00714421]
[0.00714421]
[0.00714421]
[0.00714421]
[0.00714421]
[0.00714421]
[0.00714421]
[0.00714421]
[0.00714421]
[0.00714421]
[0.00714421]
[0.00714421]
[0.00714421]
[0.00714421]
[0.00714421]
[0.00714421]
[0.00714421]
[0.00714421]
[0.00714421]
[0.00714421]
[0.00714421]
[0.00813283]
[0.00813283]
[0.01482771]
[0.01482771]
[0.01482771]
[0.01482771]
[0.01482771]
[0.01482771]
[0.01482771]
[0.01482771]
[0.01482771]
[0.01482771]
[0.01482771]
[0.01482771]
[0.01482771]
[0.01482771]
[0.01482771]
[0.01482771]
[0.01482771]
[0.01482771]
[0.00717603]
[0.00921238]
[0.12059562]
[0.02276117]
[0.02276117]
[0.02276117]
[0.02276117]
[0.02276117]
[0.02276117]
[0.02276117]
[0.02276117]
[0.02276117]
[0.02276117]
[0.02276117]
[0.02276117]
[0.02276117]
[0.02276117]
[0.02276117]
[0.02276117]
[0.02276117]
[0.02276117]
[0.02276117]
[0.02276117]
[0.02276117]
[0.02276117]
[0.02276117]
[0.02276117]
[0.02276117]
[0.02276117]
[0.02276117]
[0.02276117]
[0.00840506]
[0.06905069]
[0.00779455]
[0.04889588]
[0.04889588]
[0.0474005]
[0.0474005]
[0.0474005]
[0.0474005]
[0.0474005]
[0.0389081]
[0.0389081]
[0.0389081]
[0.0389081]
[0.0389081]
[0.0389081]
[0.0389081]
[0.0389081]
[0.0389081]
[0.0389081]
[0.0389081]
[0.0389081]
[0.0389081]
[0.0389081]
[0.0389081]
[0.0389081]
[0.00552218]
[0.02718825]
[0.0184244]
[0.01566225]
[0.01566225]
[0.01566225]
[0.01566225]
[0.14837149]
[0.00460956]
[0.01167373]
[0.02125254]
[0.0055009]
[0.00582756]
[0.00631822]
[0.00228737]
[0.002817]
[0.00627509]
[0.00294478]
[0.01988584]
[0.00183738]
[0.00751218]
[0.00351654]
[0.00832904]
