4.648897234829343
4.869727360416114
4.513359894607711
4.566693861656809
4.566693861656809
4.566693861656809
4.566693861656809
4.566693861656809
4.566693861656809
4.566693861656809
4.566693861656809
4.566693861656809
4.566693861656809
4.566693861656809
4.566693861656809
4.566693861656809
4.566693861656809
4.566693861656809
4.566693861656809
4.566693861656809
4.566693861656809
4.566693861656809
4.566693861656809
4.566693861656809
4.566693861656809
4.566693861656809
4.566693861656809
4.566693861656809
4.566693861656809
4.566693861656809
4.566693861656809
4.566693861656809
4.566693861656809
4.566693861656809
4.566693861656809
5.1092335824830055
5.1092335824830055
5.1092335824830055
5.1092335824830055
5.1092335824830055
5.1092335824830055
5.1092335824830055
5.1092335824830055
5.1092335824830055
5.1092335824830055
5.1092335824830055
5.1092335824830055
5.1092335824830055
5.1092335824830055
5.1092335824830055
5.1092335824830055
5.1092335824830055
5.1092335824830055
5.1092335824830055
5.1092335824830055
5.1092335824830055
5.1092335824830055
5.1092335824830055
5.1092335824830055
5.1092335824830055
5.1092335824830055
5.1092335824830055
5.1092335824830055
5.1092335824830055
5.1092335824830055
5.1092335824830055
5.1092335824830055
5.1092335824830055
5.1092335824830055
5.1092335824830055
5.1092335824830055
5.1092335824830055
5.1092335824830055
5.1092335824830055
5.1092335824830055
5.1092335824830055
5.1092335824830055
5.1092335824830055
5.1092335824830055
5.1092335824830055
5.1092335824830055
5.1092335824830055
5.1092335824830055
5.1092335824830055
5.1092335824830055
5.1092335824830055
5.1430276377597455
5.1430276377597455
5.157503095635205
5.173289908822017
5.173289908822017
5.173289908822017
5.173289908822017
5.173289908822017
5.173289908822017
5.250066995944545
4.932930670845524
4.932930670845524
4.932930670845524
4.932930670845524
4.932930670845524
4.932930670845524
5.241646803636853
4.495302211007678
5.044137527869636
5.037643241309414
5.037643241309414
5.037643241309414
5.037643241309414
5.037643241309414
5.037643241309414
5.03631042164253
5.03631042164253
5.03631042164253
5.03631042164253
5.03631042164253
5.03631042164253
5.03631042164253
5.03631042164253
5.03631042164253
5.03631042164253
5.03631042164253
5.03631042164253
5.03631042164253
5.03631042164253
5.013426815532329
5.013426815532329
5.196573245944546
5.080807509299488
5.080807509299488
5.080807509299488
5.080807509299488
5.080807509299488
5.080807509299488
5.080807509299488
5.080807509299488
5.080807509299488
5.080807509299488
5.080807509299488
5.080807509299488
5.080807509299488
5.080807509299488
5.080807509299488
5.080807509299488
5.080807509299488
5.080807509299488
5.080807509299488
5.080807509299488
5.080807509299488
5.080807509299488
5.080807509299488
5.080807509299488
5.080807509299488
5.080807509299488
5.080807509299488
5.080807509299488
5.080807509299488
5.080807509299488
5.080807509299488
5.080807509299488
5.080807509299488
5.080807509299488
5.080807509299488
5.080807509299488
5.080807509299488
5.080807509299488
5.080807509299488
5.080807509299488
5.080807509299488
5.080807509299488
5.080807509299488
5.080807509299488
5.080807509299488
5.080807509299488
5.080807509299488
5.080807509299488
5.080807509299488
5.080807509299488
5.080807509299488
5.080807509299488
5.080807509299488
5.080807509299488
5.080807509299488
5.080807509299488
5.080807509299488
5.080807509299488
5.080807509299488
5.080807509299488
5.080807509299488
5.080807509299488
5.080807509299488
5.080807509299488
5.080807509299488
5.080807509299488
5.080807509299488
5.080807509299488
5.080807509299488
5.080807509299488
5.080807509299488
5.080807509299488
5.080807509299488
5.080807509299488
5.080807509299488
5.080807509299488
5.080807509299488
5.080807509299488
5.080807509299488
5.080807509299488
5.080807509299488
5.080807509299488
5.080807509299488
5.080807509299488
5.080807509299488
5.080807509299488
5.080807509299488
5.080807509299488
5.080807509299488
5.080807509299488
5.080807509299488
5.080807509299488
5.080807509299488
5.080807509299488
5.080807509299488
5.080807509299488
5.080807509299488
5.080807509299488
5.080807509299488
5.080807509299488
5.080807509299488
5.080807509299488
5.080807509299488
5.080807509299488
5.080807509299488
5.080807509299488
5.080807509299488
5.080807509299488
5.080807509299488
5.080807509299488
5.080807509299488
5.080807509299488
5.080807509299488
5.080807509299488
5.080807509299488
5.080807509299488
5.080807509299488
5.080807509299488
5.080807509299488
5.080807509299488
5.080807509299488
5.080807509299488
5.080807509299488
5.080807509299488
5.080807509299488
5.080807509299488
5.080807509299488
5.080807509299488
5.080807509299488
5.080807509299488
5.080807509299488
5.080807509299488
5.080807509299488
5.080807509299488
5.080807509299488
5.080807509299488
5.080807509299488
5.080807509299488
5.080807509299488
5.080807509299488
5.080807509299488
5.080807509299488
5.080807509299488
5.080807509299488
5.080807509299488
5.080807509299488
5.080807509299488
5.080807509299488
5.080807509299488
5.080807509299488
5.080807509299488
5.080807509299488
5.080807509299488
5.080807509299488
5.080807509299488
5.080807509299488
5.080807509299488
5.080807509299488
5.080807509299488
5.080807509299488
5.080807509299488
5.080807509299488
5.080807509299488
5.080807509299488
5.080807509299488
5.080807509299488
5.080807509299488
5.080807509299488
5.080807509299488
5.080807509299488
5.080807509299488
5.080807509299488
5.080807509299488
5.080807509299488
5.080807509299488
5.080807509299488
5.080807509299488
5.080807509299488
5.080807509299488
5.080807509299488
5.080807509299488
5.080807509299488
5.080807509299488
5.080807509299488
5.123999066331175
5.126215183547293
5.111557881507925
5.132648005559929
5.132648005559929
5.132648005559929
5.132648005559929
5.132648005559929
5.132648005559929
5.132648005559929
5.132648005559929
5.132648005559929
5.132648005559929
5.132648005559929
5.132648005559929
5.132648005559929
5.132648005559929
5.132648005559929
5.132648005559929
5.132648005559929
5.132648005559929
5.132648005559929
5.132648005559929
5.132648005559929
5.132648005559929
5.132648005559929
5.132648005559929
5.132648005559929
5.132648005559929
5.132648005559929
5.132648005559929
5.132648005559929
5.132648005559929
5.132648005559929
5.132648005559929
5.132648005559929
5.132648005559929
5.132648005559929
5.132648005559929
5.132648005559929
5.132648005559929
5.132648005559929
5.132648005559929
5.132648005559929
5.132648005559929
5.132648005559929
5.132648005559929
5.132648005559929
5.132648005559929
5.132648005559929
5.132648005559929
5.132648005559929
5.132648005559929
5.132648005559929
5.132648005559929
5.132648005559929
5.132648005559929
5.158914084646193
5.159012253144362
4.998416648748758
5.304565821954575
5.1526585824830065
5.165972692704802
5.18393313226524
5.120290313252237
5.158129976713776
4.922413902594779
5.237198333730442
5.176349249481358
4.991206516743658
5.0762890962535785
4.588336293418594
5.34076532567666
4.982423886470704
5.017843951234663
5.017843951234663
5.002797797388508
5.06272785669403
5.566557082305479
5.172151181756064
5.62020091754825
5.379958874063757
5.261067502382895
5.261067502382895
5.072255648257304
5.653519329986875
5.653519329986875
5.653519329986875
5.235709689041799
5.183278053636853
5.191340015502963
4.927305194690588
5.3727670626493635
5.318443194614234
4.946152117767511
5.590595034648462
5.605599026332454
4.954095963921356
5.378741752475667
5.116776988207676
5.304044396161537
5.278219739380944
5.560596268786981
5.0699409191003815
4.6939667273610866
5.617323421639903
5.617323421639903
5.597679829855755
5.111356939885357
5.008017576925316
4.279712194728219
5.288608387642887
4.129807208532142
5.091509896905203
5.8637982656099465
5.104967386783744
6.13586154737935
5.0408927932951535
5.305357994071193
5.151520682080557
5.308766591356262
5.21589332680369
5.110217564829816
5.0512728301953365
5.0026244031022795
4.166850353103024
4.844354216251732
4.9116685401074305
4.078704638768839
4.941324214810722
4.849356736081748
4.849356736081748
4.933435461816343
4.835380958667673
4.874936319862407
4.779068183919341
4.779068183919341
5.039533924722814
4.697284889358823
4.706782325256258
4.737878503675856
4.993173996471512
4.980585868651306
4.966030713168491
4.810033577058457
4.373463377610044
4.418235152523581
4.873421160771764
4.940729484507387
4.547978995901748
4.849066098988423
4.886704362210555
5.038742035114675
4.322895711059869
4.998697329243523
3.8801137971559676
4.447410237379215
3.8340649110134297
3.8340649110134297
3.5577783022417018
3.8077072591991197
3.9975254894636603
3.8133348778689387
3.8133348778689387
5.154786350092654
4.403481177485885
5.060686908583582
3.964164854995972
5.537446644140146
5.330273606966143
6.232820211551019
6.562085445625976
5.636260567298536
5.636260567298536
5.636260567298536
5.636260567298536
5.636260567298536
5.636260567298536
5.636260567298536
5.636260567298536
5.636260567298536
5.636260567298536
5.636260567298536
5.636260567298536
5.636260567298536
5.8266932518956605
5.846232874990843
5.878835465078425
