[0.02611758]
[0.00103092]
[0.00103092]
[0.00103092]
[0.00103092]
[0.00103092]
[0.00103092]
[0.00103092]
[0.00103092]
[0.00103092]
[0.00103092]
[0.00103092]
[0.00103092]
[0.00103092]
[0.00103092]
[0.00103092]
[0.00103092]
[0.00103092]
[0.00103092]
[0.00103092]
[0.00103092]
[0.00103092]
[0.00103092]
[0.00103092]
[0.00103092]
[0.00103092]
[0.00103092]
[0.00103092]
[0.00103092]
[0.00103092]
[0.00103092]
[0.00103092]
[0.00103092]
[0.00103092]
[0.00103092]
[0.00103092]
[0.00103092]
[0.00103092]
[0.00103092]
[0.00103092]
[0.00103092]
[0.00103092]
[0.00103092]
[0.00103092]
[0.00103092]
[0.00103092]
[0.00103092]
[0.00103092]
[0.00103092]
[0.00103092]
[0.00103092]
[0.00103092]
[0.00103092]
[0.00103092]
[0.00103092]
[0.00103092]
[0.00103092]
[0.00103092]
[0.00103092]
[0.00103092]
[0.00103092]
[0.00103092]
[0.00103092]
[0.00103092]
[0.00103092]
[0.00103092]
[0.00103092]
[0.00103092]
[0.00103092]
[0.00103092]
[0.00103092]
[0.00103092]
[0.00103092]
[0.00103092]
[0.00103092]
[0.00103092]
[0.00103092]
[0.00103092]
[0.00103092]
[0.00103092]
[0.00103092]
[0.00103092]
[0.00103092]
[0.00103092]
[0.00103092]
[0.00103092]
[0.00103092]
[0.00103092]
[0.00103092]
[0.00103092]
[0.00103092]
[0.00103092]
[0.00103092]
[0.00103092]
[0.00103092]
[0.00103092]
[0.00103092]
[0.00103092]
[0.00103092]
[0.00103092]
[0.00103092]
[0.00103092]
[0.00103092]
[0.00103092]
[0.00103092]
[0.00103092]
[0.00103092]
[0.00103092]
[0.00103092]
[0.00103092]
[0.00103092]
[0.00103092]
[0.00103092]
[0.00103092]
[0.00103092]
[0.00103092]
[0.00103092]
[0.00103092]
[0.00103092]
[0.00103092]
[0.00103092]
[0.00103092]
[0.00103092]
[0.00103092]
[0.00103092]
[0.00103092]
[0.00103092]
[0.00103092]
[0.00103092]
[0.00103092]
[0.00103092]
[0.00103092]
[0.00103092]
[0.00103092]
[0.00103092]
[0.00103092]
[0.00103092]
[0.00103092]
[0.00103092]
[0.00103092]
[0.00103092]
[0.00103092]
[0.00103092]
[0.00103092]
[0.00103092]
[0.00103092]
[0.00103092]
[0.00103092]
[0.00103092]
[0.00103092]
[0.00103092]
[0.00103092]
[0.00103092]
[0.00103092]
[0.00103092]
[0.00103092]
[0.00103092]
[0.00103092]
[0.00103092]
[0.00103092]
[0.00103092]
[0.00103092]
[0.00103092]
[0.00103092]
[0.00103092]
[0.00103092]
[0.00103092]
[0.00103092]
[0.00103092]
[0.00103092]
[0.00103092]
[0.00103092]
[0.00103092]
[0.00103092]
[0.00103092]
[0.00103092]
[0.00103092]
[0.00103092]
[0.00103092]
[0.00103092]
[0.00103092]
[0.00103092]
[0.00103092]
[0.00103092]
[0.00103092]
[0.00103092]
[0.00103092]
[0.00103092]
[0.00103092]
[0.00103092]
[0.00103092]
[0.00103092]
[0.00103092]
[0.00103092]
[0.00103092]
[0.00103092]
[0.00103092]
[0.00103092]
[0.00103092]
[0.00103092]
[0.00103092]
[0.00103092]
[0.00103092]
[0.00103092]
[0.00103092]
[0.00103092]
[0.00103092]
[0.00103092]
[0.00103092]
[0.00103092]
[0.00103092]
[0.00103092]
[0.00103092]
[0.00103092]
[0.00103092]
[0.00103092]
[0.00103092]
[0.00103092]
[0.00103092]
[0.00103092]
[0.00103092]
[0.00103092]
[0.00103092]
[0.00103092]
[0.00103092]
[0.00103092]
[0.00103092]
[0.00103092]
[0.00103092]
[0.00103092]
[0.00103092]
[0.00103092]
[0.00103092]
[0.00103092]
[0.00103092]
[0.00103092]
[0.00103092]
[0.00103092]
[0.00103092]
[0.00103092]
[0.00103092]
[0.00103092]
[0.00103092]
[0.00103092]
[0.00103092]
[0.00103092]
[0.00103092]
[0.00103092]
[0.00103092]
[0.00103092]
[0.00103092]
[0.00103092]
[0.00103092]
[0.00103092]
[0.00103092]
[0.00103092]
[0.00103092]
[0.00103092]
[0.00103092]
[0.00103092]
[0.00103092]
[0.00103092]
[0.00103092]
[0.00103092]
[0.00103092]
[0.00103092]
[0.00103092]
[0.00103092]
[0.00103092]
[0.00103092]
[0.00103092]
[0.00103092]
[0.00103092]
[0.00103092]
[0.00103092]
[0.00103092]
[0.00103092]
[0.00103092]
[0.00103092]
[0.00103092]
[0.00103092]
[0.00103092]
[0.00103092]
[0.00103092]
[0.00103092]
[0.00103092]
[0.00103092]
[0.00103092]
[0.00103092]
[0.00103092]
[0.00103092]
[0.00103092]
[0.00103092]
[0.00103092]
[0.00103092]
[0.00103092]
[0.00103092]
[0.00103092]
[0.00103092]
[0.00103092]
[0.00103092]
[0.00103092]
[0.00103092]
[0.00103092]
[0.00103092]
[0.00103092]
[0.00103092]
[0.00103092]
[0.00103092]
[0.00103092]
[0.00103092]
[0.00103092]
[0.00103092]
[0.00103092]
[0.00103092]
[0.00103092]
[0.00103092]
[0.00103092]
[0.00103092]
[0.00103092]
[0.00103092]
[0.00103092]
[0.00103092]
[0.00103092]
[0.00103092]
[0.00103092]
[0.00103092]
[0.00103092]
[0.00103092]
[0.00103092]
[0.00103092]
[0.00103092]
[0.00103092]
[0.00103092]
[0.00103092]
[0.00103092]
[0.00103092]
[0.00103092]
[0.00103092]
[0.00103092]
[0.00103092]
[0.00103092]
[0.00103092]
[0.00103092]
[0.00103092]
[0.00103092]
[0.00103092]
[0.00103092]
[0.00103092]
[0.00103092]
[0.00103092]
[0.00103092]
[0.00103092]
[0.00103092]
[0.00103092]
[0.00103092]
[0.00103092]
[0.00103092]
[0.00103092]
[0.00103092]
[0.00103092]
[0.00103092]
[0.00103092]
[0.00103092]
[0.00103092]
[0.00103092]
[0.00103092]
[0.00103092]
[0.00103092]
[0.00103092]
[0.00103092]
[0.00103092]
[0.00103092]
[0.00103092]
[0.00103092]
[0.00103092]
[0.00103092]
[0.00103092]
[0.00103092]
[0.00103092]
[0.00103105]
[0.00102979]
[0.00102979]
[0.00102979]
[0.0010298]
[0.00103585]
[0.00103585]
[0.00103585]
[0.00103311]
[0.00103449]
[0.00103449]
[0.00103449]
[0.00103585]
[0.00103585]
[0.00103585]
[0.00103585]
[0.00103441]
[0.00103904]
[0.00103488]
[0.0010286]
[0.00103441]
[0.00103007]
[0.00103007]
[0.00103426]
[0.00103904]
[0.00103862]
[0.00103861]
[0.00103861]
[0.00103861]
[0.00103861]
[0.00103861]
[0.00103861]
[0.00103861]
[0.00103904]
[0.00103347]
[0.00103347]
[0.00103731]
[0.0010371]
[0.00104911]
[0.00104341]
[0.0010434]
[0.0010434]
[0.0010434]
[0.0010434]
[0.0010434]
[0.0010434]
[0.0010434]
[0.0010434]
[0.00104339]
[0.00104251]
[0.0010485]
[0.01602441]
[0.01602441]
[0.01602441]
[0.01602441]
[0.01602441]
[0.01602441]
[0.01602441]
[0.01602441]
[0.01602441]
[0.01602441]
[0.01602441]
[0.01602441]
[0.01602441]
[0.01602441]
[0.01602441]
[0.01602441]
[0.01602441]
[0.01602441]
[0.01602441]
[0.01602441]
[0.01602441]
[0.01602441]
[0.00110862]
[0.001104]
[0.00111699]
[0.00112516]
[0.00110904]
[0.00117336]
[0.00153559]
[0.00153559]
[0.00119999]
[0.00114992]
[0.00112169]
[0.00123471]
[0.00123471]
[0.00122247]
[0.00170127]
[0.00128558]
[0.00134862]
[0.00134862]
[0.00155082]
[0.00145919]
[0.00834536]
[0.00834536]
[0.00086997]
[0.00086997]
[0.0008742]
[0.00087851]
[0.00087851]
[0.00087851]
[0.00087851]
[0.00088308]
[0.00088308]
[0.00547334]
[0.00547334]
[0.00547334]
[0.00547334]
[0.00226714]
[0.00086879]
[0.00086704]
[0.00151508]
[0.00151508]
[0.00151508]
[0.00086391]
[0.00092754]
[0.00354181]
[0.00250075]
[0.00092754]
[0.00105248]
