[0.80275476]
[0.18108885]
[0.08040412]
[0.08040412]
[0.08040412]
[0.08040412]
[0.08040412]
[0.08040412]
[0.06740564]
[0.02434865]
[0.02452775]
[0.02295392]
[0.02145598]
[0.00894604]
[0.00894604]
[0.00894604]
[0.00894604]
[0.00894604]
[0.00894604]
[0.00894604]
[0.00894604]
[0.00894604]
[0.00894604]
[0.00894604]
[0.00894604]
[0.00894604]
[0.00894604]
[0.00894604]
[0.00894604]
[0.00894604]
[0.00894604]
[0.00894604]
[0.00894604]
[0.00894604]
[0.00894604]
[0.00894604]
[0.00894604]
[0.00894604]
[0.00894604]
[0.00894604]
[0.00894604]
[0.00894604]
[0.00894604]
[0.00894604]
[0.00894604]
[0.00894604]
[0.00894604]
[0.00894604]
[0.00894604]
[0.00894604]
[0.00894604]
[0.00894604]
[0.00894604]
[0.00894604]
[0.00894604]
[0.00894604]
[0.00894604]
[0.00894604]
[0.00894604]
[0.00894604]
[0.00894604]
[0.00894604]
[0.00894604]
[0.00894604]
[0.00894604]
[0.00894604]
[0.00894604]
[0.00894604]
[0.00894604]
[0.00894604]
[0.00894604]
[0.00894604]
[0.00894604]
[0.00894604]
[0.00894604]
[0.00894604]
[0.00894604]
[0.00894604]
[0.00894604]
[0.00894604]
[0.00894604]
[0.00894604]
[0.00894604]
[0.00894604]
[0.00894604]
[0.00894604]
[0.00894604]
[0.00894604]
[0.00894604]
[0.00894604]
[0.00894604]
[0.00894604]
[0.00894604]
[0.00894604]
[0.00894604]
[0.00894604]
[0.00894604]
[0.00894604]
[0.00894604]
[0.00894604]
[0.00894604]
[0.00894604]
[0.00894604]
[0.00894604]
[0.00894604]
[0.00894604]
[0.00894604]
[0.00894604]
[0.00894604]
[0.00894604]
[0.00894604]
[0.00894604]
[0.0089459]
[0.0089459]
[0.0089459]
[0.0089459]
[0.0089459]
[0.0089459]
[0.0089459]
[0.0089459]
[0.0089459]
[0.0089459]
[0.0089459]
[0.0089459]
[0.0089459]
[0.0089466]
[0.0089466]
[0.0089466]
[0.0089466]
[0.0089466]
[0.0089466]
[0.0089466]
[0.0089466]
[0.0089466]
[0.0089466]
[0.0089466]
[0.0089472]
[0.00894661]
[0.00894661]
[0.00894661]
[0.00894661]
[0.00894632]
[0.00894632]
[0.00894632]
[0.00894632]
[0.00894632]
[0.00894632]
[0.00894687]
[0.00894747]
[0.00894747]
[0.00894747]
[0.00894747]
[0.00894747]
[0.00894747]
[0.00894747]
[0.00894747]
[0.00894747]
[0.00894721]
[0.00894721]
[0.00894721]
[0.00894721]
[0.00894661]
[0.00894661]
[0.00894661]
[0.00894721]
[0.00894615]
[0.00894615]
[0.00894692]
[0.00894692]
[0.00894692]
[0.00894692]
[0.00894692]
[0.00894692]
[0.00894692]
[0.00894692]
[0.00894692]
[0.00894692]
[0.00894692]
[0.00894692]
[0.00894692]
[0.00894692]
[0.00894692]
[0.00894692]
[0.00894692]
[0.00894692]
[0.00894668]
[0.0089466]
[0.00894537]
[0.00894537]
[0.00894537]
[0.00894785]
[0.00894557]
[0.00894557]
[0.00894692]
[0.00894692]
[0.00894692]
[0.00894785]
[0.00894663]
[0.00894663]
[0.00894876]
[0.00894576]
[0.00894901]
[0.00894726]
[0.0089469]
[0.0089469]
[0.00894825]
[0.00894785]
[0.00894876]
[0.00894718]
[0.00894826]
[0.00894826]
[0.00894826]
[0.00894661]
[0.00894774]
[0.00894725]
[0.00894747]
[0.00894904]
[0.00894726]
[0.00894762]
[0.0089466]
[0.0089466]
[0.00894721]
[0.0089471]
[0.00894676]
[0.00894635]
[0.00895084]
[0.00895084]
[0.0089496]
[0.00894616]
[0.00894677]
[0.00894663]
[0.00894668]
[0.00894962]
[0.00894633]
[0.00894896]
[0.00894803]
[0.00894677]
[0.00894677]
[0.00894677]
[0.00894604]
[0.00895474]
[0.02021044]
[0.00894784]
[0.00895245]
[0.01902679]
[0.00895278]
[0.00898387]
[0.0089508]
[0.01891297]
[0.01891297]
[0.01891297]
[0.00895294]
[0.02119923]
[0.00895511]
[0.00895365]
[0.00895365]
[0.00895365]
[0.00896038]
[0.00895519]
[0.00895868]
[0.00895796]
[0.0146252]
[0.0146252]
[0.0146252]
[0.0146252]
[0.0146252]
[0.0146252]
[0.0146252]
[0.0146252]
[0.0146252]
[0.0146252]
[0.0146252]
[0.0146252]
[0.01595548]
[0.00895247]
[0.00896084]
[0.00895538]
[0.00896315]
[0.00896838]
[0.01541976]
[0.01402532]
[0.01402532]
[0.01402532]
[0.01402532]
[0.01392077]
[0.01324592]
[0.00897181]
[0.01311827]
[0.00897421]
[0.01283445]
[0.01299049]
[0.01299049]
[0.01299049]
[0.01299049]
[0.01299049]
[0.01299049]
[0.01299049]
[0.01299049]
[0.01299049]
[0.01299049]
[0.01299049]
[0.01299049]
[0.01299049]
[0.01299049]
[0.01299049]
[0.01299049]
[0.01299049]
[0.01299049]
[0.01299049]
[0.01299049]
[0.01299049]
[0.01299049]
[0.01299049]
[0.01299049]
[0.01299049]
[0.01299049]
[0.01299049]
[0.01299049]
[0.01299049]
[0.01299049]
[0.01299049]
[0.01299049]
[0.01299049]
[0.01299049]
[0.01299049]
[0.01299049]
[0.01299049]
[0.01299049]
[0.01299049]
[0.01299049]
[0.01299049]
[0.01299049]
[0.01299049]
[0.01299049]
[0.01299049]
[0.01299049]
[0.01299049]
[0.00896387]
[0.01310737]
[0.01310737]
[0.01310737]
[0.01310737]
[0.01310737]
[0.01214814]
[0.01214814]
[0.01214814]
[0.01214814]
[0.01214814]
[0.01214814]
[0.01214814]
[0.01214814]
[0.01214814]
[0.01214814]
[0.0124048]
[0.0124048]
[0.0124048]
[0.0124048]
[0.0124048]
[0.0124048]
[0.0124048]
[0.0124048]
[0.0124048]
[0.01231001]
[0.01231001]
[0.01231001]
[0.01231001]
[0.01231001]
[0.01231001]
[0.01231001]
[0.01231001]
[0.01231001]
[0.01231001]
[0.01231001]
[0.01231001]
[0.01231001]
[0.01231001]
[0.01231001]
[0.01231001]
[0.01231001]
[0.01231001]
[0.01231001]
[0.01231001]
[0.01231001]
[0.01231001]
[0.01231001]
[0.01231001]
[0.01231001]
[0.01231001]
[0.01231001]
[0.01233336]
[0.01262362]
[0.01262362]
[0.01262362]
[0.01262362]
[0.01262362]
[0.01262362]
[0.01262362]
[0.01262362]
[0.01262362]
[0.01322548]
[0.01322548]
[0.01322548]
[0.01322548]
[0.01064505]
[0.00896488]
[0.01124113]
[0.01124319]
[0.0117489]
[0.01230506]
[0.00899459]
[0.01092359]
[0.01125808]
[0.01005476]
[0.01005476]
[0.01005476]
[0.01005476]
[0.01005476]
[0.01005476]
[0.01005476]
[0.01005476]
[0.01005476]
[0.01005476]
[0.01005476]
[0.01005476]
[0.01005476]
[0.01005476]
[0.01005476]
[0.01005476]
[0.01005476]
[0.01005476]
[0.01005476]
[0.01005476]
[0.01005476]
[0.01005476]
[0.01005476]
[0.01005476]
[0.01005476]
[0.01005476]
[0.01005476]
[0.01005476]
[0.01005476]
[0.01005476]
[0.01005476]
[0.01005476]
[0.01005476]
[0.01005476]
[0.01005476]
[0.01005476]
[0.01005476]
[0.01005476]
[0.01005476]
[0.01005476]
[0.01005476]
[0.01005476]
[0.01005476]
[0.01005476]
[0.01005476]
[0.01005476]
[0.01005476]
[0.01005476]
[0.01005476]
[0.01005476]
[0.01013104]
[0.01013104]
[0.01238868]
[0.01027524]
[0.00999232]
[0.00999232]
[0.00999232]
[0.00999232]
[0.00999232]
[0.01014873]
[0.01014873]
[0.01014873]
[0.01014873]
[0.015592]
[0.015592]
[0.015592]
[0.01612083]
[0.0109844]
[0.00957464]
[0.00937764]
[0.00959877]
[0.01431947]
[0.01123176]
[0.00996834]
[0.01009993]
[0.01009993]
[0.01009993]
[0.01372846]
[0.0093355]
[0.01638739]
[0.01429851]
[0.02130514]
[0.00899368]
[0.00987276]
[0.011538]
[0.00894869]
[0.00894621]
[0.00894681]
