[0.65271604]
[0.5976325]
[0.5529905]
[0.54443824]
[0.6370039]
[0.6370039]
[0.67966497]
[0.4265955]
[0.7174976]
[0.7174976]
[0.417747]
[0.417747]
[0.417747]
[0.11691403]
[0.59470445]
[0.752552]
[0.752552]
[0.752552]
[0.11797325]
[0.73915833]
[0.6288972]
[0.75974464]
[0.7387238]
[0.14497964]
[0.75099146]
[0.495345]
[0.14570963]
[0.121208]
[0.14570147]
[0.18626529]
[0.27822596]
[0.12359985]
[0.2367737]
[0.23105171]
[0.6592526]
[0.6592526]
[0.6592526]
[0.12123185]
[0.18663567]
[0.11850937]
[0.35655463]
[0.6701933]
[0.7418835]
[0.11882767]
[0.11989272]
[0.12029439]
[0.18539232]
[0.12700784]
[0.75668806]
[0.16857469]
[0.1277242]
[0.19990398]
[0.75760555]
[0.75760555]
[0.75760555]
[0.75553954]
[0.75553954]
[0.75553954]
[0.16413376]
[0.15072839]
[0.1613649]
[0.17269586]
[0.17269586]
[0.23301505]
[0.12326048]
[0.12326048]
[0.12326048]
[0.7041308]
[0.20065725]
[0.12327293]
[0.11992123]
[0.11992123]
[0.11992123]
[0.12046693]
[0.13011464]
[0.1203011]
[0.1203011]
[0.1203011]
[0.1203011]
[0.34908003]
[0.17040263]
[0.17040263]
[0.17040263]
[0.17040263]
[0.17040263]
[0.14775597]
[0.14775597]
[0.14775597]
[0.16953993]
[0.16885507]
[0.16885507]
[0.16885507]
[0.16885507]
[0.11881426]
[0.18947579]
[0.17006081]
[0.17006081]
[0.17042172]
[0.17042172]
[0.11992847]
[0.13141342]
[0.22322614]
[0.22322614]
[0.22322614]
[0.22322614]
[0.22322614]
[0.16029578]
[0.16440316]
[0.23193674]
[0.58014774]
[0.7573319]
[0.7573319]
[0.19984603]
[0.13141342]
[0.13141342]
[0.12031847]
[0.12031847]
[0.7243517]
[0.17429712]
[0.18399109]
[0.13327132]
[0.15166874]
[0.12048379]
[0.7643432]
[0.7683119]
[0.76624155]
[0.12824962]
[0.12824962]
[0.42991403]
[0.75474125]
[0.20084059]
[0.20084059]
[0.20084059]
[0.20084059]
[0.14781964]
[0.14872785]
[0.1708084]
[0.1708084]
[0.1708084]
[0.2418336]
[0.14781143]
[0.14781143]
[0.17078497]
[0.16917847]
[0.66114485]
[0.21535647]
[0.1233591]
[0.2061999]
[0.35497284]
[0.15573715]
[0.12371123]
[0.12371123]
[0.31382176]
[0.7580374]
[0.7580374]
[0.12111302]
[0.75218076]
[0.1436239]
[0.12049052]
[0.12049052]
[0.12049052]
[0.7642975]
[0.7642975]
[0.20316464]
[0.75826496]
[0.16128826]
[0.12523149]
[0.2432922]
[0.11758698]
[0.23635165]
[0.31502452]
[0.18265717]
[0.18265717]
[0.18265717]
[0.18265717]
[0.18265717]
[0.1598892]
[0.1598892]
[0.17483672]
[0.7655263]
[0.12509319]
[0.12509319]
[0.12509319]
[0.13227563]
[0.22039655]
[0.18433519]
[0.17219025]
[0.7509339]
[0.21353403]
[0.20377828]
[0.1685028]
[0.1553235]
[0.20671628]
[0.20671628]
[0.20671628]
[0.20671628]
[0.20671628]
[0.12747651]
[0.12747651]
[0.12747651]
[0.14063546]
[0.12285638]
[0.12285638]
[0.18444636]
[0.1487224]
[0.7642376]
[0.7642376]
[0.7642376]
[0.7642376]
[0.17119767]
[0.12909713]
[0.11950352]
[0.12334032]
[0.20958559]
[0.1673623]
[0.1673623]
[0.12847999]
[0.12400993]
[0.12400993]
[0.12400993]
[0.12400993]
[0.12400993]
[0.12400993]
[0.13014318]
[0.7649766]
[0.19481589]
[0.14569418]
[0.12950158]
[0.12950158]
[0.77277094]
[0.77277094]
[0.16204253]
[0.23583454]
[0.13810514]
[0.1386412]
[0.12629262]
[0.16854474]
[0.16854474]
[0.23000132]
[0.31507304]
[0.14027414]
[0.1693152]
[0.25288588]
[0.18300667]
[0.17685585]
[0.13776404]
[0.22956921]
[0.76329243]
[0.76329243]
[0.20415178]
[0.240897]
[0.12924255]
[0.13608669]
[0.13608669]
[0.26101333]
[0.26101333]
[0.76420283]
[0.13421047]
[0.23794332]
[0.75708556]
[0.12920082]
[0.21103747]
[0.7618654]
[0.7618654]
[0.7618654]
[0.7618654]
[0.7618654]
[0.7618654]
[0.7618654]
[0.7618654]
[0.7618654]
[0.7618654]
[0.7618654]
[0.1591836]
[0.22413188]
[0.12772317]
[0.1196173]
[0.1196173]
[0.18501683]
[0.7566103]
[0.20517208]
[0.20367996]
[0.24004486]
[0.13597097]
[0.49524862]
[0.14106712]
[0.15839972]
[0.18158667]
[0.12052124]
[0.12052124]
[0.13767363]
[0.12476654]
[0.6313299]
[0.17064834]
[0.17544529]
[0.12826936]
[0.21165587]
[0.2207918]
[0.12379081]
[0.2131645]
[0.19751899]
[0.1244159]
[0.1649359]
[0.22849682]
[0.22849682]
[0.12969688]
[0.13856205]
[0.12609182]
[0.12798244]
[0.18691313]
[0.20884399]
[0.13473862]
[0.16050701]
[0.6877954]
[0.12857096]
[0.14354026]
[0.7602766]
[0.20685522]
[0.13939457]
[0.21874365]
[0.7658743]
[0.12998213]
[0.13484134]
[0.1448351]
[0.1224825]
[0.33293492]
[0.21623363]
[0.7643932]
[0.7697701]
[0.12102443]
[0.21381663]
[0.11970606]
[0.16629815]
[0.17107257]
[0.22305216]
[0.1855658]
[0.18890624]
[0.13388191]
[0.12117248]
[0.12455932]
[0.12747645]
[0.1359499]
[0.12702233]
[0.1259022]
[0.16665529]
[0.15353805]
[0.20367752]
[0.21891652]
[0.77686596]
[0.13598064]
[0.1450502]
[0.75595605]
[0.7679985]
[0.15990674]
[0.22973001]
[0.12423499]
[0.12832092]
[0.22268784]
[0.16604646]
[0.16520715]
[0.15686452]
[0.12984964]
[0.12984964]
[0.12158392]
[0.12293132]
[0.12921536]
[0.13256732]
[0.15968534]
[0.12267736]
[0.15815729]
[0.26463136]
[0.17535336]
[0.13108213]
[0.7521478]
[0.12839524]
[0.14125526]
[0.2245288]
[0.1676356]
[0.13930723]
[0.12775289]
[0.13598858]
[0.13598858]
[0.1304147]
[0.1293195]
[0.1293195]
[0.1283025]
[0.13601542]
[0.12851319]
[0.14177985]
[0.18779385]
[0.6916964]
[0.75679034]
[0.18218201]
[0.13553001]
[0.12494171]
[0.13053484]
[0.1287571]
[0.16928186]
[0.12716801]
[0.7484273]
[0.13384718]
[0.26217586]
[0.14849804]
[0.12282265]
[0.13910684]
[0.1968291]
[0.15778583]
[0.14599599]
[0.17169952]
[0.13146944]
[0.12379923]
[0.7666321]
[0.7744758]
[0.12243214]
[0.13704143]
[0.1394519]
[0.1257188]
[0.12482896]
[0.7742753]
[0.13868655]
[0.15891346]
[0.20181724]
[0.7734581]
[0.6176157]
[0.16390495]
[0.13014564]
[0.20310555]
[0.16898774]
[0.3761896]
[0.14647505]
[0.20286298]
[0.57885206]
[0.14309373]
[0.12551089]
[0.6254263]
[0.53562975]
[0.13879478]
[0.29493794]
[0.16502535]
[0.14275685]
[0.40453088]
[0.740319]
[0.19782677]
[0.17211585]
[0.20653933]
[0.16534153]
[0.20811155]
[0.22100975]
[0.24111456]
[0.28554973]
[0.19295084]
[0.157299]
[0.26596954]
[0.12503624]
[0.5368247]
[0.1404993]
[0.16877437]
[0.22282876]
[0.75763106]
[0.31303406]
[0.33547452]
[0.14353585]
[0.30073395]
[0.14352766]
[0.42467433]
[0.13760835]
[0.16348317]
[0.12688358]
[0.29203284]
[0.55504555]
[0.4049092]
[0.12811595]
[0.14819716]
[0.1605308]
[0.16531813]
[0.21162161]
[0.14250416]
[0.24237336]
[0.12607434]
[0.13427272]
[0.12852263]
[0.12958996]
[0.22146279]
[0.13726568]
[0.12662381]
[0.6963403]
[0.4236942]
[0.21633582]
[0.58185625]
[0.71563476]
[0.23178892]
[0.18310647]
[0.12206996]
[0.12331714]
[0.5797223]
[0.14318062]
[0.14152302]
[0.12620273]
[0.20679623]
[0.15915456]
