[0.07029673]
[0.07029673]
[0.07023595]
[0.07031094]
[0.07016145]
[0.07033315]
[0.0703331]
[0.07006983]
[0.07017498]
[0.07033905]
[0.07033834]
[0.07033834]
[0.07035378]
[0.07045661]
[0.07045661]
[0.07042751]
[0.07042751]
[0.07035306]
[0.07035306]
[0.07035306]
[0.07021652]
[0.07028813]
[0.07028813]
[0.07028813]
[0.07028813]
[0.07028813]
[0.07033317]
[0.07021631]
[0.07028688]
[0.07028688]
[0.07010636]
[0.07034764]
[0.07017697]
[0.07017697]
[0.07017697]
[0.07010712]
[0.07010755]
[0.07034735]
[0.07023638]
[0.07039012]
[0.07027008]
[0.07027008]
[0.07017495]
[0.07038262]
[0.07031564]
[0.07044628]
[0.07035378]
[0.07035378]
[0.07035378]
[0.07058571]
[0.07014269]
[0.07007403]
[0.07007403]
[0.07007403]
[0.07007403]
[0.07007403]
[0.07029487]
[0.07023268]
[0.07044634]
[0.07019638]
[0.07020608]
[0.07020608]
[0.07020608]
[0.07020608]
[0.07020608]
[0.07037658]
[0.07041036]
[0.07041036]
[0.07041036]
[0.07041036]
[0.070448]
[0.07037672]
[0.07037672]
[0.07032737]
[0.070366]
[0.0701576]
[0.0701576]
[0.0701576]
[0.0705533]
[0.07032092]
[0.07030816]
[0.07027119]
[0.07027119]
[0.07046866]
[0.07046866]
[0.07044291]
[0.07044291]
[0.0703773]
[0.07019178]
[0.07019178]
[0.07019178]
[0.07019178]
[0.07019178]
[0.07007097]
[0.07033919]
[0.07029935]
[0.07036336]
[0.07036336]
[0.07036336]
[0.07036336]
[0.07036336]
[0.0703661]
[0.07035568]
[0.07035568]
[0.07034611]
[0.07016909]
[0.07037938]
[0.07038795]
[0.07038795]
[0.07045414]
[0.07041902]
[0.07041902]
[0.07041902]
[0.07041902]
[0.07041902]
[0.07041902]
[0.07041902]
[0.07043199]
[0.07024138]
[0.07024138]
[0.07024138]
[0.07027542]
[0.07027542]
[0.07027542]
[0.07027542]
[0.07042301]
[0.07031371]
[0.07034725]
[0.07034725]
[0.0703811]
[0.07028458]
[0.07015135]
[0.07042353]
[0.07022136]
[0.07022136]
[0.07022136]
[0.07022136]
[0.07025615]
[0.07025615]
[0.07025615]
[0.07036147]
[0.07029762]
[0.07032417]
[0.07032417]
[0.07032417]
[0.07032452]
[0.07063341]
[0.07033858]
[0.07049163]
[0.07045784]
[0.07017311]
[0.07060389]
[0.0701583]
[0.07023108]
[0.07026369]
[0.07018473]
[0.07007462]
[0.07034413]
[0.07035838]
[0.07060714]
[0.07034777]
[0.07014071]
[0.0702737]
[0.07024864]
[0.07025714]
[0.07025714]
[0.07025714]
[0.07021634]
[0.07030983]
[0.07030983]
[0.07030983]
[0.07058704]
[0.07058704]
[0.07058704]
[0.07058704]
[0.07030649]
[0.07041868]
[0.07016829]
[0.07069263]
[0.0708379]
[0.07055949]
[0.07055949]
[0.0702527]
[0.07031821]
[0.07039627]
[0.07041068]
[0.07041068]
[0.07041068]
[0.07060685]
[0.07035247]
[0.0701478]
[0.07063358]
[0.7593729]
[0.07026792]
[0.07036881]
[0.07037339]
[0.07043199]
[0.07026431]
[0.0704923]
[0.07040886]
[0.07029863]
[0.07033387]
[0.07009763]
[0.070273]
[0.07041098]
[0.07026965]
[0.07014573]
[0.0703469]
[0.0703469]
[0.0703469]
[0.07057793]
[0.07029026]
[0.07029457]
[0.07037234]
[0.07021467]
[0.799955]
[0.799955]
[0.07029185]
[0.07039218]
[0.07022281]
[0.07031886]
[0.07035939]
[0.07067017]
[0.07062881]
[0.07048406]
[0.07040096]
[0.77761436]
[0.07063484]
[0.0703322]
[0.07040981]
[0.07041886]
[0.07059402]
[0.07036098]
[0.7770448]
[0.7770448]
[0.0705319]
[0.07051069]
[0.07030553]
[0.07032913]
[0.78908354]
[0.07022732]
[0.07035205]
[0.07055442]
[0.07036854]
[0.77705956]
[0.07043456]
[0.0703751]
[0.07023969]
[0.07062817]
[0.07033178]
[0.0704454]
[0.0702628]
[0.07050201]
[0.07070725]
[0.07070725]
[0.07027236]
[0.07013725]
[0.07058764]
[0.07041065]
[0.07034366]
[0.07066285]
[0.8115884]
[0.8395211]
[0.07084064]
[0.07051286]
[0.07068126]
[0.07034355]
[0.6993804]
[0.07038051]
[0.07037286]
[0.82203543]
[0.0703453]
[0.76906174]
[0.07045423]
[0.07077817]
[0.07052888]
[0.07007001]
[0.7826499]
[0.07023629]
[0.85201603]
[0.8226866]
[0.69641733]
[0.68616676]
[0.07032989]
[0.07023314]
[0.07061661]
[0.07030338]
[0.75748885]
[0.07044387]
[0.07064938]
[0.07079395]
[0.07050078]
[0.07080445]
[0.7226419]
[0.07050617]
[0.07051359]
[0.71268237]
[0.07043724]
[0.0705556]
[0.07067242]
[0.07039671]
[0.07060377]
[0.07017062]
[0.070263]
[0.07042219]
[0.7558995]
[0.07041679]
[0.71457565]
[0.07079198]
[0.67905664]
[0.67905664]
[0.67905664]
[0.67905664]
[0.67905664]
[0.07074637]
[0.07050228]
[0.07045878]
[0.8155249]
[0.77311003]
[0.07048975]
[0.07040916]
[0.6555918]
[0.6555918]
[0.6555918]
[0.07022513]
[0.07046019]
[0.07058937]
[0.07022496]
[0.70902747]
[0.07035403]
[0.07039987]
[0.6456992]
[0.619052]
[0.07031196]
[0.8271047]
[0.645733]
[0.72245395]
[0.07032899]
[0.64570975]
[0.07045736]
[0.07042769]
[0.07069661]
[0.8649295]
[0.70606506]
[0.6647299]
[0.070129]
[0.07052183]
[0.07061375]
[0.07046862]
[0.07020606]
[0.60881424]
[0.54550654]
[0.6028155]
[0.6028155]
[0.6028155]
[0.73301643]
[0.07064112]
[0.07058074]
[0.7695182]
[0.07141991]
[0.8563707]
[0.07062794]
[0.07066724]
[0.0705198]
[0.56197083]
[0.07110505]
[0.0704608]
[0.6305137]
[0.07017601]
[0.07049522]
[0.07098508]
[0.07092164]
[0.07056874]
[0.07129693]
[0.07095166]
[0.07117206]
[0.07210188]
[0.8457419]
[0.8699552]
[0.8713307]
[0.8539581]
[0.45040435]
[0.29999083]
[0.40617272]
[0.5314552]
[0.8734483]
[0.7965575]
[0.45991215]
[0.87343013]
[0.24636787]
[0.2672323]
[0.40617776]
[0.472894]
[0.262147]
[0.0717143]
[0.8582511]
[0.7555568]
[0.28035387]
[0.0723849]
[0.07161559]
[0.0721486]
[0.07070068]
[0.48600182]
[0.46600938]
[0.072161]
[0.07022245]
[0.6574357]
[0.37327275]
[0.07055475]
[0.07356926]
[0.07258773]
[0.2338539]
[0.2338539]
[0.3875744]
[0.07430341]
[0.14788261]
[0.3296797]
[0.30294684]
[0.30294684]
[0.30294684]
[0.07044268]
[0.07070128]
[0.20780349]
[0.8239425]
[0.30703968]
[0.075019]
[0.07400086]
[0.07056976]
[0.26140055]
[0.12954983]
[0.07534438]
[0.24090542]
[0.12123699]
[0.25144875]
[0.15039688]
[0.22536553]
[0.07438238]
[0.08506878]
[0.07824973]
[0.08125621]
[0.09249395]
[0.10421973]
[0.15535942]
[0.09083422]
[0.18969503]
[0.08664472]
[0.07042327]
[0.09641825]
[0.5615725]
[0.11821746]
[0.0854656]
[0.09868489]
[0.07032085]
[0.17582141]
[0.07041653]
[0.11945441]
[0.13321154]
[0.31131822]
[0.37187323]
[0.07040988]
[0.17765051]
[0.2484384]
[0.11883616]
[0.26833257]
[0.144383]
[0.0708503]
[0.07083453]
[0.07022993]
[0.07031015]
[0.0707482]
[0.07031187]
[0.81724757]
[0.07022221]
[0.07043564]
[0.07016648]
[0.07038022]
[0.07046928]
[0.07036519]
[0.07066665]
[0.07060031]
[0.07063933]
[0.07021543]
[0.18941516]
[0.07051525]
[0.07028507]
[0.07074977]
[0.07017202]
[0.0703688]
[0.07065564]
[0.6997349]
[0.0704093]
[0.09012217]
[0.07051153]
[0.07037085]
[0.07046507]
[0.07051641]
[0.09581875]
[0.07058394]
[0.07031646]
[0.11881838]
