7.328415384615383
5.567182177951234
3.9119372712503746
3.1744508628614856
2.7934208905239872
2.670488577201346
2.513808295297591
2.5026885266763617
2.3724933216073265
2.3239731985989303
2.3096775749917633
2.396024961645536
2.447631246552667
2.530956611304084
2.591655729636777
2.6362788966687036
2.7240827262777794
2.8486254757358447
3.0158773522622058
3.0612327083904565
3.1241359089111875
3.108973267282484
3.1021106831303396
3.1287408927914284
3.246407585473763
3.25686337543455
3.2168512541233714
3.321992914131123
3.4146742936130687
3.445658986888101
3.437601801094814
3.49292410387456
3.6506124469498054
3.7415137646078738
3.812556816895876
3.9071526197927313
3.871360263534393
3.8186587719639618
3.7528096107086233
3.7723123236284426
3.7232335728628123
3.7782793591600377
3.7405767308937543
3.779751431088673
3.756936355731701
3.698254376479539
3.679593615957824
3.6414291450504166
3.756217519517085
3.803957565721368
3.8553810178187495
3.898402903550905
3.84045247189381
3.8608485990587726
3.8606504578374055
3.874788442574874
3.8635298787691217
3.931674332009297
4.002483448869148
3.975991111447329
4.031263874349328
4.075719901373814
4.1214711013725545
4.127544275559664
4.190872451397299
4.181875290783344
4.124399562538291
4.141379982391903
4.162715868474854
4.2699513130648
4.26922071917784
4.302398113742212
4.330174574060278
4.321983655819573
4.32235716317814
4.327918383825333
4.363885360733046
4.343695374790517
4.37492826673628
4.413797307577664
4.460666474117012
4.4842746090550385
4.4909850780389435
4.4189865225528155
4.40434327042247
4.347158730473718
4.396276093971283
4.371313340876559
4.369730779607197
4.3803165540721025
4.35813004941012
4.401285495197167
4.406856135786718
4.421401921891439
4.380664975197775
4.44959278233389
4.40695142566371
4.457548349114646
4.507821450343001
4.567951767162412
