7.3284153846153846
1.0
1.0
1.0
1.0
1.0
1.0
1.0
1.0
1.0
1.0
1.0
1.0
1.0
1.0
1.0
1.0
1.0
1.0
1.0766195634868012
1.0
1.3221061957269953
1.0
1.0
1.0337432953498862
1.6295901374030706
1.9439344318459852
1.3106820670664607
1.3106820670664607
1.0
1.0337432953498862
1.0337432953498862
1.0
1.7048296223004193
2.053303220912614
1.9197147764563258
1.3106820670664607
1.0
1.405027910734498
1.659109300809794
1.8399407830406407
1.5614558460766457
1.605723046467979
1.928750611181595
1.659109300809794
1.0337432953498862
1.659109300809794
1.192665672972261
1.6581235699908081
1.6295901374030706
1.659109300809794
1.8528769655025403
1.405027910734498
1.6295901374030706
1.6295901374030706
1.659109300809794
1.6295901374030706
1.659109300809794
1.8528769655025403
1.6295901374030706
1.8528769655025403
1.9116885974447442
1.7048296223004193
1.659109300809794
2.0251977341885326
1.6295901374030706
1.6295901374030706
1.6295901374030706
1.6295901374030706
1.8838692111342858
1.6295901374030706
1.8708028831590298
1.8838692111342858
1.9116885974447442
1.6295901374030706
1.9791367696627127
1.8547462897524358
2.0462408361576685
1.9116885974447442
2.2282374169582244
1.8547462897524358
1.8763900465430954
2.075383090732947
1.7853974516818454
2.3802581046035076
2.2765043221189476
2.4278859753483317
2.231187427885157
2.4178932393545587
2.2765043221189476
2.3802581046035076
2.343984547833177
2.4178932393545587
2.6396752742624905
1.7549570386349824
2.3558769644534525
2.4278859753483317
2.3390191721074327
2.2765043221189476
2.2765043221189476
