4.549964953373572
3.734683039371248
3.93591817865242
3.93591817865242
3.93591817865242
3.93591817865242
4.319596946096864
3.832132668559084
3.832132668559084
3.832132668559084
3.832132668559084
3.832132668559084
3.832132668559084
3.832132668559084
3.832132668559084
3.832132668559084
3.8354782544960226
3.8354782544960226
3.8354782544960226
3.8354782544960226
3.8354782544960226
3.8354782544960226
3.8354782544960226
3.8354782544960226
4.456371998658237
4.425826340443528
4.425826340443528
4.425826340443528
3.78298469900424
3.7509264282404438
3.7509264282404438
3.7509264282404438
3.918126212829197
3.8972350948843184
3.8972350948843184
3.9012493262685606
3.9012493262685606
3.9644306578571173
3.9644306578571173
3.9644306578571173
3.9644306578571173
3.9644306578571173
3.9644306578571173
3.9644306578571173
3.9644306578571173
3.9644306578571173
3.9644306578571173
3.9644306578571173
3.9644306578571173
3.9644306578571173
3.9644306578571173
3.9644306578571173
3.9644306578571173
3.9644306578571173
3.9644306578571173
3.9644306578571173
3.9644306578571173
3.9644306578571173
3.9644306578571173
3.9644306578571173
3.9644306578571173
3.9644306578571173
3.9644306578571173
3.9644306578571173
3.9644306578571173
3.9644306578571173
3.9644306578571173
3.9644306578571173
3.9644306578571173
4.118935619276311
4.118935619276311
4.118935619276311
4.475793152504391
4.475793152504391
4.475793152504391
4.475793152504391
4.475793152504391
4.475793152504391
3.8178832066179744
3.8178832066179744
3.7331377153453715
4.3850563157408455
4.3850563157408455
3.80599630628714
3.80599630628714
3.80599630628714
3.80599630628714
3.80599630628714
3.80599630628714
3.80599630628714
3.80599630628714
3.80599630628714
3.80599630628714
3.80599630628714
3.80599630628714
3.80599630628714
3.80599630628714
3.80599630628714
3.80599630628714
3.80599630628714
3.80599630628714
3.80599630628714
3.80599630628714
3.80599630628714
3.80599630628714
3.80599630628714
3.80599630628714
3.80599630628714
3.80599630628714
3.80599630628714
3.80599630628714
3.80599630628714
3.80599630628714
3.80599630628714
3.8232412641811315
3.8140909880799567
3.8140909880799567
3.8140909880799567
3.8140909880799567
3.8140909880799567
3.8140909880799567
3.8140909880799567
3.8140909880799567
3.8140909880799567
3.9445448695739245
4.046308659294931
4.046308659294931
4.046308659294931
4.046308659294931
4.046308659294931
4.046308659294931
4.046308659294931
4.046308659294931
4.046308659294931
4.046308659294931
4.046308659294931
4.046308659294931
4.046308659294931
4.046308659294931
4.046308659294931
4.046308659294931
4.046308659294931
4.046308659294931
4.216558823615238
4.216558823615238
4.216558823615238
4.216558823615238
4.216558823615238
4.216558823615238
4.216558823615238
4.216558823615238
4.216558823615238
4.216558823615238
4.216558823615238
4.216558823615238
4.216558823615238
4.216558823615238
4.216558823615238
4.216558823615238
4.216558823615238
4.075627305310231
4.384702126863365
3.8213434574190366
3.7999727928493723
3.7999727928493723
3.7999727928493723
4.334712797648295
4.334712797648295
4.334712797648295
4.334712797648295
4.334712797648295
4.190690229329524
3.8128439732818418
3.643164296438955
3.9572209752638816
3.9572209752638816
4.066450764083084
3.8700915149318877
3.8700915149318877
3.8700915149318877
3.8700915149318877
3.8700915149318877
3.773649127893248
3.9357981688812522
3.941061675990257
3.941061675990257
3.9925782982311784
3.9925782982311784
4.452112580963571
3.904600563554361
3.9338010050286343
3.905793119385627
4.001370090609422
4.001370090609422
4.506450609132585
4.390238474788057
3.9334328897477766
3.9463078986098807
3.721418193109887
3.849006892385235
3.849006892385235
3.849006892385235
3.773352992004483
3.773352992004483
4.172327128024088
4.492683537119774
4.244079283383115
4.144591525825979
3.7803876256173163
3.932554494072649
3.932554494072649
4.085745474198697
4.017193867021974
3.938613929022144
4.018286330868561
4.035305660028497
4.31811241372492
3.7530443157016293
3.7530443157016293
4.114345882369911
4.102993500560488
4.102993500560488
4.105849698720466
3.840878250118431
4.121820537376971
4.059804544026282
4.059804544026282
4.563350844812081
3.998835905444791
3.980901387329305
3.77773468373778
3.930675812666383
3.999774907357665
3.9515682387747333
4.2047415977664935
3.862931618551145
4.213529817524563
3.9995638270415066
3.62217163367432
4.065659851986248
3.928098840264748
3.783601771981971
4.2404513424246595
3.86592955787141
3.9324045967667187
4.106823369761612
4.105949315601824
3.989101305242592
4.041843562931492
4.159032851684314
3.918423604110785
4.5675906810507545
4.291012481282296
4.248187258214713
4.274038691472781
4.102241032477833
3.977839281693006
3.977839281693006
3.977839281693006
4.695256892989574
4.097286409161235
4.444171357632596
3.9621419335503836
4.317756417093218
3.976268949619386
4.130007007909515
4.695659276521535
4.519027470348415
4.380504563628794
3.9524885848167157
3.8784406884007367
4.046466105542651
4.017675899598266
3.9916671861174224
3.9305884302822065
4.201906632030907
3.753407774799605
4.228197357044426
3.998095099625491
3.823948905616393
4.597973551679326
4.175040345075503
3.8814709796318834
4.234926661418463
4.366067200702132
3.955450548410905
3.6693476398572713
4.310426856194715
3.6953460775731806
4.015675189461312
4.463592511478749
3.934625114854855
3.9726357458925996
4.105134571787148
4.297331191278051
4.0414060873410245
4.519043848269284
3.9297725548521587
4.1708119811389315
4.214295342672708
3.8844066579150924
4.680083498250775
4.3835968196812845
3.8158599783828144
4.2956078516590495
4.093349815415589
4.650826418278571
5.132653750521936
3.930438760864579
4.098841837554067
4.678514716202008
3.9091419820857354
4.044248206134368
4.321789911592974
4.095817213856007
4.752482749368184
4.513585853367917
3.8879075682624435
4.176767384770992
4.314637907823346
4.314637907823346
5.210946344269887
4.579590181021548
4.296331340336167
3.603385664005385
3.603385664005385
4.672518600620663
4.505419496912225
4.450380640959052
4.450380640959052
4.57107465915928
4.57107465915928
4.497159739224278
4.668623317834715
4.000894435901754
4.758604035058761
4.758604035058761
4.225784448737917
3.8228028517706045
4.779630131392335
4.794821432614477
3.815686401223026
4.701151534536733
4.497049143826747
4.613719675734459
4.625968819759361
4.388504070923116
4.776704189561569
4.686895581787454
4.274744107086168
4.34736213148769
4.434556915378146
4.739517100629149
3.8280101997605716
4.613496618838115
3.84585709210023
4.849274112694277
3.713052750003283
4.512761352560666
4.524052881960872
4.248024713244567
3.6717686241292764
3.649251293328982
4.737523002999401
4.828887500191758
3.703587431836941
5.188547140232
5.249160736251365
3.894368493322558
4.941121323395517
3.302923438158677
3.8498858841779127
3.608355187940113
3.2133747522417195
4.006814726770603
4.349517521865918
3.129145259129496
3.011383770044967
3.5162548487064615
3.63059481464484
3.3109610860588017
3.0443504490335354
3.0321561830358092
3.50470713479981
3.2187682452634956
2.566895193872025
3.3699805714077664
3.377703385189763
2.452541485934729
3.0413828811720025
2.8137005181689627
2.9242922605727752
2.878943129274413
2.983977673361901
2.797984234762948
2.760771299455458
2.5930805821401854
2.517687980863599
2.8884241006181472
2.6810668782475275
2.6233652950522117
3.0218514573100146
3.808246128896644
2.4873303185006836
2.3943187500943672
2.962350287982897
2.962350287982897
2.616633204870361
2.9820003231922474
2.5359905323809535
2.3263261187714814
2.3407430043249526
2.645764197387754
2.4764113468605924
2.4764113468605924
3.0108778616537855
2.6342525663867384
2.841798222241895
2.071047505657992
2.0870135206160665
3.104101424350194
2.290850460366709
1.832596457758779
2.064376768177798
1.9486815778848054
2.7682032112286183
2.957024423376483
2.549838314153888
1.292069328656492
3.287103215737387
2.5061024082404355
3.0983928162182233
2.1673136508439867
2.235845545733806
2.161672719748294
1.7907508164854562
3.8739434590164237
2.322380970307522
2.692159816461368
2.774707124153677
3.8227217651032372
3.8227217651032372
2.2969155614323924
2.5926541833883636
4.944816176232218
2.801455837945241
2.5460136626152146
2.839748503419301
2.6634002489693245
3.5030801155580598
3.6245768250976234
3.276908330314919
2.880495837909665
3.5919901484967376
2.738080115558061
3.4282532379947863
2.6262922772372104
3.373829457410931
4.521180358286947
4.024769916126063
4.199921087283926
3.5133525343340075
3.5133525343340075
4.628631294685597
5.836789967307835
4.054249346327292
4.043614072795545
4.043614072795545
4.806949346327291
5.868476923076923
5.203049988061746
5.411987336028442
5.411987336028442
5.214175427371906
5.076916556871741
5.133937774516656
5.403705554594932
5.72360075338757
3.6051781408123116
6.705132631585129
4.673739696328495
4.886056619405418
4.796623948564801
5.335074486146258
4.869034046691179
5.586478846999761
5.472418245040545
5.806361590864811
5.793873039025903
4.6827577119649675
6.4968523180197035
4.370118600620662
6.013236268040379
4.519917762675302
6.593240670048245
6.731077481790603
5.8081116622972075
6.478503887670136
6.772089292066241
6.099628550669402
