5.386600000000004
4.546200000000004
5.847320000000006
5.337100000000003
4.792900000000004
4.531300000000004
5.361600000000004
4.216400000000003
6.602500000000006
5.848300000000005
4.322200000000004
4.322200000000004
4.714120000000004
4.072200000000003
5.083120000000003
4.305100000000004
3.8922000000000008
5.758220000000004
3.821100000000003
5.008600000000004
4.680420000000003
4.986500000000004
2.858500000000001
3.1216000000000017
5.1204000000000045
4.258300000000003
5.420100000000005
4.450000000000005
5.813220000000005
4.2451000000000025
4.284100000000002
4.074600000000003
3.677200000000002
4.180320000000004
3.773620000000003
4.821720000000004
5.574200000000004
3.8687000000000022
3.7764200000000026
3.600520000000002
3.5713000000000017
4.384200000000003
3.3842000000000025
3.845200000000003
5.848320000000005
5.490100000000004
3.844120000000003
5.371400000000004
5.0549000000000035
5.0549000000000035
4.3038200000000035
4.3038200000000035
3.708100000000002
4.774900000000004
4.1494000000000035
4.762700000000004
3.2995000000000023
3.7089000000000025
4.868200000000004
4.023000000000003
3.353900000000002
3.353900000000002
3.2482000000000006
3.977300000000003
3.080200000000002
3.220100000000002
3.985400000000003
3.3961000000000006
4.273400000000002
3.856900000000002
2.840200000000001
4.3117000000000045
3.3694000000000015
3.994100000000003
3.994100000000003
4.063120000000002
4.843320000000003
6.186700000000005
3.7497000000000025
3.7497000000000025
3.7497000000000025
3.4669000000000025
5.256100000000004
5.256100000000004
3.209200000000002
3.9954000000000027
4.224400000000004
3.816200000000003
4.638620000000001
5.458220000000004
5.458220000000004
2.8252000000000006
3.152700000000002
4.856200000000004
3.2615000000000016
5.136600000000004
3.6343000000000023
3.265500000000001
4.683500000000002
3.3885000000000023
3.7235200000000015
2.5665200000000006
4.562100000000004
2.7701000000000002
3.099920000000002
4.383920000000003
4.945500000000004
4.721620000000004
3.543400000000002
3.543400000000002
4.498700000000003
3.595200000000002
3.838600000000002
3.838600000000002
3.6753000000000027
3.364300000000002
4.497900000000004
4.055320000000003
3.699600000000002
3.462200000000002
3.958420000000001
5.0206000000000035
3.7593000000000023
3.485400000000002
4.1395000000000035
3.094420000000002
2.9770200000000013
5.192900000000004
3.3994000000000018
3.3994000000000018
4.104700000000004
2.40242
3.038520000000001
3.038520000000001
3.466800000000002
3.2345000000000024
3.2345000000000024
3.2345000000000024
3.2345000000000024
2.9544000000000015
4.455300000000004
3.8343000000000025
3.8343000000000025
3.8343000000000025
3.8343000000000025
3.8343000000000025
5.032100000000004
5.032100000000004
3.4053000000000013
3.0447200000000016
2.327
4.752100000000003
4.388300000000004
4.135500000000003
3.878300000000002
3.3865000000000025
2.928700000000001
3.7252000000000027
3.6682000000000032
4.866000000000004
4.866000000000004
4.866000000000004
4.866000000000004
3.185000000000002
3.264800000000002
4.075500000000003
2.4434200000000006
4.071300000000002
4.071300000000002
3.247600000000002
3.4132000000000025
2.9391000000000007
3.0836000000000015
1.51402
3.514920000000002
3.3043000000000022
3.717800000000002
3.2471000000000023
3.2471000000000023
3.2471000000000023
4.131520000000002
4.131520000000002
4.131520000000002
4.131520000000002
2.6724000000000006
2.6697000000000015
2.6392000000000015
2.0552
2.0536
3.0810000000000013
2.762600000000001
2.762600000000001
2.9183000000000012
3.9829000000000025
4.386400000000004
5.382300000000003
4.343900000000003
3.9209000000000023
2.60862
2.60862
4.394500000000003
3.372200000000002
3.839800000000003
4.698100000000004
4.228400000000003
3.1358000000000006
3.0371000000000015
3.1744200000000022
3.5661000000000023
3.5661000000000023
2.756400000000001
3.3706000000000014
3.625200000000002
3.4837000000000016
3.4837000000000016
3.4837000000000016
3.4837000000000016
2.730100000000001
4.475900000000004
3.7957000000000027
2.675870000000001
4.429100000000003
2.5913000000000004
2.5913000000000004
3.9052000000000024
5.3933000000000035
3.3953000000000015
3.3953000000000015
3.3953000000000015
3.3953000000000015
3.1133000000000015
3.2247000000000012
2.9830000000000014
4.140520000000003
3.7371200000000018
5.4737000000000045
3.0670000000000024
2.2035
3.3176000000000014
3.4345000000000026
3.858100000000002
3.4151000000000016
3.823100000000003
3.823100000000003
4.567500000000004
4.108500000000004
2.4050000000000002
3.218800000000003
3.4033000000000024
2.943600000000001
4.630380000000004
3.414220000000002
2.9744
4.3080000000000025
3.135670000000001
4.655280000000004
4.655280000000004
4.655280000000004
3.9704400000000026
3.9704400000000026
2.7486000000000006
2.748400000000001
3.585820000000002
3.2003000000000013
3.2003000000000013
4.2882000000000025
4.2882000000000025
3.826120000000003
2.6747000000000005
3.056820000000002
3.056820000000002
4.253200000000002
3.4771000000000027
3.533920000000003
2.52312
3.2428000000000017
3.5638000000000023
2.708400000000001
2.2477
4.724600000000003
3.0889200000000017
2.6024000000000003
4.3316000000000034
3.4559000000000024
3.4213000000000022
3.629400000000002
3.838300000000002
3.0519000000000016
3.5660000000000025
2.5517000000000007
3.581100000000002
3.581100000000002
3.581100000000002
3.3991200000000017
3.062800000000001
3.062800000000001
3.469100000000002
3.0768000000000013
3.0242000000000004
3.7715000000000014
3.5584000000000024
3.277400000000002
3.277400000000002
4.016700000000004
3.415000000000002
3.415000000000002
2.05242
3.5987000000000027
2.7452000000000014
4.0427000000000035
2.8214000000000015
3.8729000000000022
3.6389200000000024
3.569320000000002
3.225500000000001
3.5516000000000023
3.5516000000000023
3.5516000000000023
2.4329
1.8312
4.3148000000000035
3.073520000000001
2.7052000000000014
2.7052000000000014
5.018500000000004
2.649800000000001
4.762600000000003
3.503300000000003
3.4914200000000024
3.4914200000000024
2.8493000000000013
3.5843200000000017
3.5843200000000017
2.970270000000001
2.7015200000000013
2.7015200000000013
2.3339000000000008
3.5516000000000023
2.7936000000000005
3.147300000000002
3.0237000000000016
2.944300000000001
2.5981000000000005
2.5981000000000005
2.8130000000000015
5.290100000000004
3.853920000000003
3.456640000000002
4.284620000000003
3.898100000000002
5.186300000000004
2.3527000000000005
3.0507000000000017
3.353600000000001
3.241200000000002
4.085800000000003
4.085800000000003
3.4482000000000026
2.1978
3.036900000000001
2.9571200000000015
3.237700000000002
3.292600000000002
3.065800000000001
2.5741000000000005
3.275900000000002
3.4966000000000026
4.229900000000003
3.578820000000003
3.6655000000000024
2.477500000000001
3.7646000000000024
2.6438000000000006
4.903400000000003
1.6921
4.341400000000004
2.509400000000001
3.338320000000002
3.0203000000000015
3.1942200000000014
3.676420000000003
2.0237000000000003
2.5654000000000003
2.5654000000000003
2.3281
2.1869000000000005
2.0083
3.287700000000002
3.251000000000002
3.236600000000002
2.935220000000001
4.407000000000004
1.9101999999999997
3.5108000000000024
3.3889000000000022
3.0299000000000014
2.2931
2.7197000000000005
3.434400000000002
3.036100000000001
2.0568
1.5312999999999999
2.1561000000000003
2.3765
3.6424200000000013
2.2746000000000004
2.4229000000000003
3.258420000000002
3.7025000000000023
2.1972000000000005
2.970600000000001
2.5329000000000006
3.6209000000000033
3.753300000000003
2.7364000000000006
3.839800000000003
4.593700000000004
1.3921999999999999
3.6000000000000023
2.862000000000001
1.5789999999999997
3.9513000000000034
2.4843
3.3043000000000022
2.1868999999999996
2.481700000000001
2.4386
3.137300000000002
2.6019000000000005
3.039900000000001
4.005900000000003
1.0476
3.161500000000002
2.7885000000000018
3.579300000000001
3.1531200000000013
3.565400000000002
2.0882
2.503400000000001
2.074
2.1386000000000003
2.3047000000000004
1.8326
2.0484999999999998
0.6635
0.6653000000000002
1.9894
-0.1644000000000001
-0.1644000000000001
1.248
1.883
0.9758
0.9758
0.9758
3.2131000000000016
1.7265
1.5824
1.5824
1.3179
1.3364
1.0262
0.5343
0.13279999999999997
2.7007000000000003
2.989600000000001
0.6194999999999999
2.7120000000000006
-0.3915
1.3584
0.9503
0.5857
0.5857
3.561200000000002
3.561200000000002
2.813600000000001
3.427220000000003
2.2028
-0.1849
3.3991200000000017
2.795300000000001
2.4592
2.7070000000000007
0.6361
5.508720000000005
5.343720000000003
1.9489
3.513200000000002
2.599500000000001
3.3245000000000013
4.026500000000003
5.1982000000000035
4.359200000000003
4.810620000000004
3.403100000000002
3.561200000000002
2.830800000000001
2.830800000000001
3.171100000000002
3.4928000000000026
5.427000000000005
