[0.0097055]
[0.0097055]
[0.00970902]
[0.00970902]
[0.00970902]
[0.00970902]
[0.00970902]
[0.00970902]
[0.00970902]
[0.00970902]
[0.00970902]
[0.00970902]
[0.00970902]
[0.00970902]
[0.00970902]
[0.00970902]
[0.00970902]
[0.00970902]
[0.00970902]
[0.00970273]
[0.00970273]
[0.00970273]
[0.00970273]
[0.00970273]
[0.00970273]
[0.00970273]
[0.00970273]
[0.00970273]
[0.00970273]
[0.00970273]
[0.00970273]
[0.0097131]
[0.00971311]
[0.00971313]
[0.00970902]
[0.00971501]
[0.00971501]
[0.00971501]
[0.00971501]
[0.00971501]
[0.00971501]
[0.00971501]
[0.00971501]
[0.00971501]
[0.00971501]
[0.00971501]
[0.00971501]
[0.00971501]
[0.00971501]
[0.00971501]
[0.00971501]
[0.00971501]
[0.00971501]
[0.00971501]
[0.0097131]
[0.0097131]
[0.00971005]
[0.00971005]
[0.00971005]
[0.00971005]
[0.00971005]
[0.00971005]
[0.00970347]
[0.00971443]
[0.0097053]
[0.00970901]
[0.00970901]
[0.00970901]
[0.00970901]
[0.00970901]
[0.00971447]
[0.00971447]
[0.00971447]
[0.00971447]
[0.00971447]
[0.00971447]
[0.00971447]
[0.00971447]
[0.00971447]
[0.00971447]
[0.00971447]
[0.00971447]
[0.00971447]
[0.00971447]
[0.00971447]
[0.00971447]
[0.00971447]
[0.00971447]
[0.00971447]
[0.00971447]
[0.00971447]
[0.00971447]
[0.00971447]
[0.00971447]
[0.00971447]
[0.00971447]
[0.00971447]
[0.00971447]
[0.00971447]
[0.00971447]
[0.00971447]
[0.00971447]
[0.00971447]
[0.00971447]
[0.00971447]
[0.00971447]
[0.00971447]
[0.00971447]
[0.00971447]
[0.00971447]
[0.00971447]
[0.00971447]
[0.00971447]
[0.00971447]
[0.00970583]
[0.00971308]
[0.00971308]
[0.00971308]
[0.00970619]
[0.00970619]
[0.00970619]
[0.00970619]
[0.00970619]
[0.00970619]
[0.00970619]
[0.00970619]
[0.00970619]
[0.00970619]
[0.00970619]
[0.00970619]
[0.00970619]
[0.00971309]
[0.00971309]
[0.00971309]
[0.00971309]
[0.00971309]
[0.00971309]
[0.00971309]
[0.00971309]
[0.00971309]
[0.00971309]
[0.00971309]
[0.00971309]
[0.00971309]
[0.00971309]
[0.00971309]
[0.00971309]
[0.00971309]
[0.00971309]
[0.00971309]
[0.00971309]
[0.00971309]
[0.00971309]
[0.00971309]
[0.00971309]
[0.00971309]
[0.00971309]
[0.00971309]
[0.00971309]
[0.00971309]
[0.00971309]
[0.00971309]
[0.00971309]
[0.00971309]
[0.00971309]
[0.00971309]
[0.00971309]
[0.00971309]
[0.00971309]
[0.00971309]
[0.00971309]
[0.00971309]
[0.00971309]
[0.00971309]
[0.00971309]
[0.00971309]
[0.00971309]
[0.00971309]
[0.00971309]
[0.00971309]
[0.00971309]
[0.00971309]
[0.00971309]
[0.00971309]
[0.00971309]
[0.00971309]
[0.00971309]
[0.00971309]
[0.00971309]
[0.00971309]
[0.00971309]
[0.00971309]
[0.00971309]
[0.00971309]
[0.00971309]
[0.00971309]
[0.00971309]
[0.00971309]
[0.00971309]
[0.00971309]
[0.00971309]
[0.00971309]
[0.00971309]
[0.00971309]
[0.00971309]
[0.00971309]
[0.00971309]
[0.00971309]
[0.00971309]
[0.00971309]
[0.00971309]
[0.00971309]
[0.00971309]
[0.00971309]
[0.00971309]
[0.00971309]
[0.00971309]
[0.00971309]
[0.00971309]
[0.00971309]
[0.00971309]
[0.00971309]
[0.00971309]
[0.00971309]
[0.00971309]
[0.00971309]
[0.00971309]
[0.00971309]
[0.00971309]
[0.00971309]
[0.00971309]
[0.00971309]
[0.00971309]
[0.00971309]
[0.00971309]
[0.00971309]
[0.00971309]
[0.00971309]
[0.00971309]
[0.00971309]
[0.00971309]
[0.00971309]
[0.00971309]
[0.00971309]
[0.00971309]
[0.00971309]
[0.00971309]
[0.00971309]
[0.00971309]
[0.00971309]
[0.00971309]
[0.00971309]
[0.00971309]
[0.00971309]
[0.00971309]
[0.00971309]
[0.00971309]
[0.00971309]
[0.00971309]
[0.00971309]
[0.00971309]
[0.00971309]
[0.00971309]
[0.00971309]
[0.00971309]
[0.00971309]
[0.00971309]
[0.00971309]
[0.00971309]
[0.00971309]
[0.00971309]
[0.00971309]
[0.00971309]
[0.00971309]
[0.00971309]
[0.00971309]
[0.00971309]
[0.00971309]
[0.00971309]
[0.00971309]
[0.00971309]
[0.00971309]
[0.00971309]
[0.00971309]
[0.00971309]
[0.00971309]
[0.00971309]
[0.00971309]
[0.00971309]
[0.00971309]
[0.00971309]
[0.00971309]
[0.00971309]
[0.00971309]
[0.00971309]
[0.00971309]
[0.00971309]
[0.00971309]
[0.0097004]
[0.00971447]
[0.00971447]
[0.00971447]
[0.00970905]
[0.0097113]
[0.00971364]
[0.00971014]
[0.00971495]
[0.00971804]
[0.00971201]
[0.00970403]
[0.00971592]
[0.00971592]
[0.00971266]
[0.00971837]
[0.00971837]
[0.00971445]
[0.00971201]
[0.00972119]
[0.00971193]
[0.00972008]
[0.00972008]
[0.00971003]
[0.00971694]
[0.00970329]
[0.00970508]
[0.00970702]
[0.00970905]
[0.0097131]
[0.0097131]
[0.00971539]
[0.00971497]
[0.00971973]
[0.00972232]
[0.00972678]
[0.0097159]
[0.0097159]
[0.009711]
[0.00972992]
[0.00972536]
[0.00971494]
[0.00972192]
[0.009708]
[0.00972994]
[0.00972994]
[0.00971647]
[0.00972064]
[0.00972194]
[0.0097141]
[0.0097141]
[0.00972256]
[0.00971494]
[0.00971059]
[0.00971082]
[0.00970907]
[0.00971932]
[0.00974425]
[0.00974425]
[0.00971366]
[0.00971366]
[0.00970952]
[0.00972521]
[0.00973071]
[0.00971884]
[0.00972158]
[0.00972557]
[0.00972578]
[0.00972578]
[0.00971669]
[0.00973257]
[0.00971753]
[0.00972171]
[0.00973209]
[0.00972209]
[0.00973431]
[0.00973431]
[0.00972935]
[0.00971772]
[0.00973423]
[0.00973183]
[0.00972785]
[0.00974002]
[0.00973699]
[0.00973699]
[0.00973699]
[0.00974848]
[0.00974177]
[0.0097291]
[0.00971963]
[0.00973155]
[0.00975304]
[0.0097529]
[0.00974893]
[0.00974893]
[0.00974893]
[0.00974893]
[0.00974893]
[0.00974893]
[0.00977433]
[0.0097607]
[0.00976749]
[0.00973511]
[0.00977497]
[0.00975219]
[0.00978607]
[0.00982416]
[0.00976808]
[0.00981069]
[0.00984711]
[0.00984338]
[0.00980162]
[0.00980162]
[0.00982022]
[0.00987071]
[0.00981775]
[0.00979764]
[0.00980477]
[0.00980477]
[0.01395674]
[0.00978716]
[0.00981565]
[0.01087221]
[0.01087221]
[0.01087221]
[0.01087221]
[0.01054441]
[0.01772388]
[0.02611891]
[0.01303894]
[0.02690092]
[0.02690092]
[0.02168994]
[0.02168994]
[0.02168994]
[0.02168994]
[0.02168994]
[0.02168994]
[0.02168994]
[0.03092383]
[0.03092383]
[0.03092383]
[0.03092383]
[0.03092383]
[0.03646283]
[0.02914288]
[0.02914288]
[0.01360928]
[0.01360928]
[0.01360928]
[0.02922926]
[0.0129655]
[0.01465255]
[0.2702287]
[0.01041608]
[0.01418947]
[0.01418947]
[0.03892579]
[0.01545558]
[0.01441101]
[0.03204317]
[0.01509472]
[0.01428692]
[0.0619024]
[0.14156467]
[0.01840006]
[0.03441997]
[0.0111272]
[0.03503064]
[0.01737046]
[0.01737046]
[0.01430131]
[0.02384311]
[0.01229094]
[0.01229094]
[0.01351368]
[0.01614352]
[0.0130213]
[0.01300916]
[0.01203248]
[0.01512047]
[0.01261926]
[0.01173933]
[0.01216219]
[0.02573616]
[0.01096579]
[0.05604628]
[0.0249239]
[0.01917502]
[0.02046374]
[0.1760845]
[0.01194046]
[0.01054159]
[0.02405992]
[0.02624477]
[0.01207693]
[0.03229718]
[0.04701594]
[0.01430431]
[0.0101228]
[0.00971845]
[0.0097164]
