[0.35586363]
[0.07855988]
[0.07855988]
[0.07855988]
[0.07855988]
[0.02859115]
[0.02859115]
[0.02859115]
[0.02859115]
[0.02859115]
[0.02859115]
[0.02859115]
[0.02859115]
[0.02859115]
[0.02859115]
[0.02859115]
[0.02859115]
[0.02859115]
[0.0002509]
[0.0002509]
[0.0002509]
[0.0002509]
[0.0002509]
[0.0002509]
[0.0002509]
[0.0002509]
[0.0002509]
[0.0002509]
[0.0002509]
[0.0002509]
[0.0002509]
[0.0002509]
[0.0002509]
[0.0002509]
[0.0002509]
[0.0002509]
[0.0002509]
[0.0002509]
[0.0002509]
[0.0002509]
[0.0002509]
[0.0002509]
[0.0002509]
[0.0002509]
[0.0002509]
[0.0002509]
[0.0002509]
[0.0002509]
[0.0002509]
[0.0002509]
[0.0002509]
[0.0002509]
[0.0002509]
[0.0002509]
[0.0002509]
[0.0002509]
[0.0002509]
[0.0002509]
[0.0002509]
[0.0002509]
[0.0002509]
[0.0002509]
[0.0002509]
[0.0002509]
[0.0002509]
[0.0002509]
[0.0002509]
[0.0002509]
[0.0002509]
[0.0002509]
[0.0002509]
[0.0002509]
[0.0002509]
[0.0002509]
[0.0002509]
[0.0002509]
[0.0002509]
[0.0002509]
[0.0002509]
[0.0002509]
[0.0002509]
[0.0002509]
[0.0002509]
[0.0002509]
[0.0002509]
[0.0002509]
[0.0002509]
[0.0002509]
[0.0002509]
[0.0002509]
[0.0002509]
[0.0002509]
[0.0002509]
[0.0002509]
[0.0002509]
[0.0002509]
[0.0002509]
[0.0002509]
[0.0002509]
[0.0002509]
[0.0002509]
[0.0002509]
[0.0002509]
[0.0002509]
[0.0002509]
[0.0002509]
[0.0002509]
[0.0002509]
[0.0002509]
[0.0002509]
[0.0002509]
[0.0002509]
[0.0002509]
[0.0002509]
[0.0002509]
[0.0002509]
[0.0002509]
[0.0002509]
[0.0002509]
[0.0002509]
[0.0002509]
[0.0002509]
[0.0002509]
[0.0002509]
[0.0002509]
[0.0002509]
[0.0002509]
[0.0002509]
[0.0002509]
[0.0002509]
[0.0002509]
[0.0002509]
[0.0002509]
[0.0002509]
[0.0002509]
[0.0002509]
[0.0002509]
[0.0002509]
[0.0002509]
[0.0002509]
[0.0002509]
[0.0002509]
[0.0002509]
[0.0002509]
[0.0002509]
[0.0002509]
[0.0002509]
[0.0002509]
[0.0002509]
[0.0002509]
[0.0002509]
[0.0002509]
[0.0002509]
[0.0002509]
[0.0002509]
[0.0002509]
[0.0002509]
[0.0002509]
[0.0002509]
[0.0002509]
[0.0002509]
[0.0002509]
[0.0002509]
[0.0002509]
[0.0002509]
[0.0002509]
[0.0002509]
[0.0002509]
[0.0002509]
[0.0002509]
[0.0002509]
[0.0002509]
[0.0002509]
[0.0002509]
[0.0002509]
[0.0002509]
[0.0002509]
[0.0002509]
[0.0002509]
[0.0002509]
[0.0002509]
[0.0002509]
[0.0002509]
[0.0002509]
[0.0002509]
[0.0002509]
[0.0002509]
[0.0002509]
[0.0002509]
[0.0002509]
[0.0002509]
[0.0002509]
[0.0002509]
[0.0002509]
[0.0002509]
[0.0002509]
[0.0002509]
[0.0002509]
[0.0002509]
[0.0002509]
[0.0002509]
[0.0002509]
[0.0002509]
[0.0002509]
[0.0002509]
[0.0002509]
[0.0002509]
[0.0002509]
[0.0002509]
[0.0002509]
[0.0002509]
[0.0002509]
[0.0002509]
[0.0002509]
[0.0002509]
[0.0002509]
[0.0002509]
[0.0002509]
[0.0002509]
[0.0002509]
[0.0002509]
[0.0002509]
[0.0002509]
[0.0002509]
[0.0002509]
[0.0002509]
[0.0002509]
[0.0002509]
[0.0002509]
[0.0002509]
[0.0002509]
[0.0002509]
[0.0002509]
[0.0002509]
[0.0002509]
[0.0002509]
[0.0002509]
[0.0002509]
[0.0002509]
[0.0002509]
[0.0002509]
[0.0002509]
[0.0002509]
[0.0002509]
[0.0002509]
[0.0002509]
[0.0002509]
[0.0002509]
[0.0002509]
[0.0002509]
[0.0002509]
[0.0002509]
[0.0002509]
[0.0002509]
[0.0002509]
[0.0002509]
[0.0002509]
[0.0002509]
[0.0002509]
[0.0002509]
[0.0002509]
[0.0002509]
[0.0002509]
[0.0002509]
[0.0002509]
[0.0002509]
[0.0002509]
[0.0002509]
[0.0002509]
[0.0002509]
[0.0002509]
[0.0002509]
[0.0002509]
[0.0002509]
[0.0002509]
[0.0002509]
[0.0002509]
[0.0002509]
[0.0002509]
[0.0002509]
[0.0002509]
[0.0002509]
[0.0002509]
[0.0002509]
[0.0002509]
[0.0002509]
[0.0002509]
[0.0002509]
[0.0002509]
[0.0002509]
[0.0002509]
[0.0002509]
[0.0002509]
[0.0002509]
[0.0002509]
[0.0002509]
[0.0002509]
[0.0002509]
[0.0002509]
[0.0002509]
[0.0002509]
[0.0002509]
[0.0002509]
[0.0002509]
[0.0002509]
[0.0002509]
[0.0002509]
[0.0002509]
[0.0002509]
[0.0002509]
[0.0002509]
[0.0002509]
[0.0002509]
[0.0002509]
[0.0002509]
[0.0002509]
[0.0002509]
[0.0002509]
[0.0002509]
[0.0002509]
[0.0002509]
[0.0002509]
[0.0002509]
[0.0002509]
[0.0002509]
[0.0002509]
[0.0002509]
[0.0002509]
[0.0002509]
[0.0002509]
[0.0002509]
[0.0002509]
[0.0002509]
[0.0002509]
[0.0002509]
[0.0002509]
[0.0002509]
[0.0002509]
[0.0002509]
[0.0002509]
[0.0002509]
[0.0002509]
[0.0002509]
[0.0002509]
[0.0002509]
[0.0002509]
[0.0002509]
[0.0002509]
[0.0002509]
[0.0002509]
[0.0002509]
[0.0002509]
[0.0002509]
[0.0002509]
[0.0002509]
[0.0002509]
[0.0002509]
[0.0002509]
[0.0002509]
[0.0002509]
[0.0002509]
[0.0002509]
[0.0002509]
[0.0002509]
[0.0002509]
[0.0002509]
[0.0002509]
[0.0002509]
[0.0002509]
[0.0002509]
[0.0002509]
[0.0002509]
[0.0002509]
[0.0002509]
[0.0002509]
[0.0002509]
[0.0002509]
[0.0002509]
[0.0002509]
[0.0002509]
[0.0002509]
[0.0002509]
[0.0002509]
[0.0002509]
[0.0002509]
[0.0002509]
[0.0002509]
[0.0002509]
[0.0002509]
[0.0002509]
[0.0002509]
[0.0002509]
[0.0002509]
[0.0002509]
[0.0002509]
[0.0002509]
[0.0002509]
[0.0002509]
[0.0002509]
[0.0002509]
[0.0002509]
[0.0002509]
[0.0002509]
[0.0002509]
[0.0002509]
[0.0002509]
[0.0002509]
[0.0002509]
[0.0002509]
[0.0002509]
[0.0002509]
[0.0002509]
[0.0002509]
[0.0002509]
[0.0002509]
[0.0002509]
[0.0002509]
[0.0002509]
[0.0002509]
[0.0002509]
[0.0002509]
[0.0002509]
[0.0002509]
[0.0002509]
[0.0002509]
[0.0002509]
[0.0002509]
[0.0002509]
[0.00025]
[0.00025323]
[0.00025203]
[0.00025203]
[0.00024953]
[0.00025323]
[0.00025323]
[0.00025323]
[0.0002517]
[0.00025062]
[0.00025146]
[0.00025146]
[0.00025333]
[0.00025333]
[0.00025157]
[0.00025107]
[0.00025107]
[0.00025134]
[0.00025134]
[0.00025485]
[0.00025484]
[0.00025484]
[0.00025484]
[0.00025484]
[0.00025484]
[0.00026123]
[0.0002902]
[0.00029157]
[0.00028169]
[0.01467939]
[0.0002735]
[0.00032109]
[0.00036492]
[0.00036085]
[0.00039364]
[0.00026909]
[0.0003019]
[0.0003113]
[0.00034514]
[0.00041736]
[0.0003504]
[0.00036265]
[0.00035756]
[0.00038574]
[0.00027357]
[0.00031513]
[0.0002668]
[0.00016511]
[0.00016511]
[0.00016511]
[0.00016511]
[0.00016511]
[0.00016511]
[0.00016511]
[0.00016511]
[0.00016511]
[0.00038628]
[0.00038628]
[0.00038628]
[0.00038628]
[0.00038628]
[0.00038628]
[0.00016511]
[0.00016502]
[0.00016502]
[0.00016502]
[0.00016502]
[0.00039988]
[0.00032693]
[0.00032895]
[0.00031029]
[0.0002675]
