23.632300000000036
23.66560000000003
22.984100000000034
22.984100000000037
22.984100000000037
22.984100000000037
22.984100000000037
22.984100000000037
22.984100000000037
22.984100000000037
22.984100000000037
22.984100000000037
22.984100000000037
22.984100000000037
22.984100000000037
22.984100000000037
22.984100000000037
22.984100000000037
22.984100000000037
22.984100000000037
22.984100000000037
22.984100000000037
22.984100000000037
22.984100000000037
22.984100000000037
22.984100000000037
22.984100000000037
22.984100000000037
22.984100000000037
22.984100000000037
22.984100000000037
22.984100000000037
22.984100000000037
22.984100000000037
22.984100000000037
23.763100000000037
23.763100000000037
23.763100000000037
23.763100000000037
23.763100000000037
23.763100000000037
23.763100000000037
23.763100000000037
23.763100000000037
23.763100000000037
23.763100000000037
23.763100000000037
23.763100000000037
23.763100000000037
23.763100000000037
23.763100000000037
23.763100000000037
23.763100000000037
23.763100000000037
23.763100000000037
23.763100000000037
23.763100000000037
23.763100000000037
23.763100000000037
23.763100000000037
23.763100000000037
23.763100000000037
23.763100000000037
23.763100000000037
23.763100000000037
23.763100000000037
23.763100000000037
23.763100000000037
23.763100000000037
23.763100000000037
23.763100000000037
23.763100000000037
23.763100000000037
23.763100000000037
23.763100000000037
23.763100000000037
23.763100000000037
23.763100000000037
23.763100000000037
23.763100000000037
23.763100000000037
23.763100000000037
23.763100000000037
23.763100000000037
23.763100000000037
23.763100000000037
23.761000000000024
23.761000000000024
23.761000000000028
23.761000000000028
23.761000000000028
23.761000000000028
23.761000000000028
23.761000000000028
23.761000000000028
23.80350000000003
23.22888000000003
23.22888000000003
23.22888000000003
23.22888000000003
23.22888000000003
23.22888000000003
23.66900000000003
22.335900000000034
23.23268000000003
23.19018000000003
23.19018000000003
23.19018000000003
23.19018000000003
23.19018000000003
23.19018000000003
23.114900000000034
23.114900000000034
23.114900000000034
23.114900000000034
23.114900000000034
23.114900000000034
23.114900000000034
23.114900000000034
23.114900000000034
23.114900000000034
23.114900000000034
23.114900000000034
23.114900000000034
23.114900000000034
23.06620000000003
23.06620000000003
23.326000000000032
23.11280000000003
23.11280000000003
23.11280000000003
23.11280000000003
23.11280000000003
23.11280000000003
23.11280000000003
23.11280000000003
23.11280000000003
23.11280000000003
23.11280000000003
23.11280000000003
23.11280000000003
23.11280000000003
23.11280000000003
23.11280000000003
23.11280000000003
23.11280000000003
23.11280000000003
23.11280000000003
23.11280000000003
23.11280000000003
23.11280000000003
23.11280000000003
23.11280000000003
23.11280000000003
23.11280000000003
23.11280000000003
23.11280000000003
23.11280000000003
23.11280000000003
23.11280000000003
23.11280000000003
23.11280000000003
23.11280000000003
23.11280000000003
23.11280000000003
23.11280000000003
23.11280000000003
23.11280000000003
23.11280000000003
23.11280000000003
23.11280000000003
23.11280000000003
23.11280000000003
23.11280000000003
23.11280000000003
23.11280000000003
23.11280000000003
23.11280000000003
23.11280000000003
23.11280000000003
23.11280000000003
23.11280000000003
23.11280000000003
23.11280000000003
23.11280000000003
23.11280000000003
23.11280000000003
23.11280000000003
23.11280000000003
23.11280000000003
23.11280000000003
23.11280000000003
23.11280000000003
23.11280000000003
23.11280000000003
23.11280000000003
23.11280000000003
23.11280000000003
23.11280000000003
23.11280000000003
23.11280000000003
23.11280000000003
23.11280000000003
23.11280000000003
23.11280000000003
23.11280000000003
23.11280000000003
23.11280000000003
23.11280000000003
23.11280000000003
23.11280000000003
23.11280000000003
23.11280000000003
23.11280000000003
23.11280000000003
23.11280000000003
23.11280000000003
23.11280000000003
23.11280000000003
23.11280000000003
23.11280000000003
23.11280000000003
23.11280000000003
23.11280000000003
23.11280000000003
23.11280000000003
23.11280000000003
23.11280000000003
23.11280000000003
23.11280000000003
23.11280000000003
23.11280000000003
23.11280000000003
23.11280000000003
23.11280000000003
23.11280000000003
23.11280000000003
23.11280000000003
23.11280000000003
23.11280000000003
23.11280000000003
23.11280000000003
23.11280000000003
23.11280000000003
23.11280000000003
23.11280000000003
23.11280000000003
23.11280000000003
23.11280000000003
23.11280000000003
23.11280000000003
23.11280000000003
23.11280000000003
23.11280000000003
23.11280000000003
23.11280000000003
23.11280000000003
23.11280000000003
23.11280000000003
23.11280000000003
23.11280000000003
23.11280000000003
23.11280000000003
23.11280000000003
23.11280000000003
23.11280000000003
23.11280000000003
23.11280000000003
23.11280000000003
23.11280000000003
23.11280000000003
23.11280000000003
23.11280000000003
23.11280000000003
23.11280000000003
23.11280000000003
23.11280000000003
23.11280000000003
23.11280000000003
23.11280000000003
23.11280000000003
23.11280000000003
23.11280000000003
23.11280000000003
23.11280000000003
23.11280000000003
23.11280000000003
23.11280000000003
23.11280000000003
23.11280000000003
23.11280000000003
23.11280000000003
23.11280000000003
23.11280000000003
23.11280000000003
23.11280000000003
23.11280000000003
23.11280000000003
23.11280000000003
23.11280000000003
23.11280000000003
23.11280000000003
23.11280000000003
23.11280000000003
23.11280000000003
23.11280000000003
23.11280000000003
23.11280000000003
23.11280000000003
23.11280000000003
23.11280000000003
23.11280000000003
23.155300000000032
23.155300000000032
23.11280000000003
23.116600000000034
23.116600000000034
23.116600000000034
23.116600000000034
23.116600000000034
23.116600000000034
23.116600000000034
23.116600000000034
23.116600000000034
23.116600000000034
23.116600000000034
23.116600000000034
23.116600000000034
23.116600000000034
23.116600000000034
23.116600000000034
23.116600000000034
23.116600000000034
23.116600000000034
23.116600000000034
23.116600000000034
23.116600000000034
23.116600000000034
23.116600000000034
23.116600000000034
23.116600000000034
23.116600000000034
23.116600000000034
23.116600000000034
23.116600000000034
23.116600000000034
23.116600000000034
23.116600000000034
23.116600000000034
23.116600000000034
23.116600000000034
23.116600000000034
23.116600000000034
23.116600000000034
23.116600000000034
23.116600000000034
23.116600000000034
23.116600000000034
23.116600000000034
23.116600000000034
23.116600000000034
23.116600000000034
23.116600000000034
23.116600000000034
23.116600000000034
23.116600000000034
23.116600000000034
23.116600000000034
23.116600000000034
23.155300000000032
23.155300000000032
22.860200000000038
23.30970000000003
23.046500000000034
23.044400000000028
23.044400000000028
22.877600000000033
22.919200000000036
22.51000000000003
23.044400000000028
22.93250000000003
22.605700000000034
22.722700000000028
21.840500000000027
23.085700000000028
22.466700000000035
22.46460000000003
22.46460000000003
22.42490000000003
22.507100000000033
23.35880000000003
22.675700000000028
23.408400000000025
22.98000000000003
22.77550000000003
22.77550000000003
22.39620000000003
23.368700000000022
23.368700000000022
23.368700000000022
22.617400000000032
22.511600000000033
22.46630000000003
21.98040000000003
22.726000000000035
22.63020000000003
21.87200000000003
22.96870000000003
22.96870000000003
21.81640000000003
22.50360000000003
21.959100000000028
22.262870000000024
22.212300000000035
22.532900000000033
21.55240000000002
20.839800000000018
22.397600000000033
22.397600000000033
22.188500000000026
21.27140000000003
21.089900000000036
19.771000000000008
21.479270000000017
19.43130000000001
21.03240000000002
22.20790000000003
20.451580000000018
22.20630000000003
20.26180000000001
20.308970000000013
19.466500000000003
19.53837000000001
19.1503
18.782400000000017
17.945899999999988
17.525699999999997
16.096799999999973
16.875799999999987
16.87369999999998
15.408899999999974
16.87749999999999
16.225499999999975
16.225499999999975
16.364679999999982
16.185799999999983
16.22929999999998
15.537599999999978
15.537599999999978
15.747799999999975
14.929099999999979
14.889399999999979
14.893199999999979
15.188869999999973
14.88459999999998
14.553099999999976
14.151399999999972
13.30429999999998
11.508999999999984
12.242499999999984
12.297399999999984
11.481499999999988
10.701699999999988
10.580999999999989
10.555499999999988
9.003999999999998
9.903499999999992
7.816600000000005
8.5
7.3727000000000045
7.3727000000000045
6.045900000000002
6.351100000000004
6.605500000000003
6.234800000000003
6.234800000000003
8.429800000000002
6.894400000000005
7.873600000000005
5.002800000000002
6.670900000000005
5.624200000000004
23.242100000000033
19.388300000000008
21.89900000000003
21.89900000000003
21.89900000000003
21.89900000000003
21.89900000000003
21.89900000000003
21.89900000000003
21.89900000000003
21.89900000000003
21.89900000000003
21.89900000000003
21.89900000000003
21.89900000000003
22.021800000000027
21.98310000000003
22.02560000000003
