[0.68703306]
[0.68703306]
[0.68703306]
[0.6868767]
[0.6868767]
[0.69228625]
[0.67781043]
[0.6728036]
[0.6785412]
[0.6774152]
[0.67553145]
[0.67553145]
[0.67553145]
[0.6712497]
[0.682332]
[0.682332]
[0.682332]
[0.6752363]
[0.6752363]
[0.66486686]
[0.65290844]
[0.6519914]
[0.6520491]
[0.65327704]
[0.69271535]
[0.6478883]
[0.65599257]
[0.65599257]
[0.6990289]
[0.6954377]
[0.69748515]
[0.69748515]
[0.6987347]
[0.6987347]
[0.69462407]
[0.6882468]
[0.68856686]
[0.6782381]
[0.6981703]
[0.6981703]
[0.6975434]
[0.65526867]
[0.65526867]
[0.65526867]
[0.65526867]
[0.65526867]
[0.65526867]
[0.65526867]
[0.65526867]
[0.65526867]
[0.65526867]
[0.65526867]
[0.65526867]
[0.65526867]
[0.6924337]
[0.6924337]
[0.692102]
[0.68805695]
[0.6878257]
[0.69687384]
[0.656795]
[0.6946238]
[0.6920827]
[0.6920827]
[0.68417484]
[0.64676267]
[0.6422658]
[0.6601449]
[0.6601449]
[0.6601449]
[0.6601449]
[0.6601449]
[0.6601449]
[0.69088334]
[0.69088334]
[0.69191736]
[0.6887548]
[0.6842026]
[0.69426256]
[0.69120723]
[0.6551498]
[0.6443173]
[0.67742616]
[0.6908645]
[0.693133]
[0.6669459]
[0.6880927]
[0.68056375]
[0.67884135]
[0.67427063]
[0.6605873]
[0.64405966]
[0.67665327]
[0.665724]
[0.66482806]
[0.6655919]
[0.6773637]
[0.6936261]
[0.6777051]
[0.67671657]
[0.67671657]
[0.6748036]
[0.6770316]
[0.6770316]
[0.67184025]
[0.6836268]
[0.66196203]
[0.66196203]
[0.6640046]
[0.66536015]
[0.6661811]
[0.6661811]
[0.688746]
[0.6338887]
[0.67352355]
[0.68153197]
[0.66640294]
[0.6941605]
[0.63657016]
[0.63657016]
[0.6970063]
[0.6708008]
[0.67597777]
[0.67597777]
[0.6669969]
[0.6743019]
[0.6743019]
[0.64330626]
[0.69300973]
[0.6448519]
[0.64866364]
[0.64866364]
[0.65598214]
[0.6498354]
[0.6705966]
[0.6705966]
[0.6551698]
[0.6878924]
[0.66619223]
[0.67736334]
[0.65590256]
[0.6385307]
[0.6531226]
[0.64795625]
[0.64795625]
[0.6676028]
[0.6403228]
[0.64121234]
[0.6663713]
[0.65269893]
[0.6766532]
[0.66299164]
[0.66299164]
[0.6445233]
[0.6603104]
[0.6603104]
[0.662596]
[0.67990243]
[0.66966075]
[0.642504]
[0.6767743]
[0.62691605]
[0.64059687]
[0.64915913]
[0.67131543]
[0.64107734]
[0.6565632]
[0.67149174]
[0.67751276]
[0.6555576]
[0.6541071]
[0.61159164]
[0.6483528]
[0.6460371]
[0.6460371]
[0.6488259]
[0.63759387]
[0.67383593]
[0.6376547]
[0.65057766]
[0.6527046]
[0.6527046]
[0.6276342]
[0.67935294]
[0.66595787]
[0.66595787]
[0.63487285]
[0.62231266]
[0.6692265]
[0.638359]
[0.6276896]
[0.6276896]
[0.6276896]
[0.6276896]
[0.63483447]
[0.5923436]
[0.65339726]
[0.6549684]
[0.6438513]
[0.6422355]
[0.6096953]
[0.6423364]
[0.60438]
[0.59872663]
[0.6154809]
[0.64858824]
[0.59222037]
[0.59222037]
[0.5830742]
[0.5830742]
[0.6495722]
[0.62091595]
[0.671625]
[0.60943615]
[0.6587959]
[0.641208]
[0.6193254]
[0.64094913]
[0.64094913]
[0.6104889]
[0.5685612]
[0.635537]
[0.6578377]
[0.6553249]
[0.65896827]
[0.6424337]
[0.64672107]
[0.62053704]
[0.6423844]
[0.6423844]
[0.6173844]
[0.6671998]
[0.5855045]
[0.6357431]
[0.6239567]
[0.660464]
[0.61180484]
[0.64268583]
[0.63372004]
[0.63372004]
[0.60862786]
[0.661715]
[0.6427722]
[0.62343895]
[0.6517868]
[0.646976]
[0.6476777]
[0.62864465]
[0.65571386]
[0.64899176]
[0.6277909]
[0.6277909]
[0.6277909]
[0.6277909]
[0.6277909]
[0.6277909]
[0.635269]
[0.5851026]
[0.6552364]
[0.6447098]
[0.6447098]
[0.6412028]
[0.5877627]
[0.5605751]
[0.63305473]
[0.6519758]
[0.63841903]
[0.60804176]
[0.5918473]
[0.5918473]
[0.5918473]
[0.5905296]
[0.61875415]
[0.6318195]
[0.63109833]
[0.6263745]
[0.6428374]
[0.6303225]
[0.6274634]
[0.67414]
[0.67414]
[0.70258594]
[0.63517034]
[0.6561135]
[0.6561135]
[0.6561135]
[0.6298187]
[0.5977691]
[0.6087806]
[0.6253599]
[0.6253599]
[0.655977]
[0.61851805]
[0.5798921]
[0.5884001]
[0.58392423]
[0.6372214]
[0.6384858]
[0.6384858]
[0.6384858]
[0.56483716]
[0.56483716]
[0.56483716]
[0.6672644]
[0.62420195]
[0.5890222]
[0.5908017]
[0.6432137]
[0.6783955]
[0.6501127]
[0.5940162]
[0.57873785]
[0.57873785]
[0.61831117]
[0.5823424]
[0.5607655]
[0.5607655]
[0.5607655]
[0.5607655]
[0.5607655]
[0.5607655]
[0.5607655]
[0.5607655]
[0.5607655]
[0.5607655]
[0.5922181]
[0.64205277]
[0.6252784]
[0.5244275]
[0.5916443]
[0.5916443]
[0.6491756]
[0.60408527]
[0.56140536]
[0.6339386]
[0.6914837]
[0.6914837]
[0.6274902]
[0.6274902]
[0.6057234]
[0.6057234]
[0.6057234]
[0.6564536]
[0.5679013]
[0.5679013]
[0.6046757]
[0.6836094]
[0.6836094]
[0.6836094]
[0.5709612]
[0.4979159]
[0.5769174]
[0.6049199]
[0.6056342]
[0.6056342]
[0.5981393]
[0.5981393]
[0.5981393]
[0.5981393]
[0.5981393]
[0.5981393]
[0.5661071]
[0.5661071]
[0.58732635]
[0.5809039]
[0.5507215]
[0.5913378]
[0.5913378]
[0.65024316]
[0.50520015]
[0.5733926]
[0.6086153]
[0.5361388]
[0.5361388]
[0.5361388]
[0.5361388]
[0.5795578]
[0.54552895]
[0.54552895]
[0.54552895]
[0.54552895]
[0.54552895]
[0.54552895]
[0.56978863]
[0.5514941]
[0.54025084]
[0.5868582]
[0.62024033]
[0.62024033]
[0.62024033]
[0.62024033]
[0.62024033]
[0.62024033]
[0.62024033]
[0.62024033]
[0.62024033]
[0.62024033]
[0.51585364]
[0.5641057]
[0.5102114]
[0.54800284]
[0.60920167]
[0.5669048]
[0.57159925]
[0.5769737]
[0.65230155]
[0.47815076]
[0.5161599]
[0.48076287]
[0.5434248]
[0.5434248]
[0.44834906]
[0.47149453]
[0.47548413]
[0.45461014]
[0.5430051]
[0.4848022]
[0.4848022]
[0.4848022]
[0.4848022]
[0.4443501]
[0.5030988]
[0.5030988]
[0.6017588]
[0.5239081]
[0.5311407]
[0.5311407]
[0.5311407]
[0.41839203]
[0.6749459]
[0.40732762]
[0.38433063]
[0.38433063]
[0.38433063]
[0.38433063]
[0.38433063]
[0.5096268]
[0.59651345]
[0.4991539]
[0.5265771]
[0.564514]
[0.32612184]
[0.49040872]
[0.4868815]
[0.47178674]
[0.63736016]
[0.37871906]
[0.4735561]
[0.41806045]
[0.60979015]
[0.3164369]
[0.39555994]
[0.4321118]
[0.41733778]
[0.6442197]
[0.65949327]
[0.33936498]
[0.31425148]
[0.38321686]
[0.6772162]
[0.6204091]
[0.2604808]
[0.3232724]
[0.535846]
[0.30615732]
[0.26639855]
[0.22855605]
[0.27801043]
[0.6046641]
[0.22886378]
[0.22886378]
[0.20183033]
[0.6820194]
[0.17124385]
[0.16659944]
[0.51126325]
[0.23613478]
[0.23613478]
[0.6586099]
[0.60613483]
[0.213902]
[0.50421005]
[0.16825762]
[0.5809897]
[0.6716089]
[0.570921]
[0.6397318]
[0.58182764]
[0.5690993]
[0.49907058]
[0.4929712]
[0.59038097]
[0.47167107]
[0.6075542]
[0.61459756]
[0.30664068]
[0.6073985]
[0.6039563]
[0.5788706]
[0.3824175]
