21.362500000000033
21.362500000000033
20.34138000000002
20.34138000000002
20.34138000000002
21.515300000000035
20.714300000000026
20.714300000000026
20.714300000000026
20.714300000000026
20.714300000000026
20.714300000000026
20.714300000000026
20.714300000000026
20.714300000000026
20.714300000000026
20.714300000000026
20.714300000000026
20.714300000000026
20.714300000000026
20.714300000000026
20.714300000000026
20.714300000000026
20.714300000000026
20.714300000000026
20.714300000000026
20.714300000000026
20.714300000000026
20.714300000000026
20.714300000000026
20.909600000000026
20.867100000000026
20.867100000000026
20.867100000000026
20.867100000000026
20.867100000000026
20.738680000000024
20.149780000000014
20.149780000000014
20.149780000000014
20.149780000000014
20.149780000000014
20.149780000000014
20.149780000000014
20.149780000000014
20.149780000000014
20.149780000000014
20.149780000000014
20.149780000000014
20.149780000000014
20.149780000000014
20.149780000000014
20.149780000000014
20.149780000000014
20.149780000000014
20.149780000000014
20.149780000000014
20.149780000000014
20.149780000000014
20.149780000000014
20.149780000000014
20.149780000000014
20.149780000000014
20.149780000000014
20.149780000000014
20.041580000000014
20.041580000000014
20.041580000000014
20.041580000000014
20.041580000000014
20.041580000000014
20.041580000000014
20.041580000000014
20.041580000000014
20.041580000000014
20.041580000000014
20.041580000000014
20.041580000000014
20.041580000000014
20.041580000000014
20.041580000000014
20.041580000000014
20.041580000000014
20.041580000000014
20.041580000000014
20.041580000000014
20.041580000000014
20.041580000000014
20.041580000000014
20.041580000000014
20.041580000000014
20.20720000000002
20.423480000000023
20.423480000000023
20.423480000000023
20.423480000000023
20.423480000000023
20.423480000000023
20.423480000000023
20.423480000000023
20.423480000000023
20.423480000000023
20.423480000000023
20.423480000000023
20.423480000000023
20.423480000000023
20.423480000000023
20.423480000000023
20.423480000000023
20.423480000000023
20.423480000000023
20.423480000000023
20.423480000000023
20.423480000000023
20.423480000000023
20.423480000000023
20.423480000000023
20.423480000000023
20.423480000000023
20.423480000000023
20.423480000000023
20.423480000000023
20.423480000000023
20.423480000000023
20.423480000000023
20.423480000000023
20.423480000000023
20.423480000000023
20.423480000000023
20.423480000000023
20.423480000000023
20.423480000000023
20.423480000000023
20.423480000000023
20.423480000000023
20.423480000000023
20.423480000000023
20.423480000000023
20.423480000000023
20.423480000000023
20.423480000000023
20.423480000000023
20.423480000000023
20.423480000000023
20.423480000000023
20.423480000000023
20.423480000000023
20.423480000000023
20.423480000000023
20.423480000000023
20.423480000000023
20.423480000000023
20.423480000000023
20.423480000000023
20.423480000000023
20.423480000000023
20.423480000000023
20.423480000000023
20.423480000000023
20.423480000000023
20.423480000000023
20.423480000000023
20.423480000000023
20.423480000000023
20.324200000000026
20.609000000000023
20.380980000000022
20.190480000000022
20.348580000000016
20.348580000000016
20.348580000000016
21.372700000000027
21.372700000000027
21.372700000000027
20.165380000000017
20.165380000000017
20.165380000000017
20.165380000000017
20.165380000000017
20.165380000000017
20.165380000000017
20.165380000000017
20.165380000000017
20.165380000000017
20.165380000000017
20.165380000000017
20.165380000000017
20.165380000000017
20.165380000000017
20.165380000000017
20.165380000000017
20.165380000000017
20.165380000000017
20.165380000000017
20.165380000000017
20.165380000000017
20.165380000000017
20.165380000000017
20.165380000000017
20.165380000000017
20.165380000000017
20.165380000000017
20.165380000000017
20.165380000000017
20.165380000000017
20.165380000000017
20.165380000000017
20.165380000000017
20.165380000000017
20.165380000000017
20.165380000000017
20.165380000000017
20.165380000000017
20.165380000000017
20.165380000000017
20.165380000000017
20.165380000000017
20.165380000000017
20.165380000000017
20.165380000000017
20.165380000000017
20.165380000000017
20.165380000000017
20.165380000000017
20.165380000000017
20.165380000000017
20.165380000000017
20.165380000000017
20.165380000000017
20.165380000000017
20.165380000000017
20.165380000000017
20.165380000000017
20.165380000000017
20.165380000000017
20.165380000000017
20.165380000000017
20.165380000000017
20.165380000000017
20.165380000000017
20.165380000000017
20.165380000000017
20.165380000000017
20.165380000000017
20.165380000000017
20.165380000000017
20.165380000000017
20.165380000000017
20.165380000000017
20.165380000000017
20.165380000000017
20.165380000000017
20.165380000000017
20.165380000000017
20.165380000000017
20.165380000000017
20.165380000000017
20.165380000000017
20.165380000000017
20.165380000000017
20.165380000000017
20.165380000000017
20.165380000000017
20.165380000000017
20.165380000000017
20.165380000000017
20.165380000000017
20.165380000000017
20.165380000000017
20.165380000000017
20.165380000000017
20.165380000000017
20.165380000000017
20.165380000000017
20.165380000000017
20.165380000000017
20.165380000000017
20.165380000000017
20.165380000000017
20.165380000000017
20.165380000000017
20.165380000000017
20.165380000000017
20.165380000000017
20.165380000000017
20.165380000000017
20.165380000000017
20.165380000000017
20.165380000000017
20.165380000000017
20.165380000000017
20.165380000000017
20.165380000000017
20.165380000000017
20.165380000000017
20.165380000000017
20.165380000000017
20.165380000000017
20.165380000000017
20.165380000000017
20.165380000000017
20.165380000000017
20.165380000000017
20.165380000000017
20.165380000000017
20.165380000000017
20.165380000000017
20.165380000000017
20.165380000000017
20.165380000000017
20.165380000000017
20.165380000000017
20.165380000000017
20.165380000000017
20.751280000000023
19.38148
19.973180000000013
20.363700000000023
20.265680000000014
20.382680000000022
20.33398000000002
20.33398000000002
19.910280000000018
19.910280000000018
19.910280000000018
19.910280000000018
19.85738000000001
20.124580000000012
20.35360000000002
19.838880000000014
19.775280000000013
19.775280000000013
19.544080000000005
19.854480000000017
19.735580000000017
19.735580000000017
19.735580000000017
20.83710000000002
20.83710000000002
20.83710000000002
20.83710000000002
20.83710000000002
20.83710000000002
19.943280000000023
19.328280000000007
19.985700000000016
19.12708000000001
19.72350000000001
19.766880000000008
20.178900000000024
18.65638
18.932280000000006
18.739
19.623080000000012
19.327800000000007
18.711579999999994
19.321080000000013
20.029000000000007
18.698479999999993
19.694600000000015
19.86128000000002
19.86128000000002
19.603180000000012
18.502099999999995
19.752780000000012
18.996280000000006
18.60578
18.953280000000007
18.79758
18.920800000000007
19.518080000000012
15.412499999999968
15.577699999999966
15.247779999999976
14.71669999999997
12.777579999999977
12.565499999999977
10.788279999999986
10.569779999999989
20.453100000000017
7.6267800000000046
9.772879999999994
9.478199999999996
6.7940800000000054
6.7940800000000054
6.7940800000000054
6.7940800000000054
5.499780000000004
5.499780000000004
6.403980000000004
6.775280000000006
5.1832800000000026
5.355680000000003
5.828980000000005
5.747500000000004
6.479580000000004
13.258699999999976
4.914900000000004
4.213000000000004
2.423280000000001
2.645600000000001
2.3728800000000003
5.615800000000004
5.615800000000004
5.615800000000004
1.7316799999999999
20.569600000000026
4.462100000000003
0.5052000000000001
0.11280000000000001
0.11280000000000001
0.11280000000000001
0.11280000000000001
0.11280000000000001
11.143379999999983
5.275180000000003
4.759880000000003
4.759880000000003
4.759880000000003
4.759880000000003
4.759880000000003
4.759880000000003
4.759880000000003
4.759880000000003
4.759880000000003
4.759880000000003
4.759880000000003
4.759880000000003
4.759880000000003
5.081000000000004
6.574880000000005
6.574880000000005
6.574880000000005
6.574880000000005
6.574880000000005
6.574880000000005
6.574880000000005
6.574880000000005
6.574880000000005
6.574880000000005
6.574880000000005
6.574880000000005
6.574880000000005
6.574880000000005
6.574880000000005
6.574880000000005
6.574880000000005
6.574880000000005
6.574880000000005
6.574880000000005
6.574880000000005
6.574880000000005
6.574880000000005
6.574880000000005
6.574880000000005
6.574880000000005
6.574880000000005
6.574880000000005
6.574880000000005
6.574880000000005
6.574880000000005
6.574880000000005
6.574880000000005
6.574880000000005
6.574880000000005
6.574880000000005
6.574880000000005
6.574880000000005
6.574880000000005
6.574880000000005
6.574880000000005
6.574880000000005
6.574880000000005
6.574880000000005
6.574880000000005
6.574880000000005
6.574880000000005
6.574880000000005
6.574880000000005
6.574880000000005
6.574880000000005
6.574880000000005
6.574880000000005
6.574880000000005
6.574880000000005
6.574880000000005
6.574880000000005
6.574880000000005
6.574880000000005
6.574880000000005
6.485380000000005
19.29000000000001
4.387880000000003
13.764399999999974
19.16888
6.9087800000000055
20.057380000000016
9.439199999999998
20.081880000000016
18.305279999999993
