5.764772076916206
5.764772076916206
5.764772076916206
5.764772076916206
5.764772076916206
5.764772076916206
5.764772076916206
5.764772076916206
5.764772076916206
5.764772076916206
5.764772076916206
5.764772076916206
5.764772076916206
5.764772076916206
5.764772076916206
5.764772076916206
5.764772076916206
5.513116773272481
5.513116773272481
5.513116773272481
5.513116773272481
5.513116773272481
5.531901631572075
5.531901631572075
5.531901631572075
5.531901631572075
5.531901631572075
5.531901631572075
5.531901631572075
5.531901631572075
5.531901631572075
5.531901631572075
5.531901631572075
5.531901631572075
5.531901631572075
5.531901631572075
5.531901631572075
5.531901631572075
5.531901631572075
5.531901631572075
5.531901631572075
5.531901631572075
5.531901631572075
5.531901631572075
5.531901631572075
5.531901631572075
5.531901631572075
5.531901631572075
5.531901631572075
5.531901631572075
5.531901631572075
5.531901631572075
5.531901631572075
5.531901631572075
5.531901631572075
5.531901631572075
5.531901631572075
5.531901631572075
5.531901631572075
5.531901631572075
5.531901631572075
5.531901631572075
5.531901631572075
5.531901631572075
5.531901631572075
5.531901631572075
5.531901631572075
5.531901631572075
5.531901631572075
5.531901631572075
5.531901631572075
5.531901631572075
5.531901631572075
5.531901631572075
5.531901631572075
5.531901631572075
5.531901631572075
5.531901631572075
5.531901631572075
5.531901631572075
5.531901631572075
5.531901631572075
5.531901631572075
5.531901631572075
5.531901631572075
5.531901631572075
5.531901631572075
5.531901631572075
5.531901631572075
5.531901631572075
5.531901631572075
5.531901631572075
5.531901631572075
5.531901631572075
5.531901631572075
5.531901631572075
5.531901631572075
5.531901631572075
5.531901631572075
5.558657670982839
5.558657670982839
5.558657670982839
5.558657670982839
5.558657670982839
5.558657670982839
5.558657670982839
5.558657670982839
5.558657670982839
5.558657670982839
5.558657670982839
5.558657670982839
5.558657670982839
5.558657670982839
5.558657670982839
5.558657670982839
5.558657670982839
5.558657670982839
5.558657670982839
5.6034704250681315
5.6034704250681315
5.6034704250681315
5.6034704250681315
5.617344558188896
5.6183675952554575
5.690170457483007
5.690170457483007
5.690170457483007
5.690170457483007
5.690170457483007
5.690170457483007
5.690170457483007
5.690170457483007
5.690170457483007
5.690170457483007
5.690170457483007
5.690170457483007
5.690170457483007
5.690170457483007
5.690170457483007
5.690170457483007
5.690170457483007
5.690170457483007
5.690170457483007
5.690170457483007
5.690170457483007
5.690170457483007
5.690170457483007
5.690170457483007
5.690170457483007
5.690170457483007
5.690170457483007
5.690170457483007
5.690170457483007
5.690170457483007
5.690170457483007
5.690170457483007
5.690170457483007
5.690170457483007
5.690170457483007
5.690170457483007
5.690170457483007
5.690170457483007
5.690170457483007
5.690170457483007
5.690170457483007
5.690170457483007
5.690170457483007
5.690170457483007
5.690170457483007
5.690170457483007
5.690170457483007
5.690170457483007
5.690170457483007
5.690170457483007
5.690170457483007
5.690170457483007
5.690170457483007
5.690170457483007
5.690170457483007
5.690170457483007
5.690170457483007
5.690170457483007
5.690170457483007
5.690170457483007
5.690170457483007
5.690170457483007
5.690170457483007
5.690170457483007
5.690170457483007
5.690170457483007
5.690170457483007
5.690170457483007
5.690170457483007
5.690170457483007
5.690170457483007
5.690170457483007
5.690170457483007
5.690170457483007
5.690170457483007
5.690170457483007
5.690170457483007
5.690170457483007
5.690170457483007
5.690170457483007
5.690170457483007
5.690170457483007
5.690170457483007
5.670588880438636
5.642187284374629
5.642187284374629
5.642187284374629
5.642187284374629
5.642187284374629
5.642187284374629
5.642187284374629
5.642187284374629
5.721580821855477
5.721580821855477
5.721580821855477
5.721580821855477
5.697795462092277
5.697795462092277
5.697795462092277
5.731285518211752
5.731285518211752
5.731285518211752
5.731285518211752
5.731285518211752
5.731285518211752
5.731285518211752
5.731285518211752
5.731285518211752
5.731285518211752
5.731285518211752
5.731285518211752
5.731285518211752
5.731285518211752
5.731285518211752
5.731285518211752
5.731285518211752
5.731285518211752
5.731285518211752
5.731285518211752
5.731285518211752
5.731285518211752
5.731285518211752
5.731285518211752
5.731285518211752
5.731285518211752
5.731285518211752
5.731285518211752
5.731285518211752
5.731285518211752
5.731285518211752
5.731285518211752
5.731285518211752
5.731285518211752
5.731285518211752
5.731285518211752
5.731285518211752
5.731285518211752
5.731285518211752
5.731285518211752
5.731285518211752
5.731285518211752
5.731285518211752
5.731285518211752
5.731285518211752
5.731285518211752
5.731285518211752
5.731285518211752
5.731285518211752
5.731285518211752
5.731285518211752
5.731285518211752
5.731285518211752
5.731285518211752
5.731285518211752
5.731285518211752
5.731285518211752
5.731285518211752
5.731285518211752
5.731285518211752
5.731285518211752
5.731285518211752
5.731285518211752
5.731285518211752
5.731285518211752
5.731285518211752
5.731285518211752
5.731285518211752
5.731285518211752
5.731285518211752
5.731285518211752
5.731285518211752
5.731285518211752
5.731285518211752
5.731285518211752
5.731285518211752
5.731285518211752
5.731285518211752
5.731285518211752
5.731285518211752
5.731285518211752
5.731285518211752
5.731285518211752
5.731285518211752
5.731285518211752
5.731285518211752
5.731285518211752
5.731285518211752
5.731285518211752
5.731285518211752
5.731285518211752
5.731285518211752
5.731285518211752
5.731285518211752
5.731285518211752
5.731285518211752
5.731285518211752
5.731285518211752
5.731285518211752
5.731285518211752
5.731285518211752
5.731285518211752
5.731285518211752
5.731285518211752
5.731285518211752
5.731285518211752
5.731285518211752
5.731285518211752
5.731285518211752
5.731285518211752
5.731285518211752
5.731285518211752
5.731285518211752
5.731285518211752
5.731285518211752
5.731285518211752
5.731285518211752
5.731285518211752
5.731285518211752
5.731285518211752
5.731285518211752
5.731285518211752
5.731285518211752
5.731285518211752
5.731285518211752
5.731285518211752
5.731285518211752
5.731285518211752
5.731285518211752
5.731285518211752
5.731285518211752
5.731285518211752
5.731285518211752
5.731285518211752
5.731285518211752
5.731285518211752
5.731285518211752
5.731285518211752
5.731285518211752
5.731285518211752
5.731285518211752
5.731285518211752
5.731285518211752
5.731285518211752
5.731285518211752
5.731285518211752
5.731285518211752
5.731285518211752
5.731285518211752
5.731285518211752
5.731285518211752
5.731285518211752
5.731285518211752
5.731285518211752
5.731285518211752
5.731285518211752
5.731285518211752
5.731285518211752
5.711974071717945
5.399936199017905
5.641783251005274
5.4513287405784965
5.765745680155071
5.475367736876317
5.574942042962698
5.619184777613222
5.725817263819961
5.536447542503249
5.753684222665194
5.726429161936449
5.548882117402035
5.554454829952642
5.621545359253939
5.660488676106489
5.6361756348606855
5.6361756348606855
5.636565104214861
5.636565104214861
5.636565104214861
5.668241405478636
5.587032643717825
5.713006408900011
5.666001138768541
5.752787646378579
5.67795029549417
5.819544546551833
5.754121469628755
5.661464465580173
5.47150877426874
5.720100740883817
5.781921631572075
5.823661955458714
5.742759607280577
5.975707334170033
5.810253777321064
5.7404229047035225
5.57019648329884
5.707339688252238
5.578726165573089
5.578726165573089
5.498282751273683
5.593710887842997
5.581712118750346
5.583230680623256
5.732688352219849
5.744581469628756
5.749581388657095
5.767303008090294
5.481944847892574
5.76029196558878
5.887975880616757
5.791790406753604
5.732844392997838
5.747396373679751
5.337789455154488
5.940474368772307
5.410070474726632
5.400314261708882
5.851056522490674
5.8742528924518105
5.89042644388341
5.956274196853332
5.496338334359958
5.713965869696376
5.713965869696376
5.713965869696376
5.713965869696376
5.406056820051874
5.406056820051874
5.851086895928799
5.613443557452403
5.6602492868953735
5.65787538769113
5.603602284242855
6.040937445379349
5.423479101218981
5.332700554178545
5.410423347799737
5.729871590568523
5.4906861585741495
5.6736816359904205
5.423933558698015
5.776260200741038
5.3678951304610045
5.759614061431183
5.395696567747788
6.007266603664202
5.995603611176755
5.995603611176755
5.447763109446543
5.249257534780124
5.350151216715675
5.852771905329659
5.895483781356459
5.314471211041377
5.857752023114701
5.134767099622598
5.090534009041029
5.090534009041029
5.900583330720747
5.23623823528016
5.269278385719565
5.136465013009456
5.542741905849588
5.474430562255185
5.188308379420439
5.585696432179242
5.73654830329522
5.074266703600875
4.910489358772649
4.963188217193898
5.030656966455941
4.989914658763633
4.9313108847888305
6.647510985364802
7.434081781422854
6.5801313696010855
