4.883903034842164
2.5954902332512084
4.7047249738222865
2.8883681480693433
4.537182974399309
2.794823699453774
1.312848098440078
2.672847134360236
2.672847134360236
2.672847134360236
2.672847134360236
4.666707512755744
3.917853346068897
4.342071619912454
4.342071619912454
4.746211821638502
2.8799134096142343
4.269092285538017
1.1195146313685314
2.4094103031700094
4.871183502187251
3.2111453365959397
3.385410171496982
4.515639357956594
2.7837091811725383
4.570005427916611
4.483458751239368
3.3047695124201164
3.5478237447854664
4.605383285730079
3.927581490916366
4.205842391542726
4.482483546642348
3.388892809838328
4.781026990935489
3.0091508281279244
2.6257032633094557
2.5281427408130845
4.1205253271661215
4.495197754489638
4.495197754489638
2.8636585251692424
4.5046329963213605
4.5046329963213605
2.851506829689443
4.459940379739448
4.363632394667322
4.363632394667322
4.363632394667322
3.559098937645526
1.8486657304483014
1.8486657304483014
2.4283127573684045
3.003094071282428
4.258140696560812
5.300414260521604
5.300414260521604
2.7785766808060686
2.7785766808060686
1.6818424879038343
2.686814305240727
2.622484787210537
4.647120289700906
4.793748427278953
3.5895714064472637
1.2641557864779767
1.2641557864779767
4.847144585605524
3.163337260950655
3.163337260950655
3.0989812225526414
3.4253810315566673
3.4253810315566673
3.4253810315566673
5.221705169612514
4.7333804802297
4.7333804802297
4.699587419031091
4.2304343853467135
3.4072059391917673
2.851511386961505
2.9710656912309226
3.603589028829404
1.7498998433494979
1.7498998433494979
2.669243298551782
3.727651682227494
3.522210091472844
4.474831207926452
4.474831207926452
3.2240568625477923
2.686584687470333
3.0962084830812344
3.0738159222098265
4.775370177472752
3.1196521331469977
3.1196521331469977
3.2922649385768636
3.2922649385768636
3.066043083373243
2.6287985035295396
3.362511791062648
2.7203507302501873
2.7203507302501873
3.468214541809333
2.952907109463302
3.1798632462691714
3.4873400584095595
4.329219354744732
2.5280527002579163
2.5280527002579163
4.643245384914945
3.454455653114211
4.328514423072996
4.297477304169584
3.114083837322287
3.6568704481515386
3.1719858013157403
3.703861336874466
3.703861336874466
2.9199050560960593
4.947874087758121
1.7656199789320404
4.861121808104988
4.736335183769354
4.736335183769354
3.597418854660779
2.553677152148513
3.7346022519699
3.80016500588936
4.425978883239076
2.1743620037493425
3.578247689048842
3.115898169346094
5.038873576248927
3.080642429793645
2.748149446408103
4.332685944606347
3.11873555581656
3.070008382072051
3.407970462148353
3.0471010136509973
3.525064802830258
4.812537908714253
3.661849811752563
3.409611765152329
3.4173723152165127
3.503477254266233
3.439508091287065
3.395126141551966
3.3146056236556465
4.124083540084777
2.3730066030954653
3.8259054001153254
3.527530477038402
3.527530477038402
3.7010987640351463
2.7191519326118136
4.97765864276994
4.6606687403594185
4.6606687403594185
4.6606687403594185
4.725084807991868
5.1432379614535115
5.708878097493903
3.2069240327381907
3.802613471073352
4.612237586629652
3.51760844259267
3.455257487076789
3.455257487076789
3.8129125585761425
3.8620933010268184
3.3705779453419273
5.310248232997812
4.135396968371193
3.6777240230257906
3.6150639756465583
3.7375880273263853
5.267991701242161
3.3862973126563354
4.217681765304983
2.5641201865843453
4.078733400115325
4.6942925616993705
4.513910932430402
3.6594455394499477
4.323187304546737
4.940211969985297
4.940211969985297
4.940211969985297
2.2985333565344863
3.318127017784784
3.647209824995654
3.290504210787521
5.614775898883244
3.149760339274418
3.0968378557562612
3.3819664254958894
3.8661031181715746
3.5086820746962326
2.1899866501438634
4.447418263507421
3.9511885960230844
5.1382583185231905
1.9262015376797166
3.4689680848733015
4.305068104198858
2.9735675642067214
2.6022169388563725
4.34988029918026
4.34988029918026
3.4313194835518583
3.389333796586337
4.5107819496238655
4.703715057267832
4.424847352895219
3.3887822831337324
2.980594337906398
4.586429829750508
3.6989814085287227
4.548972210135748
3.7048909731651687
3.1311101713043143
3.1311101713043143
4.881529097852271
4.881529097852271
3.188548360435254
4.4604594216307225
5.247872597407277
4.25715709708671
3.8412521476978814
2.5655649102313998
3.4074120708424935
5.065977034125317
5.1989252794876935
3.3014570579569895
3.838491553961479
4.127978299593926
4.097072990814331
5.016410844916292
3.9499355772226377
2.8418377437270177
4.132954938576863
4.189407169428141
3.299135893678333
3.5355683204478803
5.320659433082292
5.372649810075217
3.73186911081699
3.73186911081699
3.5576685011910865
4.809600000299559
5.368938257610713
3.7831273171469206
3.289211527856067
3.786955830112154
4.7988625685800494
3.3131941215264344
1.6515241395896147
4.307360791631268
5.241350112921976
4.31324206372446
2.4677172648205694
3.367313736032269
3.367313736032269
3.367313736032269
1.585220941231393
3.5241649145648752
3.2068736830878413
4.366183292561949
4.366183292561949
4.366183292561949
4.7706137868189495
5.10462668080607
4.003497692607252
4.003497692607252
3.263751259484428
5.6604913010889755
4.410745076508196
4.514435601565382
4.077925192767589
3.655518366901312
5.361279418996215
4.317694379136303
3.1344441070415865
3.1344441070415865
3.821658388940336
4.683168990445795
2.7361287511598267
1.5626974712456096
4.291624845897177
4.2874428859509655
4.762360558394729
4.553690347727503
5.535802224436233
5.061259633310092
4.748062835194297
5.478478048795194
3.7221231168953075
2.9258163155252053
5.345026551925096
4.915566906467733
4.915566906467733
4.7203068771252665
2.393452924494449
3.8318736106184588
4.8526938387599845
4.23275752806192
3.885698631751171
3.9908213375376373
3.4979903513854786
3.8328569009711186
5.987956124636571
4.667184651024622
4.036972563420992
4.036972563420992
4.036972563420992
4.217460396374554
4.7282651025166995
4.1190841383850065
5.771399939138551
5.852171406447264
5.373245110650557
4.719700843119317
4.571612358837765
4.026230850920009
5.148126072980629
3.884054064888236
5.548048790553435
4.429714433607318
4.755790609236343
4.189972251837967
4.401057323410667
4.409998795333641
3.537354636595121
4.279965736000864
4.279965736000864
4.279965736000864
4.279965736000864
4.279965736000864
3.638965143161725
4.375275599267518
3.637870655119423
4.420245377313302
5.508104273720856
5.830877409479811
4.746070840722734
4.262318787982945
2.3052523495731467
4.767684586625991
4.24422438238854
4.611155400394834
3.566838133210952
4.1833966959413935
4.1377791753784035
4.1922876956076225
4.010407026915121
5.612023669274128
4.2540261884895525
4.603702982285928
3.1585224690533558
2.2844528933844455
4.481700840124292
4.302730441883217
4.510255465246006
5.919628082938322
4.321153932510237
4.236407424686332
3.5769734165891673
4.4548463123735615
4.496201351811838
4.496201351811838
4.334675186603533
4.538434485532454
5.014190116654275
3.0784290833846573
4.293718218684928
3.653904807991868
4.288028072459612
4.288028072459612
4.288028072459612
4.288028072459612
4.778707238471328
4.480597100799693
3.8579265437358785
4.712262245517365
4.936082203052536
4.4844822545394685
4.181338767675072
4.45324953690584
4.255102930570999
4.8604317161843085
4.5726294464081025
5.634315906650242
5.176294024928197
4.616327313518231
4.376579691892811
4.352381465863413
3.8922108031061153
3.992446087554775
2.6110687107291035
3.927710616802142
4.565227210886864
6.159587390603972
5.078832509268752
2.6430162682274503
1.9328242738373174
5.070587538658945
4.089654366802142
4.018252544116503
3.5841724747967607
4.211731559672044
5.345544803616209
2.2178715644777114
2.818313054620507
2.623406739538293
5.32525500029956
3.7626387380559523
4.0129906230669
4.229168728898609
5.204092321599798
4.153224422275514
4.230466512470969
4.374210900463991
4.832057651724112
4.06710267750413
4.06710267750413
4.06710267750413
4.06710267750413
3.314783069510762
3.669121765103238
3.669121765103238
3.669121765103238
3.1876805482861617
2.6067551071976176
4.5691942365562435
5.947677500488407
3.3358983935152713
4.463907661852596
3.388356167656024
3.524015354160288
3.7496550207420425
4.698062508769061
3.5944615080064413
3.5919964296256417
4.3420464901433835
4.297215354160288
4.2662632779998315
4.19230378327286
6.667815384615385
4.08999868818016
4.221538240593853
4.054249346327292
4.917978214342549
4.731066252110849
5.332740577753835
3.3545369187748832
4.338460135906283
4.635660360245523
4.545891513312297
3.598117300760224
3.1166251755853764
3.5136979391959082
4.602948556815541
6.373658592242024
6.29626417315496
3.0724340815766187
3.680175902858335
5.233302306309762
5.65990756618891
4.7877306064723
5.571585700027394
4.279731931615386
5.322834433932346
5.231892109680458
6.2030570132437575
2.648156029420539
2.977731640238373
6.002767046529145
5.564130075685522
4.577017629511717
5.496478643766337
6.064695091547701
4.896686329073915
4.706857687809221
5.974884851111618
5.922842156462873
4.508757829235002
4.097255512946612
4.638247171957228
5.677167103676739
5.249672452469845
4.786572454995129
6.510376104433014
3.7568423345094795
5.839697754376342
6.68001595631039
5.072566150360447
6.620666292353595
