3.9061409747659086
4.450437953195435
4.224059867004216
4.224059867004216
4.193174418966246
4.058109515120091
4.239053337641556
3.956799050527396
4.6662127475798
4.434275062851315
3.9976589381970147
3.9976589381970147
4.291548399330785
5.539048527549597
3.950950152928179
3.950950152928179
3.950950152928179
4.1885184037856025
3.6777173248895725
4.195578413488407
3.679411136341278
3.679411136341278
3.948284531209465
4.081535476658553
4.081535476658553
4.081535476658553
4.081535476658553
4.081535476658553
4.081535476658553
4.081535476658553
4.081535476658553
4.081535476658553
4.090148977034011
4.264061660302941
4.264061660302941
3.4316984045588814
3.573472737720163
3.573472737720163
4.3306329766585545
5.589523409810194
4.245221338414722
4.211771617830078
3.7195570238089886
4.154890668966246
4.3894877280126625
4.26450082972248
4.242159610978364
3.878169129517377
3.8554054549696817
3.8554054549696817
3.8554054549696817
3.8554054549696817
3.8554054549696817
3.8554054549696817
3.8554054549696817
3.8554054549696817
3.8554054549696817
4.000804651067571
4.347262352830189
4.066597353092362
4.028585691154245
4.028585691154245
4.028585691154245
4.028585691154245
4.028585691154245
4.028585691154245
4.028585691154245
4.028585691154245
4.028585691154245
4.028585691154245
3.7315394099202486
3.815245545976431
3.972392704503542
3.972392704503542
3.972392704503542
3.972392704503542
3.972392704503542
4.281936776724846
4.281936776724846
3.8940759868126857
3.849957627115482
3.868568412151353
4.6150921916959575
4.366511556025491
4.366511556025491
4.7363879462868965
3.9186928039900177
4.1612761563271485
4.1612761563271485
3.7965175590420808
4.065901314426249
4.08218611107828
4.2626340109297125
4.84943085558716
4.1940251025167
4.467218443927331
4.467218443927331
4.225361935272773
3.6259191756703704
3.6259191756703704
3.6259191756703704
3.6259191756703704
3.6259191756703704
3.8636965957293707
4.763297903814033
4.2898374061551765
4.2898374061551765
4.2898374061551765
4.306985711011798
4.296916666872109
4.0872908675291795
5.156295783401321
4.059608735512668
4.059608735512668
5.258357039361091
3.8202736073075414
3.916386343912193
3.916386343912193
3.916386343912193
3.916386343912193
3.916386343912193
3.916386343912193
3.916386343912193
3.916386343912193
3.916386343912193
3.916386343912193
3.916386343912193
3.916386343912193
3.916386343912193
3.916386343912193
3.916386343912193
3.916386343912193
3.916386343912193
3.871781465863413
4.01449587174747
3.898764278499093
4.498592763453958
4.82483655734881
4.269276480290637
4.796771427867169
5.452556909419215
4.181221482607198
4.181221482607198
4.181221482607198
4.522165795312022
3.955871522148593
3.9602441702119258
3.9602441702119258
4.130447083928958
4.497644236524682
3.9750794894636616
4.382249613147746
3.972383215976288
3.972383215976288
3.972383215976288
4.122001013582231
4.423111054447044
4.12436850309893
3.9472272013237824
4.429980739018797
4.429980739018797
4.84307252333118
4.84307252333118
4.84307252333118
4.84307252333118
4.84307252333118
4.84307252333118
4.528651238283173
4.528651238283173
3.925926156327148
4.179296968526485
3.5952941901295956
3.5952941901295956
3.5952941901295956
3.5952941901295956
4.855587144626303
4.678846904588698
4.678846904588698
4.678846904588698
3.5973436902638003
4.683381176827108
4.046704323747964
4.035167758666323
3.8261137390017765
3.9494792201637594
4.070357599171757
4.6699379386589115
4.411165647817301
3.2611851633959565
4.343112669101827
4.106940939620773
4.337131730586192
4.056870186584344
4.056870186584344
4.056870186584344
4.056870186584344
4.056870186584344
4.056870186584344
4.056870186584344
4.056870186584344
4.056870186584344
4.056870186584344
4.061651829940988
3.298152535696053
4.005923437198317
4.093238083584893
4.0628189486705475
4.0628189486705475
4.0628189486705475
4.0628189486705475
4.0628189486705475
4.0628189486705475
4.0628189486705475
4.0628189486705475
4.0628189486705475
4.0628189486705475
4.0628189486705475
4.0628189486705475
4.0628189486705475
4.0628189486705475
4.0628189486705475
4.0628189486705475
4.0628189486705475
4.0628189486705475
4.0628189486705475
4.0628189486705475
4.0628189486705475
4.0628189486705475
4.0628189486705475
4.0628189486705475
4.0628189486705475
4.0628189486705475
4.0628189486705475
4.0628189486705475
4.0628189486705475
4.0628189486705475
4.0628189486705475
4.0628189486705475
4.0628189486705475
4.0628189486705475
4.0628189486705475
4.0628189486705475
4.0628189486705475
4.0628189486705475
4.0628189486705475
4.0628189486705475
4.0628189486705475
4.0628189486705475
4.0628189486705475
4.0628189486705475
4.0628189486705475
4.0628189486705475
4.0628189486705475
4.0628189486705475
4.0628189486705475
4.0628189486705475
4.0628189486705475
4.0628189486705475
4.01963306061013
4.01963306061013
4.01963306061013
4.154910396374554
4.154910396374554
4.154910396374554
4.154910396374554
4.154910396374554
3.9659282727172345
4.653449850156425
3.6404171274561925
4.265007002969189
4.265007002969189
4.991622929278048
4.277136828749046
5.204142151736397
3.653218938576863
3.8285398133503
4.994133053389358
3.6027992201637593
3.6027992201637593
3.6027992201637593
4.889200707055826
4.889200707055826
4.889200707055826
4.889200707055826
5.172531241157328
3.639366193269421
3.9054928133820255
4.066208461594406
4.662309827435914
3.435888396346252
4.843543292561948
4.656846640978239
4.754838553508127
4.516200425715459
4.191793428308555
4.229956550220709
4.505172781980024
2.7311944114544087
5.349679621355566
3.9070879238796943
4.255505056096059
4.2130321229238685
4.245670361409519
4.875547174571142
3.87748924626917
3.834152169346093
4.139462576235787
4.139462576235787
4.139462576235787
4.139462576235787
4.139462576235787
4.139462576235787
4.139462576235787
4.139462576235787
4.139462576235787
5.139431706726045
4.4359583961461535
3.95631922016376
3.95631922016376
4.211199220163759
4.292574207563366
3.956163642223638
3.956163642223638
3.956163642223638
3.956163642223638
4.255623712730017
3.39627547708905
4.627891889847017
4.179698256936582
4.418387094381236
4.321547715602833
4.700563273169577
4.940286128925414
4.085513736032269
4.237922741660786
4.516765842782217
4.2637221788090045
4.656385645503127
4.861857790047093
3.788846169346094
4.845383613038731
3.9741019642082973
4.594502404767906
4.6114527040668625
4.980393559487359
4.615376595729369
4.689928110225562
4.323335994388534
4.930584377565777
4.676579643309815
4.760571564492475
3.3888392575039408
4.304849717901316
4.916980825356914
4.67498362942064
4.959677498953586
4.878214616458332
4.570013593712288
4.378931132630475
4.576724911983257
4.986709348082345
4.572270932252223
4.319741691004127
4.551164874079045
4.044993962808121
3.8607750119746695
4.691353548513476
4.241419233507271
5.0375463171885295
4.1748992075633655
3.7382994771204494
4.411950784730708
4.554819214160041
5.023106860857717
4.710640163021454
4.632096433551553
4.552427179591337
5.327063184321396
4.227056535385998
3.8243543405055362
4.68076797367234
4.68076797367234
4.68076797367234
3.871488892898686
3.616145899364696
5.149245506675267
3.147867414912895
5.448602661383235
4.567863163898091
3.529969615684175
3.529969615684175
2.924464656644405
3.6797651940110487
4.493465330778985
4.236718891743771
4.59897133442678
3.5621327861669574
4.609342110087643
3.5745871318213034
5.186219749821978
3.6966570503226563
3.6966570503226563
3.6966570503226563
3.6966570503226563
3.701549894687594
3.701549894687594
3.750909805294304
4.494854231091096
3.201330496955734
4.130628873227989
3.691821075709928
3.691821075709928
3.691821075709928
3.691821075709928
3.691821075709928
3.691821075709928
4.49087594132624
4.727773443240555
4.893408876172494
3.979094223837147
4.299813316579669
4.23264920247631
3.9311223454926036
4.100647014549766
3.6517923454040897
3.8526164147338955
5.4475203106494625
4.522902787543961
4.547822383377829
3.6118038464534052
3.9113691376332955
5.128659178626784
3.869540752917823
4.563700467341436
3.0782928488464574
2.848476093626168
3.00915156087882
2.8600856587636336
4.281927383443632
5.077598987455292
4.652031443082224
4.389029446408102
2.9312576587636325
4.049094312458471
2.7201069041535693
2.7201069041535693
2.7063911607619584
2.9965958475426753
5.104229917740534
4.079225826498602
2.6837394975120255
3.312304666530073
4.423872566386737
5.952323486946079
5.1685886165729595
2.3859915718711733
4.906317332797737
3.81643293030248
4.747139840936542
1.0
5.050248586799389
5.078056853379403
4.159280393122318
3.9658762125801115
3.400693444213763
3.400693444213763
3.400693444213763
1.0
1.0
4.385299710959691
3.948840566386738
4.023460355978468
3.2967845849295188
3.2967845849295188
4.755207653310862
3.669121765103238
6.395853528707782
4.938904336394598
4.462911375540797
2.6352972545698687
4.623503399198322
4.838832965757243
5.195785836829835
5.199103152569775
6.366620132496634
5.1825607987838005
5.866094712418789
4.563410262909583
4.487046450478832
6.463624723184991
4.638855947854484
4.861596624500988
5.950688393926865
7.107783373955456
5.787852388563245
4.712690631509009
5.06232509296593
4.685471002861794
6.191202547849882
5.3957296734993285
