[0.04417668]
[0.6029468]
[0.04972042]
[0.04973716]
[0.04973716]
[0.60890573]
[0.6118023]
[0.6118023]
[0.04621188]
[0.04621188]
[0.04621188]
[0.04826043]
[0.04826043]
[0.04826043]
[0.04826043]
[0.04826043]
[0.04826043]
[0.04826043]
[0.04985087]
[0.04985087]
[0.04985087]
[0.04985087]
[0.05078487]
[0.04826491]
[0.04826491]
[0.04826491]
[0.04638488]
[0.04703897]
[0.04703897]
[0.04703897]
[0.04703897]
[0.04703897]
[0.04703897]
[0.04703897]
[0.04703897]
[0.04703897]
[0.04703897]
[0.04703897]
[0.04703897]
[0.04703897]
[0.04701868]
[0.04701868]
[0.04701868]
[0.04701868]
[0.04701868]
[0.04701868]
[0.04701868]
[0.04701868]
[0.04701868]
[0.04701868]
[0.04701868]
[0.04701868]
[0.04558882]
[0.04627042]
[0.61430156]
[0.61430156]
[0.61430156]
[0.56630695]
[0.6822221]
[0.05399154]
[0.04983095]
[0.04983095]
[0.04983095]
[0.04983095]
[0.04983095]
[0.04983095]
[0.04983095]
[0.04925675]
[0.04773787]
[0.0451492]
[0.04378499]
[0.04704498]
[0.04704498]
[0.04843367]
[0.05005683]
[0.05005683]
[0.04942213]
[0.04942213]
[0.04942213]
[0.04942213]
[0.04942213]
[0.58386004]
[0.05219787]
[0.04726345]
[0.05273411]
[0.05273411]
[0.04902683]
[0.04902683]
[0.05484057]
[0.05273411]
[0.05273411]
[0.04606096]
[0.04992697]
[0.04992697]
[0.04992697]
[0.04609286]
[0.05319937]
[0.0509879]
[0.0509879]
[0.05103642]
[0.05273972]
[0.05103642]
[0.05103642]
[0.05103642]
[0.5789524]
[0.5789524]
[0.5789524]
[0.5789524]
[0.5789524]
[0.5789524]
[0.5789524]
[0.5789524]
[0.5789524]
[0.5789524]
[0.5789524]
[0.5789524]
[0.5789524]
[0.5789524]
[0.5789524]
[0.5789524]
[0.5789524]
[0.5789524]
[0.5789524]
[0.5789524]
[0.5789524]
[0.5789524]
[0.5789524]
[0.5789524]
[0.5789524]
[0.5789524]
[0.5789524]
[0.5789524]
[0.5789524]
[0.5789524]
[0.5789524]
[0.5789524]
[0.5789524]
[0.05101052]
[0.0490015]
[0.04391332]
[0.04844249]
[0.04229307]
[0.04464627]
[0.04909609]
[0.04909609]
[0.04909609]
[0.04957823]
[0.04928789]
[0.04677023]
[0.04579291]
[0.04682966]
[0.5183981]
[0.5183981]
[0.5183981]
[0.04941484]
[0.0482429]
[0.05418804]
[0.05122465]
[0.05032123]
[0.04978327]
[0.04713744]
[0.5504797]
[0.5504797]
[0.5504797]
[0.5504797]
[0.5504797]
[0.5504797]
[0.5504797]
[0.5504797]
[0.5504797]
[0.5504797]
[0.5504797]
[0.5504797]
[0.5504797]
[0.5504797]
[0.04911646]
[0.04600346]
[0.05400801]
[0.05400801]
[0.0479863]
[0.04708194]
[0.0450269]
[0.04803712]
[0.5620413]
[0.5620413]
[0.04704693]
[0.04517955]
[0.5122783]
[0.04889909]
[0.04889909]
[0.04662304]
[0.04906036]
[0.04776743]
[0.04388298]
[0.5696047]
[0.5554847]
[0.0499137]
[0.54154634]
[0.04689733]
[0.04689733]
[0.05629115]
[0.04909699]
[0.04909699]
[0.04893038]
[0.5737851]
[0.05345768]
[0.04581571]
[0.5514843]
[0.5628866]
[0.5628866]
[0.5628866]
[0.5628866]
[0.04709624]
[0.04798693]
[0.5245796]
[0.05209667]
[0.04732304]
[0.05176192]
[0.52350444]
[0.52350444]
[0.52350444]
[0.52350444]
[0.52350444]
[0.04848636]
[0.6129056]
[0.04852978]
[0.5268039]
[0.54141384]
[0.59268814]
[0.59268814]
[0.59268814]
[0.51317745]
[0.04722896]
[0.04433455]
[0.04560079]
[0.5059948]
[0.5059948]
[0.49354717]
[0.0479336]
[0.45925146]
[0.45925146]
[0.45925146]
[0.45925146]
[0.45925146]
[0.45521307]
[0.45521307]
[0.45521307]
[0.45521307]
[0.45521307]
[0.45521307]
[0.45521307]
[0.45521307]
[0.05151561]
[0.548818]
[0.046357]
[0.49465]
[0.04596705]
[0.52644306]
[0.47883752]
[0.47883752]
[0.4810807]
[0.4810807]
[0.4810807]
[0.53783315]
[0.4679832]
[0.4679832]
[0.4679832]
[0.4679832]
[0.4679832]
[0.4679832]
[0.4679832]
[0.4679832]
[0.05507966]
[0.49239022]
[0.53865474]
[0.42671236]
[0.42671236]
[0.42671236]
[0.04749722]
[0.4188154]
[0.48898008]
[0.48898008]
[0.45969388]
[0.05354031]
[0.603789]
[0.5031915]
[0.45706734]
[0.45402968]
[0.49865538]
[0.25466907]
[0.25466907]
[0.5691741]
[0.04805993]
[0.04986323]
[0.07710138]
[0.45445538]
[0.45445538]
[0.06841125]
[0.05471694]
[0.05010108]
[0.07047148]
[0.47265068]
[0.47265068]
[0.47265068]
[0.44922018]
[0.44922018]
[0.5034819]
[0.05195684]
[0.4030868]
[0.47345427]
[0.4271031]
[0.44992602]
[0.37668198]
[0.05075102]
[0.5400025]
[0.05167009]
[0.40913352]
[0.04917494]
[0.04985053]
[0.61557674]
[0.05316398]
[0.05316398]
[0.05316398]
[0.05316398]
[0.45185935]
[0.05985675]
[0.28694513]
[0.28694513]
[0.28694513]
[0.28694513]
[0.28694513]
[0.49623695]
[0.0558945]
[0.55458957]
[0.55128366]
[0.3751182]
[0.42507246]
[0.42507246]
[0.42507246]
[0.42507246]
[0.42507246]
[0.34895182]
[0.05231045]
[0.05578544]
[0.4346689]
[0.35495135]
[0.46496084]
[0.36080563]
[0.43603203]
[0.38863146]
[0.05319868]
[0.05562438]
[0.42503867]
[0.05592956]
[0.42663756]
[0.3841109]
[0.3841109]
[0.3841109]
[0.3521124]
[0.5020884]
[0.28213048]
[0.05685028]
[0.05685028]
[0.43336198]
[0.40478608]
[0.0527192]
[0.4415529]
[0.29555145]
[0.29555145]
[0.29555145]
[0.29555145]
[0.29555145]
[0.3877554]
[0.43333104]
[0.0481035]
[0.23020294]
[0.38978252]
[0.23381709]
[0.09004115]
[0.2530548]
[0.29539657]
[0.2611985]
[0.05764974]
[0.06806178]
[0.32731003]
[0.07447237]
[0.05853872]
[0.40238747]
[0.29937738]
[0.29937738]
[0.29937738]
[0.29937738]
[0.29937738]
[0.29937738]
[0.29937738]
[0.05585927]
[0.38934416]
[0.33248433]
[0.14904967]
[0.4450759]
[0.4450759]
[0.4450759]
[0.4450759]
[0.3504837]
[0.26683173]
[0.27036235]
[0.13563608]
[0.429531]
[0.08476021]
[0.12215414]
[0.4033265]
[0.17580692]
[0.3236611]
[0.26363686]
[0.12463755]
[0.26435447]
[0.22624134]
[0.22624134]
[0.22624134]
[0.23846917]
[0.23846917]
[0.23846917]
[0.21353053]
[0.22108763]
[0.27900004]
[0.15748206]
[0.22719005]
[0.15339424]
[0.19928151]
[0.21883576]
[0.21883576]
[0.21883576]
[0.21883576]
[0.21883576]
[0.21883576]
[0.21883576]
[0.21883576]
[0.21883576]
[0.21883576]
[0.21883576]
[0.21883576]
[0.21883576]
[0.21883576]
[0.21883576]
[0.21883576]
[0.21883576]
[0.21883576]
[0.21883576]
[0.21883576]
[0.20844091]
[0.20844091]
[0.20844091]
[0.20844091]
[0.20844091]
[0.20844091]
[0.20844091]
[0.20844091]
[0.20844091]
[0.27486205]
[0.27486205]
[0.15361737]
[0.15361737]
[0.15361737]
[0.2727151]
[0.14350839]
[0.07686308]
[0.20016971]
[0.05424168]
[0.4367477]
[0.28545007]
[0.29772863]
[0.22887847]
[0.23229337]
[0.14519984]
[0.09859905]
[0.11931929]
[0.5118319]
[0.05227659]
[0.10823474]
[0.10823474]
[0.30828032]
[0.11068813]
[0.1001747]
[0.04986885]
[0.5058172]
[0.03471939]
[0.04467401]
[0.0283499]
[0.04278651]
[0.04320022]
[0.04313583]
[0.2449497]
[0.11140177]
[0.1823188]
[0.2233794]
[0.14499134]
[0.04554504]
[0.04554504]
[0.17364141]
[0.2286786]
