1.1518802358387852
1.0
1.4448903417897014
1.0
1.0337432953498862
1.0337432953498862
1.0337432953498862
1.0337432953498862
1.0337432953498862
1.0337432953498862
1.0337432953498862
1.0337432953498862
1.0337432953498862
1.0337432953498862
1.0337432953498862
1.0337432953498862
1.360634776456326
1.0
1.0
1.0
1.0
1.0
1.0
1.0
1.0
1.0
1.0
1.0
1.0
1.0
1.0
1.0
1.0
1.0
1.0
1.0
1.0
1.0
1.0
1.0
1.0
1.0
1.0
1.0
1.192665672972261
1.192665672972261
1.4173518085757895
1.0
1.0
1.0
1.0
1.0
1.0
1.0
1.0
1.0
1.0
1.0
1.0
1.0
1.0
1.0
1.0
1.0
1.0
1.0
1.0
1.0
1.0
1.0
1.0
1.0
1.0
1.0
1.0
1.0
1.0
1.0
1.0
1.0
1.0
1.0
1.0
1.0
1.0
1.0
1.0
1.4476273918409426
2.504257851000597
2.2129537016818457
1.2371536252092383
1.1765612788317714
1.1765612788317714
1.1765612788317714
1.1765612788317714
1.1765612788317714
1.1765612788317714
1.5231789711394654
1.1406996346627452
1.383705654729635
1.426382456189046
1.426382456189046
1.426382456189046
1.2234273938600708
1.6762827764563255
1.782420704896861
1.3717690098246216
1.3717690098246216
1.3717690098246216
1.3717690098246216
1.9614305096010014
1.9614305096010014
1.9614305096010014
1.9614305096010014
1.9614305096010014
1.9614305096010014
2.367776314917865
3.6560027076116706
1.7549570386349824
1.7549570386349824
1.7549570386349824
1.7549570386349824
1.7549570386349824
1.7549570386349824
1.7549570386349824
2.058307661852597
2.058307661852597
2.5295703941226826
1.9921123809244392
1.9921123809244392
1.9921123809244392
1.9921123809244392
1.9921123809244392
1.9921123809244392
1.9921123809244392
1.9921123809244392
1.9921123809244392
1.9921123809244392
1.9921123809244392
1.9921123809244392
1.9921123809244392
1.9921123809244392
1.9921123809244392
1.9921123809244392
1.9921123809244392
1.9921123809244392
1.9921123809244392
3.740459678802484
3.276908330314919
2.426920689980671
2.426920689980671
2.426920689980671
2.426920689980671
2.426920689980671
3.481990554529112
4.0620760622117595
3.737332309700996
2.9835459329015457
4.033276045964733
3.1638132405938526
3.1638132405938526
3.1638132405938526
3.1638132405938526
3.1876805482861617
3.1876805482861617
3.1876805482861617
3.1876805482861617
3.1876805482861617
3.1876805482861617
3.1876805482861617
3.1876805482861617
1.9568570386349844
2.9165391455154133
3.4521952464431074
3.4521952464431074
3.4521952464431074
3.4521952464431074
3.4521952464431074
3.3327968944400075
2.8455278333540353
4.305610695675612
1.9802570386349831
3.546618728224484
3.2550074713630845
3.2550074713630845
3.2550074713630845
3.2550074713630845
3.2550074713630845
3.9757681401196274
3.2930518152544863
3.2930518152544863
3.5683105281171166
2.630172423250368
3.2287812270191925
3.185782228442209
2.621528467206412
2.621528467206412
3.119323046467981
3.119323046467981
3.814233505140094
2.738080115558061
2.738080115558061
2.738080115558061
2.7475679189493913
2.7475679189493913
2.7475679189493913
2.7475679189493913
2.7475679189493913
2.7475679189493913
2.7475679189493913
2.7475679189493913
2.7475679189493913
2.7475679189493913
2.7475679189493913
2.7475679189493913
2.7475679189493913
2.7475679189493913
2.7475679189493913
2.7475679189493913
2.7475679189493913
2.7475679189493913
2.7475679189493913
2.7475679189493913
2.7475679189493913
2.7475679189493913
2.7475679189493913
2.7475679189493913
2.7475679189493913
2.7475679189493913
2.7475679189493913
2.7475679189493913
2.7475679189493913
2.7475679189493913
2.7475679189493913
2.7475679189493913
2.7475679189493913
2.7475679189493913
2.7475679189493913
2.6883538156987488
3.726411127517716
3.271165894216386
2.174195500173445
2.174195500173445
2.174195500173445
2.174195500173445
2.174195500173445
2.174195500173445
3.5093920867476998
3.5093920867476998
2.8183185770965213
3.006787807865753
3.006787807865753
3.006787807865753
3.006787807865753
3.006787807865753
3.006787807865753
3.006787807865753
3.2657783822883637
3.75987135980343
3.3069176130575944
3.3069176130575944
3.3069176130575944
3.3069176130575944
3.3069176130575944
3.3069176130575944
3.3069176130575944
3.3069176130575944
3.3069176130575944
3.3069176130575944
3.3069176130575944
3.3069176130575944
3.3069176130575944
3.3069176130575944
3.3069176130575944
3.0417706899806713
3.36553289826497
4.1549432953498835
3.520810355978469
3.7020997790553922
3.7020997790553922
3.7020997790553922
3.7020997790553922
3.5919964296256417
3.5919964296256417
3.5919964296256417
3.5919964296256417
3.5919964296256417
3.5919964296256417
3.5919964296256417
3.5919964296256417
3.5919964296256417
4.268563575070163
3.4100345361345177
3.4100345361345177
2.888205305365286
3.688906177617196
3.688906177617196
3.8234600785666677
3.8234600785666677
3.766207471363085
3.766207471363085
3.766207471363085
4.04983204806254
4.04983204806254
4.04983204806254
4.04983204806254
3.502048687738654
3.7818795867476993
3.0379692003141336
3.0379692003141336
3.0379692003141336
3.5546091515191325
3.5546091515191325
3.7791146240212123
3.8012349225564677
3.97267216952003
3.5121384310833648
3.5121384310833648
4.2906928172933085
3.7780887373179493
3.6395999695449035
3.6395999695449035
3.6395999695449035
3.6395999695449035
3.6395999695449035
3.524015354160288
3.524015354160288
3.524015354160288
3.524015354160288
3.524015354160288
3.142507661852596
3.599188240593853
3.599188240593853
3.040964730942676
3.040964730942676
3.4814508674954636
3.4814508674954636
3.4814508674954636
2.701044842026315
2.701044842026315
2.701044842026315
2.701044842026315
2.701044842026315
2.701044842026315
2.701044842026315
2.701044842026315
3.2967845849295188
3.3616185770965217
3.3616185770965217
3.3616185770965217
3.3616185770965217
4.268469740370232
4.646310509601002
4.168440930302479
4.546602533892498
3.4174699147461824
4.26736921069073
4.272097426674207
3.9860613175169313
3.5448768926218257
4.20908361920552
3.9965843944400072
3.5944615080064413
3.6582262694042136
3.6582262694042136
3.6582262694042136
4.1477384414599605
4.1477384414599605
4.485965163670776
2.995875611257084
2.995875611257084
2.995875611257084
2.995875611257084
2.995875611257084
2.995875611257084
2.995875611257084
2.995875611257084
2.995875611257084
3.669121765103238
3.669121765103238
3.669121765103238
3.669121765103238
4.648631509824623
4.635203343609099
3.7768878078657533
3.7768878078657533
5.2698607778673665
3.180999969544904
5.144271481833853
4.221538240593853
4.2980757195664685
4.427933707981568
3.6928647309426754
4.662677027819626
3.898492277237211
4.08999868818016
4.08999868818016
4.08999868818016
5.321282776456327
3.785772423250368
4.569094344300933
4.874435732273067
4.874435732273067
4.057503192481137
4.057503192481137
4.339406843826824
4.656644971363084
5.497939160431603
4.025844842026315
4.025844842026315
5.232707661418598
5.1462051249856176
5.305221278831771
4.054249346327292
4.054249346327292
4.054249346327292
5.317115124985618
5.9093704627603
2.4262255111224054
2.4262255111224054
4.445429457410929
4.445429457410929
4.445429457410929
4.445429457410929
4.445429457410929
4.445429457410929
4.445429457410929
5.31034785597847
4.4905185770965215
4.043614072795545
4.043614072795545
4.043614072795545
4.043614072795545
4.930565118981899
3.565875611257084
5.178179861578304
4.731066252110849
5.752457545687096
5.570008201908694
5.577685894216387
5.569385124985617
5.432985305365286
4.780644842026316
6.181276953073743
5.616535086167762
5.7326312788317715
5.738495124985617
5.780345932901546
5.780345932901546
6.088915163670777
6.088915163670777
5.830000689980672
6.158448965135745
3.251088263425288
6.049230548286162
6.228874003820906
4.796106380487854
6.318232810729599
3.2532433667438587
3.2532433667438587
3.2532433667438587
6.445812997672979
3.482481574462076
3.482481574462076
6.98859145921144
3.7984191909196836
3.7984191909196836
3.7984191909196836
6.846857038634984
5.868476923076923
5.868476923076923
6.667815384615385
7.3284153846153846
7.3284153846153846
7.3284153846153846
7.3284153846153846
7.3284153846153846
7.3284153846153846
7.3284153846153846
7.3284153846153846
7.3284153846153846
7.3284153846153846
7.3284153846153846
7.3284153846153846
7.3284153846153846
7.3284153846153846
7.3284153846153846
7.3284153846153846
7.3284153846153846
7.3284153846153846
7.3284153846153846
7.3284153846153846
7.3284153846153846
7.3284153846153846
7.3284153846153846
7.3284153846153846
5.297623226916332
4.771863146963639
5.004089520590012
4.252379556444531
