31.717500000000065
31.717500000000065
31.069300000000066
31.069300000000066
31.069300000000066
31.069300000000066
31.069300000000066
31.069300000000066
31.069300000000066
31.069300000000066
31.069300000000066
31.069300000000066
30.81120000000007
30.81120000000007
31.10340000000006
30.934800000000067
30.934800000000067
30.934800000000067
30.934800000000067
30.934800000000067
30.934800000000067
30.934800000000067
30.934800000000067
30.934800000000067
30.934800000000067
30.934800000000067
30.845300000000062
30.845300000000066
30.845300000000066
30.845300000000066
30.845300000000066
30.845300000000066
30.845300000000066
30.845300000000066
30.845300000000066
30.845300000000066
30.845300000000066
30.845300000000066
30.845300000000066
30.845300000000066
30.845300000000066
30.845300000000066
30.845300000000066
30.845300000000066
30.845300000000066
30.845300000000066
30.845300000000066
30.845300000000066
30.845300000000066
30.845300000000066
30.845300000000066
30.845300000000066
30.845300000000066
30.845300000000066
30.845300000000066
30.845300000000066
30.845300000000066
30.845300000000066
30.845300000000066
30.845300000000066
30.845300000000066
30.845300000000066
30.845300000000066
30.845300000000066
30.845300000000066
30.845300000000066
30.845300000000066
30.845300000000066
30.845300000000066
30.845300000000066
30.845300000000066
30.845300000000066
30.845300000000066
30.845300000000066
30.845300000000066
30.845300000000066
30.845300000000066
30.845300000000066
30.845300000000066
30.845300000000066
30.845300000000066
30.845300000000066
30.845300000000066
30.845300000000066
30.845300000000066
30.845300000000066
30.845300000000066
30.845300000000066
30.845300000000066
30.845300000000066
30.845300000000066
30.845300000000066
30.845300000000066
30.845300000000066
30.845300000000066
30.845300000000066
30.845300000000066
30.845300000000066
30.845300000000066
30.845300000000066
30.845300000000066
30.845300000000066
30.845300000000066
30.845300000000066
30.845300000000066
30.845300000000066
30.845300000000066
30.845300000000066
30.845300000000066
30.845300000000066
30.845300000000066
30.845300000000066
30.845300000000066
30.845300000000066
30.845300000000066
30.845300000000066
30.845300000000066
30.845300000000066
30.845300000000066
30.845300000000066
30.845300000000066
30.845300000000066
30.845300000000066
30.845300000000066
30.845300000000066
30.845300000000066
30.845300000000066
30.845300000000066
30.845300000000066
30.845300000000066
30.845300000000066
30.845300000000066
30.845300000000066
30.845300000000066
30.845300000000066
30.845300000000066
30.845300000000066
30.845300000000066
30.845300000000066
30.845300000000066
30.845300000000066
30.845300000000066
30.845300000000066
30.845300000000066
30.845300000000066
30.845300000000066
30.845300000000066
30.845300000000066
30.845300000000066
30.845300000000066
30.845300000000066
30.845300000000066
30.845300000000066
30.845300000000066
30.845300000000066
30.845300000000066
30.845300000000066
30.845300000000066
30.845300000000066
30.845300000000066
30.845300000000066
30.845300000000066
30.845300000000066
30.845300000000066
30.845300000000066
30.845300000000066
30.845300000000066
30.845300000000066
30.845300000000066
30.845300000000066
30.845300000000066
30.845300000000066
30.845300000000066
30.845300000000066
30.845300000000066
30.845300000000066
30.845300000000066
30.845300000000066
30.845300000000066
30.845300000000066
30.845300000000066
30.845300000000066
30.845300000000066
30.845300000000062
30.845300000000062
30.845300000000062
30.845300000000062
30.845300000000062
30.845300000000062
30.845300000000062
30.845300000000062
30.845300000000062
30.845300000000062
30.845300000000062
30.845300000000062
30.845300000000062
30.845300000000062
30.845300000000062
30.845300000000062
30.845300000000062
30.845300000000062
30.845300000000062
30.845300000000062
30.845300000000062
30.845300000000062
30.845300000000062
30.845300000000062
30.845300000000062
30.845300000000062
30.845300000000062
30.845300000000062
30.845300000000062
30.845300000000062
30.845300000000062
30.845300000000062
30.845300000000062
30.845300000000062
30.845300000000062
30.845300000000062
30.845300000000062
30.845300000000062
30.845300000000062
30.845300000000062
30.845300000000062
30.845300000000062
30.845300000000062
30.845300000000062
30.845300000000062
30.845300000000062
30.845300000000062
30.845300000000062
30.845300000000062
30.845300000000062
30.845300000000062
30.845300000000062
30.845300000000062
30.845300000000062
30.845300000000062
30.845300000000062
30.845300000000062
30.845300000000062
30.845300000000062
30.845300000000062
30.845300000000062
30.845300000000062
30.845300000000062
30.845300000000062
30.845300000000062
30.845300000000062
30.845300000000062
30.421100000000067
30.421100000000067
30.421100000000067
30.421100000000067
30.421100000000067
30.421100000000067
30.421100000000067
30.421100000000067
30.421100000000067
30.421100000000067
30.421100000000067
30.421100000000067
30.421100000000067
30.421100000000067
30.421100000000067
30.421100000000067
30.421100000000067
30.421100000000067
30.421100000000067
30.421100000000067
30.421100000000067
30.421100000000067
30.421100000000067
30.421100000000067
30.421100000000067
30.421100000000067
30.421100000000067
30.421100000000067
30.63030000000007
30.58720000000007
30.506400000000063
30.544700000000063
30.96550000000004
30.338200000000068
30.455200000000062
30.56470000000007
30.87600000000004
30.031000000000063
30.286600000000067
30.197100000000066
30.197100000000066
30.197100000000063
30.197100000000066
30.239600000000067
30.197100000000066
30.197100000000066
30.197100000000066
30.197100000000066
30.197100000000063
30.10470000000004
30.497700000000062
30.40820000000006
29.772900000000067
29.772900000000067
30.153700000000036
30.40820000000006
30.239600000000067
29.982700000000065
30.239600000000067
30.02520000000007
30.15460000000006
30.485900000000036
30.485900000000036
30.065100000000058
30.065100000000058
30.409300000000037
29.81540000000007
30.065100000000054
30.065100000000058
30.06510000000006
30.365700000000054
30.065100000000058
30.254600000000067
30.128700000000066
30.128700000000062
30.24030000000006
29.92570000000007
30.128700000000062
30.128700000000062
30.128700000000062
30.128700000000062
30.165100000000066
30.165100000000066
30.165100000000066
30.128700000000062
29.807000000000063
29.807000000000063
29.70780000000007
29.816100000000066
30.039200000000058
29.548900000000064
29.548900000000067
29.548900000000067
29.548900000000064
29.845200000000037
29.959800000000065
29.70170000000007
29.675000000000054
29.67500000000005
29.67500000000005
29.675000000000058
29.675000000000058
29.124700000000068
29.675000000000054
29.701700000000066
29.69160000000006
29.48730000000007
29.250800000000062
29.69160000000006
29.69160000000006
29.701700000000066
29.69160000000006
29.41690000000006
29.701700000000066
29.61220000000006
28.940400000000068
30.19740000000003
28.900700000000068
28.900700000000068
29.264600000000065
29.498800000000035
29.628270000000043
29.20597000000007
30.02940000000006
30.02940000000006
28.25250000000007
28.72447000000004
29.148600000000037
29.126100000000065
29.32520000000003
29.32520000000003
29.32520000000003
28.76620000000003
27.989470000000072
26.347600000000057
26.347600000000057
28.12980000000003
26.04980000000006
27.079700000000024
27.23830000000003
25.440800000000053
25.35130000000005
24.79510000000005
24.76960000000005
25.215270000000054
23.548200000000048
23.548200000000048
22.90000000000005
21.528800000000036
21.953000000000042
21.953000000000042
24.228170000000055
21.88460000000004
22.251800000000042
21.265100000000032
21.389200000000034
22.284170000000046
21.600470000000037
21.89927000000004
21.89927000000004
21.89927000000004
21.89927000000004
21.475070000000034
21.26925000000003
20.280600000000018
21.203370000000035
19.991470000000014
18.058799999999994
16.622419999999973
16.808499999999977
16.398419999999973
16.398419999999973
16.140319999999967
16.140319999999967
16.140319999999967
16.140319999999967
15.882219999999965
15.970999999999966
15.970999999999966
16.07129999999997
16.05579999999997
15.813199999999966
15.183699999999968
15.183699999999968
15.247999999999967
15.247999999999967
15.247999999999967
15.862599999999965
15.414099999999967
15.255999999999968
15.39419999999997
15.488599999999968
12.712699999999975
12.322599999999976
12.170599999999977
11.674399999999983
20.639670000000024
10.33829999999999
8.9398
9.0816
8.691500000000001
8.351800000000004
8.351800000000004
7.571600000000005
7.571600000000005
7.571600000000005
7.571600000000005
7.530800000000006
8.057400000000007
6.974600000000006
6.883400000000004
6.773400000000005
5.845100000000004
4.674800000000003
4.674800000000003
4.3663000000000025
4.624400000000002
4.284700000000002
4.284700000000002
20.541500000000024
4.493300000000001
3.6472000000000024
3.6472000000000024
3.6472000000000024
3.6472000000000024
3.6472000000000024
3.6472000000000024
3.8538000000000023
3.8538000000000023
4.240500000000002
3.8451000000000013
3.868100000000002
3.4631000000000016
15.035999999999973
-0.3363
0.8007
0.11280000000000001
0.11280000000000001
14.58349999999997
14.48269999999997
14.337999999999969
14.96669999999997
15.26229999999997
14.317199999999971
14.43059999999997
14.35809999999997
23.619400000000038
23.619400000000038
21.298200000000033
23.339500000000054
