14.493199999999973
6.770520000000004
6.770520000000004
6.770520000000004
6.770520000000004
5.5939200000000024
5.5939200000000024
5.5939200000000024
5.5939200000000024
5.5939200000000024
5.5939200000000024
5.335180000000003
5.109620000000003
5.109620000000003
5.109620000000003
5.109620000000003
5.109620000000003
5.109620000000003
5.109620000000003
5.109620000000003
5.109620000000003
5.109620000000003
5.109620000000003
5.109620000000003
5.109620000000003
5.109620000000003
5.109620000000003
5.109620000000003
5.109620000000003
5.109620000000003
5.109620000000003
5.109620000000003
5.109620000000003
5.109620000000003
5.109620000000003
5.109620000000003
5.109620000000003
5.109620000000003
5.109620000000003
5.109620000000003
5.109620000000003
5.109620000000003
5.109620000000003
5.109620000000003
5.109620000000003
5.109620000000003
5.109620000000003
5.109620000000003
5.109620000000003
5.109620000000003
5.109620000000003
5.219220000000003
5.219220000000003
5.219220000000003
5.219220000000003
5.219220000000003
5.219220000000003
5.219220000000003
4.691200000000003
5.968800000000005
4.892100000000003
6.2088000000000045
5.139720000000004
6.221500000000005
6.221500000000005
6.221500000000005
6.221500000000005
5.593000000000003
5.593000000000003
5.593000000000003
5.593000000000003
5.593000000000003
5.593000000000003
5.593000000000003
5.593000000000003
5.300800000000003
4.708200000000003
4.793700000000004
4.793700000000004
4.793700000000004
4.793700000000004
4.793700000000004
4.793700000000004
4.793700000000004
4.793700000000004
4.793700000000004
4.793700000000004
4.793700000000004
4.793700000000004
4.793700000000004
4.793700000000004
4.793700000000004
4.793700000000004
4.793700000000004
4.793700000000004
4.793700000000004
4.816600000000003
4.816600000000003
4.816600000000003
4.816600000000003
4.816600000000003
4.816600000000003
4.816600000000003
4.816600000000003
4.816600000000003
4.816600000000003
4.816600000000003
4.816600000000003
4.816600000000003
4.816600000000003
4.816600000000003
4.816600000000003
4.816600000000003
4.816600000000003
4.816600000000003
4.816600000000003
4.816600000000003
4.816600000000003
4.816600000000003
4.816600000000003
4.816600000000003
4.816600000000003
4.816600000000003
4.816600000000003
4.816600000000003
4.816600000000003
4.816600000000003
4.816600000000003
4.816600000000003
4.816600000000003
4.816600000000003
4.816600000000003
4.816600000000003
4.816600000000003
4.816600000000003
4.816600000000003
4.816600000000003
4.816600000000003
4.816600000000003
4.816600000000003
4.816600000000003
4.816600000000003
4.816600000000003
4.816600000000003
4.816600000000003
4.816600000000003
4.816600000000003
4.816600000000003
4.816600000000003
4.816600000000003
4.816600000000003
4.816600000000003
4.816600000000003
4.816600000000003
4.816600000000003
4.816600000000003
4.816600000000003
4.816600000000003
4.816600000000003
4.816600000000003
4.816600000000003
4.816600000000003
4.816600000000003
4.816600000000003
4.816600000000003
4.816600000000003
4.827400000000003
4.827400000000003
4.827400000000003
4.827400000000003
4.2375000000000025
4.2375000000000025
4.2375000000000025
4.2375000000000025
4.2375000000000025
4.2375000000000025
4.2375000000000025
4.2375000000000025
4.2375000000000025
4.2375000000000025
4.2375000000000025
4.2375000000000025
4.2375000000000025
4.2375000000000025
4.2375000000000025
4.2375000000000025
4.2375000000000025
4.2375000000000025
4.2375000000000025
4.2375000000000025
4.2375000000000025
4.2375000000000025
4.2375000000000025
4.2375000000000025
4.702980000000003
4.702980000000003
4.702980000000003
4.702980000000003
4.702980000000003
4.702980000000003
4.702980000000003
4.702980000000003
4.702980000000003
4.702980000000003
4.702980000000003
4.702980000000003
4.702980000000003
4.702980000000003
4.702980000000003
4.702980000000003
4.702980000000003
4.702980000000003
4.702980000000003
4.702980000000003
4.702980000000003
4.702980000000003
4.702980000000003
4.702980000000003
4.702980000000003
4.702980000000003
4.702980000000003
4.702980000000003
4.702980000000003
4.702980000000003
4.702980000000003
4.702980000000003
4.702980000000003
4.702980000000003
4.702980000000003
4.702980000000003
4.702980000000003
4.702980000000003
4.702980000000003
4.702980000000003
4.702980000000003
4.702980000000003
4.702980000000003
4.702980000000003
4.702980000000003
4.702980000000003
4.702980000000003
4.702980000000003
4.702980000000003
4.702980000000003
4.702980000000003
4.702980000000003
4.702980000000003
4.702980000000003
4.702980000000003
4.702980000000003
4.702980000000003
4.702980000000003
4.702980000000003
4.702980000000003
4.702980000000003
4.702980000000003
4.702980000000003
4.702980000000003
4.702980000000003
4.702980000000003
4.702980000000003
4.865220000000003
4.865220000000003
4.320300000000003
4.320300000000003
4.320300000000003
4.320300000000003
4.320300000000003
4.320300000000003
4.320300000000003
4.320300000000003
4.320300000000003
4.320300000000003
4.320300000000003
4.320300000000003
4.320300000000003
4.320300000000003
4.320300000000003
4.320300000000003
4.320300000000003
4.320300000000003
4.320300000000003
4.320300000000003
4.320300000000003
4.320300000000003
4.770480000000003
4.218780000000002
4.218780000000002
4.695800000000003
4.695800000000003
4.695800000000003
5.125000000000004
4.2116000000000025
4.868300000000004
4.484380000000003
3.9501200000000027
3.9501200000000027
3.9501200000000027
3.9501200000000027
3.9501200000000027
5.270000000000004
4.675880000000003
4.675880000000003
4.675880000000003
4.675880000000003
4.675880000000003
4.675880000000003
4.361200000000004
4.361200000000004
4.361200000000004
4.361200000000004
4.361200000000004
4.361200000000004
4.361200000000004
4.361200000000004
4.361200000000004
5.249900000000004
4.688400000000004
4.911900000000004
4.911900000000004
4.911900000000004
4.911900000000004
4.911900000000004
4.911900000000004
4.911900000000004
4.911900000000004
4.911900000000004
4.911900000000004
4.911900000000004
4.911900000000004
4.911900000000004
4.911900000000004
4.911900000000004
4.911900000000004
4.911900000000004
4.911900000000004
4.911900000000004
4.911900000000004
4.622580000000003
5.503300000000005
5.503300000000005
5.503300000000005
5.503300000000005
4.550100000000003
4.550100000000003
4.550100000000003
4.550100000000003
4.550100000000003
4.550100000000003
4.550100000000003
4.550100000000003
4.550100000000003
4.550100000000003
4.550100000000003
4.550100000000003
4.550100000000003
4.550100000000003
4.550100000000003
4.550100000000003
4.550100000000003
4.550100000000003
4.550100000000003
4.550100000000003
4.550100000000003
4.550100000000003
4.550100000000003
4.550100000000003
4.550100000000003
4.550100000000003
4.550100000000003
4.550100000000003
4.550100000000003
4.550100000000003
4.550100000000003
4.550100000000003
4.550100000000003
4.550100000000003
4.550100000000003
4.550100000000003
4.550100000000003
4.083400000000003
4.083400000000003
4.083400000000003
4.083400000000003
4.083400000000003
4.219700000000003
4.060400000000003
3.8931000000000027
4.054700000000003
4.634200000000003
3.513520000000003
3.745020000000002
3.745020000000002
3.745020000000002
3.745020000000002
3.745020000000002
3.745020000000002
3.745020000000002
3.745020000000002
3.745020000000002
3.745020000000002
3.745020000000002
3.745020000000002
3.745020000000002
3.745020000000002
3.745020000000002
3.745020000000002
3.745020000000002
3.745020000000002
3.745020000000002
3.745020000000002
3.745020000000002
3.745020000000002
3.745020000000002
3.745020000000002
3.745020000000002
3.745020000000002
3.745020000000002
3.745020000000002
3.745020000000002
3.745020000000002
3.745020000000002
3.745020000000002
3.745020000000002
3.745020000000002
3.745020000000002
3.745020000000002
3.745020000000002
3.745020000000002
3.745020000000002
3.745020000000002
3.745020000000002
3.745020000000002
3.745020000000002
3.745020000000002
3.436600000000001
1.4816
3.618590000000002
3.618590000000002
3.618590000000002
3.618590000000002
3.618590000000002
3.618590000000002
3.618590000000002
3.618590000000002
3.618590000000002
3.618590000000002
3.618590000000002
3.618590000000002
3.618590000000002
3.618590000000002
3.618590000000002
3.618590000000002
3.618590000000002
3.618590000000002
3.618590000000002
3.618590000000002
0.1461
4.6136000000000035
3.1945200000000007
4.7775000000000025
4.366000000000002
4.366000000000002
4.366000000000002
4.366000000000002
4.366000000000002
4.366000000000002
4.366000000000002
4.366000000000002
4.366000000000002
4.366000000000002
4.366000000000002
4.366000000000002
4.366000000000002
4.366000000000002
4.366000000000002
4.366000000000002
4.366000000000002
4.366000000000002
4.366000000000002
4.366000000000002
4.366000000000002
4.366000000000002
4.049400000000003
4.049400000000003
4.049400000000003
4.049400000000003
4.049400000000003
4.049400000000003
4.049400000000003
4.049400000000003
4.049400000000003
4.049400000000003
3.6494000000000018
4.180400000000002
-0.8247
-0.8247
-0.8247
-0.8247
-0.8247
