[0.02597794]
[0.02597787]
[0.02597787]
[0.02597787]
[0.02597787]
[0.02597787]
[0.02597787]
[0.02597787]
[0.02572818]
[0.02572818]
[0.02572818]
[0.02572818]
[0.02572818]
[0.02572818]
[0.02582944]
[0.02582944]
[0.02582944]
[0.02582944]
[0.02582944]
[0.02582944]
[0.02582944]
[0.02582944]
[0.02582944]
[0.02572309]
[0.02572309]
[0.02572309]
[0.02584305]
[0.02584305]
[0.02584305]
[0.02584305]
[0.02584305]
[0.02584305]
[0.02584305]
[0.02584305]
[0.02584305]
[0.02584305]
[0.02584305]
[0.02584305]
[0.02584305]
[0.02584305]
[0.02584305]
[0.02584305]
[0.02584305]
[0.02584305]
[0.02584305]
[0.02584305]
[0.02584305]
[0.02584305]
[0.02584305]
[0.02584305]
[0.02584305]
[0.02584305]
[0.02584305]
[0.02584305]
[0.02584305]
[0.02584305]
[0.02584305]
[0.02584305]
[0.02584305]
[0.02584305]
[0.02584305]
[0.02584305]
[0.02584305]
[0.02584305]
[0.02584305]
[0.02584305]
[0.02584305]
[0.02584305]
[0.02584305]
[0.02584305]
[0.02584305]
[0.02584305]
[0.02584305]
[0.02584305]
[0.02584305]
[0.02584305]
[0.02584305]
[0.02584305]
[0.02584305]
[0.02584305]
[0.02584305]
[0.02584305]
[0.02584305]
[0.02584305]
[0.02584305]
[0.02584305]
[0.02584305]
[0.02584305]
[0.02584305]
[0.02584305]
[0.02584305]
[0.02584305]
[0.02584305]
[0.02584305]
[0.02584305]
[0.02584305]
[0.02584305]
[0.02584305]
[0.02584305]
[0.02584305]
[0.02584305]
[0.02584305]
[0.02584305]
[0.02584305]
[0.02584305]
[0.02584305]
[0.0258173]
[0.0258173]
[0.0258173]
[0.02581721]
[0.02581718]
[0.02581718]
[0.02581718]
[0.02581718]
[0.02581718]
[0.02581718]
[0.02581718]
[0.02581718]
[0.02581718]
[0.02581725]
[0.02581725]
[0.02581725]
[0.02581725]
[0.02581725]
[0.02581725]
[0.02581725]
[0.02581725]
[0.02581725]
[0.02581725]
[0.02581725]
[0.02581725]
[0.02581725]
[0.02581725]
[0.02581725]
[0.02581725]
[0.02581725]
[0.02581725]
[0.02581725]
[0.02581725]
[0.02581725]
[0.02581725]
[0.02581725]
[0.02581725]
[0.02581725]
[0.02581725]
[0.02581725]
[0.02581725]
[0.02581725]
[0.02581725]
[0.02581725]
[0.02581725]
[0.02581725]
[0.02581725]
[0.02581725]
[0.02581725]
[0.02581725]
[0.02581725]
[0.02581725]
[0.02581725]
[0.02581725]
[0.02596592]
[0.02605615]
[0.02605615]
[0.02605615]
[0.02605615]
[0.02605615]
[0.02605615]
[0.02605615]
[0.02573079]
[0.02573079]
[0.02573079]
[0.02573079]
[0.02573079]
[0.02573079]
[0.02573079]
[0.02573079]
[0.02573079]
[0.02573079]
[0.02573079]
[0.02573079]
[0.02573079]
[0.02573987]
[0.02573987]
[0.02616335]
[0.02567711]
[0.02567711]
[0.02567711]
[0.02567711]
[0.02567711]
[0.02567711]
[0.02567711]
[0.02567711]
[0.02567711]
[0.02567711]
[0.02567711]
[0.02567711]
[0.02567711]
[0.02567711]
[0.02567711]
[0.02567711]
[0.02567711]
[0.02567711]
[0.02567711]
[0.02567711]
[0.02567711]
[0.02567711]
[0.02567711]
[0.02567711]
[0.02567711]
[0.02567711]
[0.02567711]
[0.02567711]
[0.02567711]
[0.02567711]
[0.02567711]
[0.02567711]
[0.02567711]
[0.02567711]
[0.02567711]
[0.02567711]
[0.02567711]
[0.02567711]
[0.02567711]
[0.02567711]
[0.02567711]
[0.02567711]
[0.02567711]
[0.02567711]
[0.02567711]
[0.02567711]
[0.02588413]
[0.02582149]
[0.02582149]
[0.02587868]
[0.02572818]
[0.02586394]
[0.02586394]
[0.02573779]
[0.02584252]
[0.02607266]
[0.02574536]
[0.02582938]
[0.02584147]
[0.02620284]
[0.02620284]
[0.02584843]
[0.02584843]
[0.02584843]
[0.02598287]
[0.02598287]
[0.0261392]
[0.0260892]
[0.0260892]
[0.02584843]
[0.02584843]
[0.02582628]
[0.0258394]
[0.02584848]
[0.02608901]
[0.025924]
[0.02582152]
[0.0257345]
[0.02573965]
[0.02584845]
[0.02605989]
[0.02603645]
[0.02620208]
[0.02620208]
[0.02567802]
[0.02605989]
[0.02605989]
[0.02573776]
[0.02604044]
[0.02605083]
[0.02614266]
[0.02603616]
[0.02635458]
[0.02635458]
[0.02635458]
[0.02587322]
[0.02583442]
[0.02598327]
[0.02635458]
[0.02605989]
[0.02595828]
[0.02582763]
[0.02585428]
[0.02585428]
[0.02581356]
[0.0260173]
[0.02573632]
[0.02573632]
[0.02573632]
[0.02573632]
[0.02573632]
[0.02605989]
[0.02626267]
[0.02586123]
[0.02568829]
[0.02652286]
[0.02568422]
[0.02581586]
[0.02604182]
[0.02626242]
[0.02597032]
[0.02609888]
[0.02568208]
[0.02568208]
[0.02587267]
[0.02568265]
[0.02581586]
[0.02578929]
[0.02595382]
[0.02606622]
[0.0259301]
[0.02581586]
[0.02592799]
[0.02576195]
[0.02585721]
[0.0260751]
[0.0260751]
[0.02647302]
[0.02591273]
[0.02647822]
[0.02591285]
[0.02615207]
[0.0259508]
[0.02574468]
[0.02583178]
[0.0266]
[0.0266]
[0.0266]
[0.02654147]
[0.02575225]
[0.02610231]
[0.02616333]
[0.02616333]
[0.02621286]
[0.02675692]
[0.02602857]
[0.0257881]
[0.02578804]
[0.02611371]
[0.02576447]
[0.02808467]
[0.02645195]
[0.02699645]
[0.02675653]
[0.02615174]
[0.02690311]
[0.02591291]
[0.02589393]
[0.0262329]
[0.02615883]
[0.02606993]
[0.02606993]
[0.02578384]
[0.02632251]
[0.02830022]
[0.02685745]
[0.02570823]
[0.02590411]
[0.02655289]
[0.02569169]
[0.02683231]
[0.02602036]
[0.02673172]
[0.02627135]
[0.02691513]
[0.02580519]
[0.02687585]
[0.02570637]
[0.02588006]
[0.03013289]
[0.02834244]
[0.02834244]
[0.02617499]
[0.02617499]
[0.02593774]
[0.02644216]
[0.02935335]
[0.02636586]
[0.0263811]
[0.03459664]
[0.02635132]
[0.02879401]
[0.02792195]
[0.0275935]
[0.027716]
[0.02934757]
[0.03106519]
[0.03134955]
[0.03333882]
[0.03713227]
[0.02829423]
[0.04009224]
[0.04944773]
[0.02829597]
[0.033219]
[0.02650087]
[0.03611274]
[0.02997317]
[0.02997317]
[0.03033293]
[0.02947467]
[0.02766989]
[0.03848338]
[0.02779478]
[0.03011318]
[0.03159267]
[0.02725747]
[0.03210573]
[0.02787085]
[0.0334556]
[0.03236528]
[0.02937293]
[0.02808441]
[0.03117307]
[0.0325916]
[0.03158385]
[0.02826785]
[0.02981933]
[0.0282031]
[0.03202475]
[0.44401318]
[0.0364521]
[0.03645718]
[0.04055534]
[0.03326466]
[0.10278104]
[0.03121927]
[0.20905484]
[0.0316135]
[0.0316135]
[0.0316135]
[0.04775165]
[0.03071998]
[0.03157706]
[0.08070821]
[0.10371972]
[0.04394754]
[0.05000472]
[0.03142701]
[0.05469927]
[0.06159714]
[0.08143342]
[0.08143342]
[0.09436569]
[0.03882491]
[0.02577491]
[0.09014416]
[0.03892954]
[0.03893439]
[0.3989194]
[0.02592271]
[0.05926418]
[0.05926418]
[0.05656899]
[0.05398979]
[0.03112441]
[0.19332288]
[0.16435039]
[0.0495455]
[0.049071]
[0.11264399]
[0.11264399]
[0.07150417]
[0.07150417]
[0.07150417]
[0.02622218]
[0.14546531]
[0.02613258]
[0.0259103]
[0.02588213]
[0.02588213]
[0.02588599]
[0.02567709]
[0.02591542]
[0.0260101]
[0.02594721]
[0.02588622]
[0.02939694]
[0.02610753]
[0.02594113]
[0.02619935]
[0.02594474]
[0.03869168]
[0.02601493]
[0.02574069]
[0.02588276]
[0.02692682]
[0.02574043]
[0.02611954]
[0.02857596]
[0.04616912]
[0.02580906]
[0.02940797]
[0.04479165]
[0.02655887]
[0.02601721]
