21.869420000000027
21.846520000000027
21.869420000000027
21.869420000000027
21.58842000000002
21.58842000000002
21.58842000000002
21.58842000000002
21.58842000000002
21.58842000000002
21.58842000000002
21.611320000000024
21.611320000000024
21.611320000000024
21.611320000000024
21.475200000000022
21.475200000000022
21.475200000000022
21.479320000000026
21.09762000000002
21.45582000000002
21.36232000000002
21.36232000000002
21.36232000000002
21.36232000000002
21.36232000000002
21.36232000000002
21.36232000000002
21.36232000000002
21.36232000000002
21.36232000000002
21.36232000000002
21.36232000000002
21.36232000000002
21.12712000000002
21.362320000000018
21.362320000000018
21.362320000000018
21.362320000000018
21.362320000000018
21.362320000000018
21.362320000000018
21.362320000000018
21.362320000000018
21.362320000000018
21.362320000000018
21.362320000000018
21.362320000000018
21.362320000000018
21.362320000000018
21.362320000000018
21.362320000000018
21.362320000000018
21.362320000000018
21.362320000000018
21.198320000000017
21.198320000000017
21.198320000000017
21.198320000000017
20.980620000000016
21.22122000000002
21.22122000000002
21.22122000000002
21.22122000000002
21.22122000000002
21.22122000000002
21.22122000000002
21.22122000000002
21.22122000000002
21.22122000000002
21.22122000000002
21.22122000000002
21.22122000000002
21.22122000000002
21.22122000000002
21.22122000000002
21.22122000000002
21.22122000000002
21.22122000000002
21.22122000000002
21.22122000000002
21.22122000000002
21.22122000000002
21.22122000000002
21.22122000000002
21.22122000000002
21.22122000000002
21.22122000000002
21.22122000000002
21.22122000000002
21.22122000000002
21.22122000000002
21.22122000000002
21.22122000000002
21.22122000000002
21.22122000000002
21.22122000000002
21.22122000000002
21.22122000000002
21.22122000000002
21.22122000000002
21.22122000000002
21.22122000000002
21.22122000000002
21.22122000000002
21.22122000000002
21.22122000000002
21.22122000000002
21.22122000000002
21.22122000000002
21.22122000000002
21.22122000000002
21.22122000000002
21.22122000000002
21.104220000000016
21.104220000000016
21.104220000000016
21.104220000000016
21.104220000000016
21.104220000000016
21.104220000000016
21.104220000000016
21.104220000000016
21.104220000000016
21.104220000000016
21.104220000000016
21.104220000000016
21.104220000000016
21.104220000000016
21.104220000000016
21.104220000000016
21.104220000000016
21.104220000000016
21.104220000000016
21.104220000000016
21.104220000000016
21.104220000000016
21.104220000000016
21.104220000000016
21.104220000000016
21.104220000000016
21.104220000000016
21.104220000000016
21.104220000000016
21.104220000000016
21.104220000000016
21.104220000000016
21.104220000000016
21.104220000000016
21.104220000000016
21.104220000000016
21.104220000000016
21.104220000000016
21.104220000000016
21.104220000000016
21.104220000000016
21.104220000000016
21.104220000000016
21.104220000000016
21.104220000000016
21.104220000000016
21.104220000000016
21.104220000000016
21.104220000000016
21.104220000000016
21.104220000000016
21.104220000000016
21.104220000000016
21.104220000000016
21.104220000000016
21.104220000000016
21.104220000000016
21.104220000000016
21.104220000000016
21.104220000000016
21.104220000000016
21.104220000000016
21.104220000000016
21.104220000000016
21.104220000000016
21.104220000000016
21.104220000000016
21.104220000000016
21.104220000000016
21.104220000000016
21.104220000000016
21.104220000000016
21.104220000000016
21.104220000000016
21.104220000000016
21.104220000000016
21.104220000000016
21.104220000000016
21.104220000000016
21.104220000000016
21.104220000000016
21.104220000000016
21.104220000000016
21.104220000000016
21.104220000000016
21.104220000000016
21.104220000000016
21.104220000000016
21.104220000000016
21.104220000000016
21.104220000000016
21.104220000000016
21.104220000000016
21.104220000000016
21.104220000000016
21.104220000000016
21.104220000000016
21.104220000000016
21.104220000000016
21.104220000000016
21.104220000000016
21.104220000000016
21.104220000000016
21.104220000000016
21.104220000000016
21.104220000000016
21.104220000000016
21.104220000000016
21.104220000000016
21.104220000000016
21.104220000000016
21.104220000000016
21.104220000000016
21.104220000000016
21.104220000000016
21.104220000000016
21.104220000000016
21.104220000000016
21.104220000000016
21.104220000000016
21.104220000000016
21.104220000000016
21.104220000000016
21.104220000000016
21.104220000000016
21.104220000000016
21.104220000000016
21.104220000000016
21.104220000000016
21.104220000000016
21.104220000000016
21.104220000000016
21.22122000000002
21.18082000000002
21.382300000000022
21.382300000000022
21.382300000000022
21.22122000000002
21.22122000000002
21.22122000000002
21.22122000000002
21.028020000000016
20.968100000000014
20.968100000000014
20.968100000000014
20.968100000000014
20.968100000000014
20.968100000000014
20.968100000000014
20.968100000000014
20.968100000000014
20.968100000000014
20.968100000000014
20.968100000000014
20.968100000000014
20.968100000000014
20.968100000000014
20.968100000000014
20.968100000000014
20.968100000000014
20.968100000000014
20.968100000000014
20.968100000000014
20.968100000000014
20.968100000000014
20.968100000000014
20.968100000000014
20.968100000000014
21.255320000000022
21.255320000000022
21.255320000000022
21.255320000000022
21.255320000000022
20.972220000000018
20.793020000000013
20.793020000000013
20.793020000000013
21.15282000000002
21.034920000000014
20.62002000000001
21.15282000000002
20.769720000000014
21.01472000000002
21.23500000000002
20.51162000000001
20.789700000000014
20.898020000000013
21.118000000000016
21.197820000000018
20.99722000000002
20.714120000000012
20.714120000000012
20.714120000000012
20.997220000000016
20.59712000000001
20.714120000000012
20.898020000000017
20.37052000000001
20.734100000000016
20.595620000000014
20.155420000000003
21.014220000000016
21.268500000000024
20.31742000000001
20.69912000000002
21.011000000000013
20.49980000000001
20.37550000000001
20.582120000000014
20.20042000000001
20.784120000000016
20.70052000000001
20.243420000000008
20.243420000000008
20.73862000000001
20.830620000000017
20.559520000000013
20.441020000000012
20.441020000000012
20.324020000000008
20.324020000000008
20.324020000000008
20.324020000000008
20.499220000000008
20.32402000000001
19.980420000000006
20.387620000000005
20.499220000000008
20.54302000000001
20.068420000000007
20.46762000000001
20.45762000000001
20.174520000000005
20.068420000000007
20.11142000000001
19.76532
19.76532
20.111420000000006
20.187900000000006
20.363100000000006
19.81032
20.246820000000007
20.20952000000001
20.288700000000013
20.192020000000007
20.17170000000001
20.297620000000006
19.93392
20.37940000000001
19.67582
20.162000000000006
20.134520000000006
20.134520000000006
19.93392
19.93392
19.6742
20.212020000000006
20.555920000000004
21.122720000000015
20.450320000000012
19.953920000000004
19.952510000000004
20.081520000000005
20.861620000000013
19.522600000000004
19.823420000000002
19.823420000000002
19.699390000000005
20.59592000000001
19.906900000000004
19.523519999999994
19.2254
20.443320000000007
20.49972000000001
18.9489
19.879620000000003
20.037320000000005
20.246600000000008
18.785799999999995
18.183699999999988
17.61909999999998
17.36099999999998
17.530099999999983
18.065799999999985
17.063799999999972
17.063799999999976
16.847299999999972
16.931799999999978
16.94949999999997
17.159499999999976
16.076699999999963
15.793999999999969
15.803599999999967
15.803599999999967
16.400199999999966
15.013799999999971
14.816799999999969
14.55709999999997
14.50669999999997
13.644899999999973
14.160299999999973
13.287299999999979
13.434999999999976
13.345999999999973
13.345999999999973
12.01009999999998
12.55049999999998
11.759099999999982
12.70559999999998
11.283299999999985
11.784099999999983
10.986099999999986
10.674899999999989
10.893199999999988
11.393999999999984
10.481699999999993
9.513699999999996
9.952999999999994
9.168499999999998
10.744099999999989
10.837099999999987
7.106000000000006
10.28089999999999
10.187899999999992
9.983699999999992
7.496100000000006
9.377099999999997
9.427499999999997
8.9138
9.835399999999995
2.901300000000001
5.287300000000003
4.897200000000002
4.897200000000002
4.507100000000002
8.074100000000005
8.116600000000005
8.7954
7.610800000000005
7.505000000000005
7.943000000000006
6.830600000000005
6.399700000000004
6.955900000000005
3.3596000000000013
6.588600000000004
20.152620000000006
2.8046000000000015
2.2909000000000006
2.9025000000000016
2.1319
2.860000000000001
2.860000000000001
2.3463000000000003
1.0994
1.0994
21.312620000000017
21.31262000000002
21.171520000000015
21.054520000000014
21.054520000000014
21.245120000000018
2.5225800000000005
20.461920000000006
20.461920000000006
20.461920000000006
20.66442000000001
20.61302000000001
-0.1849
-0.1849
1.2084
19.93392
21.34052000000002
20.538220000000013
19.502619999999997
7.642600000000005
20.378720000000012
8.032700000000006
11.460799999999983
10.946999999999987
11.337099999999984
20.050920000000005
16.427699999999966
20.58512000000001
19.818320000000003
