4.85643962303047
5.045640341308234
4.933467092900591
4.933467092900591
4.933467092900591
4.933467092900591
4.933467092900591
4.933467092900591
4.933467092900591
4.933467092900591
4.933467092900591
4.933467092900591
4.933467092900591
4.933467092900591
4.933467092900591
4.933467092900591
4.933467092900591
4.933467092900591
4.933467092900591
4.933467092900591
4.933467092900591
4.933467092900591
4.933467092900591
4.933467092900591
4.933467092900591
4.933467092900591
4.933467092900591
4.933467092900591
4.933467092900591
4.933467092900591
4.933467092900591
4.933467092900591
4.933467092900591
4.933467092900591
4.933467092900591
4.933467092900591
4.933467092900591
4.933467092900591
4.933467092900591
4.933467092900591
4.933467092900591
4.933467092900591
4.933467092900591
4.933467092900591
4.933467092900591
4.933467092900591
4.933467092900591
4.933467092900591
4.933467092900591
4.933467092900591
4.933467092900591
4.933467092900591
4.933467092900591
4.933467092900591
4.933467092900591
4.933467092900591
4.933467092900591
4.933467092900591
4.933467092900591
4.933467092900591
4.933467092900591
4.933467092900591
4.933467092900591
4.933467092900591
4.933467092900591
4.933467092900591
4.933467092900591
4.933467092900591
4.933467092900591
4.933467092900591
4.933467092900591
4.933467092900591
4.912321282023571
5.640893631409055
5.640893631409055
5.640893631409055
5.640893631409055
5.640893631409055
5.475131321068877
5.475131321068877
5.475131321068877
5.475131321068877
4.844977774987649
4.844977774987649
4.959163589173463
4.959163589173463
4.959163589173463
4.9842440087538815
4.9842440087538815
4.9842440087538815
4.9842440087538815
4.9842440087538815
4.9842440087538815
4.9842440087538815
4.9842440087538815
4.873238087511077
4.869885567195441
4.869885567195441
4.869885567195441
4.869885567195441
4.869885567195441
4.869885567195441
4.869885567195441
4.869885567195441
4.869885567195441
4.869885567195441
4.869885567195441
4.869885567195441
4.869885567195441
4.869885567195441
4.869885567195441
4.869885567195441
4.869885567195441
4.869885567195441
4.869885567195441
4.869885567195441
4.869885567195441
4.869885567195441
4.869885567195441
4.869885567195441
4.869885567195441
4.869885567195441
4.869885567195441
4.869885567195441
4.869885567195441
4.869885567195441
4.869885567195441
4.869885567195441
4.869885567195441
4.869885567195441
4.869885567195441
4.869885567195441
4.869885567195441
4.869885567195441
4.869885567195441
4.869885567195441
4.869885567195441
4.869885567195441
4.869885567195441
4.869885567195441
4.869885567195441
4.869885567195441
4.869885567195441
4.869885567195441
4.869885567195441
4.869885567195441
4.869885567195441
4.869885567195441
4.869885567195441
4.869885567195441
4.869885567195441
4.869885567195441
4.869885567195441
4.869885567195441
4.869885567195441
4.869885567195441
4.869885567195441
4.869885567195441
4.869885567195441
4.869885567195441
4.869885567195441
4.869885567195441
4.869885567195441
4.869885567195441
4.869885567195441
4.869885567195441
4.869885567195441
4.869885567195441
4.869885567195441
4.869885567195441
4.869885567195441
4.869885567195441
4.869885567195441
4.869885567195441
4.869885567195441
4.869885567195441
4.869885567195441
4.869885567195441
4.869885567195441
4.869885567195441
4.869885567195441
4.869885567195441
4.869885567195441
4.869885567195441
4.869885567195441
4.869885567195441
4.869885567195441
4.869885567195441
4.869885567195441
4.869885567195441
4.869885567195441
4.869885567195441
4.869885567195441
4.869885567195441
4.869885567195441
4.869885567195441
4.869885567195441
4.869885567195441
4.9860112839269455
4.909481970791845
4.909481970791845
4.909481970791845
4.909481970791845
4.909481970791845
5.0209677298432664
5.703050032385376
4.958100738842892
4.779895237059906
4.779895237059906
4.779895237059906
4.779895237059906
4.779895237059906
4.779895237059906
4.779895237059906
4.779895237059906
4.779895237059906
4.779895237059906
5.156124579902494
4.885116836652367
4.885116836652367
4.896349643580538
4.896349643580538
4.9219283496426876
4.9219283496426876
4.9219283496426876
4.9219283496426876
4.805297886066528
4.652168865399062
4.778372732042454
4.9218284243382975
4.932247205557079
4.932247205557079
4.932247205557079
4.932247205557079
4.932247205557079
4.932247205557079
5.069379701242064
4.995638314448189
5.264998955429064
5.264998955429064
5.023694758004632
4.739637283417789
4.85027649772244
5.223058587143809
4.911472580182455
5.55291772355528
4.868898497375751
4.868898497375751
4.868898497375751
4.868898497375751
4.868898497375751
4.868898497375751
4.868898497375751
4.868898497375751
4.868898497375751
4.868898497375751
4.868898497375751
4.868898497375751
4.868898497375751
4.868898497375751
4.868898497375751
4.868898497375751
4.868898497375751
4.868898497375751
4.868898497375751
4.868898497375751
4.688611727898442
5.17193092994195
5.17193092994195
5.17193092994195
5.17193092994195
5.17193092994195
5.17193092994195
5.17193092994195
5.17193092994195
5.17193092994195
5.17193092994195
5.17193092994195
5.17193092994195
5.17193092994195
5.17193092994195
5.17193092994195
5.17193092994195
5.17193092994195
5.17193092994195
5.17193092994195
5.17193092994195
5.17193092994195
5.17193092994195
5.17193092994195
5.17193092994195
5.495184209600566
5.495184209600566
5.495184209600566
5.495184209600566
5.495184209600566
5.495184209600566
5.495184209600566
5.495184209600566
5.495184209600566
5.495184209600566
5.495184209600566
5.495184209600566
5.495184209600566
5.495184209600566
5.495184209600566
5.495184209600566
5.495184209600566
5.495184209600566
5.495184209600566
5.495184209600566
5.495184209600566
5.495184209600566
5.495184209600566
5.495184209600566
5.495184209600566
5.495184209600566
5.495184209600566
5.495184209600566
5.495184209600566
5.495184209600566
5.495184209600566
5.495184209600566
5.495184209600566
5.495184209600566
5.495184209600566
5.495184209600566
5.495184209600566
5.495184209600566
5.495184209600566
5.495184209600566
5.495184209600566
5.495184209600566
5.495184209600566
5.495184209600566
5.495184209600566
5.495184209600566
5.495184209600566
5.495184209600566
5.495184209600566
5.495184209600566
5.495184209600566
5.495184209600566
5.495184209600566
5.495184209600566
5.495184209600566
5.495184209600566
5.495184209600566
5.495184209600566
5.495184209600566
5.495184209600566
5.495184209600566
5.495184209600566
5.495184209600566
5.495184209600566
5.495184209600566
5.495184209600566
5.495184209600566
5.495184209600566
5.495184209600566
5.495184209600566
5.495184209600566
5.495184209600566
5.495184209600566
5.495184209600566
5.495184209600566
5.495184209600566
5.495184209600566
5.495184209600566
5.495184209600566
5.495184209600566
5.495184209600566
5.495184209600566
5.495184209600566
5.495184209600566
5.495184209600566
5.495184209600566
5.495184209600566
5.495184209600566
5.495184209600566
5.495184209600566
5.495184209600566
5.495184209600566
5.495184209600566
5.495184209600566
5.495184209600566
5.495184209600566
5.495184209600566
5.495184209600566
5.495184209600566
5.495184209600566
5.495184209600566
5.495184209600566
5.495184209600566
5.495184209600566
5.495184209600566
5.495184209600566
5.495184209600566
5.495184209600566
5.495184209600566
5.495184209600566
5.495184209600566
5.495184209600566
5.495184209600566
5.495184209600566
5.495184209600566
5.495184209600566
5.495184209600566
5.495184209600566
5.495184209600566
5.495184209600566
5.495184209600566
5.495184209600566
5.495184209600566
5.495184209600566
5.495184209600566
5.495184209600566
5.424723936961812
5.345943309453184
5.533778172599593
5.016173892179621
5.0889625635950715
5.0889625635950715
5.0889625635950715
5.0889625635950715
5.0889625635950715
5.0889625635950715
5.0889625635950715
5.0889625635950715
5.0889625635950715
5.0889625635950715
5.0889625635950715
5.4368831385197485
5.4368831385197485
5.4368831385197485
5.4368831385197485
5.4368831385197485
5.4368831385197485
5.4368831385197485
5.4368831385197485
5.4368831385197485
5.4368831385197485
5.129187053390989
5.408018587900492
5.369061764079154
5.369061764079154
5.369061764079154
5.369061764079154
5.369061764079154
5.369061764079154
5.369061764079154
5.369061764079154
5.52248518839677
5.52248518839677
5.52248518839677
5.52248518839677
5.434657237838151
5.407210151175928
5.407210151175928
5.407210151175928
5.407210151175928
5.407210151175928
5.407210151175928
5.414036108334744
5.516146973838195
5.531638361042274
5.226512328116265
5.1750189010312635
5.763423451424066
6.0150785529879425
4.854902771983278
4.804472171510758
5.7504111196596535
5.668512880963448
5.545350345578168
5.308717220644212
4.843383004318111
4.012440854661506
3.712587567214155
3.8607895594923596
3.8607895594923596
5.756283839455735
3.47843674303833
3.6625263034778897
3.6625263034778897
5.525622491262657
3.742502469191356
4.82758128755484
4.989079019549539
3.948134339614697
3.9874261161847357
6.667815384615385
5.630195447401055
3.163965441132585
6.399871116562666
5.215870638637783
6.660776395450746
5.5115677589939205
4.240864118103158
5.385372181144563
