4.303763075324344
4.409121397002666
4.215731955515569
4.199083167152022
4.2045447760283885
4.2045447760283885
4.2045447760283885
4.2045447760283885
4.2045447760283885
4.2045447760283885
4.114436142478583
4.114436142478583
4.716207452579642
4.848200347012371
3.8797181975431316
4.438142673683227
4.438142673683227
4.438142673683227
4.648084936146448
4.648084936146448
4.782278479756059
4.782278479756059
4.782278479756059
4.782278479756059
4.782278479756059
4.782278479756059
4.782278479756059
4.782278479756059
4.782278479756059
4.782278479756059
4.782278479756059
4.782278479756059
4.782278479756059
4.792305748295901
5.208122504608601
4.722036061850014
4.722036061850014
4.722036061850014
4.926530482758977
4.931243876424135
4.500647271117841
4.645296578332365
4.577516570900184
4.718193568298921
4.718193568298921
4.7206256753223315
5.126688136843617
4.558230246113859
4.800522647215866
5.143430482758976
4.7802613179405835
4.7802613179405835
4.7802613179405835
4.7802613179405835
4.7802613179405835
4.686779578820847
4.85976392301324
4.761221360334618
4.693065170054779
4.653722091949183
4.709808147664934
4.709808147664934
4.709808147664934
4.709808147664934
4.709808147664934
4.6763616173365765
4.072133822824791
4.930932236754417
5.180424967666182
4.933702230159786
4.997756887365961
5.248360822900199
5.248360822900199
5.248360822900199
5.094656830746386
4.9855413909989466
5.277762757492551
4.158418351143421
4.873789077137908
4.80503736246737
5.104611600789157
5.180593441686968
4.712554350694591
4.712554350694591
4.712554350694591
4.712554350694591
4.712554350694591
4.749071122726963
4.749071122726963
5.181906729092827
4.521982953663656
4.521982953663656
4.521982953663656
4.521982953663656
4.521982953663656
4.520959014015675
4.625563409620072
4.625563409620072
4.625563409620072
4.625563409620072
4.625563409620072
4.566288214674174
5.00043089626558
4.52065597545646
4.287070611321215
4.75977170263462
4.75977170263462
4.9199786228586495
4.9199786228586495
4.9199786228586495
4.9199786228586495
4.9199786228586495
4.9199786228586495
4.9199786228586495
4.9199786228586495
4.9199786228586495
4.622607187949866
5.161785029089279
4.948687891540912
4.948687891540912
4.948687891540912
4.948687891540912
4.948687891540912
4.948687891540912
4.726136615621665
4.726136615621665
4.726136615621665
4.726136615621665
4.304877921118294
4.875185886738951
4.875185886738951
4.6981570834881135
5.10545456182054
5.261915934384144
5.261915934384144
5.261915934384144
4.324697600710104
4.324697600710104
4.324697600710104
4.324697600710104
4.324697600710104
4.324697600710104
4.324697600710104
4.324697600710104
4.324697600710104
4.324697600710104
4.324697600710104
5.5661509305509576
5.5661509305509576
5.5661509305509576
5.110708998866327
6.1189983441591735
6.504444575123932
4.547869269118595
4.970007600956006
5.529694581294737
5.529694581294737
5.276476314257344
4.374937339383431
4.297568487849649
4.735518133729406
4.774809797247183
4.905871306104476
5.502173176605521
4.776497563885648
5.401577068273879
4.8360173270074025
4.789322064105599
4.6102033667445665
4.6102033667445665
4.6102033667445665
4.6102033667445665
4.539308419520432
5.239909640228377
5.239909640228377
5.239909640228377
5.239909640228377
4.830415985537277
4.759269336192247
4.759269336192247
4.759269336192247
4.759269336192247
4.724839648664115
4.255075702899885
4.628410553718176
4.628410553718176
4.628410553718176
4.670112208268997
4.670112208268997
4.670112208268997
4.670112208268997
4.670112208268997
4.670112208268997
4.670112208268997
4.670112208268997
4.670112208268997
4.670112208268997
4.670112208268997
4.670112208268997
4.670112208268997
4.670112208268997
4.670112208268997
4.670112208268997
4.670112208268997
4.670112208268997
4.670112208268997
4.670112208268997
4.670112208268997
4.670112208268997
4.670112208268997
4.670112208268997
4.670112208268997
4.670112208268997
4.670112208268997
4.670112208268997
4.670112208268997
4.670112208268997
4.670112208268997
4.670112208268997
4.670112208268997
4.670112208268997
4.670112208268997
4.670112208268997
4.670112208268997
4.670112208268997
4.670112208268997
4.670112208268997
4.670112208268997
4.670112208268997
4.670112208268997
4.670112208268997
4.670112208268997
4.670112208268997
4.670112208268997
4.670112208268997
4.670112208268997
4.670112208268997
4.670112208268997
4.670112208268997
4.670112208268997
4.670112208268997
4.670112208268997
4.670112208268997
4.670112208268997
4.670112208268997
4.670112208268997
4.670112208268997
4.670112208268997
4.670112208268997
4.670112208268997
4.670112208268997
4.823095587312398
4.823095587312398
4.584269154308032
4.584269154308032
4.852510048384094
4.134642844831275
4.1852218330772475
4.1852218330772475
4.1852218330772475
4.668627021503495
4.4325569149982424
4.4325569149982424
5.589862088230298
4.788739919243162
5.418335886738951
4.9152616368881095
4.9152616368881095
4.665046995869455
5.088348453774325
4.806221446475055
4.806221446475055
4.665940032523465
4.345863439772725
4.396299321369327
4.104184074542529
4.104184074542529
4.578065250748906
5.231532869738002
4.8365008882832115
4.8365008882832115
4.8365008882832115
4.8365008882832115
4.8365008882832115
4.8365008882832115
4.8365008882832115
4.356673865304572
4.332533770001646
4.409084170152662
4.409084170152662
4.339544772071918
4.339544772071918
4.339544772071918
4.339544772071918
4.339544772071918
4.339544772071918
4.339544772071918
4.339544772071918
4.339544772071918
4.339544772071918
4.339544772071918
4.339544772071918
4.339544772071918
4.339544772071918
4.339544772071918
4.339544772071918
4.339544772071918
4.339544772071918
4.339544772071918
4.339544772071918
4.339544772071918
4.339544772071918
4.339544772071918
4.339544772071918
4.339544772071918
4.339544772071918
4.339544772071918
4.339544772071918
4.339544772071918
4.339544772071918
4.339544772071918
4.339544772071918
4.339544772071918
4.339544772071918
4.339544772071918
4.339544772071918
4.339544772071918
4.339544772071918
4.556495921124859
5.744971620865926
5.744971620865926
4.802972416306695
4.2659340738174745
4.2659340738174745
5.317349011946274
4.565702814029958
4.503615866666043
4.503615866666043
4.503615866666043
4.503615866666043
4.3379043622412645
4.3379043622412645
4.3379043622412645
5.509542493826391
4.949286877844969
4.949286877844969
4.03654272476136
4.03654272476136
4.789817291505936
4.789817291505936
5.154279142826976
6.155403112290236
6.155403112290236
6.155403112290236
6.155403112290236
6.155403112290236
6.260139764629298
4.698925872252337
4.805946872783215
4.788697775400011
4.227931359895633
4.210229411151892
4.776969677805768
4.337466921805595
3.819402206062077
5.446657631108018
4.333374422421567
5.330732137569974
5.330732137569974
5.330732137569974
5.330732137569974
4.970469237525672
4.970469237525672
4.352654149255806
4.683970366477512
5.167148832838457
4.207817369542982
4.506382646788575
5.098445410573462
5.497618551939012
4.695667431691122
5.399484504218783
4.019139124094052
3.8844586102446037
4.989889789492788
4.580408688155833
4.1527904178948845
4.657045814807452
4.898462394449538
4.3421705314774615
4.61335827627042
6.256345918475452
4.325392744099888
4.325392744099888
6.247470190274278
4.717531742036537
4.717531742036537
5.144234385740247
4.489218208364401
4.927242359176727
4.927242359176727
4.35234746341828
4.35234746341828
4.625360318674211
4.9295611339918874
6.501367340994211
6.501367340994211
5.362041120580592
3.787200745022515
3.787200745022515
3.787200745022515
3.787200745022515
3.787200745022515
3.787200745022515
3.787200745022515
3.787200745022515
3.787200745022515
5.124704089947187
6.6035619710961955
5.091697554889324
4.670326402756315
5.165549257080418
4.711200722131579
6.228042639805963
6.228042639805963
5.0988293125825805
4.831734179582076
3.6319233830596875
4.713124826016378
4.969526103623863
5.410292575662797
5.438479247075739
6.713861975837973
4.629350323192247
4.4165105063376515
5.3345979055600194
5.105063236368126
6.340615395855619
5.275238915886904
5.179609807036951
4.282706923984874
5.653651975202832
4.294499693622125
4.906231221304125
2.42427481646137
4.224764679700771
2.1900771196515922
4.918645158893709
4.174875398490176
3.7500786626152145
4.0762458666014405
4.644066691351528
4.757735814023464
2.9740716995332495
2.776269815205417
4.905565391852021
4.905565391852021
4.905565391852021
4.905565391852021
4.905565391852021
4.264176104439505
5.44673546550108
5.584939514084076
5.324074024259962
5.309185828775254
5.309185828775254
5.5949161006933155
5.533638062597915
4.470747473163755
5.844360566715655
5.803699028254117
4.473203435210024
4.81312381751693
5.0950195379410825
3.5133525343340075
5.802218044422586
5.001281291075504
5.284886744418816
4.873992810877076
5.056141207604417
4.918374906988175
6.635276923076923
5.4531750095607086
5.7649632222666005
5.790444278523776
6.082091051204532
6.391766210238484
5.228478268294458
5.228478268294458
5.826695226265859
4.727484981702094
5.322928232797818
5.663023398230719
5.396878194918173
5.675941087852541
6.342263976987864
5.967897756796526
5.436144871006662
6.089235332604252
5.301842778726828
