4.241404712976726
4.241404712976726
4.210773372155989
4.210773372155989
4.116102263700908
4.019451357934896
4.019451357934896
4.117924901380083
4.06926501301434
4.030856518552523
4.098872896396436
4.199365834149961
4.199365834149961
4.169146039957079
4.184030930190105
4.184030930190105
4.184030930190105
4.184030930190105
4.184030930190105
4.184030930190105
4.184030930190105
4.209364590100652
4.040730144865054
4.040730144865054
4.040730144865054
3.991593725504373
4.314592052803522
4.232478559026583
4.02539159744764
4.084898327535795
4.315101843013312
4.315101843013312
4.141023898021654
4.141023898021654
4.141023898021654
4.141023898021654
4.141023898021654
4.141023898021654
4.283001578896238
4.372351290079755
4.372351290079755
4.02243261355915
4.02243261355915
4.02243261355915
4.02243261355915
4.02243261355915
4.02243261355915
4.02243261355915
4.02243261355915
4.02243261355915
4.02243261355915
4.02243261355915
4.02243261355915
4.02243261355915
4.02243261355915
4.02243261355915
4.02243261355915
4.02243261355915
4.02243261355915
4.21778935244261
4.122274182879178
4.122274182879178
3.927838730443474
3.927838730443474
4.11028953948006
3.9427330741466395
3.9427330741466395
3.9427330741466395
3.9427330741466395
4.057758453508317
4.057758453508317
4.31976099043142
4.31976099043142
4.31976099043142
4.31976099043142
3.892672043667684
3.892672043667684
3.892672043667684
3.892672043667684
4.242761452394506
4.075744440969711
4.116834531004306
4.08887443728918
4.08887443728918
4.126848221900567
4.126848221900567
4.126848221900567
4.126848221900567
4.126848221900567
4.126848221900567
3.9784012629441383
3.9784012629441383
3.9784012629441383
4.139465575574624
4.252276940365092
4.002299079988206
3.975363115623434
4.032171500259725
4.032171500259725
4.032171500259725
4.015320852642036
4.064936710041692
4.064936710041692
4.064936710041692
4.064936710041692
4.064936710041692
4.064936710041692
4.064936710041692
4.064936710041692
4.064936710041692
4.064936710041692
4.064936710041692
4.064936710041692
4.064936710041692
4.064936710041692
4.064936710041692
4.064936710041692
4.064936710041692
4.064936710041692
4.064936710041692
4.064936710041692
4.064936710041692
4.064936710041692
4.064936710041692
4.064936710041692
4.064936710041692
4.064936710041692
4.064936710041692
4.064936710041692
4.064936710041692
4.064936710041692
4.064936710041692
4.064936710041692
4.064936710041692
4.0696804667501
4.031243753373886
3.9920943532421367
3.9920943532421367
3.9920943532421367
3.9920943532421367
4.37938759969492
4.017730279037872
4.017730279037872
4.195133106571292
4.200080043323068
4.172722955029403
3.963560279670853
4.039352803263089
4.039352803263089
4.039352803263089
3.967496667690357
4.122426375002496
4.122426375002496
4.122426375002496
3.993735188458359
4.081681425137263
4.081681425137263
4.125073886983243
4.142383753202555
3.8096514270049617
4.178357797936057
4.374527574482105
3.946154219001209
3.8940795922803293
3.943692225898742
3.943692225898742
4.452143834077733
4.059923131858175
3.9301212662664415
3.9301212662664415
4.15096620276681
3.9694575029336097
3.8219927804992535
3.8219927804992535
4.191036696242777
3.7244589082971498
3.7244589082971498
3.7244589082971498
3.7244589082971498
3.7244589082971498
3.9096279588819387
3.9325927461866765
3.9325927461866765
3.9325927461866765
3.9325927461866765
4.107022237427281
4.107022237427281
4.008986788948022
4.142788691097355
4.195554324659852
4.083781966000187
4.083781966000187
4.083781966000187
4.083781966000187
4.083781966000187
4.2432649619879985
4.2432649619879985
4.1020193035934165
4.035022296454418
3.890061368951767
4.458150858432289
3.873635741169182
3.873635741169182
4.289435404516004
3.715828550086476
4.310722850684193
4.157774683748803
3.984280565896256
3.7351079008012062
3.7351079008012062
4.091075829495215
4.237875791498473
4.237875791498473
3.9213214008519337
3.9213214008519337
3.9213214008519337
4.190859804972388
4.008624402995309
3.892096380047425
3.879579719647591
4.229320696737236
4.285511944682498
4.0536879629759515
4.23437936793793
4.176896986897038
4.249466031421944
4.122170381392451
3.9849433924382662
3.964919918056543
4.266312509672757
3.9028592907765223
3.6411737850970187
3.6411737850970187
3.976859332542629
4.0359074348643365
4.208804683082436
4.208804683082436
4.208804683082436
3.7495847446052384
3.7495847446052384
4.004620301390835
4.103455096251674
4.400468716559828
4.400595355132459
4.149756077878498
3.9451528446671134
3.8648987487467013
3.8648987487467013
4.1580075193066595
4.284692472218794
3.9742997634762602
3.895399493726485
3.8971060743621813
4.2160952862338785
4.370489458992932
3.712805324155444
3.712805324155444
3.712805324155444
4.076333436457182
4.385456603100821
4.075693789319248
4.32513099936527
3.9224677651124766
3.9224677651124766
4.156268397192406
4.3533731760443795
4.460504747054932
4.117831087445289
4.204438052100977
3.9252792777119154
4.043451242002407
4.566005355283913
4.275881337846964
4.20485441922759
4.294825534174789
4.155825752749251
3.805514208044684
4.156151659861006
4.0042381492284385
4.037129563480811
4.037129563480811
4.037129563480811
3.7043316713037955
4.074173379238113
4.3494847993547925
4.319304602215139
4.120042460170124
4.219793413165442
3.675302470761019
3.953439871466186
4.330607040528646
4.20371790380941
4.0485243016735355
4.202915718686336
4.47769835574376
4.302276849721119
3.889680979451012
3.952463494723508
4.189884495839756
3.867708790919508
4.268140962360432
4.123807690612632
4.377457882533107
4.121094922919312
3.7541416498990854
4.49166410940091
4.3796829923827065
3.9546776942777155
4.318257922088436
4.176441877010371
4.175918315587628
4.2116764646398845
4.469107217935512
4.229435393295737
4.24164190362967
4.185292691515141
3.9133438955768227
4.356434293730981
3.805366147155503
4.295015279560334
4.476718756096632
4.341211700366619
4.433789890057928
4.440914540010777
4.296667248548493
4.1525601596579556
3.9769578634599068
4.355812317365087
4.3394195605847585
4.119172845457161
4.4757047820722935
4.12718794486266
4.429372365662241
4.275858290786557
3.86398454560054
4.194483423868247
4.824133949080901
4.487719697153346
4.160699543679099
3.8711655363900555
4.41715332232387
4.397971952804268
4.681400679424336
3.869462733597512
4.391137825961223
4.2841541250492785
4.782584633716687
4.182082319864611
4.44633768375578
4.533077778102831
4.375109829017617
4.242050852593721
3.857702554534228
4.32038005232343
3.585485678577962
4.27604125714887
4.135124424615073
4.01144348447258
4.965000360945647
4.978423843561878
3.7702968431862702
4.342844904763238
4.164753798122004
4.317132678816878
4.102644762358575
3.7931410086523725
4.0272072132765615
4.780289267659592
4.337998300651108
4.525961889997846
4.12053257479862
4.406482648562399
4.132530825831159
4.9388228378414585
3.940012742858337
4.80472965842261
4.378679422112546
3.8759682782463276
4.753969948200099
3.9212377564583427
4.746019085795865
4.716874891311103
4.851830859119191
4.96536095853578
4.925277660878753
4.955168114899708
4.594895739882492
4.064102287506212
4.116340811192363
4.405255120801059
4.501439299251775
3.9302564180333146
4.744597538150869
4.926362582429608
4.797941526201653
4.259783686632591
3.9021373821574876
4.124470195538139
4.883214214390778
4.985950872942723
5.231997201292572
4.9501167536823605
3.9553507184538788
3.7967643694519024
3.729215647845164
4.596964146876211
3.6089024326717185
3.6252721629182103
5.001119714617809
3.3710176288395513
3.4269583336166916
3.854265884129143
3.7973439050023687
3.4975002781620574
2.8625933248559807
3.5812609913088913
3.5179021429344086
3.452772956491949
3.3434699867695556
3.4619461736772568
3.1359725159434113
3.3275711206836283
3.2669485026341807
3.624819168944061
3.4705580420671316
2.713480242313338
2.6794891080238976
2.695161030118511
3.4529366913876123
2.612862773268919
3.109871500657146
2.763816636094864
3.198605921059726
2.5019551750069073
3.1536593798487367
2.9798498405131983
3.2255304040932
2.687906606576359
3.388545032820889
2.665253337810819
2.282873619018316
3.128473466886824
2.6905600467242063
3.1008812965571533
4.683934635041892
1.8035049303024806
2.6775091942026616
3.1800105711997286
2.5810153541602876
3.07198605681472
3.3881268654618593
3.2607357321546626
2.7537612708401777
3.4780540154999393
2.980222404443417
2.029780622610172
2.8347518696619947
2.979502889032421
2.979502889032421
2.675376964453452
2.5453547482210244
3.06141417021838
1.5527732132580638
1.5527732132580638
2.803797378654636
2.3635383015577762
4.009731072789836
1.659109300809794
2.112885253391843
3.75987135980343
3.524015354160288
3.599188240593853
3.929268120937034
3.006787807865753
5.721393394259845
3.7020997790553922
4.235677853379403
4.08999868818016
7.3284153846153846
7.3284153846153846
7.3284153846153846
4.763066164965169
4.466717654854559
4.60896673527971
2.1281093287141655
4.759990457652662
6.029859173603879
5.108987480073528
5.847992301436141
4.7152107403677075
5.5427973426611485
5.608141965364445
5.213228767657101
5.961652612646372
5.412065266336594
5.408572605752471
4.6862478174601545
5.773139900126886
5.593710183409798
6.538197943752505
