2.7938617660510303
3.1180736190183174
2.55581327799983
2.82482266620001
2.82482266620001
2.82482266620001
2.82482266620001
2.82482266620001
2.82482266620001
2.82482266620001
2.82482266620001
2.82482266620001
2.82482266620001
2.73310119662481
3.4619647121357264
3.472147337335758
3.472147337335758
3.472147337335758
4.0082869085835835
2.6281845490932376
2.6281845490932376
2.6281845490932376
3.85434958043548
3.85434958043548
3.850004054500749
3.9383124942766514
3.9383124942766514
3.5791113535937242
4.199654813157531
3.651360056265281
3.6107378536687396
3.540086431118686
3.781003780961637
3.781003780961637
3.781003780961637
3.885623838916368
3.8672237529511193
4.321425735849292
3.5094690687399455
3.805575999084967
3.805575999084967
3.805575999084967
3.805575999084967
3.599722851201401
3.8267176778143526
3.8267176778143526
3.8267176778143526
3.8267176778143526
3.8267176778143526
3.996692766674874
3.8805937320425006
3.828519335617507
3.8503402182085997
3.8503402182085997
3.8503402182085997
3.8503402182085997
3.8503402182085997
3.8503402182085997
3.8503402182085997
3.8503402182085997
3.7069993918876527
3.565096695941394
3.93892985667736
3.7510502221930517
4.006702845197681
3.4522189761830386
3.516582274247485
3.1993427742599625
4.11602711864889
4.11602711864889
4.11602711864889
4.11602711864889
4.11602711864889
4.11602711864889
4.11602711864889
4.11602711864889
4.11602711864889
4.11602711864889
4.11602711864889
4.11602711864889
3.857307626016314
3.857307626016314
3.857307626016314
3.857307626016314
3.961081048936167
3.7669035017193195
4.607265226283212
3.532638338140618
4.053088407702063
4.016175621039579
4.016175621039579
3.56277625769601
3.56277625769601
3.56277625769601
4.0046714853087
4.0046714853087
4.0046714853087
4.0046714853087
4.0046714853087
4.0046714853087
4.0046714853087
4.0046714853087
4.0046714853087
4.0046714853087
3.436080542148467
3.436080542148467
3.84626106841103
4.441914457052441
4.012591007952443
4.012591007952443
4.012591007952443
4.012591007952443
4.012591007952443
4.012591007952443
4.012591007952443
4.034397288252407
4.040530830387194
4.09935082190951
4.01948236320369
4.01948236320369
4.01948236320369
4.01948236320369
4.288580606130955
4.288580606130955
3.7926773060293666
3.7926773060293666
3.7926773060293666
3.7926773060293666
3.7926773060293666
3.7926773060293666
3.7926773060293666
3.7926773060293666
3.7926773060293666
3.7926773060293666
3.942738275165052
3.730915470971775
3.923980454020805
3.923980454020805
3.923980454020805
3.923980454020805
3.923980454020805
3.8332964335515527
3.6744190279251994
3.915597505657993
3.915597505657993
3.567171056029366
3.567171056029366
3.721026540793307
4.024583215976288
4.325340956969471
3.8712519598906017
3.8712519598906017
3.8712519598906017
3.8712519598906017
3.8712519598906017
3.8712519598906017
3.8712519598906017
3.8712519598906017
3.8712519598906017
4.001709019286901
4.001709019286901
4.001709019286901
4.704854452318611
4.246555162485256
4.335304929705596
3.755796754030257
3.8649565734237914
3.3061110413673607
3.3061110413673607
4.032217880046396
4.032217880046396
4.032217880046396
4.032217880046396
4.063036440644751
4.063036440644751
4.063036440644751
4.063036440644751
4.063036440644751
4.063036440644751
4.063036440644751
4.063036440644751
4.0101886275840055
3.6592342844036363
3.6592342844036363
3.8316081429480517
4.397353483459943
4.397353483459943
4.397353483459943
4.397353483459943
4.397353483459943
3.9878865315294547
3.920345321988659
4.348898249658005
4.057157721529418
4.057157721529418
4.521237974113914
4.521237974113914
4.521237974113914
4.521237974113914
4.521237974113914
4.064706912471452
4.403490009604088
3.5187519737951884
3.5187519737951884
4.01966520234435
4.411614764174925
4.08289985235497
4.08289985235497
4.08289985235497
5.126286882505128
4.06085102481065
4.06085102481065
4.06085102481065
4.06085102481065
4.477646204579706
4.477646204579706
4.477646204579706
4.477646204579706
4.477646204579706
4.477646204579706
3.4804192797620788
4.315411223251575
4.667718314153888
5.116010499674353
4.356713852499082
5.2904169697673185
5.2904169697673185
5.2904169697673185
4.54819814271244
4.54819814271244
3.840516175056659
4.062937837997462
5.1207280333306215
5.1207280333306215
5.1207280333306215
5.1207280333306215
3.861396667475347
4.130575402356053
4.130575402356053
4.130575402356053
3.8933814658634143
4.679796094689597
4.679796094689597
4.679796094689597
4.679796094689597
4.679796094689597
4.679796094689597
4.679796094689597
4.453213677107179
4.453213677107179
4.453213677107179
4.453213677107179
4.453213677107179
4.453213677107179
4.453213677107179
4.453213677107179
4.453213677107179
4.453213677107179
4.453213677107179
4.453213677107179
4.453213677107179
4.453213677107179
4.453213677107179
4.453213677107179
4.453213677107179
4.453213677107179
4.453213677107179
4.453213677107179
4.453213677107179
4.453213677107179
4.453213677107179
4.453213677107179
4.453213677107179
4.453213677107179
4.453213677107179
4.453213677107179
4.453213677107179
4.453213677107179
4.337909787952855
4.567960495605691
4.336997229213532
4.457522905620763
4.561260857186756
4.87087139591009
4.24183592085008
4.24183592085008
4.24183592085008
4.24183592085008
4.24183592085008
4.24183592085008
4.24183592085008
4.24183592085008
4.445004465157117
4.445004465157117
3.1194338481625348
4.853504006777508
4.853504006777508
3.7867302985801654
4.314122178809004
4.118013699989977
5.206551259524761
4.382122819118395
4.382122819118395
4.780917543752525
5.149714026441988
4.664132178539626
4.664132178539626
4.664132178539626
4.664132178539626
3.5824909318588194
4.559108914414185
4.58435867848846
4.025450622878692
5.083640406052267
5.1906974133709145
4.482049382388541
4.349251584875519
4.349251584875519
4.1142883278520905
4.1142883278520905
4.1142883278520905
4.071470384150072
4.214747808961967
4.047514914564875
4.240556725045883
4.160039549979571
4.765446193291996
5.249295741130113
3.936214325260136
4.750240527183212
4.040211921413983
4.937625961469025
4.124962418342864
3.743496202839001
4.105527453307898
4.105527453307898
4.105527453307898
4.105527453307898
3.925001329620181
4.473504226557729
4.071563202064212
4.871002103090428
4.871002103090428
4.871002103090428
4.086786043490731
4.924011337960542
4.345932249521408
4.310163822914172
4.6121681476647165
5.023655308599922
4.289927114772814
4.373445984799487
4.503124290795697
4.4601488579130155
4.533468962808121
4.412109086635234
4.412109086635234
4.412109086635234
4.368348628165842
4.607643179511104
4.607919552236024
4.816797793312722
4.887546028721486
4.304344336430506
5.549820418490731
4.061319336693696
5.302815655129157
5.302815655129157
5.302815655129157
4.617175652871628
5.369567162733514
3.9907220195899056
3.9907220195899056
3.9907220195899056
4.889003326817749
5.366668791080334
5.043594021184079
5.284650460942155
4.522638547894852
4.891685394391116
4.487158146681431
4.839114354489972
4.753424943176075
4.296705708673464
4.573612857205118
4.573612857205118
4.573612857205118
4.417318618864489
4.645571733534574
4.573573297658104
4.744539675272149
4.807023568109317
4.926360484290274
4.8462887644195
4.440754801968959
5.185758522059119
5.263638395610227
5.546396958876584
3.309461095675254
5.1669220626281405
5.894736519316145
4.530682964694464
4.207392636555884
5.1180282280853415
5.25991920055726
4.5742123627433315
5.08736684671317
4.737997905226317
4.619611578340604
4.870902801634937
5.527732343491968
4.5027746311640655
4.836286204107717
4.921002034759249
4.826066378704935
5.509322892942518
4.805988423686534
4.696070849861391
5.096438410389897
5.2878576067188545
5.514644507306749
5.486236212998674
6.1914594013189195
4.495534818208664
5.233841073997844
5.218618972438169
5.618456519951639
5.913811401234279
5.617951884961805
5.4592779411335535
5.594577950839117
4.001423619018317
5.157646409426034
5.296479220693586
5.419955190644751
4.795932560383019
5.352099169982074
5.75695245577967
5.733524004778616
5.006386657443437
5.841507939566152
4.69684703628462
3.4341489711394644
5.110967876948724
5.751518311062743
6.303996016618893
3.8666676702056932
2.2503384310833656
6.318361107914632
5.2099992243046
5.2099992243046
4.9309634152860315
6.012639968120539
3.1803845849295183
5.34057710365755
5.3007749198671075
6.5042643092653
4.283874211329329
4.925806252521252
4.479023116895308
4.381827670205694
5.200240953871803
5.0683356995332485
4.790774462432731
4.761827384019079
2.8183185770965213
4.391846123391057
4.391846123391057
4.891999221937672
5.205311543761274
4.83799299166926
4.297064730942675
4.2806828201581855
4.622449622986999
3.9987136782431403
4.445429457410929
4.445429457410929
4.445429457410929
7.3284153846153846
4.31774903273819
4.281519518579172
6.26979367811015
4.01979868818016
6.667815384615385
4.827772217027689
5.8456751528899895
5.945723819653071
6.070894264568537
6.203796748026537
6.419363880821431
6.096576757313026
6.826535758017582
5.913996134637901
6.162504366055223
5.025167042302709
6.016070139841254
4.800967992440584
7.665491941088134
5.434227783072435
6.742732516735511
