[0.45471048]
[0.46153414]
[0.46153414]
[0.4792144]
[0.48155892]
[0.48155892]
[0.465909]
[0.46560678]
[0.46883067]
[0.43293744]
[0.4514753]
[0.4514753]
[0.4514753]
[0.42577922]
[0.44444034]
[0.4273269]
[0.4082178]
[0.4082178]
[0.4082178]
[0.4082178]
[0.4082178]
[0.5350184]
[0.39067355]
[0.39067355]
[0.39067355]
[0.39067355]
[0.39067355]
[0.41428056]
[0.47282362]
[0.4909324]
[0.50597024]
[0.45797628]
[0.39555487]
[0.39555487]
[0.43254036]
[0.41326347]
[0.41326347]
[0.41326347]
[0.41326347]
[0.41326347]
[0.41326347]
[0.3931448]
[0.3931448]
[0.3931448]
[0.3931448]
[0.3931448]
[0.3931448]
[0.3931448]
[0.3931448]
[0.3931448]
[0.3931448]
[0.3752805]
[0.3752805]
[0.3752805]
[0.44017428]
[0.41865864]
[0.40794802]
[0.3585743]
[0.3585743]
[0.3585743]
[0.3585743]
[0.3585743]
[0.3585743]
[0.3585743]
[0.3585743]
[0.3585743]
[0.3585743]
[0.3585743]
[0.3585743]
[0.3585743]
[0.35409498]
[0.35409498]
[0.35409498]
[0.45759553]
[0.4289621]
[0.4309511]
[0.40525517]
[0.40525517]
[0.3830267]
[0.4487559]
[0.33859372]
[0.33859372]
[0.33859372]
[0.33859372]
[0.33859372]
[0.33859372]
[0.33859372]
[0.33859372]
[0.33859372]
[0.33859372]
[0.33859372]
[0.33859372]
[0.33859372]
[0.33859372]
[0.33859372]
[0.33859372]
[0.33859372]
[0.33859372]
[0.33859372]
[0.33859372]
[0.33859372]
[0.33859372]
[0.33859372]
[0.33859372]
[0.33859372]
[0.33859372]
[0.33859372]
[0.33859372]
[0.33859372]
[0.33859372]
[0.33859372]
[0.33859372]
[0.33859372]
[0.33859372]
[0.33859372]
[0.33859372]
[0.33859372]
[0.33859372]
[0.33859372]
[0.33859372]
[0.33859372]
[0.33859372]
[0.33859372]
[0.33859372]
[0.33859372]
[0.33859372]
[0.33859372]
[0.33859372]
[0.33859372]
[0.33859372]
[0.33859372]
[0.33859372]
[0.33859372]
[0.33859372]
[0.33859372]
[0.33859372]
[0.33859372]
[0.42364186]
[0.3741637]
[0.39174953]
[0.34178668]
[0.34178668]
[0.34178668]
[0.34178668]
[0.34178668]
[0.34178668]
[0.34178668]
[0.34178668]
[0.34178668]
[0.34178668]
[0.34178668]
[0.34178668]
[0.34178668]
[0.34178668]
[0.34178668]
[0.34178668]
[0.34178668]
[0.34178668]
[0.34178668]
[0.34178668]
[0.40748847]
[0.42743367]
[0.35736513]
[0.35736513]
[0.47782207]
[0.3523111]
[0.40663546]
[0.41911867]
[0.36915457]
[0.36915457]
[0.36915457]
[0.36915457]
[0.36614478]
[0.32533425]
[0.32533425]
[0.32533425]
[0.32533425]
[0.32533425]
[0.32533425]
[0.32533425]
[0.32533425]
[0.32533425]
[0.32533425]
[0.32533425]
[0.32533425]
[0.32533425]
[0.32533425]
[0.4376886]
[0.49108338]
[0.3890322]
[0.3858969]
[0.39788508]
[0.40411267]
[0.40411267]
[0.4200636]
[0.4200636]
[0.44962823]
[0.35019547]
[0.35019547]
[0.38170174]
[0.3851364]
[0.3851364]
[0.36193898]
[0.36193898]
[0.41710272]
[0.36641493]
[0.36641493]
[0.48558855]
[0.38347635]
[0.3563452]
[0.46717244]
[0.37408048]
[0.37284067]
[0.318355]
[0.37768978]
[0.36255258]
[0.36255258]
[0.36255258]
[0.36255258]
[0.40745336]
[0.36832747]
[0.35350087]
[0.35350087]
[0.3456291]
[0.3456291]
[0.36751202]
[0.36751202]
[0.36751202]
[0.4112827]
[0.35863924]
[0.4090467]
[0.39383572]
[0.40429354]
[0.37258828]
[0.45258263]
[0.36873493]
[0.36873493]
[0.4328579]
[0.49109876]
[0.41475594]
[0.36364186]
[0.36459127]
[0.3431829]
[0.384753]
[0.384753]
[0.42840967]
[0.34930497]
[0.34570017]
[0.34570017]
[0.36555687]
[0.47415212]
[0.3931849]
[0.36364186]
[0.36364186]
[0.39793462]
[0.39826924]
[0.36975193]
[0.3807944]
[0.36074325]
[0.43540704]
[0.3759099]
[0.43869013]
[0.38572153]
[0.38572153]
[0.38572153]
[0.37773448]
[0.37773448]
[0.37773448]
[0.37773448]
[0.35075697]
[0.3174138]
[0.3174138]
[0.48934382]
[0.37225503]
[0.43390083]
[0.40929338]
[0.30874974]
[0.30874974]
[0.30874974]
[0.4237314]
[0.42764184]
[0.4082148]
[0.30342108]
[0.39793515]
[0.34109333]
[0.4691439]
[0.5254001]
[0.3954476]
[0.3700101]
[0.3700101]
[0.48353133]
[0.31223792]
[0.31223792]
[0.31223792]
[0.31223792]
[0.31223792]
[0.31223792]
[0.39730296]
[0.4606407]
[0.3433059]
[0.3433059]
[0.33047563]
[0.36309218]
[0.36309218]
[0.43709415]
[0.37279025]
[0.33472124]
[0.33020696]
[0.33020696]
[0.33020696]
[0.3495462]
[0.3495462]
[0.35144743]
[0.35144743]
[0.35144743]
[0.35144743]
[0.3161305]
[0.3161305]
[0.31887716]
[0.42916858]
[0.3787796]
[0.29378885]
[0.29378885]
[0.2940824]
[0.2940824]
[0.37371072]
[0.3589774]
[0.3589774]
[0.3589774]
[0.3589774]
[0.3589774]
[0.3589774]
[0.3589774]
[0.3430655]
[0.3430655]
[0.3430655]
[0.3430655]
[0.38329056]
[0.3421833]
[0.3421833]
[0.4082453]
[0.35412332]
[0.49339992]
[0.3158054]
[0.4518211]
[0.40308112]
[0.33538437]
[0.33788964]
[0.33788964]
[0.33788964]
[0.31125805]
[0.40184197]
[0.4410428]
[0.3162215]
[0.33556017]
[0.34752342]
[0.31741163]
[0.31741163]
[0.31741163]
[0.31741163]
[0.31741163]
[0.40246135]
[0.3394854]
[0.40855432]
[0.30858955]
[0.3209436]
[0.37026557]
[0.36796337]
[0.33437085]
[0.34356427]
[0.33771628]
[0.30204383]
[0.39869902]
[0.380077]
[0.3611383]
[0.35201833]
[0.34589824]
[0.49131125]
[0.36207062]
[0.36207062]
[0.36022812]
[0.35202044]
[0.36864343]
[0.36864343]
[0.32099]
[0.33400324]
[0.33141333]
[0.33141333]
[0.32806066]
[0.38001144]
[0.36309478]
[0.36050758]
[0.36742228]
[0.31929088]
[0.38576025]
[0.43592247]
[0.35395873]
[0.35395873]
[0.3756258]
[0.3503266]
[0.3503266]
[0.3503266]
[0.34034753]
[0.36817914]
[0.36817914]
[0.32696494]
[0.32696494]
[0.37413007]
[0.37567872]
[0.37567872]
[0.3463381]
[0.39501378]
[0.3688126]
[0.3713504]
[0.33663237]
[0.33663237]
[0.31410265]
[0.30689478]
[0.34790874]
[0.35664454]
[0.35395163]
[0.36974236]
[0.36872163]
[0.35548648]
[0.36617175]
[0.32976806]
[0.32904446]
[0.33339232]
[0.35079974]
[0.39816222]
[0.44600058]
[0.38220423]
[0.3514249]
[0.35393423]
[0.3247341]
[0.37918323]
[0.4536571]
[0.38130558]
[0.30402526]
[0.30402526]
[0.30402526]
[0.30402526]
[0.32739845]
[0.36091334]
[0.36091334]
[0.32904446]
[0.3481365]
[0.40653637]
[0.40653637]
[0.34961885]
[0.40575472]
[0.40575472]
[0.37805232]
[0.32520637]
[0.37978584]
[0.36091334]
[0.36091334]
[0.37939706]
[0.3804247]
[0.36091334]
[0.311543]
[0.311543]
[0.4049303]
[0.43138096]
[0.33022466]
[0.32860288]
[0.34058154]
[0.32265294]
[0.32265294]
[0.35202423]
[0.35353976]
[0.35353976]
[0.45123634]
[0.37152597]
[0.36562157]
[0.4419291]
[0.3746588]
[0.35553196]
[0.34412596]
[0.34412596]
[0.34412596]
[0.38004813]
[0.40879366]
[0.36463022]
[0.37648654]
[0.35261774]
[0.3527891]
[0.3437629]
[0.43987763]
[0.42054552]
[0.3619688]
[0.41176942]
[0.40017062]
[0.3915853]
[0.3915853]
[0.43279707]
[0.36660317]
[0.4708696]
[0.43964303]
[0.47534516]
