5.411500000000004
18.63029999999999
18.63029999999999
18.63029999999999
19.758900000000008
18.6947
6.450190000000004
6.450190000000004
18.077699999999982
18.077699999999982
6.500590000000003
6.500590000000003
6.500590000000003
6.500590000000003
5.186600000000003
5.186600000000003
18.411699999999993
5.249300000000003
6.410090000000004
6.381790000000003
6.381790000000003
6.381790000000003
6.381790000000003
6.381790000000003
6.381790000000003
6.381790000000003
6.381790000000003
6.381790000000003
6.381790000000003
6.381790000000003
6.381790000000003
6.381790000000003
6.381790000000003
6.381790000000003
6.381790000000003
6.381790000000003
6.381790000000003
6.381790000000003
6.381790000000003
6.381790000000003
17.429499999999976
17.429499999999976
8.053390000000006
18.805199999999996
18.805199999999996
5.322000000000004
6.547890000000004
6.547890000000004
6.547890000000004
6.547890000000004
17.50609999999998
5.991690000000003
5.991690000000003
7.306990000000004
17.60451999999998
3.6149200000000015
3.6149200000000015
6.1270900000000035
6.1270900000000035
17.584599999999977
16.947999999999972
16.947999999999972
6.388790000000005
5.347890000000001
16.893299999999975
4.931900000000003
4.931900000000003
4.931900000000003
4.931900000000003
4.931900000000003
4.931900000000003
4.931900000000003
4.931900000000003
4.931900000000003
4.931900000000003
4.931900000000003
4.903600000000003
17.415999999999976
17.415999999999976
6.876190000000004
17.044799999999977
17.044799999999977
17.044799999999977
17.044799999999977
16.873299999999972
17.868999999999986
6.521990000000004
6.521990000000004
6.521990000000004
6.521990000000004
6.521990000000004
6.757390000000004
6.757390000000004
6.757390000000004
7.5850900000000046
16.565699999999975
16.60819999999997
17.492599999999978
5.965790000000003
16.531599999999973
16.531599999999973
16.531599999999973
16.531599999999973
16.531599999999973
16.531599999999973
16.531599999999973
16.531599999999973
16.531599999999973
16.531599999999973
16.531599999999973
17.65149999999999
17.65149999999999
17.65149999999999
16.838099999999976
17.251999999999974
17.251999999999974
17.251999999999974
5.773890000000003
5.773890000000003
7.238590000000004
7.238590000000004
7.238590000000004
7.238590000000004
6.388790000000004
6.388790000000004
6.388790000000004
6.388790000000004
6.388790000000004
6.388790000000004
6.388790000000004
6.388790000000004
6.388790000000004
6.388790000000004
6.388790000000004
6.388790000000004
6.388790000000004
6.388790000000004
19.019199999999994
6.225990000000003
6.225990000000003
18.200199999999988
7.9352900000000055
6.293190000000004
16.966899999999974
4.626700000000004
6.669790000000004
18.445799999999995
18.09189999999999
18.09189999999999
18.390199999999997
4.703300000000004
4.703300000000004
6.386390000000004
16.02819999999997
16.211399999999976
16.44549999999997
6.019990000000003
6.019990000000003
6.019990000000003
16.76779999999997
16.76779999999997
16.76779999999997
16.76779999999997
16.76779999999997
16.76779999999997
16.76779999999997
16.76779999999997
5.893390000000003
16.39659999999997
6.554890000000005
6.554890000000005
6.554890000000005
17.40109999999998
5.939990000000003
5.743000000000003
5.743000000000003
4.640200000000003
17.63259999999999
4.627300000000003
3.9269000000000025
17.57819999999998
16.853299999999965
5.662990000000003
15.815099999999964
15.815099999999964
16.410699999999967
16.78909999999997
16.78909999999997
18.46469999999999
4.701300000000003
4.701300000000003
4.701300000000003
4.701300000000003
5.227500000000004
7.421290000000005
7.421290000000005
4.806300000000003
17.010999999999974
17.010999999999974
17.222299999999976
16.604899999999972
16.080899999999968
16.23599999999997
15.927699999999966
15.927699999999966
15.927699999999966
5.4677000000000024
15.44829999999997
16.108599999999967
6.104390000000003
6.104390000000003
16.004299999999965
16.045279999999963
16.045279999999963
17.563999999999982
5.909100000000004
15.476799999999969
18.338199999999993
15.210099999999965
6.476690000000005
16.468599999999967
16.119599999999963
15.908999999999967
5.970390000000004
15.31389999999997
15.31389999999997
15.31389999999997
15.31389999999997
15.31389999999997
15.31389999999997
6.232990000000004
6.232990000000004
16.244199999999964
4.311200000000002
15.619899999999975
4.8773000000000035
17.523199999999978
15.873499999999968
17.527599999999982
15.22629999999997
5.807090000000003
7.352890000000005
15.59549999999997
16.354199999999967
15.24879999999997
15.762499999999962
15.762499999999962
15.762499999999962
16.175799999999967
14.829699999999972
14.829699999999972
14.829699999999972
14.829699999999972
14.829699999999972
16.24109999999996
15.245499999999971
15.925099999999969
3.6679000000000013
3.6679000000000013
15.518899999999968
4.626000000000003
6.1014000000000035
6.1014000000000035
14.800099999999974
17.23029999999998
6.693600000000005
15.413899999999968
14.801799999999973
15.812699999999964
15.872499999999965
5.966300000000003
4.6052000000000035
6.032290000000004
16.515599999999967
15.695499999999964
5.391090000000003
15.299899999999967
15.299899999999967
14.315899999999976
14.315899999999976
14.315899999999976
14.315899999999976
15.612299999999962
15.367499999999968
5.686590000000003
16.096799999999966
16.096799999999966
14.87149999999997
16.960999999999977
6.3466800000000045
6.3466800000000045
14.89089999999997
15.706399999999963
4.4013000000000035
5.9997900000000035
15.750799999999966
14.93929999999997
15.724899999999964
15.769199999999975
16.803299999999975
16.803299999999975
15.561099999999966
15.692599999999976
5.750500000000003
15.692599999999976
6.621390000000004
15.849499999999962
4.717000000000003
15.723099999999969
5.256600000000002
16.128099999999964
5.904790000000003
13.736299999999977
16.38939999999997
14.66529999999997
6.274200000000004
5.019900000000003
5.279400000000004
5.279400000000004
4.338100000000003
4.818800000000002
15.495299999999967
15.767799999999964
14.901679999999969
17.186699999999977
15.570699999999965
14.747699999999972
5.094800000000003
16.731299999999973
16.61137999999997
6.085690000000003
15.033999999999967
14.68069999999997
14.794099999999972
16.86079999999997
13.222299999999978
16.732099999999974
14.93579999999997
3.1674000000000015
5.439400000000004
16.587899999999966
4.432700000000003
15.630499999999966
3.1301000000000014
5.492100000000003
5.505300000000004
15.077399999999967
16.659499999999984
15.89709999999996
15.87579999999996
5.653890000000003
15.384499999999967
4.895380000000004
3.208800000000002
3.208800000000002
5.198190000000004
5.500600000000004
5.810490000000003
6.315700000000005
4.354800000000004
14.264699999999971
16.409499999999966
14.090099999999973
3.1556000000000015
3.5855000000000024
15.019999999999964
15.896799999999969
15.94199999999997
4.761000000000003
17.593399999999974
2.4643000000000006
3.7740000000000027
14.913499999999967
15.257699999999968
15.844099999999965
14.906199999999968
5.848780000000004
3.5164000000000035
13.52339999999998
4.044200000000002
14.371799999999972
14.33839999999997
16.178599999999964
6.080400000000004
5.973190000000003
13.989099999999972
5.324200000000004
6.494590000000004
4.352400000000003
6.080400000000003
3.1342000000000017
6.5172900000000045
5.531100000000005
14.785299999999971
3.914200000000003
5.759190000000004
3.9052000000000033
11.931099999999985
3.332200000000002
4.145700000000003
13.069299999999979
3.323100000000002
6.7320000000000055
2.6083000000000007
5.523000000000004
13.823999999999977
5.836100000000004
7.524090000000006
7.524090000000006
6.465100000000005
10.385099999999992
3.7391000000000023
3.954800000000003
4.351200000000002
4.351200000000002
5.254290000000003
4.421800000000004
5.240700000000003
9.3203
5.568990000000004
10.224999999999993
5.563100000000003
7.158200000000006
2.947000000000001
4.835800000000003
11.093099999999987
1.9055
4.179900000000003
0.9074
3.0393000000000017
5.6953800000000046
5.580000000000003
2.8824000000000023
7.963600000000006
5.390300000000003
14.330999999999975
7.4507000000000065
3.4363000000000024
5.505400000000003
3.1098000000000017
4.525000000000003
2.1561000000000003
3.0345000000000013
6.904000000000005
4.768900000000003
-0.12789999999999985
5.127990000000004
2.3340000000000005
4.554400000000004
6.426100000000005
1.6805999999999999
6.362100000000005
-0.29919999999999997
4.529390000000003
8.334600000000004
0.857
18.24849999999999
17.651499999999995
-0.8247
1.0147
0.16199999999999998
14.702099999999968
5.900980000000004
-0.13679999999999998
8.792000000000002
5.971590000000003
14.958999999999968
13.778899999999979
15.683299999999964
0.15250000000000002
0.15250000000000002
14.236099999999972
17.01599999999998
5.281600000000004
15.066099999999967
15.933299999999965
16.448499999999964
14.402999999999972
15.672099999999972
15.578999999999963
6.126700000000003
14.507899999999973
15.985699999999971
4.560500000000005
13.307099999999977
15.376099999999967
14.659879999999967
4.890300000000003
6.411790000000003
17.162999999999972
4.759800000000004
4.387000000000003
4.398000000000003
14.672099999999972
5.504900000000005
4.744000000000004
15.800879999999962
4.992600000000004
15.828199999999967
16.986599999999974
