24.124520000000054
23.395220000000055
23.395220000000055
23.395220000000055
23.395220000000055
23.395220000000055
23.51882000000005
23.51882000000005
23.51882000000005
23.51882000000005
23.51882000000005
23.51882000000005
23.51882000000005
23.51882000000005
23.51882000000005
23.51882000000005
23.51882000000005
23.51882000000005
23.51882000000005
23.445520000000045
23.172220000000046
23.339620000000053
23.339620000000053
23.339620000000053
23.47842000000005
23.27202000000005
23.001000000000044
23.001000000000044
23.001000000000044
23.001000000000044
23.001000000000044
23.001000000000044
23.001000000000044
23.001000000000044
23.001000000000044
23.180320000000048
23.180320000000048
23.180320000000048
23.180320000000048
23.180320000000048
23.180320000000048
23.180320000000048
23.180320000000048
23.17122000000005
23.17122000000005
23.17122000000005
23.17122000000005
23.17122000000005
23.17122000000005
23.128720000000047
22.896020000000043
22.896020000000043
22.896020000000043
23.209820000000047
22.961320000000043
22.961320000000043
22.961320000000043
22.961320000000043
22.961320000000043
22.961320000000043
22.961320000000043
22.961320000000043
22.961320000000043
22.961320000000043
22.961320000000043
22.961320000000043
22.961320000000043
22.961320000000043
22.961320000000043
22.961320000000043
22.961320000000043
22.961320000000043
22.961320000000043
22.961320000000043
22.961320000000043
22.961320000000043
22.961320000000043
22.961320000000043
22.961320000000043
22.961320000000043
22.961320000000043
22.961320000000043
22.961320000000043
22.961320000000043
22.961320000000043
22.961320000000043
23.086220000000047
23.119520000000048
23.119520000000048
23.119520000000048
23.119520000000048
22.57962000000004
22.57962000000004
23.11562000000005
23.11562000000005
23.11562000000005
23.11562000000005
23.11562000000005
23.11562000000005
23.11562000000005
23.11562000000005
23.11562000000005
23.11562000000005
23.11562000000005
23.11562000000005
23.11562000000005
23.11562000000005
23.11562000000005
23.11562000000005
23.11562000000005
23.11562000000005
23.11562000000005
23.11562000000005
23.11562000000005
23.11562000000005
23.11562000000005
23.11562000000005
23.11562000000005
23.11562000000005
23.11562000000005
23.11562000000005
23.11562000000005
23.11562000000005
23.11562000000005
22.913120000000045
22.913120000000045
22.913120000000045
22.913120000000045
22.913120000000045
22.913120000000045
22.913120000000045
22.913120000000045
22.913120000000045
22.913120000000045
22.913120000000045
22.913120000000045
22.913120000000045
22.913120000000045
22.935900000000043
23.066920000000046
22.994220000000045
22.994220000000045
22.994220000000045
22.994220000000045
22.994220000000045
22.994220000000045
22.994220000000045
22.994220000000045
22.994220000000045
22.994220000000045
22.994220000000045
22.994220000000045
22.994220000000045
22.994220000000045
22.994220000000045
22.994220000000045
22.994220000000045
22.994220000000045
22.994220000000045
22.994220000000045
22.994220000000045
22.994220000000045
22.994220000000045
22.994220000000045
22.994220000000045
22.994220000000045
22.994220000000045
22.994220000000045
22.994220000000045
22.994220000000045
22.994220000000045
22.994220000000045
22.994220000000045
22.994220000000045
22.994220000000045
22.994220000000045
22.994220000000045
22.839820000000042
22.75362000000004
22.48730000000004
22.945520000000045
22.86280000000004
22.857520000000044
22.868920000000042
22.714520000000043
22.714520000000043
22.714520000000043
22.796920000000043
22.859400000000043
22.38982000000004
22.38982000000004
22.38982000000004
22.777000000000044
22.777000000000044
22.777000000000044
22.777000000000044
22.777000000000044
22.53262000000004
22.858100000000043
22.858100000000043
22.023420000000034
22.92352000000005
22.366320000000037
23.02612000000005
22.904720000000047
22.904720000000047
22.904720000000047
22.477120000000042
22.477120000000042
22.857120000000045
22.48572000000004
22.57122000000004
22.653620000000043
22.559420000000046
22.559420000000046
22.873420000000046
22.995100000000043
22.598020000000044
22.34952000000004
22.573500000000035
22.573500000000035
22.39992000000004
22.352800000000038
22.559420000000046
22.896720000000045
22.48102000000004
22.52302000000004
22.36862000000004
22.694220000000044
22.48102000000004
22.59822000000004
22.306920000000034
22.306920000000034
22.306920000000034
22.60412000000004
22.43802000000004
22.44752000000004
22.44752000000004
22.487120000000036
22.25882000000004
22.53212000000004
22.31312000000004
22.476220000000037
22.44062000000004
22.355620000000037
21.93142000000003
22.64242000000004
22.43802000000004
22.263800000000035
22.219620000000038
22.433820000000036
22.46742000000004
22.555720000000036
22.264920000000036
22.35632000000004
22.621720000000042
22.35632000000004
22.35632000000004
22.672220000000042
22.510620000000042
22.51280000000004
22.227400000000035
22.324520000000042
22.30632000000004
22.225420000000035
22.232920000000032
22.30632000000004
22.335420000000042
22.335420000000042
22.587720000000044
22.62962000000004
22.61662000000004
21.70462000000003
22.43760000000004
22.55612000000004
21.966820000000038
22.389220000000037
22.86232000000004
22.214020000000037
22.175920000000037
22.425800000000038
22.366420000000037
22.16882000000004
21.789820000000034
22.304400000000037
22.35192000000004
22.426220000000036
21.79642000000003
22.345300000000034
23.11190000000004
21.76512000000003
22.027620000000034
22.26152000000003
22.180000000000035
22.118720000000035
22.10722000000003
22.068920000000038
21.367720000000023
21.880220000000037
21.880220000000037
22.145920000000032
21.57702000000003
21.889720000000036
21.975020000000033
21.59482000000003
22.36552000000003
22.074720000000035
22.827020000000044
21.807620000000032
22.168120000000037
22.057700000000036
22.057700000000036
21.74912000000003
21.961920000000035
21.919420000000034
22.31342000000004
22.03122000000003
21.556420000000024
20.812220000000025
22.46282000000004
21.942200000000028
21.79482000000003
20.457700000000017
21.254120000000018
22.57712000000004
21.68142000000003
22.441320000000037
22.553420000000045
22.553420000000045
22.43202000000004
22.506320000000034
22.195620000000034
22.432020000000044
22.49952000000004
20.23262000000001
22.09432000000004
20.581820000000018
21.479520000000026
21.376820000000023
22.277220000000035
21.43912000000003
21.795520000000035
21.895520000000033
21.99060000000003
22.76112000000004
21.991820000000036
20.91752000000002
19.81462000000001
19.627500000000005
19.713220000000007
19.340620000000005
19.807320000000008
21.442320000000024
22.516020000000033
19.323120000000003
21.908620000000035
20.029120000000013
18.56922
22.193420000000028
22.150920000000028
22.031200000000034
18.89052
21.897800000000025
18.46971999999999
20.02572000000001
22.086720000000028
18.424819999999993
17.96341999999999
18.086199999999987
3.5149200000000027
3.5149200000000027
17.606219999999986
16.981319999999986
16.618719999999982
19.212020000000006
16.65731999999998
16.650319999999976
16.659919999999975
6.2908200000000045
15.846419999999968
16.674319999999977
15.910919999999967
15.170519999999971
14.657919999999976
15.157419999999968
15.00311999999997
11.074219999999988
11.074219999999988
14.56481999999997
13.835119999999977
13.504719999999978
13.365619999999979
14.372319999999974
13.826319999999978
12.131219999999981
13.274519999999978
12.94411999999998
13.113439999999978
13.113439999999978
14.675119999999973
13.299019999999977
12.630619999999979
12.61751999999998
3.8518200000000022
12.403119999999982
12.094619999999983
12.424519999999982
10.982219999999986
11.167119999999986
10.777019999999988
11.797419999999983
12.057219999999983
11.241219999999986
9.689219999999995
10.534719999999991
11.555419999999984
8.75872
8.75872
7.272220000000005
7.706020000000006
8.004120000000006
5.518820000000005
3.014120000000002
5.685120000000004
8.384620000000004
7.972920000000006
4.084020000000002
6.795920000000006
7.105520000000005
8.601120000000003
6.975020000000004
8.044920000000005
4.3583200000000035
5.437420000000003
6.846320000000006
6.025320000000003
6.025320000000005
7.012420000000005
6.306220000000005
5.179320000000003
5.901620000000004
5.901620000000004
6.214220000000005
4.146220000000003
4.146220000000003
4.789220000000003
22.495420000000042
22.37110000000004
23.115620000000046
3.7420000000000018
4.176920000000003
1.99502
3.230620000000002
6.245320000000004
22.573920000000037
21.81700000000003
2.988620000000002
2.988620000000002
2.988620000000002
1.5908
1.0262
2.0882
2.6019000000000005
1.4895
1.4895
0.7842
-0.1849
0.9503
14.359619999999977
23.180320000000048
22.47432000000004
0.6361
5.793620000000003
22.194520000000036
21.992020000000032
22.603320000000043
22.572520000000043
22.463500000000035
22.61780000000003
22.415300000000027
23.027720000000045
22.63752000000004
22.28510000000003
21.98340000000002
22.315820000000034
13.938619999999979
22.261020000000038
6.468600000000004
7.198600000000004
21.233600000000028
8.838699999999998
22.175700000000038
22.50280000000004
14.720299999999977
22.05590000000004
22.30090000000004
22.055900000000037
21.878900000000037
20.80040000000002
20.852000000000015
