7.3284153846153846
1.0
1.0
1.0
1.0
1.0
1.0
1.0
1.0
1.0
1.0
1.0
1.5196110718554845
1.360634776456326
1.5791907621545747
1.503437725717328
2.1337475292647436
2.062319723201888
2.174195500173445
2.3889876926072517
2.1643770209641833
1.0
1.8690493463272908
2.174195500173445
2.312182913880129
2.391136328656957
2.4699731391145274
2.5412762363230623
1.0
1.0136537419316873
1.8718855566646475
1.4142331354306847
1.1765612788317714
2.0247166358322097
2.3685829041447537
2.2510029999564125
2.3685829041447537
1.643876892621826
1.0
1.3709692003141338
2.1694461425002647
1.0136537419316873
2.1303370293421313
2.552420560309466
2.3573788971367904
1.726790619491112
1.0136537419316873
2.94375827799983
1.8886949713630852
2.2503384310833656
1.7549570386349824
2.3573788971367904
2.5978410249770363
2.7475679189493913
2.4118907292816374
2.077709151519132
2.2503384310833656
1.7549570386349824
1.7549570386349824
1.7549570386349824
2.077709151519132
2.174195500173445
1.7549570386349824
2.7475679189493913
2.8183185770965213
1.9923806715443213
1.7549570386349824
1.9862297707988468
1.7549570386349824
2.1181467395382914
1.9923806715443213
2.3552805147493103
2.0196217608335445
1.7549570386349824
1.7549570386349824
1.8253293685552947
1.7549570386349824
2.1030759281244773
2.077770062405637
1.7549570386349824
1.7549570386349824
1.7549570386349824
1.7549570386349824
2.0671287312978066
2.1673295605736236
1.7549570386349824
1.9525700681951683
1.605723046467979
1.9457076618525946
1.3204307387756735
1.605723046467979
2.174195500173445
1.605723046467979
1.7549570386349824
2.077709151519132
2.174195500173445
1.8536941165540988
2.144711222525048
1.7555243747587674
1.7549570386349824
