4.173005255474877
4.0938803446215
4.0938803446215
4.106230558698108
4.106230558698108
4.106230558698108
4.106230558698108
4.106230558698108
4.106230558698108
4.106230558698108
4.106230558698108
4.106230558698108
3.921281404028851
3.921281404028851
3.921281404028851
3.921281404028851
3.921281404028851
3.921281404028851
3.921281404028851
3.921281404028851
3.921281404028851
3.921281404028851
3.921281404028851
3.921281404028851
3.921281404028851
3.921281404028851
3.921281404028851
3.921281404028851
3.921281404028851
3.921281404028851
3.921281404028851
3.921281404028851
3.921281404028851
3.921281404028851
3.921281404028851
3.921281404028851
3.707727160476698
3.707727160476698
3.707727160476698
4.303560620347666
4.303560620347666
3.6392654547910794
3.6392654547910794
3.6392654547910794
3.6392654547910794
3.6392654547910794
3.6392654547910794
3.6392654547910794
3.6392654547910794
3.6392654547910794
3.6392654547910794
3.6392654547910794
3.6392654547910794
3.6392654547910794
3.6392654547910794
3.6392654547910794
3.6392654547910794
3.6392654547910794
3.6392654547910794
3.6392654547910794
3.6392654547910794
3.6392654547910794
3.6392654547910794
3.688157536156476
3.971347544817947
3.971347544817947
3.6858082351470784
3.6858082351470784
3.6858082351470784
3.6858082351470784
3.6858082351470784
3.6858082351470784
3.6858082351470784
3.6858082351470784
3.6858082351470784
3.6858082351470784
3.6858082351470784
3.6858082351470784
3.6858082351470784
3.6858082351470784
3.6858082351470784
3.6858082351470784
3.6858082351470784
3.6858082351470784
3.6858082351470784
3.6858082351470784
3.6858082351470784
3.6858082351470784
3.6858082351470784
3.6858082351470784
3.6858082351470784
3.6858082351470784
3.6858082351470784
3.6858082351470784
3.6858082351470784
3.6858082351470784
3.6858082351470784
3.6858082351470784
3.6858082351470784
3.6858082351470784
3.6858082351470784
3.6858082351470784
3.6858082351470784
3.6858082351470784
3.6858082351470784
3.6858082351470784
3.6858082351470784
3.6858082351470784
3.6858082351470784
3.6858082351470784
3.6858082351470784
3.6858082351470784
3.6858082351470784
3.6858082351470784
3.6858082351470784
3.6858082351470784
3.6858082351470784
3.6858082351470784
3.6858082351470784
3.6858082351470784
3.6858082351470784
3.6858082351470784
3.6858082351470784
3.6858082351470784
3.6858082351470784
3.7372993731219353
4.1263915885620435
3.5952049772861514
4.151525035392147
4.151525035392147
4.151525035392147
4.151525035392147
4.151525035392147
4.151525035392147
3.6721036384325707
4.0000805212220545
4.1351899201590605
3.8293912372682213
3.8293912372682213
3.85905857922962
3.85905857922962
3.85905857922962
3.85905857922962
3.85905857922962
3.85905857922962
3.85905857922962
3.85905857922962
3.85905857922962
3.85905857922962
3.85905857922962
3.85905857922962
3.85905857922962
4.086285075933324
4.086285075933324
4.086285075933324
4.086285075933324
4.086285075933324
4.086285075933324
4.086285075933324
4.086285075933324
4.086285075933324
4.086285075933324
4.086285075933324
4.086285075933324
4.086285075933324
4.086285075933324
3.6913265369662325
3.6913265369662325
3.6913265369662325
4.075232886998281
4.075232886998281
4.075232886998281
4.075232886998281
3.910093262816897
3.8161237684285263
3.8161237684285263
4.123690948542443
4.123690948542443
4.123690948542443
4.123690948542443
4.123690948542443
4.123690948542443
4.123690948542443
4.123690948542443
4.123690948542443
4.123690948542443
4.123690948542443
4.123690948542443
4.123690948542443
4.123690948542443
4.123690948542443
4.123690948542443
4.123690948542443
4.123690948542443
4.123690948542443
4.123690948542443
4.123690948542443
4.123690948542443
4.123690948542443
4.123690948542443
4.123690948542443
4.123690948542443
3.6869151749464093
3.6869151749464093
3.6869151749464093
3.6869151749464093
3.6869151749464093
4.207890980951206
4.031928238763115
4.082512953317152
4.082512953317152
4.082512953317152
4.082512953317152
4.082512953317152
4.082512953317152
4.082512953317152
4.082512953317152
4.082512953317152
4.082512953317152
4.082512953317152
4.082512953317152
4.082512953317152
4.082512953317152
4.082512953317152
4.082512953317152
4.082512953317152
4.082512953317152
4.082512953317152
3.5617068664825506
3.5617068664825506
3.5617068664825506
3.5617068664825506
3.5617068664825506
3.7908844757153215
3.9700310546703417
3.9700310546703417
3.9700310546703417
3.9700310546703417
3.9700310546703417
3.9700310546703417
3.9700310546703417
3.9700310546703417
3.9700310546703417
3.9700310546703417
3.9700310546703417
3.9700310546703417
3.9700310546703417
4.075914805921077
3.5086550918040285
3.5086550918040285
3.8015610680437533
3.8015610680437533
3.626847626096252
3.626847626096252
3.626847626096252
4.031316617446517
3.6938996599832716
3.9586048591791787
3.559131128678472
3.707856730130354
3.603871918434576
3.603871918434576
4.057012228039178
3.765226831851849
3.765226831851849
3.5824603421616175
3.59323054943634
3.4974047572636904
3.835416733152126
4.067312697657814
3.975977647404722
3.9484313062951593
3.652207213050131
3.903559284124537
3.8722889048478333
3.5768899791055535
4.062475721451843
4.062475721451843
4.036134024746464
3.490795886963925
3.490795886963925
4.01901914877576
3.8856471957605514
3.8856471957605514
3.8856471957605514
4.354971181490676
4.086769700618605
4.231236175320375
3.7204114902416467
3.7204114902416467
3.993387456837132
4.244514414728025
4.098901050818609
3.8017619648318597
3.7803238766801517
3.6209651271615293
4.320178294247663
3.725819598443511
4.132504644759816
3.9238672105203065
4.184801788097181
4.070211490760984
3.968484481538633
4.001499860848359
4.143246660903932
3.610912717596525
4.2587950217008705
4.347140073568616
3.988209937811776
3.866107654793261
4.069589999933282
3.8390805060492657
4.2377279188724835
3.8060269745422266
4.06869654593123
4.1437378723643645
3.7875606462838833
3.848532079413131
3.815648778896577
3.7734367841117002
3.8815234099749736
4.092206784739076
3.8438010494420904
3.7630817054956456
4.077272868039421
3.726944885311341
3.8878298276533263
4.015139358996471
4.106049453864099
4.269083004704444
3.766564314191297
4.015293674374364
3.944428452256881
4.368217591630664
4.368217591630664
4.28594619341562
4.195530278610069
4.170974922697388
3.9058686494217074
4.090591831428972
4.4180625328728125
3.9811818935593006
3.7277410403455153
4.398134124763914
4.215694492656891
4.187968006606188
3.7007424304527268
4.118541900683647
3.876144425548098
4.330084112975474
4.014255838010627
3.9380864259364357
4.0189353946753545
4.334821417009261
4.334821417009261
4.140337826020239
3.58862483693021
3.9895352719675756
4.375926303912856
3.9968775972488375
3.79465048447495
3.79465048447495
4.297614446709288
4.0329841907518595
4.0329841907518595
4.217337339663592
3.938066383291363
3.9526023313994276
4.037931061675813
4.307636461158925
4.1870917729050445
4.187082438419306
3.8882554476935507
4.595745957917639
4.2988837383500975
3.8294642494389706
3.765804881401518
3.9760223659635887
4.595870003816492
4.021970947141308
4.17566211776751
3.9166066204506773
4.311671254833615
3.7722353114762575
3.815924680227873
3.5665104409669617
4.761495957917638
3.6335689034396594
3.8699508507664895
3.654065429203219
3.799568390009659
4.684022178950951
4.684022178950951
3.630331993831522
3.9809311918828145
3.4345333531662643
3.6766977656603306
3.890370416529903
3.952058617557741
3.3400399415088398
3.35809894422904
4.269770987289226
3.598994497175961
3.5381950629576284
3.334847593358096
4.133536438197015
3.597608413255223
3.4587959836786233
3.9431910884538466
3.841213035034021
4.0304055680918545
3.6982783428190125
3.5017969572619414
3.9088840060575105
3.732635884833936
3.182353305311758
3.6965668332759236
3.7423840686721057
3.751441962417365
3.659882226540784
3.498974244232789
3.4265898130406702
3.161457501703355
3.438966598818709
3.886316436362316
3.5933005355045466
3.411888164689021
3.3991349011520757
2.789165116654276
3.27282078473071
3.989595767545233
4.280843156636903
3.368739922742493
2.687063442123131
3.553263576776933
3.310593247313081
3.371775661132874
3.4545900962574088
3.0030915311594573
3.1163035665118297
3.0524286363492648
3.4976896109211495
2.446736597539143
3.12921392364953
3.0888829646944647
3.0997486897177655
3.3277983383894982
3.0753545027730596
2.8285488379559887
2.770287504417036
3.0664067982379706
2.668645768866238
2.8098043065205545
2.7640908697788973
2.0396390628598606
1.192665672972261
3.118221193725219
2.3205276995332493
1.0
3.571516622610172
3.2246690472306003
3.2246690472306003
3.2246690472306003
3.2246690472306003
3.2246690472306003
3.3774107574443466
3.0440868102766157
2.9452152246346994
3.889649162706256
3.1638132405938526
3.1638132405938526
3.4521952464431074
3.040964730942676
4.127700303559066
4.127700303559066
3.9051363175169307
3.7780887373179493
3.006787807865753
3.669121765103238
3.898492277237211
3.898492277237211
4.7465912788317715
4.29823744340046
4.882605258743071
4.982708608134084
4.5805295791976235
4.940931803645704
4.742264118450554
5.472906626744631
3.6804503482509823
5.371996788561568
4.95399462780098
4.48615296311561
4.45939275066303
4.625692877191813
3.7508615806525327
5.836129959202428
3.859015369783859
5.118403541527478
6.429175033545182
