[0.45164216]
[0.45164216]
[0.45164216]
[0.45164216]
[0.43163532]
[0.41303626]
[0.41303626]
[0.41303626]
[0.41303626]
[0.41303626]
[0.41303626]
[0.41303626]
[0.41303626]
[0.41303626]
[0.45036286]
[0.54385495]
[0.39516106]
[0.39516106]
[0.39516106]
[0.39516106]
[0.39516106]
[0.4565361]
[0.41904655]
[0.41904655]
[0.41904655]
[0.41904655]
[0.41904655]
[0.41876987]
[0.43785188]
[0.52539194]
[0.5064008]
[0.41460294]
[0.44927385]
[0.37572813]
[0.37572813]
[0.39425477]
[0.39425477]
[0.39425477]
[0.39425477]
[0.39425477]
[0.39425477]
[0.39425477]
[0.45070562]
[0.44624305]
[0.4309752]
[0.3965859]
[0.3965859]
[0.3965859]
[0.3965859]
[0.3965859]
[0.3965859]
[0.44389993]
[0.42432755]
[0.52553576]
[0.45093787]
[0.4130398]
[0.4130398]
[0.4130398]
[0.4130398]
[0.42454386]
[0.4443434]
[0.42454386]
[0.37502155]
[0.37502155]
[0.37502155]
[0.37502155]
[0.37502155]
[0.37502155]
[0.37502155]
[0.37502155]
[0.37502155]
[0.37502155]
[0.37502155]
[0.37502155]
[0.37502155]
[0.37502155]
[0.37502155]
[0.37502155]
[0.37502155]
[0.37502155]
[0.37502155]
[0.37502155]
[0.37502155]
[0.37502155]
[0.37502155]
[0.37502155]
[0.37502155]
[0.37502155]
[0.37502155]
[0.37502155]
[0.37502155]
[0.37502155]
[0.37502155]
[0.37502155]
[0.37502155]
[0.37502155]
[0.37502155]
[0.37502155]
[0.37502155]
[0.37502155]
[0.37093937]
[0.37093937]
[0.50023377]
[0.47100496]
[0.47374904]
[0.45090017]
[0.45090017]
[0.3559066]
[0.3559066]
[0.3559066]
[0.3559066]
[0.3559066]
[0.3559066]
[0.3559066]
[0.3559066]
[0.3559066]
[0.3559066]
[0.3559066]
[0.3559066]
[0.3559066]
[0.3559066]
[0.3559066]
[0.3559066]
[0.3559066]
[0.3559066]
[0.3559066]
[0.3559066]
[0.3559066]
[0.3559066]
[0.3559066]
[0.3559066]
[0.3559066]
[0.3559066]
[0.3559066]
[0.3559066]
[0.3559066]
[0.3559066]
[0.3559066]
[0.3559066]
[0.3559066]
[0.3559066]
[0.3559066]
[0.3559066]
[0.3559066]
[0.3559066]
[0.3559066]
[0.3559066]
[0.3559066]
[0.3559066]
[0.3559066]
[0.3559066]
[0.3559066]
[0.3559066]
[0.3559066]
[0.3559066]
[0.3559066]
[0.3559066]
[0.3559066]
[0.3559066]
[0.3559066]
[0.3559066]
[0.3559066]
[0.3559066]
[0.3559066]
[0.3559066]
[0.3559066]
[0.3559066]
[0.3559066]
[0.3559066]
[0.3559066]
[0.3559066]
[0.3559066]
[0.40680274]
[0.40680274]
[0.40680274]
[0.43138778]
[0.4405622]
[0.4405622]
[0.4405622]
[0.4405622]
[0.4405622]
[0.4405622]
[0.40952507]
[0.3597011]
[0.3597011]
[0.3887931]
[0.38374755]
[0.38374755]
[0.38374755]
[0.45221615]
[0.51434004]
[0.51434004]
[0.385171]
[0.3472462]
[0.3472462]
[0.3472462]
[0.3472462]
[0.3472462]
[0.3472462]
[0.3472462]
[0.3472462]
[0.3472462]
[0.3472462]
[0.3472462]
[0.3472462]
[0.3472462]
[0.3472462]
[0.3472462]
[0.3472462]
[0.3472462]
[0.3472462]
[0.3472462]
[0.3472462]
[0.3472462]
[0.3472462]
[0.3472462]
[0.3472462]
[0.3472462]
[0.3472462]
[0.3472462]
[0.37945703]
[0.40622878]
[0.40838578]
[0.44614008]
[0.41837484]
[0.41837484]
[0.41837484]
[0.5264095]
[0.42821994]
[0.504627]
[0.36573955]
[0.44813275]
[0.44813275]
[0.37934515]
[0.37934515]
[0.48013237]
[0.4571279]
[0.4946245]
[0.38329726]
[0.38329726]
[0.32684723]
[0.32684723]
[0.36969754]
[0.39882776]
[0.3630746]
[0.37856257]
[0.40633327]
[0.40633327]
[0.40633327]
[0.40633327]
[0.38089427]
[0.42529517]
[0.42266506]
[0.36379513]
[0.36379513]
[0.37980476]
[0.51656514]
[0.41596207]
[0.41266257]
[0.47523576]
[0.39796647]
[0.39982262]
[0.48321596]
[0.38580957]
[0.3838232]
[0.3892347]
[0.41060755]
[0.43211097]
[0.4377555]
[0.5201418]
[0.37895772]
[0.446824]
[0.40887573]
[0.3849275]
[0.3849275]
[0.3849275]
[0.3849275]
[0.3849275]
[0.37537417]
[0.41216177]
[0.44046772]
[0.46943876]
[0.42938077]
[0.40080583]
[0.38676918]
[0.5445995]
[0.4484021]
[0.4058]
[0.40080583]
[0.44514444]
[0.4098077]
[0.35672122]
[0.43259183]
[0.43259183]
[0.43259183]
[0.46219173]
[0.40172872]
[0.36812174]
[0.34299514]
[0.43321034]
[0.52091014]
[0.4882765]
[0.3960569]
[0.46873474]
[0.4518363]
[0.41111287]
[0.4066763]
[0.47306734]
[0.51202494]
[0.36780158]
[0.43114278]
[0.4512409]
[0.36797795]
[0.46643388]
[0.4537794]
[0.41429847]
[0.4808807]
[0.37495387]
[0.37495387]
[0.37495387]
[0.41228348]
[0.46874624]
[0.50661993]
[0.45420483]
[0.44478515]
[0.5212962]
[0.4713166]
[0.44008827]
[0.4533376]
[0.39406514]
[0.32934377]
[0.32934377]
[0.37766284]
[0.35629833]
[0.37322432]
[0.3944364]
[0.3334301]
[0.3334301]
[0.3334301]
[0.3334301]
[0.3334301]
[0.36737853]
[0.36737853]
[0.4782702]
[0.3581317]
[0.4340863]
[0.4084222]
[0.40177912]
[0.4649115]
[0.44535393]
[0.40304044]
[0.40304044]
[0.40304044]
[0.40304044]
[0.35122144]
[0.35122144]
[0.4211519]
[0.39204687]
[0.4657127]
[0.40632552]
[0.38127673]
[0.38127673]
[0.38127673]
[0.38127673]
[0.3765801]
[0.3765801]
[0.35831866]
[0.46283987]
[0.5028613]
[0.35901162]
[0.35901162]
[0.35901162]
[0.34964085]
[0.34964085]
[0.34964085]
[0.43652284]
[0.37798366]
[0.37798366]
[0.37798366]
[0.37798366]
[0.41404876]
[0.33878124]
[0.39358523]
[0.34066126]
[0.34066126]
[0.44528753]
[0.44472668]
[0.39085665]
[0.3841872]
[0.3841872]
[0.3841872]
[0.42526257]
[0.3547327]
[0.3547327]
[0.35525808]
[0.3901138]
[0.38276798]
[0.3684895]
[0.35766312]
[0.4065737]
[0.37763]
[0.356312]
[0.356312]
[0.40795854]
[0.44357058]
[0.35978082]
[0.38905284]
[0.3424391]
[0.3424391]
[0.43189538]
[0.31914872]
[0.40297782]
[0.42444274]
[0.4307401]
[0.33400944]
[0.36193562]
[0.41901302]
[0.36085635]
[0.36085635]
[0.36085635]
[0.36085635]
[0.36779466]
[0.36779466]
[0.41763774]
[0.35550162]
[0.39512053]
[0.33362174]
[0.37987536]
[0.37987536]
[0.38307536]
[0.3474963]
[0.36045286]
[0.36045286]
[0.3573231]
[0.42867386]
[0.48122662]
[0.41803357]
[0.35788712]
[0.3817537]
[0.3817537]
[0.37692833]
[0.37692833]
[0.35435507]
[0.35435504]
[0.35435504]
[0.34073576]
[0.34521174]
[0.34521174]
[0.41532952]
[0.40905547]
[0.36411315]
[0.36411315]
[0.36411315]
[0.3930069]
[0.39045578]
[0.39399013]
[0.36438835]
[0.36665478]
[0.36665478]
[0.3469552]
[0.26511583]
[0.3789473]
[0.43037483]
[0.3868888]
[0.43281004]
[0.40321982]
[0.42311347]
[0.42311347]
[0.36657563]
[0.3284419]
[0.3284419]
[0.4394784]
[0.35079977]
[0.3972452]
[0.3287683]
[0.3811806]
[0.44344714]
[0.44344714]
[0.41693243]
[0.4666591]
[0.34424528]
[0.35624307]
[0.373608]
[0.373608]
[0.37354815]
[0.366894]
[0.366894]
[0.366894]
[0.2831588]
[0.3741691]
[0.3558543]
[0.3558543]
[0.35638043]
[0.49659795]
[0.43668386]
[0.4979195]
[0.49115273]
[0.38155508]
[0.38552198]
[0.38552198]
