[0.35570452]
[0.3733141]
[0.3879901]
[0.4128176]
[0.39750567]
[0.39982766]
[0.38672304]
[0.47709078]
[0.39297122]
[0.40628564]
[0.42621732]
[0.35724938]
[0.41490793]
[0.34979323]
[0.34979323]
[0.38170746]
[0.3634391]
[0.3352279]
[0.3352279]
[0.3352279]
[0.3352279]
[0.3352279]
[0.3352279]
[0.3352279]
[0.3352279]
[0.3352279]
[0.4220934]
[0.35347077]
[0.41063854]
[0.3398929]
[0.3398929]
[0.34233895]
[0.34233895]
[0.34233895]
[0.39081678]
[0.41743335]
[0.32294288]
[0.32294288]
[0.32294288]
[0.32294288]
[0.32294288]
[0.32294288]
[0.32294288]
[0.32294288]
[0.32294288]
[0.32294288]
[0.37327638]
[0.37327638]
[0.42206374]
[0.37118936]
[0.38157046]
[0.38157046]
[0.42985952]
[0.48233217]
[0.35709146]
[0.35709146]
[0.3374489]
[0.3374489]
[0.35149533]
[0.35149533]
[0.35149533]
[0.35149533]
[0.3821502]
[0.3821502]
[0.3821502]
[0.3821502]
[0.36790276]
[0.36790276]
[0.36216757]
[0.3460331]
[0.43494081]
[0.35124245]
[0.35124245]
[0.35124245]
[0.36654764]
[0.36654764]
[0.35020676]
[0.35020676]
[0.35020676]
[0.35020676]
[0.35020676]
[0.420731]
[0.32366133]
[0.3505491]
[0.3505491]
[0.31520835]
[0.31520835]
[0.31520835]
[0.31520835]
[0.31520835]
[0.31520835]
[0.31520835]
[0.31520835]
[0.31520835]
[0.31520835]
[0.31520835]
[0.31520835]
[0.3608315]
[0.3608315]
[0.39092064]
[0.39092064]
[0.39092064]
[0.3913437]
[0.3913437]
[0.36864102]
[0.431257]
[0.35209098]
[0.3227115]
[0.3227115]
[0.3227115]
[0.3227115]
[0.3227115]
[0.3227115]
[0.3227115]
[0.3227115]
[0.3227115]
[0.3227115]
[0.3227115]
[0.40837222]
[0.38950565]
[0.41360632]
[0.33062643]
[0.36680964]
[0.30397916]
[0.39592695]
[0.33062217]
[0.33062217]
[0.4178212]
[0.41056514]
[0.3831441]
[0.3734716]
[0.342789]
[0.342789]
[0.3481318]
[0.35744828]
[0.37417838]
[0.37417838]
[0.31535077]
[0.31535077]
[0.31535077]
[0.31535077]
[0.31535077]
[0.31535077]
[0.31535077]
[0.31535077]
[0.31535077]
[0.31535077]
[0.31535077]
[0.31535077]
[0.31535077]
[0.31535077]
[0.31535077]
[0.31535077]
[0.31535077]
[0.31535077]
[0.31535077]
[0.36689496]
[0.31216666]
[0.31216666]
[0.3662461]
[0.41638735]
[0.4107657]
[0.33765686]
[0.3693759]
[0.3601246]
[0.3601246]
[0.37831467]
[0.3261566]
[0.3989075]
[0.36201298]
[0.36201298]
[0.34287408]
[0.3811156]
[0.34264165]
[0.34264165]
[0.34264165]
[0.3700834]
[0.3700834]
[0.345005]
[0.345005]
[0.345005]
[0.42697373]
[0.34743747]
[0.34743747]
[0.34743747]
[0.34743747]
[0.34743747]
[0.34743747]
[0.35889134]
[0.38186827]
[0.34369084]
[0.32597986]
[0.32597986]
[0.32597986]
[0.32597986]
[0.35814008]
[0.33407983]
[0.33407983]
[0.33407983]
[0.30211404]
[0.30211404]
[0.30211404]
[0.30211404]
[0.30211404]
[0.30211404]
[0.30211404]
[0.30211404]
[0.30211404]
[0.30211404]
[0.30211404]
[0.30211404]
[0.30211404]
[0.30211404]
[0.30211404]
[0.30211404]
[0.4081657]
[0.37318745]
[0.36587462]
[0.35697803]
[0.35697803]
[0.35697803]
[0.35697803]
[0.3245432]
[0.3245432]
[0.3245432]
[0.3245432]
[0.3245432]
[0.3934594]
[0.30761734]
[0.30761734]
[0.30761734]
[0.3996301]
[0.30764526]
[0.30764526]
[0.2978795]
[0.4055336]
[0.42325288]
[0.4378087]
[0.4378087]
[0.3785296]
[0.3435584]
[0.41268495]
[0.34580463]
[0.43093684]
[0.41043204]
[0.34849745]
[0.29890746]
[0.29890746]
[0.29890746]
[0.29890746]
[0.29890746]
[0.29890746]
[0.29890746]
[0.29890746]
[0.29890746]
[0.29890746]
[0.29890746]
[0.29890746]
[0.29890746]
[0.29890746]
[0.3953057]
[0.33180255]
[0.33180255]
[0.32721898]
[0.34919488]
[0.37033978]
[0.3857215]
[0.32145423]
[0.3310089]
[0.30923796]
[0.3748119]
[0.33781448]
[0.33983636]
[0.35068616]
[0.33964595]
[0.3524719]
[0.38418236]
[0.34692085]
[0.32559887]
[0.36033192]
[0.37793213]
[0.4304591]
[0.31411245]
[0.34577945]
[0.34577945]
[0.3084161]
[0.3480946]
[0.36305422]
[0.31451064]
[0.30316588]
[0.30316588]
[0.3048204]
[0.37638578]
[0.34219602]
[0.36502764]
[0.3470071]
[0.38917792]
[0.36066967]
[0.3202347]
[0.32066047]
[0.28396782]
[0.3415256]
[0.33209938]
[0.3455428]
[0.3953861]
[0.32064015]
[0.32444647]
[0.32444647]
[0.32444647]
[0.3664577]
[0.3555081]
[0.42501095]
[0.4019936]
[0.41990873]
[0.3466391]
[0.38673368]
[0.39288607]
[0.3829425]
[0.32570097]
[0.31496006]
[0.36395624]
[0.40982673]
[0.36608854]
[0.37976706]
[0.38357702]
[0.38357702]
[0.33278435]
[0.32715815]
[0.3571724]
[0.364626]
[0.29390824]
[0.29390824]
[0.32517815]
[0.34911948]
[0.31140205]
[0.42199284]
[0.36617666]
[0.42397645]
[0.36691105]
[0.38097137]
[0.3119609]
[0.31767935]
[0.36433122]
[0.3657507]
[0.32248142]
[0.37229592]
[0.3686627]
[0.36734197]
[0.38502297]
[0.3967407]
[0.37211567]
[0.32109734]
[0.3368339]
[0.3368339]
[0.31560102]
[0.39225516]
[0.3397873]
[0.361313]
[0.33660325]
[0.34380174]
[0.43737018]
[0.3996643]
[0.29982004]
[0.3468089]
[0.36353117]
[0.3974465]
[0.3151047]
[0.42859873]
[0.37058547]
[0.3583096]
[0.33242673]
[0.3223085]
[0.31922427]
[0.35759324]
[0.32563657]
[0.32563657]
[0.32002327]
[0.32966068]
[0.32259205]
[0.31699508]
[0.37939134]
[0.30267328]
[0.30267328]
[0.3557741]
[0.32477263]
[0.32477263]
[0.32477263]
[0.32477263]
[0.32477263]
[0.35775587]
[0.30875784]
[0.38649577]
[0.3699857]
[0.32968864]
[0.3509405]
[0.37287045]
[0.30584082]
[0.3870322]
[0.3919922]
[0.38097993]
[0.32834673]
[0.3417854]
[0.31149453]
[0.31149453]
[0.31149453]
[0.30741552]
[0.32553527]
[0.34692916]
[0.29938293]
[0.40379357]
[0.36751372]
[0.3207728]
[0.31997445]
[0.31231132]
[0.31231132]
[0.30743048]
[0.2994485]
[0.31129727]
[0.3141057]
[0.31782955]
[0.34236157]
[0.29703605]
[0.29703605]
[0.3052702]
[0.3294791]
[0.351567]
[0.40229994]
[0.3315451]
[0.30777514]
[0.40134773]
[0.42774996]
[0.33084804]
[0.33608872]
[0.32965672]
[0.32965672]
[0.36273503]
[0.2988397]
[0.33599302]
[0.34297788]
[0.3071386]
[0.40403965]
[0.32052693]
[0.29765156]
[0.2951919]
[0.2951919]
[0.316378]
[0.35668805]
[0.29525915]
[0.3968667]
[0.33932713]
[0.2975411]
[0.30958524]
[0.34504792]
[0.29375547]
[0.29143536]
[0.3322779]
[0.3322779]
[0.29264423]
[0.30868593]
[0.31859285]
[0.36329708]
[0.29962495]
[0.29962495]
[0.33935273]
[0.37146696]
[0.3413984]
[0.2905979]
[0.31745687]
[0.31473473]
[0.3371784]
[0.33704484]
[0.34717414]
[0.32082897]
[0.345074]
[0.32652214]
[0.32652214]
[0.2986814]
[0.35064715]
[0.23895626]
[0.37365106]
[0.35392472]
[0.3081563]
[0.37765965]
[0.3489242]
[0.3879148]
[0.33987305]
[0.38630092]
[0.3808748]
[0.4011358]
[0.32824266]
[0.31874788]
[0.32786286]
[0.30621615]
[0.30621615]
[0.35422322]
[0.34908846]
[0.35807133]
[0.3162302]
[0.4103274]
[0.3991923]
