[0.0019839]
[0.0019839]
[0.00198138]
[0.00198748]
[0.00198401]
[0.00198401]
[0.00198401]
[0.00198401]
[0.00198401]
[0.00197884]
[0.00197884]
[0.00197884]
[0.00197884]
[0.00197884]
[0.00197884]
[0.00198418]
[0.00198154]
[0.00198154]
[0.00198154]
[0.00198309]
[0.00198309]
[0.00198309]
[0.00198309]
[0.00198309]
[0.00198309]
[0.00198309]
[0.00198309]
[0.00198309]
[0.00198309]
[0.00198309]
[0.00198309]
[0.00198309]
[0.00198309]
[0.00198902]
[0.00198902]
[0.00198902]
[0.00198902]
[0.00198902]
[0.00198902]
[0.00198902]
[0.00198902]
[0.00199024]
[0.00198903]
[0.00198903]
[0.00198903]
[0.00198903]
[0.00198903]
[0.00198903]
[0.00198903]
[0.00198903]
[0.00198903]
[0.00198903]
[0.00198903]
[0.00198903]
[0.00198903]
[0.00198903]
[0.00198903]
[0.00198903]
[0.00198903]
[0.00198903]
[0.00198903]
[0.00198903]
[0.00198903]
[0.00198903]
[0.00198903]
[0.00198903]
[0.00198903]
[0.00198903]
[0.00198903]
[0.00198903]
[0.00198903]
[0.00198903]
[0.00198903]
[0.00198903]
[0.00198903]
[0.00198903]
[0.00198903]
[0.00198903]
[0.00198903]
[0.00198903]
[0.00198903]
[0.00198903]
[0.00198903]
[0.00198903]
[0.00198903]
[0.00198903]
[0.00198903]
[0.00198903]
[0.00198903]
[0.0019858]
[0.0019858]
[0.0019858]
[0.0019858]
[0.0019858]
[0.00198936]
[0.00198935]
[0.00198935]
[0.00198935]
[0.00198935]
[0.00198935]
[0.00198935]
[0.0019789]
[0.0019789]
[0.0019789]
[0.0019789]
[0.0019789]
[0.0019789]
[0.0019789]
[0.0019789]
[0.0019789]
[0.0019789]
[0.0019789]
[0.0019789]
[0.0019789]
[0.0019789]
[0.0019789]
[0.0019789]
[0.0019789]
[0.0019845]
[0.00198599]
[0.00198599]
[0.00198599]
[0.00198599]
[0.00198599]
[0.00198599]
[0.00198599]
[0.00198599]
[0.00198599]
[0.00198599]
[0.00198599]
[0.00198599]
[0.00198599]
[0.00198599]
[0.00198599]
[0.00198599]
[0.00198599]
[0.00198599]
[0.00198599]
[0.00198599]
[0.00198599]
[0.00198599]
[0.00198599]
[0.00198599]
[0.00198599]
[0.00198599]
[0.00198599]
[0.00198599]
[0.00198599]
[0.00198599]
[0.00198599]
[0.00198599]
[0.00198599]
[0.00198599]
[0.00198599]
[0.00198599]
[0.00198599]
[0.00198599]
[0.00198599]
[0.00198599]
[0.00198599]
[0.00198599]
[0.00198599]
[0.00198599]
[0.00198599]
[0.00198599]
[0.00198599]
[0.00198599]
[0.00198599]
[0.00198599]
[0.00198599]
[0.00198599]
[0.00198599]
[0.00198599]
[0.00198599]
[0.00198599]
[0.00198599]
[0.00198599]
[0.00198599]
[0.00198599]
[0.00198599]
[0.00198599]
[0.00198599]
[0.00198599]
[0.00198599]
[0.00198599]
[0.00198599]
[0.00198599]
[0.00198599]
[0.00198599]
[0.00198599]
[0.00198599]
[0.00198599]
[0.00198599]
[0.00198599]
[0.00198599]
[0.00198599]
[0.00198599]
[0.00198599]
[0.00198599]
[0.00198599]
[0.00198599]
[0.00198599]
[0.00198599]
[0.00198599]
[0.00198599]
[0.00198599]
[0.00198599]
[0.00198599]
[0.00198599]
[0.00198599]
[0.00198599]
[0.00198599]
[0.00198599]
[0.00198599]
[0.00198599]
[0.00198599]
[0.00198599]
[0.00198599]
[0.00198599]
[0.00198599]
[0.00198599]
[0.00198599]
[0.00198599]
[0.00198599]
[0.00198599]
[0.00198599]
[0.00198599]
[0.00198599]
[0.00198599]
[0.00198599]
[0.00198599]
[0.00198599]
[0.00198599]
[0.00198599]
[0.00198599]
[0.00198599]
[0.00198599]
[0.00198599]
[0.00198599]
[0.00198599]
[0.00198599]
[0.00198599]
[0.00198599]
[0.00198599]
[0.00198599]
[0.00198599]
[0.00198309]
[0.00198446]
[0.00198042]
[0.00198418]
[0.0019849]
[0.0019849]
[0.0019849]
[0.00199374]
[0.00199374]
[0.00199374]
[0.00199374]
[0.00199374]
[0.00199374]
[0.00199374]
[0.00199374]
[0.0019801]
[0.00199269]
[0.00199505]
[0.00198455]
[0.00198935]
[0.00198426]
[0.00198761]
[0.00198936]
[0.00199172]
[0.00199172]
[0.00199172]
[0.00199172]
[0.00199172]
[0.00199172]
[0.00199172]
[0.00199172]
[0.00199172]
[0.00199172]
[0.00199172]
[0.00199172]
[0.00199172]
[0.00199172]
[0.00199172]
[0.00199172]
[0.00199172]
[0.00199172]
[0.00199172]
[0.00199172]
[0.00199172]
[0.00199172]
[0.00199172]
[0.00199172]
[0.00199172]
[0.00199172]
[0.00199172]
[0.00199172]
[0.00199172]
[0.00199172]
[0.00199172]
[0.00198334]
[0.00198937]
[0.00198761]
[0.00199173]
[0.00199173]
[0.00199173]
[0.00198289]
[0.00198937]
[0.00198626]
[0.00198626]
[0.00198626]
[0.00198257]
[0.00198468]
[0.00198011]
[0.00199197]
[0.00198829]
[0.00198829]
[0.00198829]
[0.00198902]
[0.0019858]
[0.00199387]
[0.00198583]
[0.00198583]
[0.00198583]
[0.00198697]
[0.00199608]
[0.00198976]
[0.00198302]
[0.00199491]
[0.00198748]
[0.00199489]
[0.00199487]
[0.00199689]
[0.0019815]
[0.00198147]
[0.00199618]
[0.00199618]
[0.00199618]
[0.0019967]
[0.00199196]
[0.001991]
[0.00200033]
[0.00198149]
[0.00198703]
[0.00199411]
[0.00200109]
[0.0019979]
[0.0019918]
[0.00198976]
[0.00198986]
[0.00199034]
[0.00199034]
[0.00199034]
[0.00198151]
[0.00199009]
[0.00199217]
[0.00198464]
[0.00198889]
[0.00198819]
[0.0019986]
[0.00199355]
[0.00199998]
[0.00199418]
[0.00199411]
[0.00198846]
[0.0020032]
[0.00200307]
[0.00200319]
[0.00199245]
[0.00198872]
[0.00200575]
[0.00204359]
[0.00202527]
[0.00205425]
[0.00205993]
[0.00199686]
[0.00203326]
[0.00200495]
[0.00207674]
[0.00209645]
[0.0020391]
[0.0020571]
[0.00209174]
[0.00206349]
[0.00212104]
[0.00210672]
[0.00354059]
[0.00205816]
[0.00218004]
[0.00224773]
[0.00217551]
[0.00217657]
[0.00216164]
[0.0023482]
[0.00279395]
[0.00245604]
[0.00245604]
[0.00254922]
[0.00239888]
[0.00239888]
[0.00239888]
[0.00239888]
[0.0020958]
[0.00255588]
[0.00255588]
[0.00222636]
[0.00270342]
[0.00270342]
[0.00270342]
[0.00270342]
[0.00274898]
[0.00274898]
[0.00301636]
[0.00271822]
[0.00219322]
[0.00336255]
[0.00336255]
[0.00280582]
[0.00290954]
[0.00304175]
[0.00251227]
[0.00240244]
[0.00319811]
[0.00244635]
[0.00236638]
[0.002008]
[0.00406538]
[0.00672068]
[0.00321654]
[0.00414595]
[0.00355118]
[0.00773204]
[0.05964999]
[0.00833728]
[0.00833728]
[0.0864317]
[0.02166656]
[0.02166656]
[0.02166656]
[0.02166656]
[0.02788708]
[0.07211433]
[0.01171438]
[0.00203915]
[0.00203915]
[0.04104235]
[0.02927514]
[0.31562158]
[0.03430056]
[0.03320383]
[0.03672238]
[0.03672238]
[0.04401924]
[0.13881823]
[0.01468412]
[0.01468412]
[0.01468412]
[0.01468412]
[0.01468412]
[0.00723389]
[0.01119262]
[0.22829579]
[0.01250444]
[0.02203057]
[0.05422062]
[0.00200084]
[0.04839345]
[0.00735214]
[0.00234677]
[0.00201174]
[0.00255192]
[0.03361601]
[0.00489787]
[0.00489787]
[0.00428401]
[0.85693574]
[0.00225999]
[0.00225999]
[0.00225999]
[0.00225999]
[0.00225999]
[0.00225999]
[0.00225999]
[0.00200811]
[0.07896044]
[0.0019857]
[0.00200054]
[0.1476278]
[0.00198815]
[0.00344372]
[0.00341998]
[0.00292652]
[0.00292652]
[0.00292652]
[0.00282129]
[0.00287282]
[0.00199032]
[0.00200176]
[0.00199257]
[0.0020018]
