3.140095885885044
3.140095885885044
3.140095885885044
3.140095885885044
3.140095885885044
3.140095885885044
3.140095885885044
3.274663254924681
3.088580853281755
3.500257862697696
4.036929077380939
3.3290865315294553
3.3290865315294553
3.1416988201329916
3.1416988201329916
4.074202923534784
3.0887651537993257
3.4892007578525206
3.3992291206476537
3.42557564972833
2.9023857476218584
3.8258767809349417
3.8258767809349417
3.4261673132307138
3.1862921600472784
3.1862921600472784
3.1862921600472784
3.1862921600472784
3.1862921600472784
3.1862921600472784
3.1862921600472784
3.1862921600472784
3.1862921600472784
3.1862921600472784
3.1862921600472784
3.1862921600472784
3.1862921600472784
3.1862921600472784
3.1862921600472784
3.1862921600472784
3.1862921600472784
3.1862921600472784
3.1862921600472784
3.1862921600472784
3.1862921600472784
3.1862921600472784
3.1862921600472784
3.1862921600472784
3.1862921600472784
3.1862921600472784
3.1862921600472784
3.1862921600472784
3.1862921600472784
3.1862921600472784
3.1862921600472784
3.1862921600472784
3.1862921600472784
3.1862921600472784
3.1862921600472784
3.1862921600472784
3.1862921600472784
3.1862921600472784
3.1862921600472784
3.1862921600472784
3.1862921600472784
3.1862921600472784
3.1862921600472784
3.1862921600472784
3.1862921600472784
3.1862921600472784
3.2274314050377093
3.2274314050377093
3.2274314050377093
3.7864240242599614
3.4291502878099402
3.1786980222672634
3.218662930571
4.111332934371628
3.1358338616537855
3.111931559672045
4.234091740804724
3.3481260979918144
3.3481260979918144
3.3481260979918144
2.973643713317312
3.402215441352655
2.9809950952362705
3.06624482827222
3.06624482827222
3.06624482827222
3.3775561306064787
3.3775561306064787
3.3775561306064787
3.3775561306064787
3.633570903205248
3.633570903205248
3.55887324493123
3.592014282776497
4.502037727680504
3.168477901135459
3.644945278937345
3.644945278937345
3.9435000330917553
3.695536318216006
4.146535026952863
2.73857431309972
2.73857431309972
2.73857431309972
2.73857431309972
2.73857431309972
2.73857431309972
2.73857431309972
2.73857431309972
2.73857431309972
3.7879146610867114
3.7879146610867114
3.7879146610867114
2.804804388249087
2.804804388249087
2.8326958694004176
4.270322063181368
4.270322063181368
3.6921620759669125
3.887201862262213
3.887201862262213
3.887201862262213
3.674159088217783
3.674159088217783
2.9009617971559685
2.9009617971559685
2.9009617971559685
2.9009617971559685
4.42903622784981
3.1038280574831756
3.1038280574831756
3.910326010393142
3.1993427742599625
3.1993427742599625
3.1993427742599625
3.1993427742599625
3.1993427742599625
3.51446978870636
3.51446978870636
3.51446978870636
3.51446978870636
3.51446978870636
3.51446978870636
3.51446978870636
3.51446978870636
3.51446978870636
3.51446978870636
3.51446978870636
3.51446978870636
3.51446978870636
3.51446978870636
3.51446978870636
3.51446978870636
3.51446978870636
3.4753995668914293
3.0882400567372708
3.0882400567372708
3.0882400567372708
3.0882400567372708
3.0049015617566806
3.600188621597608
3.9652316850463576
3.9652316850463576
2.909486210583424
3.856730033875346
3.3046618187252195
4.382939291265627
3.430630531411931
3.538309857448551
2.9329532487285768
4.103828999043836
3.278179964925327
3.2444140857885886
4.19166140537463
4.19166140537463
4.048901397280103
3.833249151100576
3.606300027433152
3.606300027433152
3.5474226389231074
3.5474226389231074
3.5474226389231074
3.5474226389231074
3.5474226389231074
3.5474226389231074
4.114232713858907
3.286125161297023
3.591977964995918
3.373961312739862
3.373961312739862
3.373961312739862
3.2141419372474758
3.4225822555498624
3.11823140503771
3.5283225813939882
3.5283225813939882
3.5283225813939882
3.5283225813939882
3.5283225813939882
3.5283225813939882
3.5283225813939882
3.5283225813939882
3.5283225813939882
3.5283225813939882
3.736340351721937
3.736340351721937
3.736340351721937
3.736340351721937
3.736340351721937
3.736340351721937
2.927286177141296
2.927286177141296
2.927286177141296
2.927286177141296
2.5364815302636785
4.08177974566926
3.0347638226201266
3.0347638226201266
3.0347638226201266
3.0347638226201266
3.0347638226201266
3.0347638226201266
3.0347638226201266
3.0347638226201266
3.0347638226201266
3.0347638226201266
3.0347638226201266
3.0347638226201266
3.0347638226201266
3.0347638226201266
3.0347638226201266
3.0347638226201266
3.0347638226201266
3.0347638226201266
3.0347638226201266
3.0347638226201266
3.0347638226201266
3.0347638226201266
3.0347638226201266
3.0347638226201266
3.0347638226201266
3.0347638226201266
3.0347638226201266
3.0347638226201266
3.0347638226201266
3.0347638226201266
3.0347638226201266
3.0347638226201266
3.0347638226201266
3.0347638226201266
3.0347638226201266
3.0347638226201266
3.99701329601902
2.9228074665860166
2.8172478553291462
3.7933006476873157
3.1983117184750434
3.252727145269975
3.252727145269975
3.223666569872874
2.707368203180822
2.8175068521086484
3.5132285424273366
3.219239840703241
3.219239840703241
3.219239840703241
3.219239840703241
3.219239840703241
3.219239840703241
3.219239840703241
3.219239840703241
3.219239840703241
3.219239840703241
3.219239840703241
3.219239840703241
3.219239840703241
3.219239840703241
3.219239840703241
3.219239840703241
3.219239840703241
3.219239840703241
3.219239840703241
3.219239840703241
3.219239840703241
3.219239840703241
3.219239840703241
3.219239840703241
3.219239840703241
3.219239840703241
3.219239840703241
3.219239840703241
3.219239840703241
3.0736082502448223
2.9479303061366107
2.9479303061366107
3.7534225738522498
3.5352295012830037
3.7913864200382807
3.7913864200382807
3.7913864200382807
3.7913864200382807
3.7913864200382807
3.7913864200382807
3.7913864200382807
3.7913864200382807
3.7913864200382807
3.836939768274606
3.6234537589878197
3.037663488979063
3.037663488979063
3.037663488979063
3.037663488979063
3.037663488979063
3.0001752118370613
2.948352929278048
3.2593959281244764
3.3965869085835836
3.161759827221676
3.5224764073174155
3.9143936018181105
3.9143936018181105
3.9143936018181105
3.9143936018181105
3.9143936018181105
3.9143936018181105
3.9143936018181105
2.6882904588794414
2.6882904588794414
2.6882904588794414
3.0547383963462513
3.0547383963462513
3.0547383963462513
3.6765663464004072
2.592282597010872
2.023911551359607
3.6317545532096727
4.622959099256167
3.469101701482993
3.469101701482993
4.02078814441248
3.0474336148075896
3.0474336148075896
3.0474336148075896
3.0474336148075896
3.0474336148075896
3.0474336148075896
3.27701950891929
3.27701950891929
3.27701950891929
3.3266645595302755
2.7716627802636804
4.1877878448502805
4.0038141123459745
4.488875589375748
3.769551389906372
3.7106236204321696
3.0225204279944027
4.125248781979228
3.494243121601335
4.243114913293521
3.8812356334481173
3.5954225538536004
3.9591448915519667
3.7083297566860614
3.7083297566860614
3.4473642270524865
4.152940626679321
4.359576976564064
3.905829296246809
4.31818416154825
4.407233287610531
4.529290070323052
3.936215769530329
3.9881764205812793
4.130231799349279
3.7776736831108977
3.38520772695109
4.172079214456284
4.134011963772673
3.5508058509200104
5.003279973013887
4.457446627127743
3.474699852354971
3.3961562812213977
4.6259527161700715
2.8025566253257157
2.784959774278324
3.799460536115655
4.711840620675602
3.2482590979326975
4.412731441097968
4.9272746656720585
3.456492214680657
4.99886751314293
4.109286649543584
4.518179967994399
4.8274213265810815
4.47331528658504
4.203486234329702
3.4365556974851277
3.6550145562280587
3.472844666118169
3.755884377412725
3.755884377412725
3.755884377412725
3.755884377412725
3.755884377412725
3.755884377412725
3.755884377412725
3.755884377412725
1.9923806715443213
3.860897564225912
7.041393431766402
4.316534148778562
3.722379130029589
3.722379130029589
3.8492978410482994
4.64027683840556
4.138043644840268
3.7619023980600286
4.0891669368867944
3.8358090527373996
3.687374631164065
3.816555230966637
4.305676996972389
3.9745017694281755
5.339942957180487
4.2658082328939475
3.940712822354752
3.940712822354752
3.940712822354752
3.940712822354752
4.569014563047494
4.11014027536093
4.121588028604922
5.324397497217478
4.810433555471084
3.3414827040330533
3.6067991610717103
3.913354476544362
3.913354476544362
3.9240420988445575
3.9240420988445575
3.9240420988445575
3.9240420988445575
3.9240420988445575
3.9240420988445575
3.9240420988445575
3.9240420988445575
4.482095086864177
4.453519901103771
4.664963770452608
4.603200233486007
2.174195500173445
4.440803078144915
3.646618234590136
2.2503384310833656
2.7475679189493913
4.746959695771783
5.4964428820010145
4.034018965135745
4.290504795095259
4.170245314917865
4.024849734366514
3.1593786781463518
4.667044101398373
3.2011514592114407
4.4079420420588225
4.720986540027441
5.02476379076302
4.653429208667233
5.597884310933274
3.9222829834221695
4.485711772902511
5.303397723108481
5.560768803813312
5.256516679344091
6.389547656884339
5.361722818372673
5.395406851912929
4.499732052370931
4.275769242056936
5.6663336102982145
5.511795237501554
3.9713194856532548
5.291173697726729
5.374969945381514
6.4081898126935135
5.19780641235249
5.939138520707497
5.88331683396051
5.88331683396051
6.004114849632504
5.902628982011753
5.921295584288753
5.015455363766714
