[0.6232084]
[0.6232084]
[0.6232084]
[0.6983975]
[0.7320077]
[0.55548614]
[0.55548614]
[0.55548614]
[0.55548614]
[0.7406944]
[0.59262073]
[0.6502596]
[0.6502596]
[0.6502596]
[0.6502596]
[0.71936667]
[0.73592454]
[0.70151544]
[0.73794484]
[0.73794484]
[0.6443007]
[0.68295455]
[0.63876295]
[0.7096287]
[0.7096287]
[0.7096287]
[0.7096287]
[0.7096287]
[0.7096287]
[0.7096287]
[0.7096287]
[0.7096287]
[0.7096287]
[0.7096287]
[0.7096287]
[0.7096287]
[0.7096287]
[0.7096287]
[0.7096287]
[0.7096287]
[0.70781946]
[0.70781946]
[0.70781946]
[0.70781946]
[0.7141575]
[0.6255554]
[0.6959015]
[0.6032965]
[0.6032965]
[0.6032965]
[0.64517987]
[0.5923177]
[0.5923177]
[0.55203825]
[0.58844936]
[0.6448664]
[0.6448664]
[0.6448664]
[0.6448664]
[0.6448664]
[0.6448664]
[0.66226274]
[0.7100898]
[0.6802747]
[0.6802747]
[0.6802747]
[0.6802747]
[0.5582073]
[0.5582073]
[0.5582073]
[0.5712582]
[0.6079154]
[0.57689136]
[0.5545201]
[0.66088593]
[0.66088593]
[0.66088593]
[0.48217973]
[0.57086706]
[0.5141911]
[0.5190758]
[0.5190758]
[0.5190758]
[0.5190758]
[0.5190758]
[0.5190758]
[0.5190758]
[0.5190758]
[0.56108475]
[0.6223036]
[0.5236051]
[0.6117504]
[0.6644537]
[0.5225888]
[0.5959251]
[0.5959369]
[0.5622412]
[0.5913247]
[0.55468875]
[0.5885301]
[0.54077584]
[0.49935985]
[0.6503771]
[0.6503771]
[0.6503771]
[0.505125]
[0.4884257]
[0.4498327]
[0.40369588]
[0.5384899]
[0.40144652]
[0.40144652]
[0.40144652]
[0.40144652]
[0.40144652]
[0.40144652]
[0.40144652]
[0.40144652]
[0.40144652]
[0.40144652]
[0.40144652]
[0.40144652]
[0.40144652]
[0.40144652]
[0.40144652]
[0.40144652]
[0.40144652]
[0.40144652]
[0.40144652]
[0.40144652]
[0.40144652]
[0.40144652]
[0.40144652]
[0.40144652]
[0.40144652]
[0.40144652]
[0.40144652]
[0.40144652]
[0.40144652]
[0.40144652]
[0.57709956]
[0.4013488]
[0.5493077]
[0.4909593]
[0.4709625]
[0.42731705]
[0.42686278]
[0.48033798]
[0.39640576]
[0.402849]
[0.3884754]
[0.44848007]
[0.48346144]
[0.48346144]
[0.48346144]
[0.48346144]
[0.48346144]
[0.48346144]
[0.48346144]
[0.55001]
[0.4092908]
[0.39348525]
[0.39348525]
[0.39348525]
[0.39348525]
[0.39348525]
[0.39348525]
[0.39348525]
[0.43784145]
[0.43784145]
[0.43784145]
[0.46781495]
[0.46781495]
[0.46781495]
[0.46781495]
[0.46781495]
[0.46781495]
[0.46781495]
[0.46781495]
[0.46781495]
[0.46781495]
[0.46781495]
[0.46781495]
[0.474577]
[0.474577]
[0.474577]
[0.474577]
[0.474577]
[0.474577]
[0.3906901]
[0.3906901]
[0.57280654]
[0.43264422]
[0.3906901]
[0.3734009]
[0.3734009]
[0.3734009]
[0.3734009]
[0.5120084]
[0.3952774]
[0.38388646]
[0.38388646]
[0.38388646]
[0.46732786]
[0.46732786]
[0.46732786]
[0.46732786]
[0.46732786]
[0.46732786]
[0.46732786]
[0.46732786]
[0.46732786]
[0.46732786]
[0.46732786]
[0.46732786]
[0.46732786]
[0.46732786]
[0.46732786]
[0.46732786]
[0.46732786]
[0.46732786]
[0.46732786]
[0.46732786]
[0.46732786]
[0.46732786]
[0.46732786]
[0.46732786]
[0.46732786]
[0.46732786]
[0.46732786]
[0.46732786]
[0.46732786]
[0.46732786]
[0.46732786]
[0.46732786]
[0.46732786]
[0.46732786]
[0.46732786]
[0.46732786]
[0.46732786]
[0.46732786]
[0.46732786]
[0.46732786]
[0.46732786]
[0.5849815]
[0.37987894]
[0.37987894]
[0.39640635]
[0.39640635]
[0.42827055]
[0.42827055]
[0.4973977]
[0.4642264]
[0.4558224]
[0.3706389]
[0.38878867]
[0.572351]
[0.45581254]
[0.38698485]
[0.38424444]
[0.38424444]
[0.38424444]
[0.38424444]
[0.38424444]
[0.38424444]
[0.38424444]
[0.38424444]
[0.38424444]
[0.38424444]
[0.38424444]
[0.38424444]
[0.38424444]
[0.38424444]
[0.38424444]
[0.38424444]
[0.5068513]
[0.41758576]
[0.42982766]
[0.3931143]
[0.49018812]
[0.376646]
[0.3377228]
[0.3541132]
[0.36991486]
[0.36991486]
[0.36991486]
[0.3714686]
[0.3714686]
[0.3970183]
[0.46946436]
[0.46946436]
[0.46946436]
[0.46946436]
[0.37462777]
[0.41859365]
[0.36523572]
[0.31693095]
[0.31693095]
[0.31693095]
[0.31693095]
[0.31693095]
[0.31693095]
[0.31693095]
[0.31693095]
[0.31693095]
[0.31693095]
[0.31693095]
[0.31693095]
[0.48348534]
[0.3621974]
[0.4428044]
[0.434683]
[0.36026868]
[0.31487793]
[0.3391327]
[0.31889892]
[0.32904512]
[0.3216296]
[0.3216296]
[0.3216296]
[0.3216296]
[0.3216296]
[0.3216296]
[0.3216296]
[0.3216296]
[0.3216296]
[0.3216296]
[0.3216296]
[0.3216296]
[0.3216296]
[0.3216296]
[0.3216296]
[0.3216296]
[0.3216296]
[0.3216296]
[0.3216296]
[0.3216296]
[0.3216296]
[0.45461753]
[0.3316005]
[0.3316005]
[0.3316005]
[0.3316005]
[0.3316005]
[0.3316005]
[0.3316005]
[0.3316005]
[0.3316005]
[0.3316005]
[0.3316005]
[0.3316005]
[0.3316005]
[0.3316005]
[0.3316005]
[0.3316005]
[0.3316005]
[0.3316005]
[0.3316005]
[0.3316005]
[0.3316005]
[0.3316005]
[0.3316005]
[0.3316005]
[0.3316005]
[0.3316005]
[0.3316005]
[0.3316005]
[0.3316005]
[0.3316005]
[0.3316005]
[0.3316005]
[0.32565674]
[0.32565674]
[0.31259137]
[0.33065793]
[0.3665607]
[0.3665607]
[0.3665607]
[0.3665607]
[0.3665607]
[0.3665607]
[0.3665607]
[0.3665607]
[0.3665607]
[0.3665607]
[0.3665607]
[0.3665607]
[0.3665607]
[0.3665607]
[0.3665607]
[0.3665607]
[0.34524485]
[0.6421683]
[0.33293015]
[0.34172067]
[0.3237773]
[0.36979452]
[0.39886087]
[0.4445332]
[0.32859135]
[0.28552398]
[0.385297]
[0.274203]
[0.41371313]
[0.40679416]
[0.32594454]
[0.41300848]
[0.3416236]
[0.3416236]
[0.3416236]
[0.3416236]
[0.3416236]
[0.3416236]
[0.3416236]
[0.3416236]
[0.27965885]
[0.29371467]
[0.30069917]
[0.27135792]
[0.45179072]
[0.25041658]
[0.27421442]
[0.35342413]
[0.29192376]
[0.30994764]
[0.35621202]
[0.2955052]
[0.32856467]
[0.4455206]
[0.27534536]
[0.37966663]
[0.37966663]
[0.37966663]
[0.37966663]
[0.37966663]
[0.37966663]
[0.59726393]
[0.3845668]
[0.3845668]
[0.3845668]
[0.3845668]
[0.3845668]
[0.3845668]
[0.3845668]
[0.3845668]
[0.3845668]
[0.3845668]
[0.3845668]
[0.3845668]
[0.3845668]
[0.3845668]
[0.3845668]
[0.3845668]
[0.3845668]
[0.3845668]
[0.31335846]
[0.28878278]
[0.2884404]
[0.27253607]
[0.30406898]
[0.26389226]
[0.41774803]
[0.5098553]
[0.22976351]
[0.24623711]
[0.31589702]
[0.27948487]
[0.29352835]
[0.2695543]
[0.3240975]
[0.25809035]
[0.254401]
[0.3445837]
[0.20687522]
[0.31218705]
[0.25691324]
[0.25691354]
[0.26406363]
[0.28961027]
[0.32152534]
[0.6518575]
[0.2002103]
[0.24451792]
[0.41062355]
[0.6080731]
[0.21832648]
[0.22023273]
[0.1890853]
[0.29555517]
[0.2388453]
[0.41025448]
[0.4629258]
[0.25378364]
[0.29134452]
[0.22387654]
[0.3904085]
[0.26346806]
[0.33553508]
[0.27450424]
[0.28674635]
