[0.15186201]
[0.18992256]
[0.52812535]
[0.5056836]
[0.5056836]
[0.5056836]
[0.5056836]
[0.16552736]
[0.16526873]
[0.40578035]
[0.6147424]
[0.6147424]
[0.6147424]
[0.6147424]
[0.6147424]
[0.6147424]
[0.6147424]
[0.6147424]
[0.6147424]
[0.5917994]
[0.47415972]
[0.34961897]
[0.34961897]
[0.34961897]
[0.34961897]
[0.5253008]
[0.63773316]
[0.54202217]
[0.54202217]
[0.54202217]
[0.54202217]
[0.54202217]
[0.36052793]
[0.46351326]
[0.22691779]
[0.47430465]
[0.34329066]
[0.61422616]
[0.61422616]
[0.41851088]
[0.22622609]
[0.43221372]
[0.5337041]
[0.39453286]
[0.5993459]
[0.3535879]
[0.5470983]
[0.5470983]
[0.5470983]
[0.5470983]
[0.5470983]
[0.5470983]
[0.1863565]
[0.34841195]
[0.5363139]
[0.45738682]
[0.45738682]
[0.45738682]
[0.60013443]
[0.5170623]
[0.5769111]
[0.373226]
[0.38768262]
[0.5114523]
[0.5181284]
[0.27620956]
[0.27620956]
[0.27620956]
[0.4764626]
[0.18761186]
[0.48257506]
[0.35496607]
[0.5472815]
[0.5472815]
[0.5472815]
[0.5472815]
[0.5472815]
[0.5472815]
[0.5472815]
[0.5472815]
[0.5472815]
[0.5472815]
[0.17863101]
[0.42390394]
[0.5487403]
[0.28004998]
[0.28004998]
[0.28004998]
[0.28004998]
[0.28004998]
[0.28004998]
[0.28004998]
[0.28004998]
[0.28004998]
[0.28004998]
[0.3037815]
[0.38069275]
[0.46603042]
[0.33189243]
[0.5849196]
[0.6034571]
[0.3331919]
[0.3331919]
[0.3331919]
[0.49080342]
[0.4798686]
[0.4798686]
[0.4798686]
[0.40253535]
[0.40253535]
[0.40253535]
[0.40253535]
[0.40253535]
[0.40253535]
[0.40253535]
[0.322988]
[0.27313456]
[0.27313456]
[0.35489038]
[0.33513895]
[0.48256308]
[0.48256308]
[0.48256308]
[0.4979801]
[0.41730034]
[0.22839081]
[0.22839081]
[0.22839081]
[0.22839081]
[0.22839081]
[0.40626943]
[0.5013574]
[0.45131537]
[0.5058514]
[0.5058514]
[0.5058514]
[0.512639]
[0.512639]
[0.512639]
[0.512639]
[0.3483747]
[0.3483747]
[0.4972514]
[0.4972514]
[0.4972514]
[0.4972514]
[0.4972514]
[0.4972514]
[0.4972514]
[0.40865448]
[0.45991275]
[0.45991275]
[0.45991275]
[0.45991275]
[0.45991275]
[0.45991275]
[0.45991275]
[0.45991275]
[0.45991275]
[0.45991275]
[0.45991275]
[0.45991275]
[0.45991275]
[0.45991275]
[0.45991275]
[0.45991275]
[0.45991275]
[0.45991275]
[0.45991275]
[0.45991275]
[0.45991275]
[0.45991275]
[0.45991275]
[0.45991275]
[0.45991275]
[0.45991275]
[0.45991275]
[0.45991275]
[0.45991275]
[0.47484425]
[0.6069144]
[0.26824564]
[0.52315605]
[0.3989551]
[0.47686628]
[0.23254663]
[0.4759523]
[0.45583636]
[0.42782357]
[0.51443684]
[0.4328508]
[0.4328508]
[0.4328508]
[0.4328508]
[0.23296194]
[0.49183443]
[0.45371044]
[0.26691177]
[0.26691177]
[0.26691177]
[0.654184]
[0.47217074]
[0.19332367]
[0.3905971]
[0.3905971]
[0.3905971]
[0.3905971]
[0.3905971]
[0.46006015]
[0.46006015]
[0.46006015]
[0.46006015]
[0.5640679]
[0.22481537]
[0.22481537]
[0.22481537]
[0.22481537]
[0.22481537]
[0.23044619]
[0.5237019]
[0.47196025]
[0.5495732]
[0.47357735]
[0.47357735]
[0.47357735]
[0.49342257]
[0.4679175]
[0.5110768]
[0.50568545]
[0.45584592]
[0.45584592]
[0.44031894]
[0.49230573]
[0.23473844]
[0.44017923]
[0.5019925]
[0.4784973]
[0.4784973]
[0.45997584]
[0.45997584]
[0.45997584]
[0.45997584]
[0.45997584]
[0.45997584]
[0.48653665]
[0.48653665]
[0.48653665]
[0.53373563]
[0.5323969]
[0.4825006]
[0.5334557]
[0.5334557]
[0.5408837]
[0.5289692]
[0.5289692]
[0.5289692]
[0.5289692]
[0.32512614]
[0.42754912]
[0.4497835]
[0.4497835]
[0.5065575]
[0.45051077]
[0.45051077]
[0.26047888]
[0.45967627]
[0.45967627]
[0.45967627]
[0.5991541]
[0.47293067]
[0.2511556]
[0.4648346]
[0.34173298]
[0.34173298]
[0.34173298]
[0.4476092]
[0.4476092]
[0.47042868]
[0.47042868]
[0.47042868]
[0.47042868]
[0.47042868]
[0.47042868]
[0.47042868]
[0.47042868]
[0.47042868]
[0.47042868]
[0.47042868]
[0.47042868]
[0.47042868]
[0.47042868]
[0.47042868]
[0.47042868]
[0.47042868]
[0.47042868]
[0.47042868]
[0.47042868]
[0.47042868]
[0.47042868]
[0.47042868]
[0.47042868]
[0.47042868]
[0.47042868]
[0.47042868]
[0.47042868]
[0.43050116]
[0.43050116]
[0.43050116]
[0.43050116]
[0.43050116]
[0.43050116]
[0.43050116]
[0.500065]
[0.47941643]
[0.47941643]
[0.47941643]
[0.49631202]
[0.57482606]
[0.4624186]
[0.4624186]
[0.4624186]
[0.47973633]
[0.43538955]
[0.43538955]
[0.43538955]
[0.43538955]
[0.43538955]
[0.43538955]
[0.43538955]
[0.4753487]
[0.48926163]
[0.405616]
[0.405616]
[0.405616]
[0.405616]
[0.405616]
[0.405616]
[0.45586574]
[0.48559642]
[0.50360376]
[0.44741964]
[0.3446578]
[0.4552258]
[0.51423705]
[0.18157975]
[0.45354772]
[0.5264197]
[0.436342]
[0.436342]
[0.39789557]
[0.43206066]
[0.6052001]
[0.45531425]
[0.4698058]
[0.46564397]
[0.48100367]
[0.39242116]
[0.35066414]
[0.52771264]
[0.48922408]
[0.4479766]
[0.23385915]
[0.5224948]
[0.6550126]
[0.45700607]
[0.18019193]
[0.42824855]
[0.42824855]
[0.42824855]
[0.42824855]
[0.42824855]
[0.42824855]
[0.42824855]
[0.42824855]
[0.42824855]
[0.42824855]
[0.42824855]
[0.31957948]
[0.45211944]
[0.380058]
[0.47829622]
[0.47829622]
[0.45486295]
[0.48251253]
[0.39765504]
[0.41159633]
[0.19204536]
[0.4694961]
[0.41195518]
[0.23876745]
[0.5004694]
[0.5004694]
[0.5004694]
[0.5004694]
[0.213497]
[0.36434603]
[0.36434603]
[0.36434603]
[0.38828814]
[0.22603567]
[0.2101432]
[0.43837142]
[0.43837142]
[0.43837142]
[0.43837142]
[0.43837142]
[0.21581772]
[0.43691874]
[0.46262005]
[0.28134656]
[0.2277117]
[0.47816667]
[0.49147302]
[0.43502888]
[0.4836893]
[0.38879722]
[0.45285606]
[0.31785142]
[0.48447728]
[0.37790996]
[0.49986354]
[0.4325716]
[0.39756945]
[0.43907496]
[0.43907496]
[0.30668226]
[0.4209307]
[0.47806007]
[0.20188932]
[0.468711]
[0.2749659]
[0.43418163]
[0.42473793]
[0.21592312]
[0.31988832]
[0.42849803]
[0.42849803]
[0.31563717]
[0.31290016]
[0.30495813]
[0.29560402]
[0.19630949]
[0.35110426]
[0.37229022]
[0.36913046]
[0.35374808]
[0.24862207]
[0.387421]
[0.32331553]
[0.4042165]
[0.40449378]
[0.3930966]
[0.5206955]
[0.41049957]
[0.28475443]
[0.3712435]
[0.35239306]
[0.4030768]
[0.27056715]
[0.2794529]
[0.2195282]
[0.31586677]
[0.27637658]
[0.24298945]
[0.4444555]
[0.49538022]
[0.20689438]
[0.16696526]
[0.4131431]
[0.35135967]
[0.22098272]
[0.3249965]
[0.17920104]
[0.34738407]
[0.420188]
[0.420188]
[0.52783567]
[0.27995512]
[0.06931074]
[0.06931074]
[0.06931074]
[0.47580576]
[0.4243964]
[0.43680915]
[0.3015156]
[0.39403686]
[0.30070537]
[0.34766048]
[0.44559357]
[0.1603944]
[0.45525303]
[0.25613275]
[0.22142065]
[0.30123824]
[0.39935678]
[0.30837914]
[0.46769404]
[0.19622508]
[0.21362291]
[0.23737422]
