4.873609192614614
4.448656337133083
4.6675820819706315
4.6675820819706315
4.958434783392768
4.958434783392768
4.958434783392768
4.958434783392768
4.958434783392768
4.958434783392768
4.958434783392768
4.958434783392768
4.958434783392768
4.958434783392768
4.958434783392768
4.540831501623362
4.54771405904145
4.54771405904145
4.54771405904145
4.54771405904145
4.54771405904145
4.54771405904145
3.7820952333353954
3.7820952333353954
4.634159706751568
4.634159706751568
4.634159706751568
4.634159706751568
3.5574730313757916
3.5574730313757916
3.5574730313757916
3.5574730313757916
3.5574730313757916
3.5574730313757916
3.5574730313757916
3.5574730313757916
3.5574730313757916
3.5574730313757916
3.5574730313757916
3.5574730313757916
3.5574730313757916
3.5574730313757916
3.5574730313757916
3.5574730313757916
3.5574730313757916
3.5574730313757916
3.5574730313757916
3.5574730313757916
3.5574730313757916
5.303814325260134
4.969263819274779
4.462782588865405
4.462782588865405
4.462782588865405
4.462782588865405
4.8573936781101485
4.899706578264563
5.143511528456398
5.248737402183212
5.248737402183212
5.01479816829003
3.528648807704541
3.7453448611269584
3.7453448611269584
3.7453448611269584
3.7453448611269584
5.43461340417042
5.439318153634625
5.439318153634625
5.439318153634625
5.439318153634625
4.819798666298825
4.819798666298825
4.560121397351427
5.420614741963063
3.192868491893898
5.21776256805002
5.21776256805002
4.8647376577396155
5.238265706082176
5.698386648317578
5.698386648317578
5.162423116468927
5.162423116468927
5.162423116468927
5.162423116468927
5.162423116468927
5.162423116468927
5.162423116468927
5.162423116468927
5.162423116468927
5.162423116468927
5.162423116468927
5.162423116468927
5.3545505889964
5.3545505889964
5.3545505889964
5.3545505889964
5.3545505889964
3.4726654244944495
5.788076819634636
3.737997239037183
3.737997239037183
4.984878828242144
4.984878828242144
4.728355471504798
4.728355471504798
4.728355471504798
4.728355471504798
4.728355471504798
4.728355471504798
4.728355471504798
4.728355471504798
4.728355471504798
4.728355471504798
4.728355471504798
4.728355471504798
4.728355471504798
4.728355471504798
4.728355471504798
4.728355471504798
4.728355471504798
4.728355471504798
4.728355471504798
4.728355471504798
4.728355471504798
4.728355471504798
4.728355471504798
4.728355471504798
4.728355471504798
4.728355471504798
4.728355471504798
4.728355471504798
4.728355471504798
4.728355471504798
4.728355471504798
4.728355471504798
4.728355471504798
4.728355471504798
4.728355471504798
4.728355471504798
4.728355471504798
4.728355471504798
4.728355471504798
4.728355471504798
4.728355471504798
4.728355471504798
4.728355471504798
4.728355471504798
4.728355471504798
4.728355471504798
4.728355471504798
4.728355471504798
4.728355471504798
4.728355471504798
4.728355471504798
4.728355471504798
5.4153685032849745
5.308782489298961
5.308782489298961
5.308782489298961
5.308782489298961
5.308782489298961
5.308782489298961
5.0994685032849745
3.311355459398529
3.311355459398529
3.311355459398529
3.400758037894697
3.400758037894697
3.400758037894697
5.054938025457061
3.4552960485337483
5.25524797348079
3.8649644641046255
3.9853765387610984
5.0674466280496935
5.0674466280496935
3.6758349355686466
6.408327942347882
5.839973522181241
4.140788781722492
4.140788781722492
4.140788781722492
4.140788781722492
3.999975630357728
3.999975630357728
3.999975630357728
5.304212127457937
5.304212127457937
5.304212127457937
4.712308787756314
4.146194071616367
4.146194071616367
5.510234430516802
4.483168252690712
4.811105507239567
4.811105507239567
4.281820669645489
4.8740109888028496
4.8740109888028496
4.8740109888028496
4.8740109888028496
4.8740109888028496
4.8740109888028496
4.8740109888028496
4.8740109888028496
3.8317136541457133
3.8317136541457133
3.8317136541457133
5.790718681110543
3.9218333964344616
3.9218333964344616
4.029323118299606
6.018821681073996
4.5724694268837816
4.5724694268837816
4.035038611558322
5.83937228081324
3.9376320926534962
4.964102055411609
5.458942122044112
5.193700039545849
5.193700039545849
4.756052637496701
4.515394240779564
4.5363937065349
4.5363937065349
4.632751422921801
4.632751422921801
4.632751422921801
4.594054071729644
4.594054071729644
4.594054071729644
4.594054071729644
4.594054071729644
4.594054071729644
4.594054071729644
4.594054071729644
4.594054071729644
4.594054071729644
4.594054071729644
4.594054071729644
4.594054071729644
4.594054071729644
3.649904814138985
5.414037368266147
6.1164960504038675
5.364741870875932
5.105580809630635
5.105580809630635
5.105580809630635
5.105580809630635
5.105580809630635
5.105580809630635
5.105580809630635
5.105580809630635
5.105580809630635
5.105580809630635
5.105580809630635
5.105580809630635
5.105580809630635
5.011023537865231
5.011023537865231
5.011023537865231
5.011023537865231
5.011023537865231
4.307559080919469
4.307559080919469
3.9810398983478024
4.105071575836837
4.54428454061871
4.674688615254468
4.674688615254468
4.674688615254468
4.674688615254468
5.169551702831391
5.991097841743652
5.991097841743652
5.991097841743652
5.991097841743652
5.991097841743652
5.991097841743652
4.084470768448947
4.084470768448947
4.084470768448947
4.084470768448947
4.028206515055281
4.932668316380949
4.932668316380949
4.932668316380949
6.248806265522736
5.096063922480616
5.956708542160143
6.21326838501552
5.14275438365922
5.14275438365922
5.013318735798423
5.013318735798423
4.3625026281330745
4.781651018063501
4.781651018063501
4.781651018063501
5.249882812671528
5.249882812671528
5.807108765229346
5.807108765229346
5.923141380613963
4.709436975771036
4.709436975771036
4.709436975771036
5.247949489463661
5.247949489463661
5.247949489463661
5.247949489463661
5.962513358096175
5.962513358096175
4.4046640484196224
5.348293892844241
5.348293892844241
5.565459005047554
5.99663882223062
5.99663882223062
5.99663882223062
5.99663882223062
5.99663882223062
5.99663882223062
5.99663882223062
5.725083887900359
5.271225928124477
5.271225928124477
5.271225928124477
5.271225928124477
5.271225928124477
5.271225928124477
5.271225928124477
5.271225928124477
5.271225928124477
5.271225928124477
5.271225928124477
5.271225928124477
5.271225928124477
5.271225928124477
4.313422733028179
5.171835851561258
5.833179880917026
4.776265587439433
5.953875819144704
5.722976962622773
4.388046021758166
5.929869127326944
5.929869127326944
5.9998172042500215
4.056244030263679
5.701043504504868
4.360822914893792
4.9667533506247565
5.355317768634462
5.355317768634462
5.355317768634462
5.625055845206305
6.532436303282114
6.532436303282114
6.532436303282114
4.586393744501648
6.223047292293103
4.7210360199086505
5.646532148395548
6.15628467460828
6.503126545243017
5.925639226767809
6.00616147430611
3.813457410140936
4.199200377616959
4.024821745722319
4.72917208197063
2.8775862656570634
4.993552994663611
3.6881568330839123
4.912642729682991
6.253597098385813
4.56376075363646
4.642332017139834
5.990066892242466
6.428119271169095
4.276531333154297
4.305705185311863
3.4889348830054896
3.7558911812867546
5.531193678110149
4.785167783162942
3.852239658763633
4.453234877868939
4.453234877868939
5.883465357736317
4.317756281221397
4.148666104724947
4.742533479267539
4.705215390533137
4.145163842281508
3.9434280956751735
6.387467973672342
4.026416167656025
3.9383569664559417
4.541451819634637
4.826616750686761
4.869259353393414
5.093624262180565
3.8066033985241967
4.1955885062011244
4.463079712755286
4.872243730614111
4.617626163506378
4.902285646799383
6.624339587994407
1.0
4.678164712243584
5.042639768274605
3.8629890727200547
4.533207293367147
5.010580846189404
4.093303783272859
4.160488797835691
1.8035049303024806
4.702161451295511
4.702161451295511
5.3616528391939635
4.2813122585711
3.04405724511874
5.054246208325895
4.9270848958226985
4.818290749599921
5.352405407032666
5.337172567018378
4.725890543509092
5.616796744474594
5.732520800602351
4.678948309281619
4.630546379421952
4.945443549694204
5.386966729106289
3.0564047564309584
4.544040463826451
5.8135210983044
4.624270325196738
3.5616996346627445
3.5616996346627445
5.303241352988323
4.420659005047554
6.51754349944496
5.8136242375525855
4.92519208197063
4.74022536137571
4.557625158893707
4.557625158893707
4.557625158893707
6.588595633371929
6.105849896557713
4.803134511942329
5.239568444302504
4.953565115428516
5.118265579909751
6.334128284854428
4.756593040084901
5.278125737119369
5.709408114298377
5.613564658201659
5.613564658201659
5.332937489009646
5.556162122897726
6.39889680064997
5.9874423480921735
3.457492277237211
6.620407271620591
5.576244693951283
5.916772622610172
6.091661458367372
5.893217598948819
4.01979868818016
3.6274807175741905
7.37715267659314
6.0025049104420924
3.1384416540195996
5.576646126967087
6.196553950896549
6.138523050044009
5.236253625209239
4.076381578175202
6.680861508006442
5.4522466411587
5.58557916042497
4.613126773726046
6.635276923076923
6.635276923076923
6.929026478396794
5.4847826831584054
6.119194450394707
5.4828194225384275
5.933563136708642
7.167011395272558
