[0.6893415]
[0.7285767]
[0.6652921]
[0.6652921]
[0.6652921]
[0.6652921]
[0.6652921]
[0.68309563]
[0.68309563]
[0.68309563]
[0.6296024]
[0.6296024]
[0.6296024]
[0.6296024]
[0.6296024]
[0.6296024]
[0.6296024]
[0.6296024]
[0.6296024]
[0.6296024]
[0.6296024]
[0.6296023]
[0.6701169]
[0.6453544]
[0.6453544]
[0.6453544]
[0.6453544]
[0.6453544]
[0.6453544]
[0.6453544]
[0.6453544]
[0.6453544]
[0.6453544]
[0.6453544]
[0.6453544]
[0.6453544]
[0.6361928]
[0.6212495]
[0.6212495]
[0.6212495]
[0.6212495]
[0.6212495]
[0.6214411]
[0.6214411]
[0.6214411]
[0.6214411]
[0.6093413]
[0.63909143]
[0.61590266]
[0.59163356]
[0.59163356]
[0.59163356]
[0.59163356]
[0.59163356]
[0.6176911]
[0.5918199]
[0.59195]
[0.57735574]
[0.57735574]
[0.5358973]
[0.60260856]
[0.581741]
[0.58715427]
[0.60048366]
[0.60048366]
[0.60048366]
[0.5620071]
[0.5620071]
[0.6788187]
[0.53790873]
[0.5479338]
[0.5479338]
[0.5479338]
[0.5479338]
[0.5479338]
[0.5479338]
[0.5479338]
[0.5479338]
[0.5479338]
[0.5479338]
[0.5479338]
[0.5774968]
[0.5166853]
[0.5166853]
[0.5166853]
[0.5137881]
[0.4908321]
[0.50042105]
[0.50042105]
[0.50042105]
[0.50042105]
[0.50042105]
[0.50042105]
[0.50042105]
[0.5039173]
[0.5393176]
[0.5393176]
[0.5393176]
[0.55132127]
[0.5183739]
[0.52007496]
[0.52007496]
[0.52007496]
[0.52007496]
[0.52007496]
[0.51989985]
[0.4959126]
[0.4959126]
[0.4959126]
[0.4959126]
[0.4959126]
[0.4959126]
[0.4959126]
[0.4959126]
[0.4959126]
[0.4959126]
[0.49725145]
[0.4706892]
[0.4706892]
[0.4706892]
[0.4706892]
[0.4706892]
[0.4706892]
[0.5016201]
[0.5016201]
[0.4776845]
[0.4776845]
[0.4776845]
[0.4776845]
[0.4776845]
[0.4776845]
[0.4776845]
[0.4776845]
[0.4776845]
[0.4776845]
[0.4776845]
[0.4776845]
[0.4776845]
[0.4776845]
[0.4776845]
[0.4776845]
[0.45646873]
[0.45646873]
[0.45646873]
[0.45646873]
[0.45646873]
[0.5260028]
[0.47363883]
[0.49863544]
[0.45192206]
[0.45192206]
[0.45192206]
[0.47625056]
[0.46453083]
[0.46453083]
[0.46453083]
[0.46453083]
[0.46453083]
[0.46453083]
[0.46453083]
[0.46453083]
[0.47576562]
[0.47576562]
[0.48157164]
[0.46342695]
[0.46342695]
[0.46342695]
[0.46342695]
[0.46342695]
[0.46342695]
[0.46342695]
[0.46342695]
[0.46342695]
[0.46342695]
[0.46342695]
[0.46342695]
[0.46342695]
[0.47537154]
[0.5004323]
[0.48554683]
[0.46392807]
[0.46392807]
[0.46392807]
[0.45399213]
[0.4657041]
[0.45389107]
[0.4544471]
[0.4544471]
[0.4544471]
[0.4544471]
[0.4544471]
[0.4544471]
[0.4544471]
[0.4658787]
[0.4768615]
[0.4768615]
[0.4768615]
[0.4768615]
[0.4768615]
[0.4768615]
[0.4768615]
[0.4768615]
[0.4768615]
[0.4768615]
[0.4768615]
[0.4768615]
[0.4768615]
[0.4768615]
[0.4768615]
[0.4768615]
[0.4768615]
[0.4768615]
[0.4768615]
[0.4768615]
[0.4768615]
[0.4768615]
[0.4768615]
[0.4768615]
[0.4768615]
[0.4768615]
[0.4768615]
[0.4768615]
[0.4768615]
[0.4768615]
[0.4768615]
[0.4768615]
[0.4768615]
[0.4768615]
[0.4768615]
[0.4768615]
[0.4768615]
[0.4768615]
[0.4768615]
[0.4768615]
[0.4768615]
[0.4768615]
[0.4768615]
[0.4768615]
[0.4768615]
[0.4768615]
[0.4768615]
[0.4768615]
[0.4768615]
[0.4768615]
[0.4768615]
[0.4768615]
[0.4768615]
[0.4768615]
[0.4768615]
[0.4768615]
[0.4768615]
[0.4768615]
[0.4768615]
[0.4768615]
[0.4768615]
[0.4768615]
[0.4768615]
[0.4768615]
[0.4768615]
[0.4768615]
[0.4768615]
[0.4768615]
[0.4768615]
[0.4768615]
[0.4768615]
[0.4768615]
[0.4768615]
[0.4424304]
[0.44661835]
[0.44661835]
[0.44661835]
[0.44661835]
[0.44661835]
[0.51556194]
[0.47775307]
[0.45497993]
[0.45497993]
[0.45497993]
[0.45497993]
[0.45497993]
[0.45497993]
[0.45497993]
[0.45497993]
[0.45497993]
[0.45497993]
[0.45497993]
[0.45497993]
[0.45497993]
[0.45497993]
[0.4816465]
[0.47586182]
[0.48250082]
[0.4733556]
[0.4555837]
[0.4555837]
[0.46371254]
[0.46371254]
[0.46371254]
[0.46371254]
[0.46371254]
[0.46371254]
[0.46371254]
[0.46371254]
[0.46371254]
[0.46371254]
[0.46371254]
[0.46371254]
[0.46371254]
[0.46371254]
[0.47768813]
[0.47768813]
[0.47768813]
[0.47768813]
[0.47768813]
[0.47768813]
[0.47768813]
[0.47768813]
[0.43450773]
[0.43450773]
[0.43450773]
[0.48137465]
[0.42485347]
[0.41658023]
[0.41658023]
[0.44695002]
[0.43138495]
[0.43138495]
[0.42735803]
[0.43104947]
[0.43104947]
[0.43104947]
[0.43104947]
[0.43104947]
[0.43104947]
[0.43104947]
[0.43104947]
[0.43104947]
[0.43104947]
[0.43104947]
[0.43104947]
[0.43104947]
[0.43104947]
[0.43104947]
[0.43104947]
[0.43104947]
[0.43104947]
[0.43104947]
[0.43104947]
[0.43104947]
[0.43104947]
[0.43104947]
[0.43104947]
[0.43104947]
[0.43104947]
[0.43104947]
[0.43104947]
[0.43104947]
[0.43104947]
[0.43104947]
[0.43104947]
[0.43104947]
[0.43104947]
[0.43104947]
[0.43104947]
[0.43104947]
[0.43104947]
[0.43104947]
[0.42388266]
[0.4300773]
[0.46265414]
[0.44672626]
[0.43468192]
[0.45167825]
[0.39721593]
[0.39721593]
[0.39721593]
[0.4369458]
[0.40182263]
[0.40182263]
[0.40182263]
[0.40182263]
[0.40182263]
[0.40182263]
[0.45293897]
[0.40847954]
[0.40847954]
[0.40847954]
[0.40847954]
[0.42432877]
[0.43038005]
[0.43038005]
[0.43038005]
[0.43038005]
[0.43038005]
[0.41251662]
[0.42922434]
[0.42922434]
[0.42922434]
[0.42922434]
[0.42922434]
[0.38333076]
[0.43542355]
[0.41903332]
[0.41903332]
[0.37881]
[0.38703367]
[0.40877295]
[0.37632358]
[0.4052194]
[0.3766318]
[0.41849497]
[0.37107348]
[0.37107348]
[0.37107348]
[0.37107348]
[0.37107348]
[0.37107348]
[0.37107348]
[0.37107348]
[0.37107348]
[0.37107348]
[0.37107348]
[0.37107348]
[0.37107348]
[0.37107348]
[0.37107348]
[0.37107348]
[0.37107348]
[0.37107348]
[0.37107348]
[0.37107348]
[0.37107348]
[0.37107348]
[0.37107348]
[0.37107348]
[0.37107348]
[0.37107348]
[0.37107348]
[0.37107348]
[0.37107348]
[0.37107348]
[0.37107348]
[0.37107348]
[0.37107348]
[0.37107348]
[0.37107348]
[0.37107348]
[0.37107348]
[0.37107348]
[0.37107348]
[0.37107348]
[0.37107348]
[0.39802232]
[0.41082838]
[0.32954136]
[0.34212315]
[0.37076196]
[0.39125487]
[0.35246763]
[0.33085835]
[0.33085835]
[0.33085835]
[0.33085835]
[0.33085835]
[0.37615967]
[0.34817457]
[0.3950697]
[0.3540892]
[0.51414996]
[0.33848274]
[0.3068985]
[0.27335337]
[0.27778322]
[0.2509454]
[0.22675297]
[0.25937995]
[0.27318034]
[0.27318034]
[0.24463208]
[0.3888649]
[0.48006237]
[0.18978322]
[0.47658098]
[0.21666445]
[0.21645978]
[0.6043451]
[0.17616837]
[0.17063428]
[0.6172631]
[0.10807606]
[0.09057336]
[0.08848305]
[0.1053643]
[0.46788839]
[0.20206028]
[0.2165449]
[0.33660308]
[0.43737948]
[0.3509722]
[0.5153203]
