[0.01212591]
[0.01208962]
[0.01208962]
[0.01208962]
[0.01208962]
[0.01208962]
[0.01208962]
[0.01208962]
[0.01208962]
[0.0121259]
[0.01204832]
[0.01204832]
[0.01208966]
[0.01208966]
[0.01217415]
[0.01217415]
[0.01217415]
[0.01217415]
[0.01217415]
[0.01217415]
[0.01217415]
[0.01217415]
[0.01217415]
[0.01217415]
[0.01217415]
[0.01217415]
[0.01217415]
[0.01217415]
[0.01217415]
[0.01217415]
[0.01217415]
[0.01217415]
[0.01217415]
[0.01217415]
[0.01217415]
[0.01209784]
[0.01209784]
[0.01209784]
[0.01209784]
[0.01209784]
[0.01209784]
[0.01209784]
[0.01209784]
[0.01209784]
[0.01209784]
[0.01209784]
[0.01209784]
[0.01209784]
[0.01209784]
[0.01209784]
[0.01209784]
[0.01209784]
[0.01209784]
[0.01204836]
[0.01205468]
[0.0121259]
[0.0121259]
[0.0121259]
[0.01216228]
[0.01215889]
[0.01215889]
[0.01215889]
[0.01215889]
[0.01218686]
[0.01218686]
[0.01218686]
[0.01218686]
[0.01218686]
[0.01218686]
[0.01218686]
[0.01218686]
[0.01218686]
[0.01218686]
[0.01218686]
[0.01218686]
[0.01218686]
[0.01218686]
[0.01218686]
[0.01218686]
[0.01218686]
[0.01218686]
[0.01218686]
[0.01218686]
[0.01218686]
[0.01218686]
[0.01218686]
[0.01218686]
[0.01218686]
[0.01218686]
[0.01218686]
[0.01218686]
[0.01218686]
[0.01218686]
[0.01218686]
[0.01218686]
[0.01218686]
[0.01218686]
[0.01218686]
[0.01218686]
[0.01218686]
[0.01218686]
[0.01218686]
[0.01218686]
[0.01218686]
[0.01218686]
[0.01218686]
[0.01218686]
[0.01218686]
[0.01218686]
[0.01218686]
[0.01218686]
[0.01218686]
[0.01218686]
[0.01218686]
[0.01218686]
[0.01218686]
[0.01218686]
[0.01218686]
[0.01218686]
[0.01218686]
[0.01218686]
[0.01218686]
[0.01218686]
[0.01218686]
[0.01218686]
[0.01218686]
[0.01218686]
[0.01218686]
[0.01218686]
[0.01218686]
[0.01218686]
[0.01218686]
[0.01255961]
[0.01208971]
[0.01208971]
[0.01208971]
[0.01208971]
[0.01208971]
[0.01208971]
[0.01208971]
[0.01208971]
[0.01218686]
[0.01218686]
[0.01218686]
[0.01218686]
[0.01218686]
[0.01218686]
[0.01218686]
[0.01218686]
[0.01218686]
[0.01218686]
[0.01218686]
[0.01218686]
[0.01218686]
[0.01218686]
[0.01218686]
[0.01218686]
[0.01218686]
[0.01218686]
[0.01218686]
[0.01218686]
[0.01218686]
[0.01218686]
[0.01218686]
[0.01218686]
[0.01218686]
[0.01218686]
[0.01218686]
[0.01218686]
[0.01218686]
[0.01218686]
[0.01218686]
[0.01218686]
[0.01218686]
[0.01218686]
[0.01218686]
[0.01218686]
[0.01218686]
[0.01218686]
[0.01218686]
[0.01218686]
[0.01218686]
[0.01218686]
[0.01218686]
[0.01218686]
[0.01218686]
[0.01218686]
[0.01218686]
[0.01218686]
[0.01218686]
[0.01218686]
[0.01218686]
[0.01218686]
[0.01204061]
[0.01209793]
[0.01209789]
[0.01203392]
[0.01213577]
[0.01213577]
[0.01213577]
[0.01213577]
[0.01213577]
[0.01226225]
[0.01226225]
[0.01226225]
[0.01226225]
[0.01226225]
[0.01226225]
[0.01226225]
[0.01226225]
[0.01226225]
[0.01226225]
[0.01226225]
[0.01226225]
[0.01226225]
[0.01217414]
[0.01217414]
[0.01217414]
[0.01218686]
[0.01205461]
[0.0121259]
[0.01226759]
[0.01213578]
[0.01204841]
[0.01204841]
[0.01218686]
[0.01228094]
[0.01217414]
[0.01217414]
[0.01217414]
[0.01224197]
[0.01201801]
[0.01219739]
[0.0122005]
[0.0122005]
[0.0122005]
[0.01209801]
[0.01228627]
[0.01211531]
[0.0127665]
[0.01198535]
[0.01204832]
[0.0122005]
[0.0122005]
[0.0122005]
[0.0122005]
[0.01228627]
[0.01228627]
[0.01228625]
[0.01214635]
[0.01228091]
[0.01202474]
[0.01218685]
[0.01214636]
[0.01217107]
[0.01228092]
[0.01228092]
[0.01218685]
[0.01230632]
[0.01217804]
[0.01217804]
[0.01277026]
[0.0122005]
[0.0121824]
[0.01211668]
[0.01259824]
[0.0125555]
[0.0125555]
[0.0125555]
[0.0125555]
[0.0125555]
[0.01260082]
[0.0122164]
[0.01228625]
[0.01259824]
[0.01209783]
[0.01225705]
[0.01214637]
[0.01209784]
[0.01245976]
[0.01245976]
[0.01234639]
[0.01218685]
[0.01221517]
[0.01221517]
[0.01227829]
[0.01221517]
[0.01231429]
[0.01253447]
[0.01221517]
[0.01282753]
[0.01282753]
[0.01235074]
[0.01230189]
[0.01282457]
[0.01221517]
[0.01226818]
[0.01245629]
[0.01230556]
[0.01230211]
[0.01230211]
[0.01242569]
[0.01281521]
[0.01282753]
[0.01282753]
[0.01245616]
[0.01232777]
[0.01223821]
[0.01277035]
[0.01310808]
[0.01222895]
[0.01245624]
[0.01245624]
[0.01245624]
[0.01247234]
[0.01204045]
[0.01245629]
[0.01245629]
[0.01245584]
[0.01245584]
[0.01274765]
[0.01245585]
[0.01263089]
[0.0125889]
[0.01278945]
[0.01234639]
[0.01219501]
[0.01219501]
[0.01223068]
[0.01223068]
[0.01281534]
[0.01248889]
[0.01248826]
[0.01260081]
[0.01263412]
[0.01224806]
[0.01224806]
[0.01224806]
[0.01248292]
[0.01224807]
[0.01224807]
[0.0124585]
[0.01267204]
[0.01220994]
[0.01256454]
[0.01241145]
[0.01218534]
[0.01354136]
[0.01240252]
[0.01250656]
[0.01226075]
[0.01240252]
[0.01242916]
[0.01365433]
[0.01243385]
[0.01228677]
[0.01293322]
[0.01231338]
[0.01231338]
[0.01247601]
[0.01236012]
[0.01236012]
[0.01303903]
[0.01263245]
[0.01294936]
[0.01251313]
[0.01251313]
[0.01238839]
[0.01245434]
[0.01264817]
[0.0123738]
[0.01346196]
[0.01254821]
[0.01296214]
[0.01271412]
[0.01629035]
[0.01304082]
[0.01239995]
[0.01246079]
[0.01295862]
[0.01295862]
[0.01295862]
[0.01262359]
[0.01312777]
[0.01312777]
[0.01249519]
[0.01230826]
[0.01264399]
[0.01257941]
[0.01352342]
[0.01382272]
[0.01257943]
[0.01316038]
[0.01380852]
[0.01363472]
[0.01598395]
[0.01600861]
[0.01544683]
[0.01465636]
[0.01441006]
[0.01639044]
[0.01361918]
[0.01581455]
[0.01479465]
[0.01652388]
[0.01417721]
[0.01440299]
[0.01352275]
[0.01652922]
[0.01419287]
[0.01475761]
[0.01496599]
[0.01628653]
[0.01603749]
[0.01378446]
[0.01344631]
[0.0148061]
[0.01646925]
[0.01432165]
[0.01521628]
[0.01814714]
[0.0163382]
[0.01450589]
[0.01449983]
[0.01323091]
[0.01413309]
[0.01854243]
[0.04264581]
[0.01356798]
[0.02396356]
[0.01439805]
[0.01455295]
[0.01313047]
[0.01807747]
[0.02263703]
[0.0131692]
[0.0136593]
[0.01604526]
[0.01371294]
[0.01412647]
[0.01412647]
[0.01355638]
[0.03436575]
[0.01255756]
[0.01380877]
[0.01346366]
[0.01493366]
[0.01493366]
[0.01363185]
[0.01370292]
[0.01607546]
[0.01401057]
[0.01847249]
[0.01361067]
[0.01539534]
[0.01284589]
[0.01644604]
[0.01644604]
[0.01321865]
[0.01480597]
[0.01192353]
[0.01192353]
[0.01656086]
[0.01218398]
[0.01990197]
[0.01578489]
[0.18016647]
[0.03575701]
[0.24003239]
[0.0139636]
[0.0139636]
[0.01168447]
[0.08069938]
[0.01202383]
[0.01241252]
[0.01241742]
[0.02389695]
[0.01639447]
[0.01920127]
[0.01367659]
[0.0193052]
[0.0193052]
[0.01434223]
[0.01355194]
[0.02039833]
[0.01312976]
[0.01311086]
[0.01350155]
[0.01233261]
[0.07319639]
[0.01226615]
[0.01203773]
[0.01211684]
[0.01211684]
[0.01218795]
[0.01216732]
[0.01241896]
[0.01243944]
[0.01208306]
[0.0120832]
