30.32910000000007
30.32910000000007
30.32910000000007
30.32910000000007
30.32910000000007
30.32910000000007
30.32910000000007
30.32910000000007
30.32910000000007
30.32910000000007
30.32910000000007
30.32910000000007
30.32910000000007
30.32910000000007
30.32910000000007
30.32910000000007
30.32910000000007
30.32910000000007
30.32910000000007
30.32910000000007
30.32910000000007
30.32910000000007
30.32910000000007
30.32910000000007
30.32910000000007
30.32910000000007
30.32910000000007
30.32910000000007
30.32910000000007
30.32910000000007
30.32910000000007
30.32910000000007
30.32910000000007
30.32910000000007
30.32910000000007
30.32910000000007
30.32910000000007
30.32910000000007
30.32910000000007
30.32910000000007
30.32910000000007
30.32910000000007
30.32910000000007
30.32910000000007
30.32910000000007
30.32910000000007
30.32910000000007
30.32910000000007
30.32910000000007
30.32910000000007
30.32910000000007
30.32910000000007
30.32910000000007
30.32910000000007
30.32910000000007
30.32910000000007
30.32910000000007
30.32910000000007
30.32910000000007
30.32910000000007
30.32910000000007
30.32910000000007
30.32910000000007
30.32910000000007
30.32910000000007
30.32910000000007
30.32910000000007
30.32910000000007
30.32910000000007
30.32910000000007
30.32910000000007
30.32910000000007
30.32910000000007
30.32910000000007
30.32910000000007
30.32910000000007
30.32910000000007
30.32910000000007
30.32910000000007
30.32910000000007
30.32910000000007
30.32910000000007
30.32910000000007
30.32910000000007
30.32910000000007
30.32910000000007
30.32910000000007
30.32910000000007
30.32910000000007
30.32910000000007
30.32910000000007
30.32910000000007
30.32910000000007
30.32910000000007
30.32910000000007
30.32910000000007
30.32910000000007
30.32910000000007
30.32910000000007
30.32910000000007
30.32910000000007
30.32910000000007
30.32910000000007
30.32910000000007
30.32910000000007
30.32910000000007
30.32910000000007
30.32910000000007
30.32910000000007
30.32910000000007
30.32910000000007
30.32910000000007
30.32910000000007
30.32910000000007
30.32910000000007
30.32910000000007
30.32910000000007
30.32910000000007
30.32910000000007
30.32910000000007
30.32910000000007
30.32910000000007
30.32910000000007
30.32910000000007
30.32910000000007
30.32910000000007
30.32910000000007
30.32910000000007
30.32910000000007
30.32910000000007
30.32910000000007
30.32910000000007
30.32910000000007
30.32910000000007
30.32910000000007
30.32910000000007
30.32910000000007
30.32910000000007
30.32910000000007
30.32910000000007
30.32910000000007
30.32910000000007
30.32910000000007
30.32910000000007
30.32910000000007
30.32910000000007
30.32910000000007
30.32910000000007
30.32910000000007
30.32910000000007
30.32910000000007
30.32910000000007
30.32910000000007
30.32910000000007
30.32910000000007
30.32910000000007
30.32910000000007
30.32910000000007
30.32910000000007
30.32910000000007
30.32910000000007
30.32910000000007
30.32910000000007
30.32910000000007
30.32910000000007
30.32910000000007
30.32910000000007
30.32910000000007
30.32910000000007
30.32910000000007
30.32910000000007
30.32910000000007
30.32910000000007
30.32910000000007
30.32910000000007
30.32910000000007
30.32910000000007
30.32910000000007
30.32910000000007
30.32910000000007
30.32910000000007
30.32910000000007
30.32910000000007
30.32910000000007
30.32910000000007
30.32910000000007
30.32910000000007
30.32910000000007
30.32910000000007
30.32910000000007
30.32910000000007
30.32910000000007
30.32910000000007
30.32910000000007
30.32910000000007
30.32910000000007
30.32910000000007
30.32910000000007
30.32910000000007
30.32910000000007
30.32910000000007
30.32910000000007
30.32910000000007
30.32910000000007
30.32910000000007
30.32910000000007
30.32910000000007
30.32910000000007
30.32910000000007
30.32910000000007
30.32910000000007
30.32910000000007
30.32910000000007
30.32910000000007
30.32910000000007
30.32910000000007
30.32910000000007
30.32910000000007
30.32910000000007
30.32910000000007
30.32910000000007
30.32910000000007
30.32910000000007
30.32910000000007
30.32910000000007
30.32910000000007
30.32910000000007
30.32910000000007
30.32910000000007
30.32910000000007
30.32910000000007
30.32910000000007
30.32910000000007
30.32910000000007
30.32910000000007
30.32910000000007
30.32910000000007
30.32910000000007
30.32910000000007
30.32910000000007
30.32910000000007
30.32910000000007
30.32910000000007
30.32910000000007
30.32910000000007
30.32910000000007
30.32910000000007
30.32910000000007
30.32910000000007
30.32910000000007
30.32910000000007
30.32910000000007
30.32910000000007
30.32910000000007
30.32910000000007
30.32910000000007
30.32910000000007
30.32910000000007
30.32910000000007
30.32910000000007
30.32910000000007
30.32910000000007
30.32910000000007
30.32910000000007
30.32910000000007
30.32910000000007
30.32910000000007
30.32910000000007
30.32910000000007
30.32910000000007
30.32910000000007
30.32910000000007
30.32910000000007
30.32910000000007
30.32910000000007
30.32910000000007
30.32910000000007
30.32910000000007
30.32910000000007
30.32910000000007
30.32910000000007
30.32910000000007
30.32910000000007
30.32910000000007
30.32910000000007
30.32910000000007
30.32910000000007
30.32910000000007
30.32910000000007
30.32910000000007
30.32910000000007
30.32910000000007
30.32910000000007
30.32910000000007
30.32910000000007
30.32910000000007
30.32910000000007
30.32910000000007
30.32910000000007
30.32910000000007
30.239600000000067
29.822000000000074
29.822000000000074
29.939000000000068
29.939000000000068
29.939000000000068
29.939000000000068
29.939000000000068
29.822000000000074
29.680900000000072
29.723400000000076
29.822000000000074
29.680900000000072
29.680900000000072
29.680900000000072
29.680900000000072
29.680900000000072
29.680900000000072
29.723400000000076
29.680900000000072
29.680900000000072
29.680900000000072
29.680900000000072
29.680900000000072
29.680900000000072
29.680900000000072
29.680900000000072
29.680900000000072
29.680900000000072
29.680900000000072
29.680900000000072
29.680900000000072
29.680900000000072
29.61250000000007
29.61250000000007
29.61250000000007
29.61250000000007
29.892000000000067
29.89200000000007
29.892000000000067
29.466500000000075
29.723400000000076
29.723400000000076
29.87060000000007
29.548900000000067
29.548900000000067
29.548900000000067
29.548900000000064
29.548900000000064
29.548900000000064
29.548900000000064
29.61250000000007
29.72410000000007
29.548900000000064
29.42000000000004
29.42000000000004
29.61250000000007
29.648900000000076
29.61250000000007
29.877700000000043
29.501900000000063
29.523000000000067
29.523000000000067
29.523000000000067
29.032700000000073
29.032700000000073
29.032700000000073
29.032700000000073
29.032700000000073
29.075200000000077
29.032700000000073
29.032700000000073
29.032700000000073
29.032700000000073
29.15880000000006
29.15880000000006
29.158800000000067
29.158800000000067
29.185500000000076
29.15880000000006
29.185500000000076
28.971100000000078
29.185500000000076
29.185500000000076
29.185500000000072
28.642600000000073
28.64260000000007
28.384500000000074
28.384500000000074
28.74840000000007
28.74840000000007
28.16320000000003
28.09480000000003
29.153800000000036
29.268800000000052
28.809000000000037
28.809000000000037
27.088100000000072
27.088100000000072
28.363800000000076
28.662200000000038
28.13850000000005
27.819000000000035
27.62840000000003
24.854800000000054
24.993900000000053
25.051600000000057
24.835100000000057
24.835100000000057
24.495400000000057
24.50227000000006
24.532970000000063
22.99230000000005
24.44007000000006
22.02460000000004
23.14100000000005
22.25190000000004
21.436800000000034
23.711970000000054
21.025300000000026
20.748900000000024
20.748900000000024
20.899500000000025
20.100700000000014
20.35760000000002
20.35760000000002
20.35760000000002
19.80070000000001
20.711400000000022
21.383070000000032
19.410600000000006
19.70940000000001
19.360200000000006
19.88140000000001
20.98717000000003
15.882219999999965
15.882219999999965
15.882219999999965
15.882219999999965
16.17439999999997
15.279399999999967
15.604499999999964
15.155999999999967
15.155999999999967
15.155999999999967
15.155999999999967
15.155999999999967
15.032499999999967
14.859399999999969
14.955399999999967
14.22729999999997
13.750999999999971
13.750999999999971
14.416199999999968
14.757999999999967
14.559799999999967
12.726799999999974
11.806399999999982
11.766699999999982
10.47029999999999
9.861799999999993
10.782199999999989
9.2136
9.485799999999998
9.485799999999998
9.485799999999998
8.433400000000004
8.043300000000006
7.313500000000006
7.313500000000006
7.662800000000007
6.757300000000006
5.9771000000000045
5.587000000000004
5.146500000000004
4.766000000000004
4.756400000000003
4.756400000000003
4.416700000000003
4.416700000000003
4.3663000000000025
3.6365000000000016
3.3891000000000018
3.3891000000000018
3.3891000000000018
3.3891000000000018
3.5957000000000017
19.58327000000001
4.4120000000000035
28.131500000000067
7.363100000000005
14.45049999999997
14.45049999999997
14.45049999999997
14.45049999999997
14.45049999999997
14.45049999999997
22.846000000000043
14.767799999999967
24.95810000000005
