[0.00109353]
[0.00109369]
[0.00109369]
[0.00109369]
[0.00109369]
[0.00109369]
[0.00109369]
[0.00109369]
[0.00109369]
[0.00109369]
[0.00109369]
[0.00109369]
[0.00109369]
[0.00109369]
[0.00109369]
[0.00109369]
[0.00109369]
[0.00109369]
[0.00109369]
[0.00109369]
[0.00109369]
[0.00109369]
[0.00109369]
[0.00109369]
[0.00109369]
[0.00109369]
[0.00109369]
[0.00109369]
[0.00109369]
[0.00109369]
[0.00109369]
[0.00109369]
[0.00109369]
[0.00109369]
[0.00109369]
[0.00109369]
[0.00109369]
[0.00109369]
[0.00109369]
[0.00109369]
[0.00109369]
[0.00109369]
[0.00109369]
[0.00109369]
[0.00109369]
[0.00109369]
[0.00109369]
[0.00109369]
[0.00109369]
[0.00109369]
[0.00109369]
[0.00109369]
[0.00109369]
[0.00109369]
[0.00109369]
[0.00109369]
[0.00109369]
[0.00109369]
[0.00109369]
[0.00109369]
[0.00109369]
[0.00109369]
[0.00109369]
[0.00109369]
[0.00109369]
[0.00109369]
[0.00109369]
[0.00109369]
[0.00109369]
[0.00109369]
[0.00109369]
[0.00109369]
[0.00109369]
[0.00109369]
[0.00109369]
[0.00109369]
[0.00109369]
[0.00109369]
[0.00109369]
[0.00109369]
[0.00109369]
[0.00109369]
[0.00109369]
[0.00109369]
[0.00109369]
[0.00109369]
[0.00109369]
[0.00109369]
[0.00109369]
[0.00109369]
[0.00109369]
[0.00109369]
[0.00109369]
[0.00109369]
[0.00109369]
[0.00109369]
[0.00109369]
[0.00109369]
[0.00109369]
[0.00109369]
[0.00109369]
[0.00109369]
[0.00109369]
[0.00109369]
[0.00109369]
[0.00109369]
[0.00109369]
[0.00109369]
[0.00109369]
[0.00109369]
[0.00109369]
[0.00109369]
[0.00109369]
[0.00109369]
[0.00109369]
[0.00109369]
[0.00109369]
[0.00109369]
[0.00109369]
[0.00109369]
[0.00109369]
[0.00109369]
[0.00109369]
[0.00109369]
[0.00109369]
[0.00109369]
[0.00109369]
[0.00109369]
[0.00109369]
[0.00109369]
[0.00109369]
[0.00109369]
[0.00109369]
[0.00109369]
[0.00109369]
[0.00109369]
[0.00109369]
[0.00109369]
[0.00109369]
[0.00109369]
[0.00109369]
[0.00109369]
[0.00109369]
[0.00109369]
[0.00109369]
[0.00109369]
[0.00109369]
[0.00109369]
[0.00109369]
[0.00109369]
[0.00109369]
[0.00109369]
[0.00109369]
[0.00109369]
[0.00109369]
[0.00109358]
[0.00109358]
[0.00109358]
[0.00109358]
[0.00109358]
[0.00109358]
[0.00109358]
[0.00109358]
[0.00109358]
[0.00109358]
[0.00109358]
[0.00109358]
[0.00109358]
[0.00109358]
[0.00109358]
[0.00109358]
[0.00109358]
[0.00109358]
[0.00109358]
[0.00109358]
[0.00109358]
[0.00109358]
[0.00109358]
[0.00109358]
[0.00109358]
[0.00109358]
[0.00109358]
[0.00109358]
[0.00109358]
[0.00109358]
[0.00109358]
[0.00109358]
[0.00109358]
[0.00109358]
[0.00109358]
[0.00109358]
[0.00109358]
[0.00109358]
[0.00109358]
[0.00109358]
[0.00109358]
[0.00109358]
[0.00109358]
[0.00109358]
[0.00109358]
[0.00109358]
[0.00109358]
[0.00109358]
[0.00109358]
[0.00109358]
[0.00109358]
[0.00109358]
[0.00109358]
[0.00109358]
[0.00109358]
[0.00109358]
[0.00109358]
[0.00109358]
[0.00109358]
[0.00109358]
[0.00109358]
[0.00109358]
[0.00109358]
[0.00109358]
[0.00109358]
[0.00109358]
[0.00109358]
[0.00109358]
[0.00109358]
[0.00109358]
[0.00109358]
[0.00109358]
[0.00109358]
[0.00109358]
[0.00109358]
[0.00109358]
[0.00109358]
[0.00109358]
[0.00109358]
[0.00109358]
[0.00109358]
[0.00109358]
[0.00109358]
[0.00109358]
[0.00109358]
[0.00109358]
[0.00109358]
[0.00109358]
[0.00109358]
[0.00109358]
[0.00109358]
[0.00109358]
[0.00109358]
[0.00109358]
[0.00109358]
[0.00109358]
[0.00109358]
[0.00109358]
[0.00109358]
[0.00109358]
[0.00109358]
[0.00109358]
[0.00109358]
[0.00109358]
[0.00109358]
[0.00109358]
[0.00109358]
[0.00109358]
[0.00109358]
[0.00109358]
[0.00109358]
[0.00109358]
[0.00109358]
[0.00109358]
[0.00109358]
[0.00109358]
[0.00109358]
[0.00109358]
[0.00109358]
[0.00109358]
[0.00109358]
[0.00109358]
[0.00109358]
[0.00109358]
[0.00109358]
[0.00109358]
[0.00109358]
[0.00109358]
[0.00109358]
[0.00109358]
[0.00109358]
[0.00109358]
[0.00109358]
[0.00109358]
[0.00109358]
[0.00109358]
[0.00109358]
[0.00109358]
[0.00109358]
[0.00109358]
[0.00109358]
[0.00109358]
[0.00109358]
[0.00109358]
[0.00109358]
[0.00109358]
[0.00109358]
[0.00109358]
[0.00109358]
[0.00109358]
[0.00109358]
[0.00109358]
[0.00109358]
[0.00109358]
[0.00109358]
[0.00109358]
[0.00109358]
[0.00109358]
[0.00109358]
[0.00109358]
[0.00109358]
[0.00109358]
[0.00109358]
[0.00109358]
[0.00109358]
[0.00109358]
[0.00109358]
[0.00109358]
[0.00109358]
[0.00109358]
[0.00109358]
[0.00109358]
[0.00109358]
[0.00109358]
[0.00109358]
[0.00109358]
[0.00109358]
[0.00109358]
[0.00109358]
[0.00109358]
[0.00109358]
[0.00109358]
[0.00109358]
[0.00109358]
[0.00109358]
[0.00109364]
[0.00109369]
[0.0010937]
[0.00109377]
[0.00109377]
[0.00109376]
[0.00109377]
[0.00109363]
[0.00109363]
[0.00109363]
[0.00109377]
[0.00109377]
[0.00109377]
[0.00109377]
[0.00109377]
[0.00109377]
[0.00109377]
[0.00109363]
[0.00109377]
[0.00109377]
[0.00109363]
[0.00109353]
[0.00109377]
[0.00109363]
[0.00109352]
[0.00109368]
[0.00109368]
[0.00109383]
[0.00109356]
[0.00109362]
[0.00109355]
[0.00109362]
[0.00109376]
[0.00109367]
[0.00109362]
[0.00109368]
[0.00109357]
[0.00109385]
[0.00109385]
[0.00109385]
[0.00109385]
[0.00109385]
[0.00109385]
[0.00109369]
[0.00109369]
[0.00109369]
[0.00109369]
[0.00109369]
[0.00109367]
[0.00109356]
[0.00109367]
[0.00109385]
[0.00109368]
[0.00109376]
[0.00109362]
[0.00109376]
[0.00109357]
[0.00109357]
[0.0010936]
[0.00109396]
[0.00109396]
[0.00109376]
[0.00109376]
[0.00109376]
[0.00109376]
[0.00109376]
[0.00109376]
[0.00109356]
[0.00109356]
[0.00109356]
[0.00109368]
[0.00109395]
[0.00109382]
[0.00109381]
[0.00109366]
[0.00109371]
[0.00109431]
[0.00109364]
[0.00109373]
[0.00109524]
[0.00109532]
[0.00109531]
[0.0010951]
[0.0010952]
[0.00109525]
[0.00109498]
[0.00109483]
[0.00109476]
[0.00109589]
[0.00109597]
[0.00109683]
[0.00109821]
[0.00109657]
[0.00109611]
[0.00109611]
[0.00109828]
[0.00109604]
[0.00109673]
[0.00109752]
[0.00109752]
[0.00109706]
[0.00109752]
[0.00110007]
[0.00109852]
[0.00109852]
[0.00110061]
[0.00109913]
[0.00111505]
[0.00110881]
[0.00110858]
[0.00110885]
[0.00110885]
[0.00110885]
[0.00110086]
[0.00111206]
[0.00111206]
[0.00110512]
[0.00111355]
[0.00110805]
[0.00110922]
[0.00110922]
[0.00111137]
[0.00110596]
[0.00110409]
[0.00110859]
[0.0011123]
[0.00111106]
[0.00110853]
[0.00111023]
[0.00111093]
[0.00116834]
[0.00147483]
[0.00117765]
[0.00189142]
[0.00152767]
[0.00186809]
[0.00151491]
[0.00319422]
[0.00226782]
[0.00226782]
[0.00165301]
[0.00153833]
[0.00153833]
[0.00177553]
[0.00224776]
[0.00131823]
[0.00131823]
[0.00157618]
[0.00157618]
[0.00157618]
[0.00157618]
[0.00157618]
[0.00368409]
[0.00634696]
[0.00107343]
[0.00107343]
[0.09073702]
[0.0013386]
[0.00115933]
[0.00111605]
