4.984577586529623
4.83950844317298
4.83950844317298
4.83950844317298
4.83950844317298
4.83950844317298
4.83950844317298
4.83950844317298
4.83950844317298
4.83950844317298
4.83950844317298
4.83950844317298
4.83950844317298
4.83950844317298
4.83950844317298
4.83950844317298
4.83950844317298
4.83950844317298
4.83950844317298
4.83950844317298
4.83950844317298
4.83950844317298
4.83950844317298
4.83950844317298
4.83950844317298
4.83950844317298
4.83950844317298
4.83950844317298
4.83950844317298
4.83950844317298
4.83950844317298
4.83950844317298
4.83950844317298
4.83950844317298
4.83950844317298
4.83950844317298
4.83950844317298
4.83950844317298
4.83950844317298
4.83950844317298
4.83950844317298
4.83950844317298
4.83950844317298
4.83950844317298
4.83950844317298
4.83950844317298
4.83950844317298
4.83950844317298
4.83950844317298
4.83950844317298
4.83950844317298
4.83950844317298
4.83950844317298
4.83950844317298
4.83950844317298
4.83950844317298
4.83950844317298
4.83950844317298
4.83950844317298
4.83950844317298
4.83950844317298
4.83950844317298
4.83950844317298
4.83950844317298
4.83950844317298
4.83950844317298
4.83950844317298
4.83950844317298
4.83950844317298
4.83950844317298
4.83950844317298
4.83950844317298
4.83950844317298
4.83950844317298
4.83950844317298
4.83950844317298
4.83950844317298
4.83950844317298
4.83950844317298
4.83950844317298
4.83950844317298
4.83950844317298
4.83950844317298
4.83950844317298
4.83950844317298
4.83950844317298
4.83950844317298
4.83950844317298
4.83950844317298
4.83950844317298
4.83950844317298
4.83950844317298
4.8710910480680845
4.8710910480680845
4.8710910480680845
4.896660016599553
4.826073016124347
4.826073016124347
4.826073016124347
4.840594670192822
4.959269014345779
4.959269014345779
4.959269014345779
4.959269014345779
4.959269014345779
4.959269014345779
4.959269014345779
4.959269014345779
4.959269014345779
4.959269014345779
4.959269014345779
4.959269014345779
4.959269014345779
4.959269014345779
4.959269014345779
4.959269014345779
4.959269014345779
4.959269014345779
4.959269014345779
4.959269014345779
4.959269014345779
4.959269014345779
4.959269014345779
4.959269014345779
4.959269014345779
4.959269014345779
4.959269014345779
4.959269014345779
4.959269014345779
4.959269014345779
4.959269014345779
4.959269014345779
4.959269014345779
4.959269014345779
4.959269014345779
4.959269014345779
4.959269014345779
4.959269014345779
4.959269014345779
4.959269014345779
4.882217169081217
4.6961106308385085
4.920602229107896
4.920602229107896
4.920602229107896
4.920602229107896
4.920602229107896
4.920602229107896
4.920602229107896
4.920602229107896
4.920602229107896
4.920602229107896
4.920602229107896
4.920602229107896
4.920602229107896
4.920602229107896
4.920602229107896
4.920602229107896
4.920602229107896
4.920602229107896
4.920602229107896
4.920602229107896
4.920602229107896
4.920602229107896
4.920602229107896
4.920602229107896
4.920602229107896
4.920602229107896
4.920602229107896
4.920602229107896
4.920602229107896
4.920602229107896
4.920602229107896
4.920602229107896
4.920602229107896
4.920602229107896
4.920602229107896
4.920602229107896
4.920602229107896
4.920602229107896
4.920602229107896
4.920602229107896
4.920602229107896
4.920602229107896
4.920602229107896
4.920602229107896
4.920602229107896
4.920602229107896
4.920602229107896
4.920602229107896
4.920602229107896
4.920602229107896
4.920602229107896
4.920602229107896
4.920602229107896
4.920602229107896
4.920602229107896
4.920602229107896
4.920602229107896
4.920602229107896
4.920602229107896
4.920602229107896
4.920602229107896
4.920602229107896
4.920602229107896
4.920602229107896
4.920602229107896
4.920602229107896
4.920602229107896
4.920602229107896
4.920602229107896
4.920602229107896
4.920602229107896
4.920602229107896
4.920602229107896
4.920602229107896
4.920602229107896
4.920602229107896
4.920602229107896
4.920602229107896
4.920602229107896
4.920602229107896
4.920602229107896
4.920602229107896
4.920602229107896
4.920602229107896
4.920602229107896
4.920602229107896
4.920602229107896
4.920602229107896
4.920602229107896
4.920602229107896
4.920602229107896
4.920602229107896
4.920602229107896
4.920602229107896
4.920602229107896
4.920602229107896
4.920602229107896
4.920602229107896
4.920602229107896
4.920602229107896
4.920602229107896
4.920602229107896
4.920602229107896
4.920602229107896
4.920602229107896
4.920602229107896
4.920602229107896
4.920602229107896
4.920602229107896
4.920602229107896
4.920602229107896
4.920602229107896
4.920602229107896
4.920602229107896
4.920602229107896
4.920602229107896
4.920602229107896
4.920602229107896
4.920602229107896
4.920602229107896
4.920602229107896
4.920602229107896
4.920602229107896
4.920602229107896
4.920602229107896
4.920602229107896
4.920602229107896
4.920602229107896
4.920602229107896
4.920602229107896
4.920602229107896
4.920602229107896
4.920602229107896
4.920602229107896
4.920602229107896
4.920602229107896
4.920602229107896
4.920602229107896
4.920602229107896
4.920602229107896
4.920602229107896
4.773017435866455
4.773017435866455
4.773017435866455
4.773017435866455
4.773017435866455
4.773017435866455
4.773017435866455
4.773017435866455
4.773017435866455
4.773017435866455
4.773017435866455
4.773017435866455
4.773017435866455
4.773017435866455
4.773017435866455
4.773017435866455
4.773017435866455
4.773017435866455
4.773017435866455
4.773017435866455
4.773017435866455
4.773017435866455
4.773017435866455
4.773017435866455
4.773017435866455
4.773017435866455
4.773017435866455
4.773017435866455
4.773017435866455
4.773017435866455
4.773017435866455
4.773017435866455
4.773017435866455
4.773017435866455
4.773017435866455
4.773017435866455
4.773017435866455
4.773017435866455
4.773017435866455
4.773017435866455
4.773017435866455
4.773017435866455
4.773017435866455
4.773017435866455
4.773017435866455
4.773017435866455
4.773017435866455
4.773017435866455
4.773017435866455
4.773017435866455
4.773017435866455
4.773017435866455
4.773017435866455
4.773017435866455
4.773017435866455
4.773017435866455
4.773017435866455
4.773017435866455
4.773017435866455
4.773017435866455
4.773017435866455
4.773017435866455
4.773017435866455
4.773017435866455
4.773017435866455
4.773017435866455
4.773017435866455
4.773017435866455
4.773017435866455
4.773017435866455
4.773017435866455
4.773017435866455
4.773017435866455
4.773017435866455
4.773017435866455
4.773017435866455
4.773017435866455
4.773017435866455
4.773017435866455
4.773017435866455
4.773017435866455
4.773017435866455
4.773017435866455
4.773017435866455
4.773017435866455
4.773017435866455
4.773017435866455
4.773017435866455
4.773017435866455
4.773017435866455
4.773017435866455
4.773017435866455
4.773017435866455
4.773017435866455
4.773017435866455
4.773017435866455
4.773017435866455
4.773017435866455
4.773017435866455
4.773017435866455
4.773017435866455
4.773017435866455
4.773017435866455
4.773017435866455
4.773017435866455
4.773017435866455
4.773017435866455
4.773017435866455
4.773017435866455
4.773017435866455
4.773017435866455
4.773017435866455
4.773017435866455
4.773017435866455
4.773017435866455
4.773017435866455
4.773017435866455
4.773017435866455
4.773017435866455
4.936754207765076
4.928751568731828
4.680525831207003
4.899102761354799
4.919746117998154
4.905521794976171
4.905521794976171
4.905521794976171
4.774327858324588
4.945249789326826
4.8950964556096555
4.8950964556096555
4.8950964556096555
4.8950964556096555
4.8950964556096555
4.8950964556096555
4.8950964556096555
5.331320684642638
4.887283152442235
4.855747315338164
4.855747315338164
4.855747315338164
4.855747315338164
4.855747315338164
4.855747315338164
4.855747315338164
4.855747315338164
4.855747315338164
4.855747315338164
4.855747315338164
4.855747315338164
4.855747315338164
4.855747315338164
4.855747315338164
4.855747315338164
4.855747315338164
4.855747315338164
4.855747315338164
4.855747315338164
4.855747315338164
4.855747315338164
4.855747315338164
4.855747315338164
4.855747315338164
4.705558084568932
4.705558084568932
4.705558084568932
4.705558084568932
4.705558084568932
4.705558084568932
4.705558084568932
4.705558084568932
4.705558084568932
4.705558084568932
4.705558084568932
4.705558084568932
4.705558084568932
4.705558084568932
4.705558084568932
4.705558084568932
4.705558084568932
4.705558084568932
4.705558084568932
4.705558084568932
4.705558084568932
4.705558084568932
4.844155641130017
4.839406942313765
5.0175794221939585
4.871813250865288
5.238841268681039
5.308114187162499
4.894360165968722
5.107175577867528
4.983870188645971
5.128119771038184
4.637073781460343
4.887408276239954
5.3932538104763434
5.272400069515439
4.567503697872528
4.728993645779106
5.509117305362959
4.586435356161962
6.198848290282651
4.864455279453269
5.539658130455809
4.694405560641027
4.043909146616307
3.354400642589864
1.3424871184298794
2.2996492936789377
1.2633697403702335
2.6125062672901898
1.9614305096010014
3.524015354160288
4.997371354154861
5.550731385630416
