[0.04337829]
[0.04286563]
[0.04286563]
[0.04180991]
[0.04180991]
[0.0432479]
[0.0432479]
[0.04222505]
[0.04388903]
[0.04388903]
[0.04388903]
[0.04220205]
[0.04263696]
[0.04263696]
[0.04263696]
[0.04338996]
[0.04338996]
[0.04338996]
[0.04338996]
[0.04338996]
[0.04180896]
[0.04431101]
[0.0428]
[0.0428]
[0.0428]
[0.04188333]
[0.04188333]
[0.04307271]
[0.04233719]
[0.04233719]
[0.04180602]
[0.04180602]
[0.04180602]
[0.0440699]
[0.04250997]
[0.04332191]
[0.04200074]
[0.04200074]
[0.0436781]
[0.0436781]
[0.0436781]
[0.0436781]
[0.0436781]
[0.0436781]
[0.0436781]
[0.04229257]
[0.0433025]
[0.04122227]
[0.04154999]
[0.04154999]
[0.04154999]
[0.04154999]
[0.04497775]
[0.04244066]
[0.04316004]
[0.04251007]
[0.04251007]
[0.04196662]
[0.04196662]
[0.04196662]
[0.04154932]
[0.04154932]
[0.04154932]
[0.04154932]
[0.04154932]
[0.04154932]
[0.04154932]
[0.04154932]
[0.04154932]
[0.04154932]
[0.04191107]
[0.04191107]
[0.04191107]
[0.04191107]
[0.04403025]
[0.04403025]
[0.04403025]
[0.04482687]
[0.04482687]
[0.043453]
[0.04311796]
[0.04303852]
[0.04281912]
[0.04183363]
[0.04136608]
[0.04149991]
[0.04188455]
[0.04562625]
[0.04206014]
[0.04259115]
[0.04131331]
[0.04230927]
[0.04201148]
[0.0426572]
[0.04347481]
[0.04597022]
[0.04383571]
[0.04383571]
[0.04383571]
[0.04383571]
[0.04383571]
[0.04519497]
[0.04285205]
[0.04200886]
[0.0417322]
[0.04247421]
[0.04267617]
[0.04408001]
[0.04317331]
[0.04176806]
[0.04186188]
[0.04437907]
[0.04183244]
[0.04169599]
[0.04288651]
[0.04213232]
[0.04494939]
[0.04471316]
[0.04209719]
[0.04156136]
[0.04300461]
[0.04176464]
[0.04199819]
[0.04470116]
[0.04386538]
[0.045269]
[0.04156603]
[0.04331827]
[0.04234535]
[0.04186279]
[0.04401506]
[0.04245638]
[0.04147352]
[0.04450843]
[0.04207395]
[0.04165736]
[0.04543269]
[0.0427049]
[0.04199819]
[0.04470978]
[0.04439372]
[0.04531568]
[0.04350733]
[0.04297194]
[0.7434703]
[0.04191848]
[0.04191848]
[0.6823085]
[0.04299372]
[0.04185977]
[0.04493367]
[0.04274362]
[0.04408855]
[0.5978763]
[0.04537454]
[0.5359709]
[0.04588982]
[0.5125879]
[0.49567527]
[0.04351399]
[0.5089778]
[0.5089778]
[0.0462878]
[0.48282993]
[0.52145416]
[0.04740537]
[0.4945683]
[0.4945683]
[0.4945683]
[0.4945683]
[0.4945683]
[0.4945683]
[0.4945683]
[0.4945683]
[0.4852848]
[0.4852848]
[0.4852848]
[0.04590277]
[0.04381318]
[0.33806476]
[0.545069]
[0.36111197]
[0.36111197]
[0.36111197]
[0.36111197]
[0.36111197]
[0.36111197]
[0.36111197]
[0.36111197]
[0.36111197]
[0.36111197]
[0.36111197]
[0.36111197]
[0.36111197]
[0.36111197]
[0.36111197]
[0.36111197]
[0.36111197]
[0.36111197]
[0.36111197]
[0.36111197]
[0.36111197]
[0.36111197]
[0.36111197]
[0.36111197]
[0.36111197]
[0.36111197]
[0.36111197]
[0.36111197]
[0.36111197]
[0.36111197]
[0.36111197]
[0.36111197]
[0.36111197]
[0.36111197]
[0.36111197]
[0.36111197]
[0.36111197]
[0.36111197]
[0.36111197]
[0.40475047]
[0.38107213]
[0.41340813]
[0.41340813]
[0.41340813]
[0.04387354]
[0.04387354]
[0.4417513]
[0.44593632]
[0.54484886]
[0.384018]
[0.506582]
[0.44684744]
[0.43371874]
[0.43371874]
[0.04510152]
[0.34152952]
[0.34152952]
[0.48019737]
[0.434742]
[0.34570166]
[0.34570166]
[0.34570166]
[0.34570166]
[0.34570166]
[0.34570166]
[0.45139658]
[0.38583797]
[0.38583797]
[0.38583797]
[0.04644802]
[0.45585266]
[0.3638222]
[0.20346539]
[0.36322767]
[0.36322767]
[0.36322767]
[0.36322767]
[0.36322767]
[0.36322767]
[0.36322767]
[0.36322767]
[0.36322767]
[0.36322767]
[0.36322767]
[0.36322767]
[0.36322767]
[0.36322767]
[0.36322767]
[0.36322767]
[0.36322767]
[0.36322767]
[0.36322767]
[0.36322767]
[0.36322767]
[0.36322767]
[0.36322767]
[0.36322767]
[0.36322767]
[0.36322767]
[0.36322767]
[0.36322767]
[0.36322767]
[0.36322767]
[0.36322767]
[0.36322767]
[0.36322767]
[0.36322767]
[0.04755554]
[0.41251642]
[0.39011708]
[0.44206873]
[0.34891307]
[0.33604142]
[0.33604142]
[0.33604142]
[0.04697657]
[0.40675035]
[0.40675035]
[0.34357095]
[0.34357095]
[0.34357095]
[0.34357095]
[0.34357095]
[0.34357095]
[0.36745274]
[0.36745274]
[0.36745274]
[0.33216867]
[0.403144]
[0.31696597]
[0.31006616]
[0.31006616]
[0.31006616]
[0.3283059]
[0.3888712]
[0.3888712]
[0.3888712]
[0.3888712]
[0.3888712]
[0.3888712]
[0.35777238]
[0.36347413]
[0.46754518]
[0.584636]
[0.46828246]
[0.28104135]
[0.28104135]
[0.28104135]
[0.05091975]
[0.37934288]
[0.34394702]
[0.31608295]
[0.3444866]
[0.31608295]
[0.31608295]
[0.31608295]
[0.31608295]
[0.31608295]
[0.31608295]
[0.31608295]
[0.31608295]
[0.3606659]
[0.04717609]
[0.27820778]
[0.15408805]
[0.15408805]
[0.15408805]
[0.15408805]
[0.321039]
[0.321039]
[0.33855516]
[0.04762663]
[0.38288137]
[0.38288137]
[0.38288137]
[0.3264281]
[0.05391745]
[0.30059388]
[0.30059388]
[0.30059388]
[0.30059388]
[0.33833724]
[0.33833724]
[0.33833724]
[0.2967191]
[0.28720325]
[0.20676295]
[0.13696298]
[0.04683599]
[0.2875896]
[0.33862215]
[0.33862215]
[0.33862215]
[0.33862215]
[0.5749832]
[0.26859942]
[0.31347075]
[0.25456724]
[0.25456724]
[0.44081333]
[0.29906988]
[0.38684776]
[0.41952285]
[0.44952667]
[0.32262024]
[0.49103132]
[0.34226263]
[0.2829595]
[0.05069694]
[0.38842997]
[0.19942926]
[0.338535]
[0.1815683]
[0.46285427]
[0.21503136]
[0.05413539]
[0.32385996]
[0.3943592]
[0.3616631]
[0.05315398]
[0.26719776]
[0.26719776]
[0.26719776]
[0.2605088]
[0.1619837]
[0.2830795]
[0.38874087]
[0.14879985]
[0.13257645]
[0.37065744]
[0.12095214]
[0.34961483]
[0.19383135]
[0.25668395]
[0.17442498]
[0.28339386]
[0.25608894]
[0.28121987]
[0.2767708]
[0.30819926]
[0.05828163]
[0.2682497]
[0.22246672]
[0.3421048]
[0.08242922]
[0.3364817]
[0.42938703]
[0.27957717]
[0.34209368]
[0.25404692]
[0.35159567]
[0.24883007]
[0.35141006]
[0.40596083]
[0.21933946]
[0.2995423]
[0.2737353]
[0.21217728]
[0.21217728]
[0.08816949]
[0.07953999]
[0.06381363]
[0.06025116]
[0.32207757]
[0.33481023]
[0.4051992]
[0.1882252]
[0.21478131]
[0.28996345]
[0.09701554]
[0.07984235]
[0.08079071]
[0.09425671]
[0.26578712]
[0.26578712]
[0.10665578]
[0.12641968]
[0.10218427]
[0.3443569]
[0.09311368]
[0.3022758]
[0.06626781]
[0.1128787]
[0.4249058]
[0.3258604]
[0.08381317]
[0.3868919]
[0.12884092]
[0.04192208]
[0.17473753]
[0.40625212]
[0.33756796]
[0.1827421]
[0.21106742]
[0.21106742]
[0.21106742]
[0.25946766]
[0.29054037]
[0.22379893]
[0.26200566]
[0.17117336]
[0.17117336]
[0.20142615]
[0.28119665]
[0.13122916]
[0.22866668]
[0.04398088]
[0.0414408]
[0.06365006]
[0.09986794]
[0.43856916]
[0.4178008]
[0.04418297]
[0.04421908]
[0.04379677]
[0.32600677]
[0.04397132]
[0.04426834]
[0.04249915]
