3.0006096545795415
3.9373341347097517
3.9373341347097517
3.9373341347097517
3.9373341347097517
2.667707476974277
3.490249536905841
3.686905384914944
3.686905384914944
3.686905384914944
4.062832541498262
3.2739162632028
4.427325214560969
4.13313700875878
3.3469370145444817
3.3469370145444817
3.2233840043475555
2.966186927036029
2.966186927036029
3.7723967948033534
2.7518964011563796
2.7571191997533706
2.7571191997533706
2.7571191997533706
2.7571191997533706
4.696647001576177
2.86176303150898
3.5190945117913177
2.6980570847697685
3.7934022164127477
3.926828686980267
2.668436889608781
4.016873902891117
2.5719721123576527
2.5719721123576527
2.5719721123576527
2.5719721123576527
3.2386674523928587
2.790219153986504
2.643212333547128
3.914679174520895
3.336549346372398
1.5633655843027032
1.5633655843027032
1.5633655843027032
4.109635406823416
2.346891827026198
2.883378008267952
2.5865043063878126
2.433161568638022
2.861299719914106
2.861299719914106
3.211880866306366
3.211880866306366
3.211880866306366
3.901242694099908
3.901242694099908
3.901242694099908
2.621592334614528
2.9989510474571333
2.77606509002603
2.77606509002603
3.109348889242794
2.881746468659369
2.881746468659369
4.0393566149697335
4.0393566149697335
2.405224114405943
3.6109661985244124
3.7866720013304995
2.8739143631039177
2.8739143631039177
2.8739143631039177
2.503895865885866
2.503895865885866
4.304624666118168
4.304624666118168
2.6283215162061193
2.6283215162061193
3.2300112458040022
2.235604701123979
2.235604701123979
2.235604701123979
2.235604701123979
2.235604701123979
2.696144677381879
2.6529998384370526
2.6529998384370526
2.6529998384370526
4.456582080666141
1.7709686483304417
3.049057258473562
2.4888816689819517
2.4888816689819517
2.4888816689819517
2.4888816689819517
2.4888816689819517
2.4888816689819517
3.45688273512311
4.429795897046356
2.1222721189864693
2.1222721189864693
3.306830810607299
2.3433523292350813
3.9323952028380873
2.1809230984658523
1.896389375182098
1.896389375182098
1.896389375182098
4.429172857798264
2.509989532032286
2.509989532032286
2.9787944960894155
3.963264033892549
2.27465032652559
2.65482444755545
2.422435901699103
2.058032772923351
3.9182756433098147
3.9182756433098147
2.6657879159121887
2.6657879159121887
2.905493173998675
2.159106690315989
2.159106690315989
2.159106690315989
2.159106690315989
2.159106690315989
2.159106690315989
2.159106690315989
2.93634271181587
2.2738162036401537
3.5622069105574834
2.5289910166027596
2.0532646689035676
3.207892271041736
2.704464975671213
5.0621179650388495
3.7739096085513033
3.6681473280204377
2.798311232565826
2.39609919823474
2.39609919823474
2.0580103324896513
2.94164068298973
3.7550035738788115
4.311970761149897
2.866773243995997
2.7033267964192724
2.7033267964192724
2.7033267964192724
2.488094762862911
3.441366098391242
2.0738252254953444
2.335500305392877
2.713217576577968
3.903603163644858
2.4858570716486312
2.2461399652333753
2.2461399652333753
2.35002678468282
2.35002678468282
3.1836627064818934
2.583659693838486
2.057588929258598
2.8417484131511657
4.304403607093397
4.15816729349073
2.1351557997591275
3.51031994454509
2.7827994394221918
2.550353658708449
2.288354283588287
2.630958436193044
3.6020113054918355
3.786401626662972
2.51666365144815
2.7033519812581748
2.333104778637791
2.333104778637791
2.333104778637791
2.333104778637791
2.160448554466896
3.0824981444180404
3.544107425409453
3.544107425409453
1.9878929341524678
2.576330889573825
3.7374892646228703
3.7374892646228703
2.3076860836976714
2.2869455716650684
3.529124079190389
2.2396165532913095
2.2396165532913095
2.2396165532913095
2.9021284444403754
2.9021284444403754
1.4218907484697816
1.4218907484697816
2.4745775539614776
4.708337447243525
4.65240965526368
2.4841482674196484
2.6485698320200974
1.8005629065135427
1.8005629065135427
1.8005629065135427
1.8005629065135427
2.9792958585646687
3.385632036874929
3.018200111048394
4.102690421360869
2.840795515135799
2.840795515135799
2.840795515135799
4.0175535540125455
4.421898147427553
2.4914088151952942
3.6935969569305627
1.9672819644719617
3.0542875891103414
4.036658640237631
2.6878775374213912
2.6067011404238922
2.8761035133387782
2.588185205141981
2.527018174293749
2.406810186101616
3.188743722166474
3.0554801614029135
2.563566618814729
5.299973487619714
2.405550064172145
2.405550064172145
3.0316596735658665
3.0316596735658665
3.0316596735658665
3.435162082234376
2.859964654505303
4.548532584209799
2.88002053607555
2.392468396373367
3.8857663315689237
2.052566762638852
2.797139062789327
2.52117568887307
3.363278512766774
3.779206071909952
2.8745544688540985
2.448301376517003
2.766320169346095
1.9736812955756413
1.9736812955756413
4.098850713775858
3.14243685450334
5.010591129513927
3.655850403221878
3.655850403221878
3.655850403221878
3.655850403221878
3.655850403221878
2.956680146600913
3.733887719396324
2.388453129392726
2.388453129392726
3.648344968295026
2.353642975135056
1.8683141597546822
3.3046447616675128
2.8713114001153244
2.5629226319360914
2.4009250266880606
3.464951421863451
4.692793683110898
3.5896888449846553
3.5896888449846553
3.460782939884962
2.662175066016678
4.1409265171500955
4.0263043232433136
2.7363947329476837
2.5136722038029244
4.0610711849122465
2.8148465949693477
2.622558762801516
2.943135422298667
3.0579665990391467
3.2676659529383727
4.186833990169989
2.596327783869956
2.219474458471744
4.721640050261561
3.93213449133631
3.111353895925272
2.9418088632945096
5.071858471314194
2.2314823300588476
4.105744903720614
4.232440604640073
4.90263197576279
4.173937340994794
4.233638599498521
3.0142001574638853
2.700029336503958
2.700029336503958
3.208485692161549
5.308442920168327
3.093235470354748
4.219674805397885
3.463109133485953
3.4147586910592764
2.8873983295241867
2.361411708851543
2.2890216299290973
5.332219822685152
3.3026141918828156
2.982878785130527
2.370019176932832
4.237493029377903
3.96234598545968
2.889827698757859
3.706548180865269
2.319045533405694
2.5445905409490823
2.8839363231922466
2.7523261753889283
3.363981908676829
2.9715939444461323
2.7703475739903265
3.0318439482226296
4.751383656858348
5.257826082016091
4.033750413435895
2.9790278635088665
3.8368335433006884
4.568741621087025
4.984834485532454
4.365028929872043
3.2442340154999405
3.0076157722957966
3.180074649986114
4.471368375139813
3.979048090386634
3.076260344545977
2.6700901584518952
4.825267405062979
3.084992479700542
3.417467002552492
3.3353303751936565
3.164382997700571
2.66597932113695
3.5511673172271987
2.9809543724987186
2.78722269409991
3.4632475053483622
5.21675422299806
2.411371871977604
5.302417043379017
2.743498837955988
4.2431076162800965
3.3106588580554863
3.3106588580554863
3.0865785845011997
2.1226085353009605
2.413695186584345
3.1162204458756158
3.6744807837163806
2.3538602703584335
2.8616538963975913
3.783720111552581
4.773106846903596
3.008354240171207
2.2939556642283723
2.605493393153056
3.9887657654338238
3.809098500740964
3.9532778367592876
3.694725964882963
3.141074136464015
3.315863756814318
3.46907914382542
4.492416100693314
1.4123290433790174
1.2644657830406398
3.63429448337034
2.446681106465288
4.145455375362404
3.869263010425846
2.4310685239440986
2.2777447159327426
1.7102269655025406
3.687394436883217
4.040414766844782
4.324506160034492
2.581670437301252
4.959934987788881
1.3016096663675611
3.965174014507048
2.2872010433790173
2.073656494988267
2.1369176587636343
2.8126954037914853
4.11595878334381
2.142120825561456
1.989395197225173
1.591898544394347
3.526767692607251
3.9361465392922987
4.198853077222637
2.046876763096236
1.5945274155095817
2.632387523288177
3.0394804984495742
3.309204022391288
1.8802166915189336
5.223564858111134
4.419294635663711
4.732640752917822
3.0671272942700467
2.692554952741519
5.208110844916291
4.256595106149765
3.454477130157395
2.94170009788726
5.135521148141995
3.1410112165489217
4.501823380482144
3.500158970407268
2.523487432677925
3.1937315184106287
4.5438780072255565
3.367461508006441
3.118291369064732
3.4253045581839983
2.826875676530795
3.623555048633424
3.8585196995332485
4.263025113531702
4.833855906847197
4.001629565720316
3.669121765103238
3.7899031924811366
5.151371773306343
4.729785135807045
4.08999868818016
4.427933707981568
5.274379658986248
4.043614072795545
2.580566445215654
3.6343398050959372
5.4478983104577186
4.939126420532176
2.829180940100093
2.235510816688107
3.4109174569016787
2.31212226882837
7.3284153846153846
7.3284153846153846
4.071219036784999
2.5377782830406392
4.0867296334072964
3.1166251755853764
3.3874287302138475
3.2823924295666753
4.8268339468859125
4.021810778766106
3.4192468098467437
3.66308324929963
5.175038971565881
3.8283464746585336
5.591879030514358
3.2446677222562883
4.384529534404084
3.9571060758676655
4.681043933919791
3.8622312900364317
3.8462745129420224
5.717396558421965
4.085662866644393
3.7913273485969627
6.512966849207241
4.009019609709737
4.66416557782556
4.934606780525476
2.5045270767074097
3.545658423841333
6.55938506822254
5.747654750927498
4.159316339382962
3.380676342945944
4.053195539366864
4.177870139131103
4.37416396896886
5.084439792705268
4.930490201202899
4.8348125923353225
4.871591651379278
5.268379119871495
4.312154137291147
