[0.77927995]
[0.75183904]
[0.7911963]
[0.8044707]
[0.8030792]
[0.8030792]
[0.7924532]
[0.7924532]
[0.7924532]
[0.78973985]
[0.79283625]
[0.79283625]
[0.79283625]
[0.79283625]
[0.7871386]
[0.7871386]
[0.7871386]
[0.7871386]
[0.7871386]
[0.7871386]
[0.7871386]
[0.7871386]
[0.7871386]
[0.7871386]
[0.7871386]
[0.78635526]
[0.69056183]
[0.7554037]
[0.7554037]
[0.7554037]
[0.7554037]
[0.7554037]
[0.7554037]
[0.7656124]
[0.71661806]
[0.5220479]
[0.5220479]
[0.5220479]
[0.61832505]
[0.49199829]
[0.49199829]
[0.49199829]
[0.49199829]
[0.49199829]
[0.49199829]
[0.5091012]
[0.58594495]
[0.5474474]
[0.43504685]
[0.52624136]
[0.52624136]
[0.52624136]
[0.4992377]
[0.4992377]
[0.4992377]
[0.4992377]
[0.4992377]
[0.4992377]
[0.4992377]
[0.4992377]
[0.4992377]
[0.4992377]
[0.7221247]
[0.47611618]
[0.47611618]
[0.47611618]
[0.47611618]
[0.47611618]
[0.47611618]
[0.47611618]
[0.47611618]
[0.47611618]
[0.47611618]
[0.54379165]
[0.47093993]
[0.49303055]
[0.54092425]
[0.7134605]
[0.5252532]
[0.61078405]
[0.34409115]
[0.34409115]
[0.34409115]
[0.34409115]
[0.4887573]
[0.4939071]
[0.484845]
[0.47817954]
[0.47817954]
[0.47817954]
[0.47817954]
[0.47817954]
[0.47817954]
[0.47817954]
[0.47817954]
[0.33260608]
[0.49303055]
[0.43300122]
[0.40876225]
[0.41164452]
[0.41164452]
[0.41164452]
[0.41164452]
[0.41164452]
[0.41164452]
[0.43271813]
[0.38446346]
[0.6928041]
[0.3922621]
[0.43114185]
[0.43114185]
[0.43114185]
[0.43114185]
[0.43114185]
[0.43114185]
[0.43114185]
[0.43114185]
[0.43114185]
[0.43114185]
[0.43114185]
[0.43114185]
[0.43114185]
[0.43114185]
[0.43114185]
[0.43114185]
[0.43114185]
[0.43114185]
[0.43114185]
[0.43114185]
[0.43114185]
[0.43114185]
[0.38898548]
[0.45389235]
[0.3871573]
[0.3871573]
[0.3871573]
[0.3871573]
[0.3871573]
[0.3871573]
[0.3871573]
[0.3871573]
[0.3871573]
[0.3871573]
[0.3871573]
[0.3871573]
[0.3871573]
[0.3871573]
[0.3871573]
[0.3871573]
[0.3871573]
[0.3871573]
[0.3871573]
[0.3871573]
[0.3871573]
[0.3871573]
[0.3871573]
[0.3871573]
[0.3871573]
[0.3871573]
[0.3871573]
[0.3871573]
[0.3871573]
[0.3871573]
[0.3871573]
[0.3871573]
[0.3871573]
[0.3871573]
[0.3871573]
[0.3871573]
[0.3871573]
[0.3871573]
[0.3871573]
[0.3871573]
[0.3871573]
[0.3871573]
[0.3871573]
[0.3871573]
[0.3871573]
[0.3871573]
[0.3871573]
[0.3871573]
[0.3871573]
[0.3871573]
[0.3871573]
[0.3871573]
[0.3871573]
[0.3871573]
[0.3871573]
[0.3871573]
[0.3871573]
[0.51294184]
[0.4991933]
[0.45899323]
[0.45899323]
[0.45899323]
[0.3279017]
[0.35285777]
[0.42186016]
[0.39416817]
[0.45022604]
[0.45022604]
[0.40347835]
[0.40347835]
[0.40347835]
[0.40347835]
[0.40347835]
[0.36605662]
[0.36605662]
[0.36605662]
[0.36605662]
[0.36605662]
[0.36605662]
[0.36605662]
[0.36605662]
[0.44592908]
[0.44592908]
[0.44592908]
[0.3860725]
[0.3860725]
[0.45652893]
[0.31545627]
[0.31545627]
[0.31545627]
[0.31545627]
[0.3542999]
[0.42110172]
[0.42110172]
[0.42110172]
[0.3731168]
[0.37311676]
[0.38214546]
[0.38214546]
[0.38214546]
[0.38214546]
[0.38214546]
[0.38214546]
[0.38214546]
[0.38214546]
[0.38214546]
[0.38214546]
[0.38214546]
[0.38214546]
[0.38214546]
[0.38214546]
[0.38214546]
[0.38214546]
[0.38214546]
[0.38214546]
[0.38214546]
[0.38214546]
[0.38214546]
[0.38214546]
[0.38214546]
[0.38214546]
[0.38214546]
[0.38214546]
[0.38214546]
[0.38214546]
[0.38214546]
[0.38214546]
[0.38214546]
[0.38214546]
[0.38214546]
[0.38214546]
[0.38214546]
[0.38214546]
[0.38214546]
[0.38214546]
[0.38214546]
[0.38214546]
[0.38214546]
[0.38214546]
[0.38214546]
[0.38214546]
[0.38214546]
[0.38214546]
[0.38214546]
[0.38214546]
[0.38214546]
[0.38214546]
[0.38214546]
[0.38214546]
[0.38214546]
[0.38214546]
[0.38214546]
[0.38214546]
[0.38214546]
[0.38214546]
[0.38214546]
[0.38214546]
[0.38214546]
[0.38214546]
[0.38214546]
[0.38214546]
[0.38214546]
[0.38214546]
[0.38214546]
[0.38214546]
[0.38214546]
[0.38214546]
[0.38214546]
[0.38214546]
[0.38214546]
[0.38214546]
[0.38214546]
[0.38214546]
[0.38214546]
[0.44956636]
[0.44956636]
[0.44956636]
[0.31794482]
[0.5082573]
[0.5082573]
[0.36803237]
[0.36803237]
[0.36803237]
[0.4880545]
[0.4880545]
[0.4880545]
[0.27355456]
[0.3736987]
[0.3736987]
[0.3736987]
[0.3892973]
[0.31152007]
[0.31152007]
[0.31152007]
[0.31152007]
[0.31152007]
[0.31152007]
[0.4703501]
[0.36084473]
[0.4370355]
[0.34906283]
[0.3639139]
[0.3639139]
[0.3639139]
[0.3639139]
[0.3639139]
[0.3639139]
[0.41832364]
[0.36512622]
[0.3746967]
[0.3746967]
[0.3746967]
[0.3746967]
[0.3746967]
[0.3787946]
[0.370419]
[0.44546473]
[0.40597925]
[0.3809704]
[0.38621107]
[0.38461253]
[0.3616272]
[0.44247493]
[0.41635835]
[0.38197872]
[0.40221587]
[0.37412217]
[0.46796456]
[0.41929242]
[0.29152653]
[0.3578191]
[0.40110692]
[0.34777954]
[0.34777954]
[0.34777954]
[0.34777954]
[0.34777954]
[0.34777954]
[0.34954852]
[0.45212588]
[0.45212588]
[0.45212588]
[0.42227054]
[0.42227054]
[0.42227054]
[0.3821394]
[0.28592694]
[0.31315437]
[0.36913127]
[0.46832734]
[0.38697675]
[0.35156447]
[0.33662]
[0.33662]
[0.33662]
[0.35710433]
[0.37851048]
[0.33581385]
[0.33671206]
[0.37135494]
[0.37153643]
[0.3838837]
[0.45075184]
[0.3357455]
[0.31237304]
[0.33749592]
[0.27922958]
[0.30623537]
[0.32077232]
[0.37416673]
[0.32107225]
[0.39568326]
[0.37119097]
[0.2704801]
[0.3494534]
[0.33080077]
[0.2986469]
[0.3344547]
[0.31649026]
[0.2610417]
[0.4501324]
[0.34033015]
[0.37232175]
[0.37798357]
[0.37657306]
[0.32919514]
[0.37914798]
[0.32277754]
[0.35212725]
[0.2901651]
[0.3739433]
[0.36911753]
[0.41007575]
[0.28124776]
[0.3178997]
[0.43513504]
[0.2958573]
[0.30879575]
[0.293669]
[0.293669]
[0.293669]
[0.2929163]
[0.30273366]
[0.2627111]
[0.3331599]
[0.26577497]
[0.27135068]
[0.34705245]
[0.32478186]
[0.3003131]
[0.34845364]
[0.32528102]
[0.5385885]
[0.24624486]
[0.31226125]
[0.27025837]
[0.23979779]
[0.29097092]
[0.2956724]
[0.29031664]
[0.26146042]
[0.3094963]
[0.26487124]
[0.31857485]
[0.34191045]
[0.2177713]
[0.33895323]
[0.24583445]
[0.28021348]
[0.26628864]
[0.30414113]
[0.3143397]
[0.25118706]
[0.43964013]
[0.43964013]
[0.24708532]
[0.30487204]
[0.268562]
[0.3439638]
[0.24274464]
[0.25299162]
[0.26923478]
[0.26923478]
[0.22463626]
[0.262133]
[0.1746321]
[0.19614314]
[0.30188447]
[0.27994046]
[0.2988732]
[0.16420206]
[0.16420206]
[0.33810195]
[0.17693122]
[0.35262093]
[0.09218866]
[0.08973137]
[0.1505404]
[0.1505404]
[0.21005899]
[0.40775058]
[0.353915]
[0.5021048]
[0.45082086]
[0.351586]
[0.25837153]
[0.23193105]
