20.688720000000018
20.633120000000016
20.294500000000014
20.04052000000001
19.90440000000001
20.17392000000001
19.447620000000004
20.05832000000001
20.05832000000001
20.05832000000001
20.05832000000001
20.05832000000001
20.09332000000001
19.685820000000003
19.685820000000003
19.401640000000004
19.401640000000004
19.401640000000004
19.401640000000004
19.569820000000007
19.52422
19.533120000000004
19.533120000000004
20.17882000000001
19.32172
19.32172
19.32172
19.807800000000007
19.24004
19.24004
19.609720000000003
19.609720000000003
19.609720000000003
18.641419999999997
19.07642
19.07642
19.07642
19.07642
19.07642
19.46924
19.46924
19.40722
19.40722
19.989920000000012
19.9189
19.581200000000006
19.826300000000007
19.549700000000005
18.917439999999996
19.09322
19.09322
19.09322
19.09322
19.09322
19.381920000000004
19.381920000000004
20.078200000000002
19.80602
19.80602
19.80602
19.15944
19.336020000000005
20.29972000000001
20.29972000000001
20.29972000000001
20.29972000000001
19.89152
19.161919999999995
19.161919999999995
19.201620000000002
19.201620000000002
19.201620000000002
19.201620000000002
19.201620000000002
19.201620000000002
19.64242
19.020819999999997
19.020819999999997
19.020819999999997
18.818319999999996
19.55092
20.163700000000006
19.53952
19.163919999999994
19.163919999999994
19.886420000000005
19.622620000000005
19.36502
18.931619999999995
18.931619999999995
18.931619999999995
18.931619999999995
18.931619999999995
18.931619999999995
19.86732
18.814619999999994
18.814619999999994
19.410120000000003
19.410120000000003
19.410120000000003
19.410120000000003
19.66492
19.11994
19.11994
19.11994
19.11994
19.68412
19.68412
19.68412
19.68412
19.68412
19.68412
19.17164
19.17164
18.92204
18.765519999999995
18.99404
18.99404
18.887839999999997
18.871040000000004
18.399119999999993
19.435520000000004
18.683839999999996
19.030440000000002
19.030440000000002
19.160819999999998
19.160819999999998
19.160819999999998
19.160819999999998
19.160819999999998
19.20102
19.20102
19.20102
18.827939999999995
19.01702
19.409000000000002
18.827939999999995
19.017119999999995
19.304520000000004
19.599819999999998
19.599819999999998
19.0655
19.0655
18.537019999999995
19.0655
18.32483999999999
18.935439999999996
19.688100000000002
19.00754
19.00754
19.74992
19.74992
19.01552
18.811519999999994
18.869519999999994
18.913439999999998
18.913439999999998
18.913439999999998
19.306019999999997
18.428219999999992
18.428219999999992
18.928219999999996
17.89571999999999
18.86322
18.958319999999997
19.641920000000006
18.863219999999995
18.811519999999994
19.30752
19.30752
19.23962
18.767119999999995
19.035899999999998
19.035899999999998
19.035899999999998
19.19592
19.19592
18.563739999999996
18.562619999999992
19.05963999999999
19.150419999999997
18.490639999999996
19.311119999999995
18.54151999999999
18.955439999999996
19.414020000000004
19.292219999999997
18.903219999999997
19.453320000000005
18.773099999999996
18.773099999999996
18.852919999999997
19.555120000000002
19.089499999999997
18.500619999999994
19.48832
18.687819999999995
18.687819999999995
18.94284
18.687819999999995
18.687819999999995
18.687819999999995
18.687819999999995
19.037119999999998
19.223919999999996
19.223919999999996
19.223919999999996
19.223919999999996
18.96474
18.597039999999993
18.568219999999993
18.871819999999996
18.64811999999999
18.890719999999998
18.961019999999994
18.669419999999995
18.417819999999992
18.842619999999997
19.539099999999998
18.649239999999995
18.649239999999995
18.619519999999994
18.619519999999994
18.716719999999995
18.945219999999992
18.523339999999994
19.036539999999995
18.801119999999997
19.077319999999997
18.921819999999997
18.660019999999992
18.027819999999988
18.027819999999988
18.944699999999997
19.2503
19.465899999999998
18.14773999999999
19.173919999999995
18.32879999999999
18.647019999999994
18.643739999999994
18.40211999999999
18.267839999999993
19.5174
19.5174
19.5174
19.5174
19.012739999999997
18.622819999999987
18.622819999999987
19.461340000000003
19.031419999999994
18.695399999999992
18.568899999999996
19.089119999999998
18.568819999999995
18.568819999999995
19.337419999999995
18.558819999999994
19.1702
18.644319999999997
19.039099999999994
18.95789999999999
19.0265
18.788019999999996
17.963139999999985
18.527319999999992
18.358419999999988
18.71739999999999
18.35301999999999
19.210099999999997
19.268099999999997
18.41701999999999
18.514939999999992
19.377119999999994
18.55581999999999
19.73230000000001
18.693519999999992
19.354699999999998
17.980519999999988
18.101719999999986
19.023219999999995
18.69409999999999
18.590919999999993
18.699519999999996
18.459419999999994
18.297119999999993
18.852999999999998
19.126619999999996
17.971739999999986
18.009139999999988
18.42921999999999
18.795419999999993
18.025119999999983
18.76701999999999
18.787519999999997
17.751919999999984
17.958739999999988
17.61001999999998
17.950739999999985
18.74339999999999
18.08321999999998
17.838599999999982
18.976079999999993
18.754299999999994
17.839219999999987
18.660019999999985
18.528019999999987
17.88401999999999
17.91321999999999
17.797799999999985
18.09169999999999
18.21561999999999
17.808619999999983
18.19793999999999
18.419039999999995
17.404019999999978
18.50761999999998
18.017019999999988
17.41983999999998
17.47671999999998
18.243519999999986
17.35701999999998
18.33839999999999
18.80361999999999
17.839719999999986
17.256499999999978
17.18879999999998
18.993819999999992
16.307199999999973
18.088799999999985
18.28211999999999
17.59721999999998
17.964199999999984
18.80159999999999
18.22283999999999
16.561519999999973
18.287839999999992
17.324199999999976
18.57719999999999
17.44053999999997
18.739419999999996
16.334119999999967
18.42559999999999
18.06983999999999
17.534299999999973
18.78999999999999
17.881619999999987
18.33923999999999
16.776719999999973
16.676719999999975
17.966799999999985
17.991399999999985
17.655399999999982
17.601399999999984
18.154519999999984
18.15899999999999
15.642599999999968
18.063119999999984
16.91619999999997
16.243719999999964
15.731499999999967
18.596119999999992
16.870599999999968
16.114719999999963
17.923319999999986
18.16141999999999
18.049599999999987
15.181319999999971
15.191519999999969
15.260619999999967
15.411819999999967
15.455499999999963
15.722299999999962
18.315299999999983
14.137719999999973
14.900419999999967
14.118919999999973
13.581519999999975
12.193019999999983
12.566119999999978
12.708999999999982
12.117019999999982
12.089299999999982
12.715899999999976
19.045799999999996
18.807539999999996
18.870419999999992
9.635219999999995
8.86072
9.876219999999993
9.157919999999997
9.723719999999995
9.079019999999998
10.112199999999993
8.403720000000003
19.299599999999995
8.018720000000007
9.557319999999995
18.41073999999999
8.184820000000006
18.853099999999994
6.621320000000004
7.803620000000007
18.114799999999985
6.691220000000006
17.99941999999999
7.390720000000005
6.798120000000005
7.391220000000005
6.960720000000006
6.431400000000005
7.121800000000005
6.404520000000005
7.739200000000005
5.848320000000005
6.311620000000004
6.354120000000004
5.284720000000004
5.7554200000000035
5.797920000000004
6.298720000000005
5.899520000000004
6.328620000000005
6.586000000000005
5.343320000000004
5.772420000000005
4.7375200000000035
5.845800000000004
4.869200000000004
19.954900000000006
2.638020000000001
2.638020000000001
4.105420000000003
4.105420000000003
4.105420000000003
10.659319999999989
3.4914200000000024
3.4914200000000024
3.5856200000000022
18.49163999999999
4.159400000000003
4.108500000000004
2.6948000000000008
18.07601999999999
1.0262
1.0262
1.0262
1.5824
2.6019000000000005
1.4766000000000001
2.0457
1.532
1.4895
0.7614000000000001
1.3404
0.5857
0.9503
18.734119999999994
18.414099999999994
0.6361
0.6361
12.711119999999976
19.30882
17.52051999999998
17.885839999999984
17.66691999999998
19.858320000000006
19.284819999999993
11.346019999999983
18.627939999999995
18.728599999999993
18.47049999999999
18.38881999999999
19.189299999999996
18.38231999999999
18.83672
18.30551999999999
10.139499999999993
17.978399999999986
18.669119999999985
17.93961999999999
18.621799999999993
18.26409999999999
18.65623999999999
19.756220000000006
17.344719999999977
18.48921999999999
13.322499999999975
17.999619999999986
17.965219999999988
16.545719999999964
19.1316
14.870799999999969
15.704299999999966
18.077919999999978
18.778639999999996
19.620100000000004
19.091099999999997
19.137399999999996
