26.667300000000065
26.667300000000065
26.667300000000065
26.667300000000065
26.684800000000067
26.684800000000067
26.684800000000067
26.684800000000067
26.684800000000067
26.684800000000067
26.285600000000066
26.285600000000066
26.384200000000067
26.384200000000067
26.684800000000067
26.426700000000068
26.426700000000068
26.384200000000067
26.384200000000067
26.384200000000067
26.384200000000067
26.384200000000067
26.384200000000067
26.384200000000067
26.384200000000067
26.69390000000006
26.693900000000063
26.552800000000058
26.552800000000058
26.552800000000058
26.552800000000058
26.552800000000058
26.715500000000088
26.061600000000066
26.061600000000066
26.061600000000066
26.061600000000066
26.061600000000066
26.061600000000066
26.061600000000066
26.061600000000066
26.061600000000066
26.15820000000006
26.15820000000006
26.15820000000006
26.15820000000006
26.15820000000006
26.15820000000006
26.15820000000006
26.15820000000006
26.15820000000006
26.061600000000066
26.061600000000066
26.061600000000066
26.061600000000066
26.061600000000066
26.061600000000066
26.061600000000066
26.061600000000066
26.061600000000066
26.061600000000066
26.061600000000066
26.061600000000066
26.061600000000066
26.061600000000066
26.061600000000066
26.061600000000066
26.061600000000066
26.061600000000066
26.061600000000066
26.061600000000066
26.061600000000066
26.061600000000066
26.061600000000066
26.061600000000066
26.061600000000066
26.061600000000066
26.061600000000066
26.061600000000066
26.061600000000066
26.061600000000066
26.061600000000066
26.061600000000066
26.061600000000066
26.061600000000066
26.061600000000066
26.061600000000066
26.061600000000066
26.061600000000066
26.061600000000066
26.061600000000066
26.061600000000066
26.061600000000066
26.061600000000066
26.061600000000066
26.061600000000066
26.061600000000066
26.061600000000066
26.061600000000066
26.061600000000066
26.061600000000066
26.061600000000066
26.061600000000066
26.061600000000066
26.061600000000066
26.061600000000066
26.061600000000066
26.061600000000066
25.895500000000066
25.895500000000066
26.019100000000062
26.019100000000062
26.019100000000062
26.019100000000062
26.061600000000066
26.061600000000066
26.061600000000066
26.061600000000066
26.061600000000066
26.061600000000066
26.061600000000066
26.061600000000066
26.061600000000066
26.061600000000066
26.061600000000066
26.061600000000066
26.061600000000066
26.061600000000066
26.061600000000066
26.061600000000066
26.061600000000066
26.061600000000066
26.061600000000066
26.061600000000066
26.061600000000066
26.061600000000066
26.061600000000066
26.061600000000066
26.061600000000066
26.061600000000066
26.061600000000066
26.061600000000066
26.061600000000066
26.061600000000066
26.061600000000066
26.061600000000066
26.061600000000066
26.061600000000066
26.061600000000066
26.061600000000066
26.061600000000066
26.061600000000066
26.061600000000066
26.061600000000066
26.061600000000066
26.061600000000066
26.061600000000066
26.061600000000066
26.061600000000066
26.061600000000066
26.061600000000066
26.061600000000066
26.061600000000066
26.061600000000066
26.061600000000066
26.061600000000066
26.061600000000066
26.061600000000066
26.061600000000066
26.061600000000066
26.061600000000066
26.061600000000066
26.061600000000066
26.061600000000066
26.061600000000066
26.061600000000066
26.061600000000066
26.061600000000066
26.061600000000066
26.061600000000066
26.061600000000066
26.061600000000066
26.061600000000066
26.061600000000066
26.061600000000066
26.061600000000066
26.061600000000066
26.061600000000066
26.061600000000066
26.061600000000066
26.061600000000066
26.061600000000066
26.061600000000066
26.061600000000066
26.061600000000066
26.061600000000066
25.895500000000066
26.061600000000066
26.160200000000064
26.160200000000064
26.160200000000064
26.160200000000064
26.160200000000064
26.160200000000064
26.160200000000064
25.93800000000007
25.93800000000007
26.036600000000067
26.036600000000067
26.036600000000067
26.160200000000064
26.160200000000064
26.160200000000064
26.160200000000064
26.160200000000064
26.160200000000064
26.160200000000064
26.160200000000064
26.160200000000064
25.877100000000066
26.160200000000064
26.160200000000064
26.160200000000064
26.036600000000067
26.160200000000064
26.160200000000064
26.160200000000064
26.160200000000064
25.781000000000063
25.77850000000007
25.77850000000007
25.902100000000065
25.902100000000065
25.902100000000065
25.902100000000065
25.902100000000065
25.902100000000065
25.902100000000065
25.902100000000065
25.902100000000065
25.902100000000065
25.902100000000065
25.902100000000065
25.902100000000065
26.162700000000058
25.827100000000065
25.370900000000063
25.370900000000063
25.671500000000062
25.671500000000062
25.671500000000062
25.671500000000062
25.671500000000062
25.671500000000062
25.671500000000062
25.702700000000068
25.702700000000068
25.702700000000068
25.702700000000068
25.76810000000006
25.505400000000066
25.505400000000066
25.505400000000066
25.702700000000068
25.671500000000062
25.577400000000065
25.505400000000066
25.505400000000066
25.505400000000066
25.577400000000065
25.370900000000063
25.671500000000062
25.671500000000062
25.671500000000062
26.092300000000076
25.671500000000062
25.577400000000065
25.577400000000065
25.725600000000057
26.092300000000076
25.77010000000006
25.80600000000006
25.345900000000064
26.092300000000076
25.770100000000063
25.455900000000064
25.77010000000006
25.388400000000065
25.426500000000065
25.522000000000066
25.413400000000067
25.55450000000007
25.510000000000062
25.413400000000067
25.413400000000067
25.370900000000063
25.413400000000067
25.554500000000065
25.554500000000065
25.772600000000057
25.932800000000075
25.552500000000066
25.479500000000066
25.623770000000064
25.624500000000065
25.624500000000065
25.51450000000006
25.281400000000062
25.281400000000062
25.281400000000062
25.624500000000065
25.281400000000062
25.087800000000062
25.447500000000062
25.11530000000006
25.281400000000062
25.11530000000006
25.281400000000062
25.157800000000066
25.281400000000062
25.536100000000065
25.536100000000065
25.536100000000065
25.281400000000062
25.281400000000062
25.702200000000072
25.281400000000062
25.702200000000072
25.769600000000064
25.381400000000067
25.480000000000064
25.381400000000067
25.812100000000065
25.381400000000067
25.456600000000066
25.131900000000066
24.72270000000006
24.72270000000006
25.555200000000063
25.131900000000066
25.12190000000006
24.697700000000058
25.54270000000007
25.23440000000006
25.44320000000006
25.230500000000063
24.765200000000057
25.18550000000006
25.29710000000006
25.157300000000063
24.765200000000057
25.28140000000007
24.765200000000057
24.765200000000057
25.23050000000006
25.255500000000065
24.765200000000057
25.157300000000063
24.89130000000006
24.767700000000062
25.186100000000064
24.98990000000006
25.03580000000005
24.605700000000052
24.751900000000056
25.124400000000062
25.124400000000062
24.629300000000057
24.907900000000062
24.21560000000005
24.21560000000005
24.82850000000006
24.54900000000006
24.284700000000054
25.279800000000062
24.294300000000057
24.90400000000006
25.370400000000064
24.358300000000053
24.579500000000056
23.910400000000053
25.423400000000065
25.423400000000065
24.122000000000053
24.404400000000056
23.78600000000005
23.51410000000005
23.603100000000047
23.45010000000005
23.55100000000005
24.74720000000006
23.53720000000005
24.865000000000055
24.09630000000005
24.191000000000056
22.778300000000044
23.309000000000044
23.309000000000044
22.481100000000037
22.98340000000004
22.56390000000004
22.79700000000004
21.523400000000024
20.88320000000002
20.791200000000018
21.063400000000023
19.617900000000002
18.21669999999999
18.41349999999999
17.343599999999977
17.77989999999998
17.091399999999975
16.65289999999997
16.606799999999968
16.606799999999968
16.606799999999968
24.89130000000006
15.96219999999996
15.408799999999962
15.356499999999961
15.059299999999961
15.059299999999961
15.059299999999961
15.720699999999962
14.800299999999964
14.778899999999965
14.778899999999965
14.944999999999963
14.544699999999965
14.944999999999963
15.628699999999961
15.076199999999963
14.331599999999964
14.072199999999969
13.722899999999969
13.33279999999997
13.116299999999974
12.385899999999976
12.368499999999978
11.777399999999982
10.923399999999987
10.461019999999992
11.129199999999987
9.904819999999996
10.291699999999993
10.291699999999993
10.275199999999991
10.44129999999999
9.2063
10.017199999999994
7.267800000000007
9.301999999999998
10.183299999999994
9.178600000000003
10.753199999999989
10.275299999999993
10.349399999999992
9.627099999999997
10.090399999999994
10.050699999999994
9.236999999999998
7.433900000000007
9.1146
6.630300000000008
8.806100000000002
7.559200000000007
7.559200000000007
7.559200000000007
6.653700000000006
6.263600000000006
24.587700000000055
5.873500000000005
4.537100000000004
4.147000000000004
4.876800000000005
4.876800000000005
5.433000000000005
5.433000000000005
3.3668000000000022
4.096600000000003
4.662400000000003
4.662400000000003
3.7161000000000026
3.4825000000000026
24.74720000000006
1.0994
0.6361
24.89130000000006
24.89130000000006
25.03540000000006
24.73660000000006
25.03640000000006
25.13120000000006
9.1555
14.278499999999964
25.37040000000006
24.563900000000057
22.70630000000004
23.57500000000005
25.31210000000007
