[0.09646498]
[0.09646498]
[0.09646498]
[0.0968769]
[0.0968769]
[0.0968769]
[0.09719741]
[0.09719741]
[0.09719741]
[0.09719741]
[0.09719741]
[0.09719741]
[0.09644864]
[0.09726839]
[0.09665957]
[0.09665957]
[0.09665957]
[0.0971427]
[0.09714262]
[0.0968672]
[0.09674191]
[0.09686665]
[0.09686766]
[0.09686766]
[0.09668197]
[0.09668197]
[0.09668197]
[0.09668197]
[0.09668197]
[0.09668191]
[0.09766278]
[0.09668875]
[0.09668875]
[0.09668875]
[0.09668875]
[0.09668875]
[0.09668875]
[0.09668875]
[0.09673379]
[0.09671467]
[0.09671467]
[0.09668118]
[0.09668118]
[0.09668118]
[0.09668118]
[0.09697407]
[0.09664573]
[0.09647811]
[0.09758601]
[0.09741765]
[0.09736238]
[0.09673291]
[0.09737145]
[0.09719491]
[0.09750661]
[0.09728123]
[0.09728123]
[0.09708258]
[0.09664983]
[0.09693041]
[0.09693041]
[0.09693041]
[0.09722535]
[0.09722215]
[0.09722215]
[0.09722215]
[0.09722215]
[0.09722215]
[0.09722215]
[0.09722215]
[0.09722215]
[0.09722215]
[0.09722215]
[0.09722215]
[0.09722215]
[0.09722215]
[0.09722215]
[0.09722215]
[0.09722215]
[0.09722215]
[0.09699768]
[0.09699768]
[0.09663351]
[0.09663351]
[0.09722922]
[0.09714194]
[0.09714194]
[0.09742931]
[0.09673401]
[0.09673401]
[0.09686661]
[0.0972674]
[0.09673309]
[0.09673309]
[0.09673309]
[0.09692979]
[0.09692979]
[0.09692979]
[0.09765958]
[0.09678988]
[0.09676306]
[0.09671465]
[0.09671465]
[0.09671465]
[0.09671465]
[0.09671465]
[0.09671465]
[0.09671465]
[0.09671465]
[0.09671465]
[0.09671465]
[0.09671465]
[0.09671465]
[0.09671465]
[0.09671465]
[0.09671465]
[0.09678863]
[0.09778647]
[0.09793761]
[0.09803867]
[0.09803867]
[0.0977537]
[0.09778482]
[0.09697051]
[0.09695069]
[0.09695069]
[0.09695069]
[0.09695069]
[0.09685829]
[0.09685829]
[0.09735829]
[0.09677033]
[0.09831296]
[0.09770586]
[0.09652457]
[0.09770586]
[0.09758204]
[0.09758019]
[0.09758019]
[0.09755789]
[0.09755789]
[0.09755789]
[0.09635385]
[0.09755601]
[0.09755601]
[0.09755601]
[0.09755601]
[0.09755601]
[0.09755601]
[0.09755601]
[0.09755601]
[0.09755601]
[0.09755601]
[0.09755601]
[0.09755601]
[0.09755601]
[0.09755601]
[0.09755601]
[0.09755685]
[0.09670787]
[0.0966938]
[0.09823867]
[0.09755454]
[0.09675712]
[0.09675712]
[0.09675712]
[0.09675712]
[0.09757347]
[0.09737154]
[0.0990493]
[0.0965844]
[0.09763841]
[0.09763841]
[0.09763841]
[0.09754359]
[0.09734933]
[0.09736068]
[0.09736068]
[0.09736068]
[0.09710102]
[0.09708258]
[0.09708258]
[0.0973904]
[0.09678233]
[0.09823428]
[0.09681123]
[0.09681123]
[0.09742136]
[0.09817622]
[0.09731921]
[0.09696506]
[0.09808882]
[0.09693676]
[0.09773003]
[0.09699659]
[0.09699659]
[0.09699659]
[0.09681012]
[0.09725953]
[0.09717643]
[0.09682538]
[0.09645779]
[0.09702529]
[0.09789649]
[0.09763263]
[0.09669442]
[0.09660387]
[0.09682257]
[0.09656893]
[0.09656893]
[0.09656893]
[0.09641872]
[0.09762686]
[0.09762686]
[0.09762686]
[0.09762686]
[0.09762686]
[0.09776291]
[0.0981478]
[0.09702483]
[0.09702483]
[0.09702483]
[0.09797266]
[0.09797266]
[0.09797266]
[0.09654313]
[0.09776469]
[0.09707727]
[0.09782188]
[0.09766282]
[0.09934883]
[0.09763756]
[0.09762131]
[0.09787683]
[0.09694091]
[0.09681882]
[0.09766505]
[0.09842186]
[0.09738847]
[0.09738847]
[0.0965703]
[0.0965703]
[0.0976856]
[0.0976856]
[0.0976856]
[0.09766387]
[0.09704769]
[0.09827264]
[0.09827264]
[0.09842186]
[0.09760585]
[0.09779497]
[0.09823631]
[0.0979703]
[0.09700967]
[0.09737787]
[0.09737787]
[0.0968257]
[0.09756626]
[0.09821709]
[0.09813449]
[0.09736693]
[0.09837423]
[0.09837423]
[0.09823529]
[0.09776005]
[0.09722282]
[0.09818158]
[0.10017896]
[0.09663088]
[0.09709968]
[0.09845787]
[0.09730379]
[0.09818524]
[0.09741983]
[0.09784825]
[0.09784825]
[0.09784825]
[0.0987442]
[0.09854936]
[0.09664708]
[0.09814747]
[0.09830159]
[0.09787342]
[0.09800262]
[0.09771977]
[0.09710436]
[0.09695671]
[0.09796213]
[0.09905922]
[0.09835286]
[0.09870219]
[0.09870219]
[0.09870219]
[0.09857128]
[0.09857128]
[0.09857128]
[0.09663751]
[0.0974533]
[0.0974533]
[0.09945714]
[0.09710348]
[0.0981806]
[0.09796819]
[0.09796819]
[0.09796819]
[0.09796819]
[0.09787245]
[0.09787245]
[0.09787245]
[0.09787245]
[0.09796309]
[0.09756743]
[0.09667356]
[0.09811983]
[0.09690174]
[0.09810363]
[0.09813827]
[0.09711702]
[0.09951112]
[0.09673949]
[0.0987149]
[0.09758922]
[0.09682534]
[0.09637278]
[0.09780385]
[0.09661753]
[0.09711903]
[0.09783907]
[0.09890336]
[0.09697968]
[0.09854997]
[0.09857564]
[0.09904875]
[0.09778921]
[0.09725187]
[0.09671108]
[0.09790239]
[0.09783281]
[0.09834382]
[0.09780562]
[0.09785033]
[0.09839635]
[0.0983382]
[0.09785351]
[0.09944282]
[0.09667114]
[0.09737057]
[0.09694277]
[0.09811426]
[0.09837012]
[0.09873974]
[0.09930218]
[0.09707863]
[0.09734334]
[0.09972204]
[0.10011619]
[0.09737753]
[0.09682203]
[0.09982272]
[0.09663655]
[0.09726901]
[0.09710573]
[0.09948589]
[0.09703386]
[0.10003549]
[0.09965647]
[0.09965647]
[0.09800814]
[0.10184336]
[0.09833994]
[0.09867645]
[0.09789481]
[0.09708019]
[0.09633517]
[0.09798496]
[0.09756919]
[0.09989983]
[0.0979007]
[0.10166796]
[0.09854074]
[0.09891037]
[0.09940863]
[0.09725484]
[0.10213884]
[0.09930241]
[0.1014384]
[0.09698385]
[0.10383771]
[0.09890974]
[0.10590281]
[0.09677745]
[0.09766089]
[0.10236437]
[0.10156186]
[0.09953126]
[0.09953126]
[0.10512451]
[0.09930278]
[0.10138886]
[0.10278742]
[0.10040511]
[0.10094789]
[0.1008967]
[0.10141443]
[0.10307813]
[0.6912056]
[0.14963411]
[0.42291906]
[0.11043119]
[0.12931207]
[0.09843481]
[0.1237909]
[0.10323922]
[0.10328802]
[0.44112208]
[0.11896202]
[0.43618822]
[0.12020372]
[0.1236901]
[0.15263423]
[0.15263423]
[0.15263423]
[0.15263423]
[0.14409925]
[0.14409925]
[0.14409925]
[0.14409925]
[0.14409925]
[0.14409925]
[0.16418459]
[0.20449473]
[0.16173442]
[0.18445829]
[0.16203794]
[0.1574371]
[0.12318546]
[0.11619449]
[0.1432861]
[0.1214827]
[0.30194536]
[0.11420923]
[0.13416193]
[0.16439615]
[0.1189158]
[0.12666614]
[0.15169986]
[0.15553345]
[0.15553345]
[0.15539259]
[0.12446811]
[0.26729348]
[0.12445786]
[0.150129]
[0.23818259]
[0.34825194]
[0.15009922]
[0.15009922]
[0.13892296]
[0.33823028]
[0.16078743]
[0.16078743]
[0.15463032]
[0.15622672]
[0.19259918]
[0.40421823]
[0.40421823]
[0.37845093]
[0.29201943]
[0.09731876]
[0.49080893]
[0.11276276]
[0.11292041]
[0.19442575]
[0.10103331]
[0.0968846]
[0.10047325]
[0.11583573]
[0.09713673]
[0.0968282]
[0.09800404]
[0.09669206]
[0.09751127]
[0.15923357]
[0.09688443]
[0.09670562]
[0.09827518]
[0.13341415]
[0.0989988]
[0.09937921]
[0.10876942]
[0.10510344]
[0.0984794]
[0.10228986]
[0.09897358]
[0.09978507]
[0.10091721]
[0.09982344]
[0.10004867]
[0.10606013]
