21.114220000000017
20.091520000000006
20.776600000000016
20.370700000000014
20.370700000000014
20.370700000000014
21.038020000000017
20.688720000000018
20.688720000000018
20.688720000000018
20.688720000000018
20.204600000000013
20.204600000000013
20.204600000000013
20.204600000000013
20.294020000000007
20.294500000000014
20.294500000000014
20.294500000000014
20.185340000000014
20.12840000000001
20.12840000000001
20.12840000000001
20.12840000000001
20.12840000000001
20.12840000000001
19.990120000000008
20.82212000000002
20.395300000000006
20.549800000000015
20.549800000000015
20.549800000000015
20.549800000000015
19.701420000000002
19.701420000000002
19.701420000000002
19.701420000000002
20.185320000000015
20.298620000000014
20.298620000000014
20.20022000000001
20.383700000000015
20.766520000000018
20.270820000000015
20.48080000000001
20.316220000000012
20.03942000000001
19.786920000000002
19.81450000000001
19.81450000000001
20.213900000000013
20.213900000000013
20.213900000000013
20.213900000000013
20.213900000000013
20.213900000000013
20.213900000000013
20.564020000000017
20.564020000000017
20.408700000000014
20.13252000000001
20.448420000000016
20.448420000000016
20.448420000000016
20.448420000000016
20.448420000000016
19.756040000000006
19.756040000000006
19.756040000000006
19.756040000000006
19.756040000000006
19.756040000000006
19.756040000000006
20.04052000000001
20.884020000000017
19.393
20.206200000000013
20.282320000000013
20.282320000000013
20.282320000000013
20.282320000000013
20.632620000000014
20.474520000000016
20.474520000000016
20.474520000000016
20.474520000000016
20.474520000000016
20.70652000000002
20.70652000000002
19.94412
20.346820000000008
20.11622000000001
19.711820000000003
20.205720000000007
20.205720000000007
20.205720000000007
20.648400000000013
20.203120000000016
20.203120000000016
20.203120000000016
20.203120000000016
20.203120000000016
20.203120000000016
19.701600000000006
19.701600000000006
19.701600000000006
19.701600000000006
19.701600000000006
19.701600000000006
20.248220000000007
20.038920000000005
19.791100000000007
19.84154000000001
19.686340000000005
19.73830000000001
20.17392000000001
20.17392000000001
20.17392000000001
20.17392000000001
20.17392000000001
20.17392000000001
20.11694000000001
19.83264000000001
19.83264000000001
19.83264000000001
19.83264000000001
19.83264000000001
19.83264000000001
20.616320000000012
20.616320000000012
19.797320000000003
19.625000000000007
19.73830000000001
20.245620000000013
20.124420000000004
20.15970000000001
20.15970000000001
19.711820000000003
19.717940000000006
20.38162000000001
19.629120000000007
19.921500000000005
19.945020000000014
19.99360000000001
20.05362000000001
20.606500000000015
19.82380000000001
20.313820000000014
19.797320000000003
19.797320000000003
20.25942000000001
20.25942000000001
20.25942000000001
20.25942000000001
20.25942000000001
20.25942000000001
20.25942000000001
20.17392000000001
19.447620000000004
19.447620000000004
20.284020000000012
19.90160000000001
19.90160000000001
19.90160000000001
19.90160000000001
19.90160000000001
19.90160000000001
19.963900000000006
19.82380000000001
20.419520000000013
19.796720000000004
19.802520000000005
20.196120000000004
20.196120000000004
20.05832000000001
20.05832000000001
20.05832000000001
20.05832000000001
20.05832000000001
20.26752000000001
19.99360000000001
19.89222000000001
20.166900000000005
20.09332000000001
19.002899999999997
20.09332000000001
19.72012
19.72012
19.72012
20.31850000000001
19.72012
19.552020000000002
19.401640000000004
19.401640000000004
19.526940000000003
20.123520000000006
19.7549
20.115520000000014
19.686619999999998
19.823320000000006
19.634120000000003
19.329240000000006
19.735500000000005
19.242240000000002
19.825400000000005
19.702320000000004
19.807800000000007
19.807800000000007
19.514300000000006
19.40952
19.348200000000002
19.28152
19.1454
19.649720000000002
19.794100000000007
19.258819999999996
19.704820000000005
19.7623
19.868820000000007
20.264520000000015
19.1621
19.1621
19.1621
20.0086
20.08632000000001
19.52382
19.80542
19.617720000000006
20.02442000000001
19.2874
19.497420000000005
20.26970000000001
19.86932000000001
19.768000000000004
19.719620000000006
20.005720000000007
19.09036
20.05322000000001
19.525720000000003
19.68932000000001
19.689500000000006
19.83090000000001
19.95720000000001
19.703220000000005
19.694700000000005
20.119720000000008
20.060620000000007
19.502120000000005
19.670040000000004
19.844600000000003
19.163919999999994
18.81089999999999
19.544520000000006
19.5161
19.966520000000003
20.103000000000012
19.14864
19.835620000000006
19.27804
19.545120000000004
19.55822
19.104020000000002
19.87442000000001
19.95902000000001
18.887839999999997
19.59812000000001
20.306920000000012
19.3074
19.314819999999997
18.68282
19.59812000000001
19.70322000000001
19.343719999999998
19.334600000000002
19.163339999999994
19.389419999999994
19.104499999999994
19.094199999999997
19.729620000000004
19.54802
19.273799999999998
18.961899999999996
19.192319999999995
19.3257
19.19232
19.591720000000006
19.93752000000001
19.10642
19.1276
19.40528
19.356099999999998
20.165520000000004
19.166999999999998
18.750799999999987
19.157999999999998
19.11294
19.484320000000007
18.407699999999995
19.274699999999992
19.7708
19.195519999999995
19.152820000000006
19.1482
19.45624
19.701820000000005
18.57999999999999
19.63362
19.63362
19.63362
19.51742
19.449620000000007
18.15371999999999
18.719699999999996
19.08692
19.91620000000001
18.904999999999994
19.496920000000003
19.710220000000003
20.10382000000001
19.577620000000003
19.18694
19.514919999999996
19.167119999999997
19.007139999999996
19.007139999999996
18.961739999999995
18.75621999999999
19.3752
19.744120000000006
18.51361999999999
19.549140000000005
19.78152
18.673119999999983
18.37361999999999
19.502620000000007
17.842899999999986
18.032239999999987
18.546019999999984
18.74259999999999
18.626119999999993
17.638319999999982
16.934919999999973
18.309119999999986
18.480399999999992
17.956899999999983
17.956899999999983
19.372199999999996
17.588019999999982
19.185919999999996
19.716900000000006
17.86561999999998
19.496120000000005
20.177700000000005
20.017300000000006
18.01061999999998
18.744239999999994
17.76861999999998
18.60253999999999
19.50582
18.749139999999993
16.332099999999965
18.776919999999993
17.454419999999978
16.765599999999974
18.814199999999992
19.6215
16.471299999999967
17.22521999999998
18.67101999999999
16.593019999999974
19.1753
19.237900000000003
16.70741999999997
16.628819999999973
16.19641999999997
19.368920000000006
16.050619999999967
15.786499999999966
14.395699999999973
14.738799999999973
17.275919999999974
19.5625
13.975619999999973
17.082419999999967
13.224819999999978
13.485799999999976
13.256819999999975
13.851919999999973
12.121319999999983
12.40341999999998
12.76119999999998
11.539799999999984
12.79449999999998
20.35260000000001
20.35260000000001
11.83731999999998
12.13791999999998
11.916299999999982
10.70229999999999
12.674319999999977
20.067200000000003
20.11230000000001
19.980100000000004
12.118919999999978
19.867000000000008
10.858319999999987
19.722200000000004
19.69902
10.321799999999993
9.982099999999994
10.684199999999988
10.077419999999995
20.159900000000007
8.701220000000003
10.337519999999989
9.269419999999998
9.867399999999995
8.104920000000005
9.652219999999994
8.018720000000007
8.018720000000007
8.793800000000001
8.482020000000004
7.951320000000005
8.436420000000004
7.628620000000007
7.0521000000000065
6.658500000000005
7.126820000000005
5.848320000000005
5.1236400000000035
4.815220000000004
6.014420000000005
6.009400000000005
5.797920000000004
6.328620000000005
7.062320000000005
3.5413000000000014
3.287320000000001
4.347420000000003
4.347420000000003
2.30344
3.617720000000002
3.617720000000002
4.088420000000003
19.928400000000003
19.954900000000006
3.0281200000000013
3.0281200000000013
3.6143000000000027
19.614800000000002
3.4482000000000017
2.4645200000000003
2.638020000000001
4.105420000000003
4.669580000000003
20.010220000000004
4.415600000000003
2.400620000000001
2.7440000000000015
2.4358000000000004
1.7485
2.0457
0.2052
1.5065
0.3941
19.436740000000004
18.813499999999998
19.84550000000001
19.95500000000001
20.13662000000001
19.05361999999999
19.796120000000016
18.959499999999988
13.528119999999973
20.401700000000016
19.266
20.310200000000012
19.530720000000002
19.600420000000003
19.056619999999995
18.88502
20.31850000000001
19.990420000000004
18.8747
19.44492
16.146719999999966
18.623299999999993
7.366800000000006
19.40852
15.467599999999969
19.447000000000006
19.355600000000003
19.239800000000006
19.239800000000006
19.1239
18.9361
19.654900000000005
19.678
19.470300000000005
