3.9892724458166215
3.917645156750071
3.917645156750071
3.917645156750071
3.917645156750071
3.917645156750071
3.917645156750071
3.917645156750071
3.917645156750071
4.200254857888274
4.200254857888274
4.289069180587418
4.289069180587418
4.289069180587418
4.289069180587418
4.289069180587418
4.289069180587418
4.289069180587418
4.289069180587418
4.176768097623117
3.8655480773588753
3.8655480773588753
3.794109197617142
3.794109197617142
3.794109197617142
3.794109197617142
3.794109197617142
3.794109197617142
3.794109197617142
3.794109197617142
3.794109197617142
3.794109197617142
3.794109197617142
3.794109197617142
3.794109197617142
3.794109197617142
3.794109197617142
3.794109197617142
3.794109197617142
3.794109197617142
3.794109197617142
3.794109197617142
3.794109197617142
3.794109197617142
3.794109197617142
3.794109197617142
3.794109197617142
3.794109197617142
3.794109197617142
3.794109197617142
3.794109197617142
3.794109197617142
3.794109197617142
3.794109197617142
3.794109197617142
3.794109197617142
3.794109197617142
3.978603800965085
3.978603800965085
3.978603800965085
3.907234231927866
3.907234231927866
3.907234231927866
3.907234231927866
3.907234231927866
3.907234231927866
3.907234231927866
3.907234231927866
3.907234231927866
3.907234231927866
3.907234231927866
3.907234231927866
3.907234231927866
3.907234231927866
3.907234231927866
3.907234231927866
3.907234231927866
3.907234231927866
3.907234231927866
3.907234231927866
3.907234231927866
3.907234231927866
3.907234231927866
3.907234231927866
3.907234231927866
3.907234231927866
3.907234231927866
3.907234231927866
3.907234231927866
3.907234231927866
3.907234231927866
3.907234231927866
3.907234231927866
3.907234231927866
3.907234231927866
3.907234231927866
3.907234231927866
3.907234231927866
3.907234231927866
3.907234231927866
3.907234231927866
3.907234231927866
3.907234231927866
3.907234231927866
3.907234231927866
3.907234231927866
3.907234231927866
3.907234231927866
3.907234231927866
3.907234231927866
3.907234231927866
3.907234231927866
3.907234231927866
3.907234231927866
3.907234231927866
3.907234231927866
3.907234231927866
3.907234231927866
3.907234231927866
3.907234231927866
3.907234231927866
3.907234231927866
3.907234231927866
3.907234231927866
3.907234231927866
3.907234231927866
3.907234231927866
3.907234231927866
3.907234231927866
3.907234231927866
3.907234231927866
3.907234231927866
3.907234231927866
3.907234231927866
3.907234231927866
3.907234231927866
3.907234231927866
3.907234231927866
3.907234231927866
3.907234231927866
3.907234231927866
3.907234231927866
3.907234231927866
4.011704440932404
4.16196782547577
4.16196782547577
4.16196782547577
4.16196782547577
4.16196782547577
4.16196782547577
4.16196782547577
4.16196782547577
4.16196782547577
4.16196782547577
4.16196782547577
4.16196782547577
4.16196782547577
4.16196782547577
4.16196782547577
4.16196782547577
4.16196782547577
4.16196782547577
4.16196782547577
4.16196782547577
4.16196782547577
4.16196782547577
4.16196782547577
4.16196782547577
4.16196782547577
4.16196782547577
4.16196782547577
4.16196782547577
4.16196782547577
4.16196782547577
3.9459412372682205
3.9459412372682205
4.044657074633127
3.766844676017084
3.880162262789338
3.880162262789338
3.880162262789338
4.023398924079188
3.924680898135467
3.8346227142943548
3.8346227142943548
3.8346227142943548
3.9605172966082085
4.1688338117214006
4.321333677835879
4.321333677835879
4.321333677835879
4.321333677835879
4.321333677835879
4.321333677835879
4.321333677835879
4.321333677835879
4.321333677835879
4.321333677835879
4.321333677835879
4.321333677835879
4.321333677835879
4.321333677835879
4.321333677835879
4.321333677835879
4.321333677835879
4.321333677835879
4.321333677835879
4.321333677835879
4.321333677835879
4.321333677835879
4.0276034672420264
3.9770794670656127
4.2707144196726565
3.961274690553015
4.073705107272813
4.041210568981546
4.226448482415186
4.226448482415186
4.226448482415186
4.226448482415186
4.226448482415186
3.9851085512937487
3.782748363281696
3.782748363281696
3.782748363281696
3.782748363281696
3.782748363281696
4.008311988865405
4.008311988865405
3.9886145040313234
4.250993154864249
3.8975988465523903
3.8975988465523903
3.8975988465523903
3.8975988465523903
3.8975988465523903
3.8532126778586377
3.8532126778586377
3.7808923179245877
3.6800525052935287
4.365698692034517
4.040265225703021
4.132251793949225
3.7195491586620157
3.8240066400665347
3.8240066400665347
3.8240066400665347
3.8240066400665347
4.188638331112177
3.8692533972013416
4.440441286328819
4.317801689996971
4.317801689996971
4.195956198342509
3.9106691813306886
3.9106691813306886
3.886304374332318
3.886304374332318
3.886304374332318
3.886304374332318
4.190906605358106
4.090581078832514
4.368143489764366
4.1977075123582495
4.247278487514837
4.013117681288849
4.426410312144055
4.408913302654179
4.055843578405344
4.055843578405344
4.218874105991442
4.218874105991442
4.218874105991442
4.218874105991442
4.133509160788927
4.115258395807465
4.246332167960409
3.965263828215071
4.222607775693495
4.051111824689807
3.8753278467791006
3.8753278467791006
3.8753278467791006
4.258322915399425
3.9921356668408645
4.212901215566693
4.341317541013504
4.0770632233281106
3.8439515592686178
4.2208578484955455
3.957178115811409
4.402197040800015
3.9428817076329503
4.133983604361921
4.496795356149031
4.0666867909162265
4.0666867909162265
4.155255731418443
4.155255731418443
4.076266733459567
3.983152105190362
3.8983048806166405
4.0093847842272625
4.013513045096829
4.312663275801446
3.770947927784537
4.325639100990861
4.326402214399911
4.1030622925884686
4.1030622925884686
4.357659331760209
4.357659331760209
4.495189809930686
4.45416577945769
4.498975271869375
4.514232654707855
4.344550117153301
4.059188154792736
4.5506512985710525
4.473759705980582
3.968678971156667
3.6166795687293636
3.896139052089154
3.896139052089154
3.963469054294202
4.192357635219524
4.023680041667432
3.697531712350985
3.9733761309705464
5.249940154704134
3.762298663276466
3.860491300717001
4.536233727874311
4.1976871920926
4.353603092674852
4.44316628080764
4.071582903185263
4.331891323247881
4.0995447849854685
4.182003736157613
4.441578264295962
4.105323375311971
4.011598070374008
3.8805920980348656
4.48018465181071
4.665886526786951
3.919447639357977
3.905707783487431
4.363824861219479
4.084817346115587
4.808033624725968
3.7743594694129516
4.443499498080374
4.077372861479104
3.9821743586584653
4.483803461970965
4.9806279116729435
3.7971443752999416
3.9319247757656584
4.681989852832656
3.9146363487891698
3.9146363487891698
3.9146363487891698
4.753560866544922
4.705432094764217
4.55609870423873
3.8040828059057192
3.9988622684138093
3.833758200367366
4.667054999399166
4.640337577127159
4.601553811721294
3.7386587392184945
3.7386587392184945
3.7386587392184945
3.7386587392184945
3.7386587392184945
5.520469089186937
4.597852742068273
5.130902218859866
4.6330805947942775
3.5790086364917784
4.869956162763967
3.878303880095073
3.878303880095073
3.878303880095073
5.08886718608888
4.764495468610116
3.681465011857296
3.8358439656504197
4.1773707770777655
3.656781017590691
4.074952319582903
3.7283876905476667
4.081529966744936
3.919762756585806
4.043299876207321
3.693997940760301
3.6779411217382494
3.527084217947243
4.226149962011879
4.190465754551668
3.8443665577782724
3.5228338604269522
3.5552794670567014
3.8133430111828357
3.090196934548434
3.7150303412694843
3.433770897394595
3.362592673908946
3.2635260795269705
3.9527767580935365
3.020773532102841
3.9417729562490553
3.5248546723233236
3.538412906440146
3.4142620116627462
3.1672023231922477
3.032634323192248
3.360947619887458
3.0082475481736948
3.06279030647916
4.827989817672593
5.09962986521536
2.610496011294705
3.387189905615312
3.931811602633683
4.001469402777464
3.408743756778251
3.625345622871029
3.1105437879829454
4.733574927462484
4.733574927462484
2.9681291897633617
3.4229119316455563
3.3100094831459392
3.0229484158396787
2.936342125421273
4.802206593123445
3.520968350602523
3.520968350602523
1.405027910734498
4.807432104974886
4.807432104974886
4.807432104974886
4.807432104974886
3.077682251417526
3.0646953287610454
4.699181259175956
3.477343529883843
3.143393733938243
4.465533536894151
4.667058504355997
2.935544796418567
3.1203110975713724
3.154567148539444
2.685607039725909
1.19691912603151
4.680162566440945
1.0766195634868012
1.5445545429082337
2.5028648258422326
2.4330750930441685
2.034355624758769
1.6295901374030706
2.3102154075616834
3.898478175284561
3.4521952464431074
2.046056195726994
3.898492277237211
4.731066252110849
5.55976131751693
5.984474963124189
4.538321043869404
4.111193651302347
4.473268595280276
4.490266783100746
5.495148435329448
5.83638058452593
5.2988310650342365
4.5497664716603765
3.2669839518324544
5.213648732318524
5.314063932083506
5.865305054444093
5.771189499672807
4.794111425548589
4.315094532311676
4.321182331874555
5.522980839492748
3.650679394836513
4.752141862139025
4.737251633448797
4.65758981252457
4.800104595846323
4.637474089785771
5.0016598886023385
4.877488481870322
5.8535869002618295
5.668848141666694
