5.505400000000005
5.058220000000005
7.067720000000007
6.9096000000000055
5.1742000000000035
3.550300000000002
5.193200000000003
3.0352000000000006
3.0352000000000006
3.357500000000001
2.0013
4.402700000000004
5.950100000000005
3.6415700000000024
2.7689200000000005
5.838720000000005
5.838720000000005
5.838720000000005
3.146000000000001
5.242600000000004
4.646400000000003
5.2625000000000055
3.1034999999999995
3.1034999999999995
3.1034999999999995
5.676020000000005
6.507400000000005
4.804000000000004
2.8637000000000015
2.8008000000000006
0.7904999999999999
0.7904999999999999
0.7904999999999999
5.825000000000005
7.654100000000006
4.551300000000002
6.3170000000000055
5.7374000000000045
4.093700000000002
4.2154000000000025
5.706100000000003
3.743570000000002
4.296600000000002
5.551000000000005
5.551000000000005
5.551000000000005
0.8869999999999998
0.8869999999999998
4.314200000000004
5.194300000000002
5.194300000000002
5.194300000000002
6.055900000000005
6.055900000000005
4.686100000000002
4.686100000000002
4.754370000000003
5.4909200000000045
3.967400000000003
4.123480000000003
4.281700000000003
4.281700000000003
5.336400000000004
5.242000000000004
4.441300000000004
3.5081000000000007
3.7839000000000027
4.492600000000004
5.605800000000004
4.869600000000003
2.9420200000000003
6.133920000000005
5.663220000000005
4.279300000000004
3.3514000000000026
3.3514000000000026
5.345900000000003
3.3937700000000017
3.0919700000000017
4.646700000000004
4.257100000000003
5.682020000000004
5.406220000000004
7.668300000000006
4.484600000000004
2.6647999999999996
6.467400000000005
4.151100000000002
4.555600000000004
2.9388000000000005
4.151100000000002
4.151100000000002
3.4554000000000022
4.143300000000003
4.4951000000000025
5.448720000000004
3.7459000000000024
4.106100000000003
0.7274999999999998
0.7274999999999998
2.4498
2.4498
3.2766
4.148600000000003
4.650000000000004
4.650000000000004
4.650000000000004
3.461600000000002
4.619800000000003
4.619800000000003
4.619800000000003
4.619800000000003
6.091720000000005
3.058720000000001
3.378020000000002
7.295300000000007
7.295300000000007
2.8692
6.0492200000000045
4.3930000000000025
5.740800000000004
4.388900000000003
4.388900000000003
4.388900000000003
4.388900000000003
4.388900000000003
4.388900000000003
4.388900000000003
4.388900000000003
4.388900000000003
4.388900000000003
3.438600000000002
3.3829000000000002
4.428670000000001
4.428670000000001
1.3029999999999997
4.304100000000004
4.400020000000004
5.2908000000000035
2.274600000000001
2.274600000000001
4.296800000000003
2.928700000000001
3.525400000000002
6.910700000000006
4.647800000000004
3.4623000000000026
0.9276
4.357200000000002
3.544120000000002
3.8333000000000026
3.2380000000000013
3.7864000000000027
3.7864000000000027
5.815600000000005
4.270720000000003
4.039100000000002
4.039100000000002
4.039100000000002
4.039100000000002
4.039100000000002
3.679400000000001
4.083200000000003
3.5060000000000024
5.155800000000004
3.6385000000000023
4.892020000000003
4.892020000000003
5.122900000000004
2.603400000000001
3.722000000000002
2.6522000000000006
4.755100000000003
7.367300000000006
5.9447000000000045
4.7790000000000035
4.810500000000003
5.370970000000004
4.454100000000002
3.3110000000000017
6.375600000000006
4.070600000000002
6.064600000000004
2.2884
4.738000000000004
4.457800000000002
3.550300000000002
6.974900000000006
6.6329000000000065
2.8112000000000004
3.4363000000000024
3.470900000000002
6.191800000000004
4.3183000000000025
3.232800000000002
3.7931000000000026
3.7931000000000026
4.716600000000004
4.219500000000003
4.427800000000003
2.7548000000000004
3.5718000000000023
3.2952000000000026
3.289300000000002
3.289300000000002
6.112100000000005
6.112100000000005
4.614100000000003
5.866370000000004
5.866370000000004
5.392800000000004
6.911000000000004
6.911000000000004
4.708000000000003
2.0166
4.101900000000003
6.689300000000005
4.067820000000003
4.067820000000003
4.067820000000003
4.067820000000003
4.067820000000003
4.077300000000003
3.7413700000000008
6.354800000000004
4.688200000000004
4.688200000000004
4.688200000000004
4.688200000000004
4.688200000000004
4.688200000000004
1.4604
3.6663000000000023
3.526700000000002
6.2515000000000045
3.554120000000003
3.9996000000000036
3.370300000000002
6.015800000000005
4.773770000000003
6.778800000000006
2.8427000000000016
2.8427000000000016
2.3838
3.3715000000000015
3.3715000000000015
1.9025999999999998
4.206700000000003
3.873420000000003
3.873420000000003
3.873420000000003
3.873420000000003
3.873420000000003
3.873420000000003
1.8821
4.132000000000003
2.811000000000001
5.417100000000005
5.417100000000005
3.329000000000002
3.2293000000000025
3.6872000000000025
3.6872000000000025
4.105200000000003
4.574900000000003
5.276800000000004
5.276800000000004
5.073900000000004
3.7816000000000027
5.374900000000005
3.4705000000000004
3.4705000000000004
3.869900000000003
3.179400000000001
2.3726700000000003
5.416100000000004
4.053000000000003
4.053000000000003
4.618900000000003
2.7278000000000007
5.388500000000004
7.0658000000000065
4.5107000000000035
3.2415000000000016
2.0122999999999998
7.198000000000007
4.357800000000003
7.718300000000006
3.382700000000001
3.382700000000001
4.075700000000003
1.82377
4.485500000000004
3.007600000000002
3.007600000000002
4.268300000000003
4.982800000000005
2.6718
2.6718
4.284600000000002
3.280200000000002
3.173700000000002
4.360700000000003
4.980900000000004
3.0995000000000017
3.0995000000000017
2.25012
4.9962000000000035
5.204770000000004
7.776100000000006
2.7495000000000003
2.2435000000000005
3.5006200000000023
2.983300000000002
2.983300000000002
3.870200000000003
2.8722000000000016
4.550100000000004
3.6542000000000034
3.5394000000000023
5.934300000000005
3.9649000000000036
2.640600000000001
4.763900000000004
6.377100000000005
4.0702000000000025
4.008400000000003
3.225100000000001
3.225100000000001
4.611000000000003
3.762170000000002
3.762170000000002
2.3459000000000008
2.3459000000000008
2.3459000000000008
1.5518
4.662800000000003
2.7352000000000007
2.7352000000000007
2.7352000000000007
2.7352000000000007
2.7352000000000007
1.8205
1.7506999999999997
5.577700000000004
1.8255999999999997
4.843300000000004
6.093100000000004
4.843300000000004
2.2605000000000004
6.885400000000006
3.168400000000001
4.082500000000003
5.060620000000004
4.3747000000000025
2.286000000000001
4.698500000000004
2.3388
3.636000000000002
3.6650000000000023
3.400800000000002
3.018100000000002
3.0534000000000026
4.208100000000003
4.247500000000003
3.3714700000000013
3.048300000000001
5.049300000000004
3.6638000000000033
3.2935000000000008
5.931100000000005
2.4314000000000004
4.532300000000004
2.7529000000000003
5.074600000000003
2.991600000000001
4.535400000000004
0.8792
3.9477000000000024
4.258420000000003
4.630600000000004
1.3227
1.5566
0.15110000000000007
2.3122
6.894200000000005
3.468600000000002
3.9301700000000013
3.4898000000000025
4.211000000000003
2.798800000000001
7.2145000000000055
2.1340999999999997
3.0867000000000018
3.5409000000000024
1.7978999999999998
4.045300000000003
0.8372999999999999
4.109400000000004
4.109600000000003
3.853000000000003
2.4016
3.4956000000000023
3.4342000000000015
3.9505000000000035
2.311
3.924100000000003
2.773200000000001
5.882100000000004
2.7274000000000003
1.8644000000000003
3.5226000000000033
2.6685
2.1941000000000006
3.1780000000000017
4.220500000000003
1.0335999999999999
5.137700000000005
1.3359000000000003
3.5678000000000027
4.158700000000003
2.6946000000000017
1.0877999999999999
0.9858
2.2464000000000004
0.9579699999999999
1.1699000000000002
1.5486
4.845800000000003
1.1923
1.1923
0.6906699999999999
1.7226
4.162100000000003
3.6667000000000023
0.37129999999999996
1.0994
0.2321999999999999
0.5857
0.5857
2.7914000000000003
4.762400000000002
1.6725999999999999
1.6725999999999999
1.7768
0.9827999999999999
2.3208
1.242
0.9131
1.1164
-0.1849
-0.1849
0.0040000000000000036
0.0040000000000000036
-0.1420999999999999
3.9729000000000028
2.0568999999999997
4.878700000000004
3.229800000000002
7.012300000000005
0.6361
1.47357
0.15250000000000002
2.8454000000000006
5.607200000000005
4.3327000000000035
5.5213000000000045
3.3530000000000015
3.473600000000001
4.682000000000003
2.8757
4.985700000000003
2.8083
0.8579000000000001
0.8575999999999999
5.711400000000005
3.3765000000000014
5.648000000000004
3.7649000000000026
3.2997000000000014
4.364200000000002
3.1811000000000016
5.743600000000003
5.406500000000005
3.886000000000002
4.447900000000003
3.091400000000002
4.276100000000003
5.940700000000005
3.622600000000001
2.8023000000000007
2.8099000000000016
5.424000000000004
4.113000000000003
6.380800000000005
5.619500000000005
4.9330000000000025
2.961400000000001
3.7451000000000025
4.788700000000006
