[0.17476365]
[0.17476365]
[0.17476365]
[0.17476365]
[0.17491496]
[0.17255689]
[0.17255689]
[0.17232886]
[0.17500667]
[0.17484921]
[0.17484921]
[0.17406423]
[0.17406423]
[0.17406423]
[0.17396104]
[0.17407885]
[0.24846789]
[0.17420799]
[0.17493789]
[0.1748598]
[0.1748598]
[0.17229058]
[0.17229058]
[0.17229058]
[0.17630571]
[0.17516574]
[0.1779924]
[0.17503531]
[0.17940164]
[0.1783704]
[0.17301124]
[0.17519797]
[0.18068619]
[0.1732975]
[0.17450055]
[0.17535865]
[0.17881478]
[0.17881478]
[0.17643864]
[0.17516755]
[0.17465739]
[0.17465739]
[0.17300227]
[0.17300227]
[0.17300227]
[0.17563906]
[0.1770756]
[0.7477939]
[0.1753296]
[0.17221522]
[0.17783879]
[0.18599617]
[0.17854555]
[0.17596133]
[0.17474917]
[0.17474917]
[0.17208433]
[0.2760022]
[0.17596127]
[0.17835695]
[0.17636153]
[0.17582642]
[0.17522223]
[0.17342143]
[0.17426546]
[0.17577147]
[0.17889068]
[0.17503996]
[0.25372162]
[0.6621007]
[0.180613]
[0.18602026]
[0.18037236]
[0.18037236]
[0.17836677]
[0.18588686]
[0.7413071]
[0.7216119]
[0.2570593]
[0.25142613]
[0.25072894]
[0.21821626]
[0.19259545]
[0.76816994]
[0.17332768]
[0.17707714]
[0.4814552]
[0.17608409]
[0.59229064]
[0.24026884]
[0.3125686]
[0.19204204]
[0.19204204]
[0.3748835]
[0.1862014]
[0.17279334]
[0.17691602]
[0.5929147]
[0.22218895]
[0.18703476]
[0.24587576]
[0.65092677]
[0.2461175]
[0.23733875]
[0.17999388]
[0.2524807]
[0.23038702]
[0.23150966]
[0.1774075]
[0.29444167]
[0.17630102]
[0.41312936]
[0.41312936]
[0.41312936]
[0.41312936]
[0.1764694]
[0.59008664]
[0.3942099]
[0.2628639]
[0.20980345]
[0.31289423]
[0.30134076]
[0.30134076]
[0.34966666]
[0.36303157]
[0.3726055]
[0.3726055]
[0.3726055]
[0.2795152]
[0.38975826]
[0.3562561]
[0.23869903]
[0.5916969]
[0.5916969]
[0.27586722]
[0.27586722]
[0.27586722]
[0.40883607]
[0.23806198]
[0.28162864]
[0.28162864]
[0.28162864]
[0.39336264]
[0.43358707]
[0.43358707]
[0.43358707]
[0.43358707]
[0.43358707]
[0.2906536]
[0.26916438]
[0.2738569]
[0.2738569]
[0.18616585]
[0.27931046]
[0.17726141]
[0.3443663]
[0.64017296]
[0.19330545]
[0.30010468]
[0.30010468]
[0.48431137]
[0.3284954]
[0.5860545]
[0.5958767]
[0.3223856]
[0.4295909]
[0.34943536]
[0.21721195]
[0.22586994]
[0.26210183]
[0.26210183]
[0.3818044]
[0.40682065]
[0.40682065]
[0.48176047]
[0.34996384]
[0.34996384]
[0.34996384]
[0.24490821]
[0.48736352]
[0.45543242]
[0.21937172]
[0.30934644]
[0.44586113]
[0.44586113]
[0.2678811]
[0.23735747]
[0.23735747]
[0.25475067]
[0.25475067]
[0.5675036]
[0.23594086]
[0.31289238]
[0.28995535]
[0.26143473]
[0.38341808]
[0.42460296]
[0.2566928]
[0.32137692]
[0.46880525]
[0.46880525]
[0.2251516]
[0.32352585]
[0.48927295]
[0.38513732]
[0.38513732]
[0.38513732]
[0.38513732]
[0.38513732]
[0.33565846]
[0.33565846]
[0.33565846]
[0.33565846]
[0.21192704]
[0.40255535]
[0.35333672]
[0.2678292]
[0.40506142]
[0.41174522]
[0.23456879]
[0.346588]
[0.3843836]
[0.36367866]
[0.18263905]
[0.25803384]
[0.17599545]
[0.36829436]
[0.36829436]
[0.36829436]
[0.36829436]
[0.36829436]
[0.36829436]
[0.36829436]
[0.36829436]
[0.36829436]
[0.36829436]
[0.4077521]
[0.4077521]
[0.4077521]
[0.27109006]
[0.25573495]
[0.2877645]
[0.38591543]
[0.38591543]
[0.36037904]
[0.54666734]
[0.42855537]
[0.29250914]
[0.38946924]
[0.28852856]
[0.27281034]
[0.3900842]
[0.30178246]
[0.4088286]
[0.4088286]
[0.31639904]
[0.34502223]
[0.3853047]
[0.29563737]
[0.22104691]
[0.22104691]
[0.24865574]
[0.27180508]
[0.3854458]
[0.30927998]
[0.28027064]
[0.30681387]
[0.30516365]
[0.30516365]
[0.30516365]
[0.30516365]
[0.30516365]
[0.30516365]
[0.22965011]
[0.32030728]
[0.32030728]
[0.2830339]
[0.36829436]
[0.38950527]
[0.36573875]
[0.28685316]
[0.32495883]
[0.33332285]
[0.3819173]
[0.3819173]
[0.3819173]
[0.3819173]
[0.3463366]
[0.3463366]
[0.1828548]
[0.29388115]
[0.2620453]
[0.41813752]
[0.41813752]
[0.31391788]
[0.2726037]
[0.28164643]
[0.30881378]
[0.2095192]
[0.25099415]
[0.18543209]
[0.31868145]
[0.34684747]
[0.32402676]
[0.4950717]
[0.33787382]
[0.3884564]
[0.35642746]
[0.2072077]
[0.22198413]
[0.2742406]
[0.3665974]
[0.29516226]
[0.29796922]
[0.3323132]
[0.3323132]
[0.24305636]
[0.3313375]
[0.32131836]
[0.36970267]
[0.36970267]
[0.36970267]
[0.41830173]
[0.41760668]
[0.44969597]
[0.25544772]
[0.35689864]
[0.35689864]
[0.39980748]
[0.33508775]
[0.35432205]
[0.4185093]
[0.29883635]
[0.42833474]
[0.33430535]
[0.18204099]
[0.61106664]
[0.3404751]
[0.19815992]
[0.27288812]
[0.57055694]
[0.3017967]
[0.27308607]
[0.26720262]
[0.31438905]
[0.32237208]
[0.31629488]
[0.33321556]
[0.3485861]
[0.24097595]
[0.35546905]
[0.1818425]
[0.18189064]
[0.43528342]
[0.2119067]
[0.27483454]
[0.26061124]
[0.4388634]
[0.37976316]
[0.34904173]
[0.48690367]
[0.40078485]
[0.36212552]
[0.36579785]
[0.34307227]
[0.20042105]
[0.30928397]
[0.3656778]
[0.38355565]
[0.36355472]
[0.38548937]
[0.40616396]
[0.25267363]
[0.37950367]
[0.40406096]
[0.31273267]
[0.23930776]
[0.39936554]
[0.39570105]
[0.22888973]
[0.1763331]
[0.28048292]
[0.3569675]
[0.2632661]
[0.4506962]
[0.33273205]
[0.33451253]
[0.26528445]
[0.44770694]
[0.21911032]
[0.31818733]
[0.35598963]
[0.35460046]
[0.41151482]
[0.31152725]
[0.2967589]
[0.29187816]
[0.2947685]
[0.44714108]
[0.28782666]
[0.17966022]
[0.4604099]
[0.35142154]
[0.33420035]
[0.18834253]
[0.32634014]
[0.3625352]
[0.37967294]
[0.45016804]
[0.21648702]
[0.2961929]
[0.27421966]
[0.18152118]
[0.26116246]
[0.33934045]
[0.32867658]
[0.25654072]
[0.38265643]
[0.36939174]
[0.32057524]
[0.3236421]
[0.3098005]
[0.3224002]
[0.2431412]
[0.2431412]
[0.3375695]
[0.27209383]
[0.33159563]
[0.3357156]
[0.34415823]
[0.31827247]
[0.2040436]
[0.2673376]
[0.24069257]
[0.3152175]
[0.32912698]
[0.17979147]
[0.24244408]
[0.19993891]
[0.19720493]
[0.19928071]
[0.1874861]
[0.17653753]
[0.2060019]
[0.19637044]
[0.1935331]
[0.17658679]
[0.18047033]
[0.37405342]
[0.20247912]
[0.23078494]
[0.23583502]
[0.21032828]
[0.21605575]
[0.18312152]
[0.1958339]
[0.25592467]
[0.20051968]
[0.35033336]
[0.42169008]
[0.41750133]
[0.19231972]
[0.17955184]
[0.34187752]
[0.17653053]
[0.1834444]
[0.17492218]
[0.2941694]
[0.77811337]
[0.17570393]
[0.17232084]
[0.17654356]
[0.3480771]
[0.5138214]
[0.1760252]
[0.17556393]
[0.17333326]
[0.2955585]
[0.17348489]
[0.17598218]
[0.1732524]
[0.42487]
[0.29533833]
[0.22961031]
[0.28705952]
[0.17276652]
[0.25204378]
[0.17301826]
[0.20162806]
[0.17543428]
[0.656465]
[0.26213637]
[0.17484629]
[0.31404006]
[0.17502478]
[0.17626694]
[0.32168728]
[0.37667286]
[0.28988165]
[0.17256911]
