[0.65956694]
[0.06323989]
[0.06323989]
[0.06323989]
[0.7260316]
[0.7260316]
[0.04410177]
[0.04410177]
[0.04410177]
[0.680363]
[0.680363]
[0.680363]
[0.680363]
[0.058492]
[0.058492]
[0.04869569]
[0.04869569]
[0.6808336]
[0.04346032]
[0.04346032]
[0.04346032]
[0.06292445]
[0.0586435]
[0.05326501]
[0.05326501]
[0.05326501]
[0.05326501]
[0.09739822]
[0.04535898]
[0.05986634]
[0.6788522]
[0.6788522]
[0.6788522]
[0.6788522]
[0.07965915]
[0.60624075]
[0.60624075]
[0.60624075]
[0.60624075]
[0.60624075]
[0.04711502]
[0.04711502]
[0.04711502]
[0.04711502]
[0.04711502]
[0.04711502]
[0.04711502]
[0.04711502]
[0.04711502]
[0.04711502]
[0.04711502]
[0.05181721]
[0.05181721]
[0.05306432]
[0.05306432]
[0.05306432]
[0.05306432]
[0.05306432]
[0.05306432]
[0.05306432]
[0.05306432]
[0.05306432]
[0.05306432]
[0.05306432]
[0.05306432]
[0.05306432]
[0.05306432]
[0.05306432]
[0.05306432]
[0.05306432]
[0.05306432]
[0.05306432]
[0.05306432]
[0.05306432]
[0.05306432]
[0.05306432]
[0.05306432]
[0.05306432]
[0.05306432]
[0.05306432]
[0.05306432]
[0.05306432]
[0.05306432]
[0.05306432]
[0.07102816]
[0.04706019]
[0.04706019]
[0.04706019]
[0.04706019]
[0.04706019]
[0.04706019]
[0.05844206]
[0.05844206]
[0.05844206]
[0.05844206]
[0.04412587]
[0.05192306]
[0.05192306]
[0.04417657]
[0.04417657]
[0.04417657]
[0.04417657]
[0.04417657]
[0.04417657]
[0.04417657]
[0.04417657]
[0.04417657]
[0.04417657]
[0.04417657]
[0.04417657]
[0.04417657]
[0.05817611]
[0.6495196]
[0.05830164]
[0.05830164]
[0.0464578]
[0.0464578]
[0.0464578]
[0.05821461]
[0.04372977]
[0.05925233]
[0.05925233]
[0.04378567]
[0.0667856]
[0.0667856]
[0.05034928]
[0.05034928]
[0.04431994]
[0.04431994]
[0.04431994]
[0.04431994]
[0.04431994]
[0.04431994]
[0.04431994]
[0.04431994]
[0.04431994]
[0.04431994]
[0.04431994]
[0.04431994]
[0.05708972]
[0.06830119]
[0.05563348]
[0.06593093]
[0.05530445]
[0.06730311]
[0.06733266]
[0.06733266]
[0.06733266]
[0.06733266]
[0.07796779]
[0.70294344]
[0.04920942]
[0.6764666]
[0.6764666]
[0.06557456]
[0.6750706]
[0.05862577]
[0.6613263]
[0.6613263]
[0.04125682]
[0.04514933]
[0.05751505]
[0.04592188]
[0.04977348]
[0.06864265]
[0.04941838]
[0.05198666]
[0.04664585]
[0.05128262]
[0.04664339]
[0.05063467]
[0.05063467]
[0.6458636]
[0.6458636]
[0.6458636]
[0.6458636]
[0.6458636]
[0.6458636]
[0.6458636]
[0.6458636]
[0.6458636]
[0.6458636]
[0.6458636]
[0.6458636]
[0.6458636]
[0.6458636]
[0.6458636]
[0.6458636]
[0.6458636]
[0.6458636]
[0.6458636]
[0.6458636]
[0.6458636]
[0.6458636]
[0.6458636]
[0.6458636]
[0.6458636]
[0.6458636]
[0.6458636]
[0.6458636]
[0.6458636]
[0.6458636]
[0.6458636]
[0.6458636]
[0.6458636]
[0.6458636]
[0.6458636]
[0.6458636]
[0.6458636]
[0.6458636]
[0.6458636]
[0.6458636]
[0.6458636]
[0.6458636]
[0.6458636]
[0.6458636]
[0.6458636]
[0.6458636]
[0.6458636]
[0.6458636]
[0.6765632]
[0.04119777]
[0.05799899]
[0.65914476]
[0.65914476]
[0.65914476]
[0.05654648]
[0.629551]
[0.04910998]
[0.05131479]
[0.0562678]
[0.65684366]
[0.65684366]
[0.65684366]
[0.65684366]
[0.65684366]
[0.65684366]
[0.65684366]
[0.65684366]
[0.65684366]
[0.65684366]
[0.65684366]
[0.65684366]
[0.65684366]
[0.65684366]
[0.65684366]
[0.65684366]
[0.65684366]
[0.65684366]
[0.65684366]
[0.65684366]
[0.65684366]
[0.65684366]
[0.65684366]
[0.65684366]
[0.65684366]
[0.65684366]
[0.65684366]
[0.65684366]
[0.65684366]
[0.65684366]
[0.65684366]
[0.65684366]
[0.65684366]
[0.65684366]
[0.65684366]
[0.65684366]
[0.65684366]
[0.65684366]
[0.65684366]
[0.65684366]
[0.65684366]
[0.65684366]
[0.65684366]
[0.65684366]
[0.65684366]
[0.65684366]
[0.65684366]
[0.65684366]
[0.65684366]
[0.65684366]
[0.65684366]
[0.65684366]
[0.65684366]
[0.65684366]
[0.65684366]
[0.65684366]
[0.65684366]
[0.65684366]
[0.65684366]
[0.65684366]
[0.65684366]
[0.65684366]
[0.65684366]
[0.6424422]
[0.6424422]
[0.6424422]
[0.6424422]
[0.64527696]
[0.06480192]
[0.0551883]
[0.6835673]
[0.66724]
[0.5932598]
[0.6393081]
[0.62600195]
[0.62600195]
[0.62600195]
[0.62600195]
[0.62600195]
[0.62600195]
[0.62600195]
[0.62600195]
[0.62600195]
[0.62600195]
[0.62600195]
[0.62600195]
[0.62600195]
[0.62600195]
[0.62600195]
[0.07448894]
[0.6251572]
[0.6251572]
[0.6251572]
[0.6251572]
[0.6251572]
[0.6251572]
[0.6251572]
[0.6251572]
[0.6968339]
[0.6968339]
[0.65786916]
[0.6742569]
[0.6459192]
[0.05643595]
[0.044608]
[0.07396413]
[0.63849294]
[0.63849294]
[0.63849294]
[0.63849294]
[0.04589585]
[0.07379173]
[0.6392922]
[0.07378247]
[0.6233029]
[0.6233029]
[0.6233029]
[0.6233029]
[0.6233029]
[0.6233029]
[0.04673235]
[0.6398637]
[0.6398637]
[0.6398637]
[0.6398637]
[0.6398637]
[0.6398637]
[0.6398637]
[0.62304413]
[0.04334294]
[0.68015206]
[0.68332803]
[0.68332803]
[0.68332803]
[0.68332803]
[0.06048414]
[0.6327022]
[0.6327022]
[0.6327022]
[0.05993057]
[0.6385223]
[0.45606792]
[0.63334745]
[0.3315501]
[0.35933918]
[0.5865695]
[0.05769718]
[0.6096974]
[0.6096974]
[0.6096974]
[0.6096974]
[0.5641697]
[0.6054637]
[0.5850542]
[0.6685033]
[0.6685033]
[0.6685033]
[0.6685033]
[0.6685033]
[0.6685033]
[0.5868756]
[0.6305298]
[0.0537055]
[0.5092011]
[0.5890816]
[0.62358224]
[0.6410973]
[0.62797266]
[0.6208885]
[0.6208885]
[0.26815838]
[0.6055494]
[0.58675456]
[0.63440174]
[0.6087501]
[0.56792915]
[0.05837144]
[0.5285175]
[0.5730434]
[0.12825695]
[0.48194137]
[0.16367638]
[0.385187]
[0.62933946]
[0.28303158]
[0.5341637]
[0.61023027]
[0.64706266]
[0.45725346]
[0.04924895]
[0.6009073]
[0.5649158]
[0.45215043]
[0.29411748]
[0.50677943]
[0.60026485]
[0.60026485]
[0.11364398]
[0.06312249]
[0.51508945]
[0.18935634]
[0.10844429]
[0.45133844]
[0.5342065]
[0.5979703]
[0.53940165]
[0.57116145]
[0.5596291]
[0.5750191]
[0.4458747]
[0.49549702]
[0.656648]
[0.48524687]
[0.557083]
[0.47365445]
[0.51595193]
[0.52063835]
[0.67124623]
[0.4574008]
[0.5371207]
[0.5134021]
[0.4825055]
[0.4825055]
[0.30007473]
[0.47317997]
[0.5537187]
[0.29974005]
[0.0612036]
[0.37399903]
[0.4338414]
[0.04581748]
[0.04347491]
[0.04585796]
[0.22853]
[0.37363663]
[0.37597105]
[0.555807]
[0.11256345]
[0.21077175]
[0.05757229]
[0.17752469]
[0.48922193]
[0.27786443]
[0.12041754]
[0.09861013]
[0.31561935]
[0.1056811]
[0.128244]
[0.09356555]
[0.27648646]
[0.06416724]
[0.22777152]
[0.39654058]
[0.02380753]
[0.5064422]
[0.45791534]
[0.04137997]
[0.25186053]
[0.4211379]
[0.04487437]
[0.03749851]
[0.47212768]
[0.48236328]
[0.24707182]
[0.23165117]
[0.42286128]
[0.42286128]
[0.04016562]
[0.38737336]
