3.7422216825655346
3.7422216825655346
3.7422216825655346
3.7422216825655346
3.7422216825655346
3.5730776902655936
3.647724407258475
3.5871178086065356
3.5871178086065356
3.5871178086065356
3.5871178086065356
3.5871178086065356
3.5871178086065356
4.276370004440451
4.1827040802059905
4.1827040802059905
2.561588762393825
3.9128605122320046
3.467404082444074
3.551351261222237
3.551351261222237
3.551351261222237
3.551351261222237
3.551351261222237
3.551351261222237
3.9733319545337737
3.910318560389795
4.414508406803263
4.328852740263253
4.2587170282981965
4.2587170282981965
4.2587170282981965
4.2587170282981965
3.5391599000682206
3.696202066111317
4.211052939862176
4.217518507671201
4.217518507671201
4.217518507671201
4.217518507671201
4.217518507671201
4.217518507671201
4.217518507671201
4.217518507671201
4.217518507671201
4.217518507671201
3.4554999607893864
4.208504070923114
4.232339021246096
4.237157734794788
3.472413396481592
3.7586141462112517
3.773669818165767
4.44597890140064
4.265301718729716
4.043731492422382
4.1688196924633
3.588227513777892
3.588227513777892
3.588227513777892
3.588227513777892
2.540812193818251
2.540812193818251
2.540812193818251
3.596533392152356
4.180186389552354
4.180186389552354
4.180186389552354
4.180186389552354
4.180186389552354
4.180186389552354
4.180186389552354
4.180186389552354
4.180186389552354
4.180186389552354
4.180186389552354
4.180186389552354
4.230998616949437
4.165344645558984
4.165344645558984
4.073054049329634
4.073054049329634
4.239548547998009
3.612404626724264
3.69801222731968
4.191322170631408
4.191322170631408
3.6246093009998326
3.6246093009998326
3.6246093009998326
3.6246093009998326
3.218329808866015
4.155728874793707
4.155728874793707
4.155728874793707
4.155728874793707
4.155728874793707
4.313818317339141
4.313818317339141
4.313818317339141
4.313818317339141
4.313818317339141
4.313818317339141
4.169995159462913
4.298586097900877
4.127688442820757
4.23669254577619
4.523180593026151
4.247446357021939
4.247446357021939
4.247446357021939
4.247446357021939
4.247446357021939
4.247446357021939
4.099327791933184
4.099327791933184
4.099327791933184
4.099327791933184
4.099327791933184
4.099327791933184
4.099327791933184
4.099327791933184
4.099327791933184
4.099327791933184
4.099327791933184
4.099327791933184
4.096983265305965
4.096983265305965
4.070835500840927
4.1073445818740115
4.05466462625271
4.164189034536734
4.019154251562738
4.019154251562738
4.019154251562738
4.019154251562738
4.019154251562738
4.134506342229042
4.134506342229042
4.134506342229042
4.134506342229042
4.134506342229042
4.134506342229042
4.134506342229042
4.134506342229042
4.134506342229042
4.134506342229042
4.134506342229042
4.134506342229042
4.134506342229042
4.134506342229042
4.134506342229042
4.134506342229042
4.134506342229042
4.134506342229042
4.134506342229042
4.134506342229042
4.134506342229042
4.134506342229042
4.134506342229042
4.134506342229042
4.134506342229042
4.134506342229042
4.134506342229042
4.134506342229042
4.134506342229042
4.134506342229042
4.134506342229042
4.134506342229042
4.134506342229042
4.134506342229042
4.134506342229042
4.134506342229042
4.134506342229042
4.134506342229042
4.134506342229042
4.134506342229042
4.134506342229042
4.134506342229042
4.134506342229042
4.134506342229042
4.134506342229042
4.134506342229042
4.134506342229042
4.134506342229042
4.134506342229042
4.134506342229042
4.134506342229042
4.134506342229042
4.134506342229042
4.134506342229042
4.134506342229042
4.134506342229042
4.134506342229042
4.134506342229042
4.134506342229042
4.134506342229042
4.134506342229042
4.134506342229042
4.134506342229042
4.134506342229042
4.134506342229042
4.332934439179997
4.072344433945018
4.220301518972696
4.304465791666825
4.148836991083524
4.148836991083524
4.148836991083524
2.774776512957608
4.063184863868322
4.305016356741561
4.251626688379865
4.266773411061649
4.266773411061649
4.266773411061649
4.091193816075401
4.18351537241783
4.024492268473797
4.2547686310770265
4.381073125859172
4.195518216019725
3.698513345498677
4.2429127475545405
4.142552389669891
4.218999504846039
4.260120247554485
4.072582169011143
3.9774123477563883
4.031015339742849
4.230691845187621
4.0226853585045745
3.1916736684289813
4.080361681206264
4.0346038575664895
4.0346038575664895
4.148309641210629
4.148309641210629
4.108131825309629
4.058719513730719
4.098173913851667
4.2593553022193955
4.005376780353494
4.108275527360109
4.108275527360109
4.108275527360109
4.108275527360109
3.6782040014196458
4.237101300234089
4.032587852654357
3.935381045395383
4.690632169536659
3.688538632192187
4.218208339270461
4.360234833176245
4.198475790254484
3.995193002744963
4.088161700383957
4.001165058316957
4.21415434518762
4.320665217968687
4.101865965425847
4.043057155838509
4.272035002031779
4.123258339270461
4.119622629553798
3.6994677786857775
4.266259152879929
4.0513688566200265
3.966512957048086
3.584013630338836
4.170054345187621
4.170054345187621
4.0179082350374244
4.132233426046789
4.090480501585505
4.267866955524856
4.1712694688531124
4.327451063267263
4.229146135128451
3.911713735741224
4.60494365871053
4.828041680117593
4.446669285337038
4.181855528619574
4.677192079729311
4.32072213148769
4.007694297489822
3.0245199337286284
3.955228341663471
4.025047944366451
4.496616054895702
4.252766559255044
4.24609554496205
4.316134596666911
4.235783634885101
4.235783634885101
4.295509298467051
3.213051841906845
4.229299355267107
4.209443324477562
4.382529177067648
4.142280337099345
4.182402555193197
4.289589223420146
3.9791664223946217
4.2408566737274445
2.9217437195919995
3.7092672915886533
4.2899597963474
4.343664195277557
4.254711508035765
4.56710902979917
4.259552525483937
4.183694519337259
3.8851377781507574
4.05877999551249
4.648119161131252
3.8494049562660226
4.561484244176798
4.181519820102846
3.2869164409617557
4.598810744509347
3.472082246066929
4.507745625301551
3.938925285936353
3.938925285936353
3.938925285936353
4.394663715529961
4.128125508598384
4.2865455541539506
4.153172876720528
3.859873422807837
5.075151431300108
4.205679902973449
5.1218805119755295
4.0965049457466005
4.911384244766164
4.094905617346737
4.0351250220626245
4.726020065661684
4.4325979308804655
4.361109966489396
3.8513789477777163
4.720596385136696
4.626954717489575
4.697473650701937
4.217657625425484
4.133587366796753
4.921164018885647
4.921164018885647
3.453629219750388
4.585004496357174
4.4991183356153055
4.52699098101868
4.280856374765288
4.573141815440428
4.546929972341572
4.93553835284437
4.822751526035403
4.072754418900699
4.851415876296526
4.747365186212775
4.040935536171631
4.785364448672212
4.69968629058716
4.696330398214439
3.962613957405013
4.835725093621772
3.645644439894278
3.342356004017679
4.945600296282119
3.72676430031353
4.349269222316517
3.600335782306143
3.706392075694759
3.926924676603379
4.05022804647384
4.880988466184792
5.743221341689301
2.7608687617651615
3.594474241292181
5.512718855798307
5.338746616842425
5.452339754473924
3.976651765188696
4.898012138988031
3.867503606369265
3.5177454493515032
5.2743023664502084
2.473976285252956
3.4554091936438054
3.662673229851258
3.876031877572962
2.3033271783868674
3.6904099142503544
3.6258204766585536
2.584137128270573
3.6634398690159564
2.84358051007543
3.9248941484875672
2.758582379627274
3.233642541752987
3.2313991539865032
3.3090598350110305
3.4116484413950214
4.243311149921349
4.475257723392824
4.475257723392824
3.3978134866438907
4.111132149736585
3.8131849524571813
3.5351331722001573
3.5356889414251
3.477125477594117
3.696779899523875
2.655335265014898
3.399766717602123
2.614598192161548
3.34608299325207
2.7928367901599636
2.5690346005040396
4.46446429168634
2.113725144275781
2.658186862728904
3.0220322304347995
5.327010280080526
2.352169762035871
2.741221482607198
2.630778043693171
2.347385781060412
2.57132367974709
2.499182242266455
2.77404078473071
2.254476736703513
2.622838107659879
2.7682032112286183
2.536613736032269
2.2016196811253845
5.58190168154999
2.1670290955915146
2.43816802610287
3.1448290020735783
2.600678929385511
2.600678929385511
2.549838314153888
2.488928072459613
3.07413558341747
2.2462828269347987
1.7650003817735058
2.638712930882006
2.2969155614323924
2.5773981224938094
2.5460136626152146
2.5810153541602876
2.5810153541602876
2.3873188172249638
3.667498161071711
3.3877834329015464
3.3877834329015464
3.5623230568445763
3.665788201908695
3.669121765103238
6.667815384615385
4.043614072795545
5.093159303594386
5.399276095433522
7.3284153846153846
3.8473840252500278
4.393165540118118
4.3702403525002085
5.406560669157559
5.537325583645289
4.6339951811297375
5.07861514531729
4.833643708719605
4.632093270513482
5.403912192994498
4.626342224100261
5.7727558911415855
3.536069868125855
4.950017329039592
4.6684309212726
5.308975029719157
5.738544743109784
5.442013087553631
5.384365808003914
5.461208061802701
5.121895359255146
5.157901463907834
5.074397839563287
4.469210775625972
5.347206399677854
4.801319587417625
4.374408086765728
6.11646189742745
5.657009754890053
5.827877112172643
6.170787819315191
5.622863625107948
