2.0885887206218126
1.0843462778324717
1.1518802358387852
1.0284255677733025
1.0
1.0
1.0
1.3424871184298794
2.248281336161181
2.3202514908995138
2.214862880089157
2.3671352010767546
1.041975344503662
1.041975344503662
3.4292269376690374
2.477577379946455
1.0
1.0
1.0
1.0
1.0
1.0
1.0
1.0
1.0
1.0
1.0
1.0
1.0
1.0337432953498862
1.0337432953498862
3.330474463731477
2.034355624758769
2.034355624758769
2.0395276090245034
2.3102154075616834
2.3102154075616834
1.192665672972261
1.4173518085757895
1.4173518085757895
1.0
1.0
1.0
1.0
1.0
1.0
1.0
1.0
1.0
1.0
1.0
1.0
1.0
1.0
1.0
1.0
1.0
1.0
1.0
1.0
1.0
1.0
1.0
1.0
1.0
1.0
1.0
1.0
1.0
1.0
1.0
1.0
1.0
1.0
1.0
1.0
1.0
1.0
1.0
1.0
1.0
1.0
1.0
1.0
1.0
1.0
1.0
1.0
1.0
1.0
1.0
1.0
1.8440402457963927
2.3160070559133317
2.3160070559133317
2.3160070559133317
2.3160070559133317
1.4476273918409426
1.0
1.0
1.0
1.0
1.0
1.0
1.0
2.2291779586748515
1.4775276084337552
1.5610329303024777
1.8796550430680856
1.528193280147697
1.528193280147697
1.5527732132580638
1.5527732132580638
1.7595416166930136
1.3098936145958557
1.9197147764563258
2.263170132836409
1.273051675864611
1.9791812379947888
1.2922765279356163
1.0
1.0
1.0
1.0
1.0
1.0
1.0
1.0
1.0
1.0
1.0
1.0
1.0
1.0
1.0
1.0
1.0
1.0
1.0
1.0
1.0
1.0
1.0
1.0
1.0
1.0
1.0
1.0
1.0
1.0
1.0
1.0
1.0
1.0
1.0
1.0
1.0
1.0
1.0
1.0
1.0
1.0
1.0
1.0
1.0
1.0
1.0
1.0
1.0
1.0
1.0
1.0
1.0
1.0
1.0
1.0
1.0
1.0
1.0
1.0
1.1406996346627452
1.1406996346627452
1.7037926112513748
1.7037926112513748
2.6830954672645433
1.426382456189046
1.975823865213723
1.1765612788317714
1.1765612788317714
1.1765612788317714
1.1765612788317714
1.1765612788317714
1.1765612788317714
1.7165386581131319
3.11226751728446
1.2234273938600708
2.1905993002145845
2.1905993002145845
3.320486964679005
1.4390300694453533
1.540953085559675
3.2924830938656573
4.018003323020373
1.2633697403702335
1.2633697403702335
1.2633697403702335
1.2633697403702335
1.2633697403702335
1.2633697403702335
1.2633697403702335
1.2633697403702335
1.2633697403702335
1.2633697403702335
3.5877881907572657
2.564380022946299
3.891302135379025
1.2371536252092383
1.2371536252092383
1.2371536252092383
1.2371536252092383
1.2371536252092383
1.2371536252092383
1.2371536252092383
1.2371536252092383
1.647896290181139
1.6366758942163866
1.782420704896861
1.782420704896861
2.1820410249770372
3.186361207498705
1.9614305096010014
1.9614305096010014
1.3717690098246216
2.368319234049519
3.3786311720151527
1.659109300809794
3.987364049075085
2.122656825298197
3.8529985624017717
2.327688263425287
2.908580669947451
3.7565782308386826
3.734762734714222
2.4205151636707765
4.0620760622117595
2.1297129976729785
4.526170568032548
4.033276045964733
3.469858161071711
3.7244595736013775
3.7244595736013775
3.326269868776458
3.326269868776458
3.326269868776458
2.916295894216386
3.9865432927082676
3.134296663447156
5.323377857693252
2.058307661852597
2.058307661852597
2.058307661852597
2.058307661852597
3.712876400524454
4.347182966570182
1.9921123809244392
1.9921123809244392
1.9921123809244392
1.9921123809244392
1.9921123809244392
2.880495837909665
2.426920689980671
2.426920689980671
2.426920689980671
2.426920689980671
2.426920689980671
2.426920689980671
2.426920689980671
2.426920689980671
2.426920689980671
2.426920689980671
2.426920689980671
2.426920689980671
2.3215076618525963
3.1638132405938526
3.1876805482861617
3.1876805482861617
2.6698168438268244
4.9279049321950605
5.155191154587789
2.9835459329015457
2.9835459329015457
2.9835459329015457
2.9835459329015457
2.8455278333540353
2.9849122790553917
3.4521952464431074
3.4521952464431074
3.4521952464431074
3.4521952464431074
3.7685141610717103
3.870787178823189
3.6671411062346513
3.4938620480625397
3.6740169303024803
2.7197692003141345
2.7197692003141345
3.4791766574434373
3.2550074713630845
3.576533707981568
2.9165391455154133
2.637738431083365
3.75987135980343
3.8655083303149187
3.5848705500868316
4.0678132254198145
3.119323046467981
3.714173586524079
3.9146859347022165
3.9146859347022165
3.9146859347022165
3.9992797403702323
3.4056535865240782
4.418286468764019
2.621528467206412
2.621528467206412
2.621528467206412
2.621528467206412
3.8293499023135524
3.7020997790553922
3.7020997790553922
3.7020997790553922
3.7020997790553922
3.0417706899806713
3.0417706899806713
3.0417706899806713
3.0417706899806713
3.688906177617196
3.688906177617196
3.9051363175169307
3.9051363175169307
4.2075712673778565
3.3069176130575944
3.3069176130575944
3.3069176130575944
3.3069176130575944
3.3069176130575944
3.3069176130575944
3.3069176130575944
3.3069176130575944
3.3069176130575944
3.3069176130575944
3.3069176130575944
3.3069176130575944
3.006787807865753
3.006787807865753
3.006787807865753
3.5919964296256417
3.5919964296256417
3.5919964296256417
3.5919964296256417
3.5919964296256417
3.5919964296256417
3.5919964296256417
4.478861335623899
3.847387432677925
3.97267216952003
4.2906928172933085
3.5878066634471555
3.738129081029573
3.9633879589937147
3.609802946476206
3.609802946476206
3.8540837853666883
2.98952304646798
3.6975224034897813
4.438770568077156
3.169492277237211
3.766207471363085
4.770643391840942
4.023460355978468
3.2983545867477
3.4137690416290223
3.4137690416290223
3.8244590550734916
3.8244590550734916
3.427942228442209
4.737935679672861
4.049980322041817
3.599188240593853
3.599188240593853
3.599188240593853
3.599188240593853
3.599188240593853
4.184053141434403
3.524015354160288
3.737584584929518
3.6395999695449035
3.6395999695449035
3.6395999695449035
3.6395999695449035
3.6395999695449035
3.6395999695449035
4.272097426674207
3.4768310007748493
4.580980503597283
4.085044639155658
4.968277853379402
4.546602533892498
3.9860613175169313
3.9860613175169313
5.0950195379410825
3.857945738922007
4.457399779055392
4.457399779055392
3.2967845849295188
3.8008767021323147
4.26736921069073
4.26736921069073
4.26736921069073
4.26736921069073
4.26736921069073
4.141076284177422
3.7899031924811366
4.1477384414599605
4.1477384414599605
3.5944615080064413
5.2289511396794675
4.427933707981568
5.044350987657577
4.2779938967024504
4.478071628255293
4.991788622610171
5.497939160431603
3.669121765103238
4.669869740370232
4.747841400039843
4.747841400039843
4.36791244873865
5.200973586524078
5.266846092552682
4.343105079581348
5.472312343692845
5.5663819089102375
4.08999868818016
4.08999868818016
4.08999868818016
5.305221278831771
5.564937092856725
5.258699779055392
5.428105894216387
5.444453010132201
4.054249346327292
5.93039784080443
5.577685894216387
4.731066252110849
5.594834394440007
5.594834394440007
3.5458137145058677
5.8899598962175554
5.703692817293309
4.043614072795545
4.043614072795545
5.89181358052036
6.045242811289592
5.290610630809073
5.55976131751693
5.55976131751693
5.780345932901546
6.336565888212668
6.202083951716856
3.251088263425288
3.55294645740522
3.957001306903548
3.2532433667438587
3.2532433667438587
3.2532433667438587
3.684918363759735
4.209682927183421
3.7984191909196836
3.586375234875728
3.964197212897705
4.55162137379318
4.771863146963639
4.771863146963639
2.5657415614078385
7.3284153846153846
7.3284153846153846
7.3284153846153846
6.635276923076923
5.653088932321609
5.323843366743859
5.323843366743859
3.0291660226226114
3.0291660226226114
4.134556407237996
4.134556407237996
4.004910565324402
4.504295180709018
3.9512100169425803
3.446314422853261
