4.363576839434191
4.472017384146313
4.289496426890475
4.376573097279239
4.376573097279239
4.376573097279239
4.376573097279239
4.376573097279239
4.401700951530251
4.4176451620565675
4.4472110729877405
4.455216336145637
4.455216336145637
4.455216336145637
4.455216336145637
4.455216336145637
4.7206535012339295
4.350223623074036
4.676758452307481
4.611887427995006
4.508291315381728
4.508291315381728
4.589515088833751
4.589515088833751
4.589515088833751
4.468627219159566
4.468627219159566
4.468627219159566
4.371138338160554
4.371138338160554
4.3523122394024805
4.3523122394024805
4.3523122394024805
4.3523122394024805
4.536625647365534
4.536625647365534
4.536625647365534
4.536625647365534
4.3484816389339125
4.3484816389339125
4.52100226832093
4.52100226832093
4.52100226832093
4.52100226832093
4.52100226832093
4.313168566201771
4.313168566201771
4.313168566201771
4.313168566201771
4.313168566201771
4.313168566201771
4.313168566201771
4.313168566201771
4.313168566201771
4.313168566201771
4.313168566201771
4.313168566201771
4.313168566201771
4.313168566201771
4.313168566201771
4.313168566201771
4.313168566201771
4.313168566201771
4.313168566201771
4.313168566201771
4.313168566201771
4.313168566201771
4.313168566201771
4.313168566201771
4.313168566201771
4.313168566201771
4.313168566201771
4.313168566201771
4.313168566201771
4.313168566201771
4.313168566201771
4.313168566201771
4.313168566201771
4.313168566201771
4.313168566201771
4.313168566201771
4.313168566201771
4.313168566201771
4.313168566201771
4.313168566201771
4.313168566201771
4.313168566201771
4.313168566201771
4.313168566201771
4.313168566201771
4.313168566201771
4.313168566201771
4.313168566201771
4.313168566201771
4.313168566201771
4.313168566201771
4.313168566201771
4.313168566201771
4.313168566201771
4.313168566201771
4.313168566201771
4.313168566201771
4.313168566201771
4.313168566201771
4.313168566201771
4.313168566201771
4.313168566201771
4.313168566201771
4.313168566201771
4.313168566201771
4.415303321313821
4.60968510269034
4.60968510269034
4.60968510269034
4.60968510269034
4.60968510269034
4.60968510269034
4.60968510269034
4.60968510269034
4.60968510269034
4.60968510269034
4.60968510269034
4.60968510269034
4.60968510269034
4.60968510269034
4.60968510269034
4.60968510269034
4.60968510269034
4.60968510269034
4.709821389200051
4.384812633054711
4.646578730408901
4.339723564145004
4.404851410678083
4.76482858263965
4.76482858263965
4.682793795171457
4.682793795171457
4.682793795171457
4.682793795171457
4.682793795171457
4.251608192422958
4.420438728273603
4.420438728273603
4.420438728273603
4.420438728273603
4.420438728273603
4.420438728273603
4.420438728273603
4.515888105486016
4.515888105486016
4.515888105486016
4.515888105486016
4.392690371531936
4.392690371531936
4.392690371531936
4.5250183280333705
4.5250183280333705
4.5250183280333705
4.605630468637662
4.605630468637662
4.605630468637662
4.605630468637662
4.605630468637662
4.704952589004341
4.704952589004341
4.627200936531779
4.387327072972642
4.531930932649853
4.531930932649853
4.531930932649853
4.531930932649853
4.531930932649853
4.531930932649853
4.531930932649853
4.531930932649853
4.531930932649853
4.531930932649853
4.531930932649853
4.531930932649853
4.531930932649853
4.531930932649853
4.531930932649853
4.531930932649853
4.531930932649853
4.531930932649853
4.531930932649853
4.531930932649853
4.531930932649853
4.531930932649853
4.531930932649853
4.531930932649853
4.531930932649853
4.531930932649853
4.531930932649853
4.531930932649853
4.531930932649853
4.531930932649853
4.531930932649853
4.531930932649853
4.531930932649853
4.531930932649853
4.531930932649853
4.531930932649853
4.531930932649853
4.531930932649853
4.531930932649853
4.531930932649853
4.531930932649853
4.531930932649853
4.531930932649853
4.531930932649853
4.531930932649853
4.531930932649853
4.531930932649853
4.531930932649853
4.531930932649853
4.776246795293468
4.383377415017144
4.383377415017144
4.383377415017144
4.383377415017144
4.383377415017144
4.383377415017144
4.383377415017144
4.383377415017144
4.383377415017144
4.383377415017144
4.297921481745245
4.55445545926108
4.55445545926108
4.340657217567535
4.340657217567535
4.340657217567535
4.340657217567535
4.391333655195478
4.391333655195478
4.604650654958384
4.593171438797931
4.593171438797931
4.593171438797931
4.593171438797931
4.593171438797931
4.858409099105419
4.858409099105419
4.804624809012314
4.651118312400117
4.2333821531210205
4.2333821531210205
4.2333821531210205
4.2333821531210205
4.2333821531210205
4.2333821531210205
4.336967624807355
4.656645952778062
4.363293580088086
4.72870707481392
4.345420366553091
4.345420366553091
4.345420366553091
4.345420366553091
4.345420366553091
4.345420366553091
4.765924042753129
4.765924042753129
4.765924042753129
4.36121270248103
4.569204623978679
4.675255487375395
4.643235001125893
4.513592546874714
4.513592546874714
4.513592546874714
4.513592546874714
4.513592546874714
4.513592546874714
4.302416276313357
4.302416276313357
4.302416276313357
4.780381649712706
4.57497777732053
4.603006036429841
4.325063918021941
5.01516636820441
4.42987239178795
4.5139684703928165
4.5139684703928165
4.5139684703928165
4.5139684703928165
4.561772742830115
4.688080449385306
4.444346968923254
4.343565905298318
4.449724185893326
4.449724185893326
4.760296973345879
4.593798167931329
4.471666267341291
4.58616865653649
4.250021755736365
4.551465980951205
4.551465980951205
4.489291530683079
4.5572590728670885
4.440376035460234
4.5634638344099
4.5634638344099
4.5634638344099
4.5634638344099
4.797074281291653
4.859595579613412
4.872262748746949
4.310377035482807
4.536528963143984
4.795183357549909
4.658347076184217
4.658347076184217
4.658347076184217
4.658347076184217
4.658347076184217
4.658347076184217
4.658347076184217
4.658347076184217
4.658347076184217
4.658347076184217
4.658347076184217
4.658347076184217
4.658347076184217
4.658347076184217
4.8052902422578185
4.665434044569496
4.251941667818915
4.787430138630874
4.602956537311324
4.611845746837491
4.727094626474638
4.674005817442957
4.826052823801775
4.564754767121613
4.565169158208731
4.322087774138863
4.435559583732848
4.642141457762127
4.3377698228248835
4.582547638379495
4.411923840482977
4.485295327932468
4.371613367300155
4.543904823898993
4.410545518327931
4.722899706392868
4.466365455380723
4.585371181490675
5.339860267190769
4.648075007076853
4.436312591974728
4.573625452635813
4.566342318743848
4.669532102922185
4.385367367953126
4.845271693983718
4.793325468556316
4.431768046042406
4.432234270296407
4.10816944895999
5.016171643843808
4.685683974579938
4.586859835574566
4.659294344711837
4.64760695292326
5.2478445526979804
4.277558164142979
4.336919416925796
4.657957954195352
5.115114542703019
4.562409276811637
4.300746019127528
4.460216717870578
4.155022416411475
5.159757011736785
5.343981593676583
5.044007496379177
4.772278265609946
5.233252019424802
4.591744628951439
5.04099994321939
5.300506582980242
4.087954518497304
4.598874054668226
4.626958309665849
4.095309976544056
5.415067496379178
5.201290403306503
4.185535668966246
4.482264116671443
5.206583014236442
4.636883386701747
4.5391277001415915
4.5804959638052
4.4798563593812935
3.948543485315051
4.416334376348073
4.2738961859960245
4.3040363953795975
3.893474068600156
4.400054429851586
3.837069331501297
3.8733852045636636
3.705170869962835
3.4808091178313116
3.950547082980586
3.8624988712502626
3.1292133077779383
3.758795515135798
3.3784861314973185
3.5348429573225904
4.046061802806895
3.5275975053483632
3.426585701625857
3.7185236042494614
3.5934526534212763
3.528552912681967
3.892123437474913
3.6322614001153246
3.4480134001153253
3.6082506182262355
3.858609800354505
3.34270329256195
3.1301023980600267
3.3790762125801113
3.867395168091792
3.867395168091792
3.0874594553547254
3.8817742729952656
3.350983605460222
3.350983605460222
3.350983605460222
3.350983605460222
2.8008928039900187
3.7943151135979623
3.157119772864471
3.157119772864471
3.8408615225945706
3.8197359208500794
3.47286229949445
2.5912300806995017
2.8335852484771227
3.322222426691173
3.735621193725219
3.647170232186756
3.4744597616679833
3.228189083384658
3.721652971245037
3.527724326611236
3.3597374321724276
3.286287544923119
3.139100804760494
3.8158692875065015
3.0967110171543517
3.0967110171543517
3.5597103814698157
4.066968409504052
3.0059404485924794
3.0059404485924794
3.0059404485924794
3.5258503372345187
3.328128104363679
2.9544751581599105
2.9544751581599105
2.9544751581599105
3.249060396406115
3.246786431909075
3.4743486866381224
3.3759668059538956
3.8364701597197257
3.341009666367561
3.341009666367561
3.5771656769434514
3.0968138060421246
4.03230004137653
4.912387911879773
5.505179768274605
4.057921765103237
3.5861808812403133
6.963984615384615
3.7834939604522226
3.7834939604522226
3.873458916996003
4.326487170152838
6.368816937017147
5.957177445914812
5.8221075105677915
6.469684813260769
4.706579997283932
5.469503895135606
4.094305190830651
5.770676614971277
4.728713164021839
6.043903947814755
5.790974187986497
