19.950900000000008
19.950900000000008
19.950900000000008
19.950900000000008
19.874700000000004
18.529119999999985
18.529119999999985
18.529119999999985
18.529119999999985
18.529119999999985
18.529119999999985
18.529119999999985
18.529119999999985
18.529119999999985
18.529119999999985
18.529119999999985
18.529119999999985
18.529119999999985
18.529119999999985
18.529119999999985
18.529119999999985
18.529119999999985
18.529119999999985
18.529119999999985
18.529119999999985
18.529119999999985
18.529119999999985
18.529119999999985
18.529119999999985
18.529119999999985
18.529119999999985
18.529119999999985
18.529119999999985
18.529119999999985
18.529119999999985
18.529119999999985
18.529119999999985
18.529119999999985
18.529119999999985
18.529119999999985
18.529119999999985
18.529119999999985
18.529119999999985
18.529119999999985
18.529119999999985
18.529119999999985
18.529119999999985
18.529119999999985
18.529119999999985
18.529119999999985
18.529119999999985
18.529119999999985
18.529119999999985
18.529119999999985
18.529119999999985
18.529119999999985
18.529119999999985
18.529119999999985
18.529119999999985
18.529119999999985
18.529119999999985
18.529119999999985
18.529119999999985
18.529119999999985
18.529119999999985
18.529119999999985
18.529119999999985
18.529119999999985
18.529119999999985
18.529119999999985
18.529119999999985
18.529119999999985
18.529119999999985
18.529119999999985
18.529119999999985
18.529119999999985
18.529119999999985
18.529119999999985
18.529119999999985
18.529119999999985
18.529119999999985
18.529119999999985
18.529119999999985
18.529119999999985
18.529119999999985
18.529119999999985
18.529119999999985
18.529119999999985
18.529119999999985
18.529119999999985
18.529119999999985
18.529119999999985
18.529119999999985
18.529119999999985
18.529119999999985
18.529119999999985
18.529119999999985
18.529119999999985
18.529119999999985
18.529119999999985
18.529119999999985
18.529119999999985
18.529119999999985
18.529119999999985
18.529119999999985
18.529119999999985
18.529119999999985
18.529119999999985
18.529119999999985
18.529119999999985
18.529119999999985
18.529119999999985
18.529119999999985
18.529119999999985
18.529119999999985
18.529119999999985
18.529119999999985
18.529119999999985
18.529119999999985
18.529119999999985
18.529119999999985
18.529119999999985
18.529119999999985
18.529119999999985
18.529119999999985
18.529119999999985
18.529119999999985
18.529119999999985
18.529119999999985
18.529119999999985
18.529119999999985
18.529119999999985
18.529119999999985
18.529119999999985
18.529119999999985
18.529119999999985
18.529119999999985
18.529119999999985
18.529119999999985
18.529119999999985
18.529119999999985
18.529119999999985
18.529119999999985
18.529119999999985
18.529119999999985
18.529119999999985
18.529119999999985
18.529119999999985
18.529119999999985
18.529119999999985
18.529119999999985
18.529119999999985
18.529119999999985
18.529119999999985
18.529119999999985
18.529119999999985
18.529119999999985
18.529119999999985
18.529119999999985
18.529119999999985
18.529119999999985
18.529119999999985
18.529119999999985
18.529119999999985
18.529119999999985
18.529119999999985
18.529119999999985
18.529119999999985
18.529119999999985
18.529119999999985
18.529119999999985
18.529119999999985
18.529119999999985
18.529119999999985
18.529119999999985
18.529119999999985
18.529119999999985
18.529119999999985
18.529119999999985
18.529119999999985
18.529119999999985
18.529119999999985
18.529119999999985
18.529119999999985
18.529119999999985
18.529119999999985
18.529119999999985
18.529119999999985
18.529119999999985
18.529119999999985
18.529119999999985
18.529119999999985
18.529119999999985
18.529119999999985
18.529119999999985
18.529119999999985
18.529119999999985
18.529119999999985
18.529119999999985
18.529119999999985
18.529119999999985
18.529119999999985
18.529119999999985
18.529119999999985
18.529119999999985
18.529119999999985
18.529119999999985
18.529119999999985
18.529119999999985
18.529119999999985
18.529119999999985
18.529119999999985
18.529119999999985
18.529119999999985
18.529119999999985
18.529119999999985
18.529119999999985
18.529119999999985
18.529119999999985
18.529119999999985
18.529119999999985
18.529119999999985
18.529119999999985
18.529119999999985
18.529119999999985
18.529119999999985
18.529119999999985
18.529119999999985
18.529119999999985
18.529119999999985
18.529119999999985
18.529119999999985
18.529119999999985
18.529119999999985
18.529119999999985
18.529119999999985
18.529119999999985
18.529119999999985
20.051600000000008
20.051600000000008
20.051600000000008
20.211100000000012
20.211100000000012
20.211100000000012
20.211100000000012
20.211100000000012
20.211100000000012
20.211100000000012
20.051600000000004
19.172819999999994
19.172819999999994
19.172819999999994
19.172819999999994
19.172819999999994
19.172819999999994
20.336400000000012
20.176900000000007
18.220699999999983
18.220699999999983
18.220699999999983
18.50939999999999
18.605719999999984
18.68861999999999
18.68861999999999
18.452919999999985
18.605719999999987
19.437100000000004
18.139019999999984
18.139019999999984
18.139019999999984
18.139019999999984
18.139019999999984
18.139019999999984
18.139019999999984
18.139019999999984
18.139019999999984
18.139019999999984
18.139019999999984
18.139019999999984
18.605719999999987
18.605719999999987
18.452919999999985
18.452919999999985
18.452919999999985
18.669219999999985
18.669219999999985
18.01531999999998
18.01531999999998
18.01531999999998
17.74891999999998
17.74891999999998
17.74891999999998
17.74891999999998
17.74891999999998
17.74891999999998
17.74891999999998
17.74891999999998
17.74891999999998
18.01531999999998
18.01531999999998
17.74891999999998
18.01531999999998
18.01531999999998
18.01531999999998
18.01531999999998
18.01531999999998
18.01531999999998
18.01531999999998
18.01531999999998
18.455919999999985
18.092019999999984
18.092019999999984
18.092019999999984
18.092019999999984
18.219619999999985
18.12099999999998
18.092019999999984
18.008419999999983
18.142999999999986
17.55451999999998
18.279119999999985
18.279119999999985
18.279119999999985
18.445219999999985
17.358819999999977
17.358819999999977
17.358819999999977
17.730899999999977
17.730899999999977
19.5556
17.92411999999998
17.924119999999977
17.92411999999998
17.92411999999998
17.92411999999998
18.567819999999987
18.567819999999987
18.567819999999987
18.567819999999987
19.040799999999997
18.279119999999985
17.896999999999977
17.896999999999977
17.896999999999977
17.896999999999977
17.896999999999977
17.896999999999977
17.92171999999998
17.92171999999998
17.92171999999998
17.67229999999998
17.67229999999998
18.366419999999984
17.506899999999973
17.506899999999973
17.524919999999977
17.88901999999998
17.88901999999998
17.88901999999998
18.00721999999998
18.00721999999998
18.00721999999998
17.375419999999973
18.119919999999983
17.451019999999975
18.424819999999983
18.424819999999983
18.288699999999988
17.92171999999998
17.675919999999977
18.516619999999985
18.06141999999998
18.06141999999998
17.487019999999976
16.94841999999997
16.94841999999997
17.649819999999977
17.649819999999977
17.649819999999977
16.94841999999997
17.612419999999975
17.612419999999975
18.322219999999984
16.18851999999996
17.88901999999998
17.88901999999998
17.88901999999998
17.722919999999977
17.722919999999977
17.22281999999997
16.13811999999997
17.591819999999974
18.067919999999983
17.743919999999978
17.86371999999998
17.743919999999978
17.743919999999978
16.147719999999968
17.97931999999998
17.498919999999977
17.498919999999977
19.1515
15.748019999999967
17.64921999999998
16.774219999999975
17.585719999999977
17.436719999999973
17.18291999999997
15.48749999999997
17.544119999999975
14.96781999999997
14.977419999999968
16.003619999999966
16.972219999999968
14.577719999999971
15.549419999999964
17.353819999999974
17.353819999999974
17.353819999999974
14.187619999999972
12.895419999999977
13.02691999999998
12.707919999999978
13.468019999999973
12.983819999999977
11.536839999999986
16.31859999999996
11.228419999999987
12.66941999999998
12.18379999999998
11.614019999999984
10.501619999999992
10.544119999999992
12.846819999999976
10.329719999999995
9.267019999999999
9.267019999999999
9.841119999999997
9.373919999999998
9.451019999999998
9.962419999999996
9.319299999999995
7.558420000000007
9.209019999999999
8.463920000000005
6.7016200000000055
6.7016200000000055
6.7016200000000055
6.808520000000005
6.825420000000005
6.311720000000004
5.034620000000004
6.097320000000004
5.541120000000004
3.801120000000002
5.714620000000003
2.30344
5.1030200000000026
1.99502
1.99502
4.476500000000003
3.0281200000000013
3.506820000000002
17.795999999999975
3.4914200000000024
3.4914200000000024
2.935220000000001
2.763320000000001
2.2071199999999997
3.5149200000000027
3.262400000000002
1.0262
0.9758
16.755699999999965
1.7485
1.4766000000000001
1.4895
0.2052
0.5857
0.3941
0.3941
18.577519999999986
18.57751999999999
17.795999999999978
17.65171999999998
6.5918000000000045
17.22199999999997
18.205919999999985
17.456019999999977
13.604819999999973
9.541819999999998
16.991099999999967
17.207099999999972
18.284219999999987
17.02961999999997
10.82419999999999
16.567999999999966
17.222699999999975
16.832599999999967
16.832599999999967
