8.306700000000003
6.0487000000000055
6.0487000000000055
7.014900000000007
6.3391000000000055
5.923400000000006
6.678600000000006
6.678600000000006
6.678600000000006
5.694100000000005
5.784300000000006
6.639700000000004
6.639700000000004
6.639700000000004
6.639700000000004
6.639700000000004
6.639700000000004
6.639700000000004
6.639700000000004
6.639700000000004
6.639700000000004
4.580300000000003
4.580300000000003
4.580300000000003
6.285000000000006
6.285000000000006
4.021900000000003
4.946900000000004
6.737900000000005
5.3761000000000045
7.026990000000006
6.231400000000006
6.132200000000005
6.132200000000005
5.898300000000006
4.389300000000003
5.2367200000000045
6.220200000000005
5.7271000000000045
4.345300000000004
5.348800000000005
4.038000000000003
4.038000000000003
4.038000000000003
5.387200000000004
4.193100000000004
4.193100000000004
5.183920000000005
5.183920000000005
5.183920000000005
3.6972000000000023
4.498000000000005
4.498000000000005
5.610920000000005
5.475320000000004
5.475320000000004
5.172520000000004
3.3344000000000023
6.440100000000006
5.941100000000005
3.303600000000002
3.303600000000002
3.303600000000002
3.303600000000002
3.303600000000002
3.303600000000002
3.303600000000002
3.303600000000002
3.303600000000002
3.303600000000002
3.303600000000002
3.303600000000002
5.202720000000004
5.202720000000004
5.202720000000004
5.202720000000004
5.202720000000004
5.202720000000004
5.202720000000004
5.202720000000004
5.202720000000004
5.202720000000004
5.202720000000004
5.202720000000004
4.429000000000004
3.5169000000000024
5.729500000000005
4.700200000000002
5.253200000000005
4.2546000000000035
4.2546000000000035
4.2546000000000035
5.686400000000005
5.686400000000005
4.2687000000000035
3.8377200000000027
5.195600000000002
5.195600000000002
3.860920000000003
5.328670000000005
4.808000000000003
6.030920000000004
5.928720000000004
5.928720000000004
5.928720000000004
5.928720000000004
5.928720000000004
5.928720000000004
5.928720000000004
5.928720000000004
5.928720000000004
5.928720000000004
5.928720000000004
5.928720000000004
5.928720000000004
5.928720000000004
5.928720000000004
5.928720000000004
3.4708200000000016
3.933220000000002
3.933220000000002
3.933220000000002
3.933220000000002
3.933220000000002
3.933220000000002
3.933220000000002
3.933220000000002
3.933220000000002
3.933220000000002
3.933220000000002
3.933220000000002
3.933220000000002
3.933220000000002
3.933220000000002
3.933220000000002
3.933220000000002
3.933220000000002
3.933220000000002
3.933220000000002
3.933220000000002
3.933220000000002
3.933220000000002
3.933220000000002
3.933220000000002
3.933220000000002
3.933220000000002
4.765500000000003
4.765500000000003
4.765500000000003
4.765500000000003
4.765500000000003
4.765500000000003
4.765500000000003
4.765500000000003
4.765500000000003
4.765500000000003
4.765500000000003
4.765500000000003
4.765500000000003
4.765500000000003
4.765500000000003
4.765500000000003
4.765500000000003
4.765500000000003
4.765500000000003
4.765500000000003
4.765500000000003
4.765500000000003
4.765500000000003
4.765500000000003
4.765500000000003
4.765500000000003
4.765500000000003
4.765500000000003
4.765500000000003
4.765500000000003
4.765500000000003
4.765500000000003
4.765500000000003
4.765500000000003
4.765500000000003
4.765500000000003
4.765500000000003
4.849600000000002
2.835720000000001
5.893600000000006
4.8641400000000035
4.8641400000000035
4.227820000000004
4.227820000000004
3.845100000000002
2.700120000000001
3.4907200000000023
5.099190000000003
5.099190000000003
5.099190000000003
5.099190000000003
5.176000000000003
4.670400000000003
3.543120000000002
3.543120000000002
3.543120000000002
3.543120000000002
3.543120000000002
3.543120000000002
3.543120000000002
3.543120000000002
3.543120000000002
3.543120000000002
3.543120000000002
3.543120000000002
3.543120000000002
3.543120000000002
3.543120000000002
3.543120000000002
3.543120000000002
3.543120000000002
3.543120000000002
3.543120000000002
3.543120000000002
3.543120000000002
3.543120000000002
3.543120000000002
3.543120000000002
6.800140000000006
3.562890000000002
6.114900000000004
3.0502200000000013
2.7375000000000007
3.100620000000002
3.100620000000002
3.100620000000002
3.100620000000002
3.100620000000002
3.100620000000002
3.100620000000002
3.100620000000002
3.100620000000002
3.100620000000002
3.100620000000002
3.100620000000002
3.100620000000002
3.100620000000002
3.100620000000002
4.7725000000000035
4.7725000000000035
4.758300000000003
2.726800000000001
3.8061200000000026
4.985720000000003
3.933220000000002
3.933220000000002
3.933220000000002
3.933220000000002
6.535700000000005
5.987000000000005
3.4160200000000023
3.4160200000000023
3.4160200000000023
3.4160200000000023
3.4160200000000023
3.4160200000000023
3.4160200000000023
3.4160200000000023
3.4160200000000023
3.4160200000000023
5.6270900000000035
5.6270900000000035
3.5711200000000023
4.068420000000003
4.6776000000000035
4.698920000000003
4.698920000000003
4.698920000000003
4.698920000000003
4.698920000000003
4.698920000000003
4.698920000000003
4.698920000000003
4.698920000000003
4.698920000000003
4.508100000000002
2.0636
5.583940000000004
5.583940000000004
5.583940000000004
4.176020000000003
3.1076200000000016
3.6994200000000026
3.6994200000000026
2.6060000000000008
2.958400000000001
5.756400000000005
3.1975000000000016
3.5856200000000022
6.083820000000006
3.418420000000002
3.311720000000002
4.3652200000000025
3.720620000000002
3.720620000000002
3.720620000000002
3.720620000000002
3.2337000000000016
4.068420000000002
4.068420000000002
4.068420000000002
4.068420000000002
4.068420000000002
4.068420000000002
4.068420000000002
4.7828200000000045
2.528520000000001
3.7920000000000025
3.9175200000000023
2.3560000000000003
5.827800000000005
4.391900000000004
3.4356000000000018
3.822820000000002
4.012620000000002
2.737020000000001
4.455320000000003
4.455320000000003
4.455320000000003
4.455320000000003
4.455320000000003
4.455320000000003
4.455320000000003
4.455320000000003
4.455320000000003
4.455320000000003
4.455320000000003
4.455320000000003
4.455320000000003
4.455320000000003
4.455320000000003
4.455320000000003
4.815520000000004
4.023800000000002
2.781200000000001
4.063020000000002
4.063020000000002
4.063020000000002
4.063020000000002
4.063020000000002
4.063020000000002
4.063020000000002
4.063020000000002
4.063020000000002
4.063020000000002
4.063020000000002
4.154720000000002
4.154720000000002
4.154720000000002
4.154720000000002
4.154720000000002
4.154720000000002
4.154720000000002
4.154720000000002
4.739020000000004
2.4823000000000004
4.224700000000002
4.118520000000003
2.9170200000000013
4.327300000000004
3.7230200000000018
3.7230200000000018
3.7230200000000018
3.7230200000000018
3.7230200000000018
3.7230200000000018
3.7230200000000018
3.7230200000000018
3.7230200000000018
5.579400000000005
3.864620000000002
5.557220000000004
2.5005000000000006
4.320820000000002
3.0911200000000023
3.0973200000000016
4.367090000000004
4.367090000000004
4.367090000000004
4.367090000000004
4.367090000000004
4.367090000000004
4.367090000000004
3.418020000000002
5.118900000000004
3.945700000000002
4.821220000000003
4.142700000000003
3.767520000000002
3.767520000000002
3.767520000000002
3.767520000000002
3.7711200000000034
3.7711200000000034
3.7711200000000034
4.275000000000003
4.275000000000003
4.826020000000002
4.065420000000001
4.022420000000003
4.4456200000000035
4.4456200000000035
3.150500000000002
5.7328000000000054
3.4903200000000023
3.4903200000000023
3.4903200000000023
4.908020000000004
4.908020000000004
4.908020000000004
4.908020000000004
4.908020000000004
4.908020000000004
4.908020000000004
4.6258000000000035
4.257120000000004
4.899490000000004
5.723670000000004
3.6683200000000022
5.1719700000000035
3.437400000000002
4.271920000000003
4.271920000000003
4.271920000000003
4.517920000000004
4.517920000000004
4.517920000000004
4.517920000000004
4.517920000000004
4.517920000000004
4.517920000000004
4.150160000000002
5.095500000000003
3.3615200000000014
3.5454000000000017
3.6289000000000025
3.6453000000000038
3.0871000000000013
3.539900000000002
3.167700000000001
4.765800000000004
4.494920000000003
3.248520000000002
1.4952999999999999
3.6514200000000026
3.650500000000002
3.7551000000000023
3.792320000000003
4.274600000000002
4.274600000000002
4.214000000000003
2.8584200000000006
6.564600000000005
2.8028000000000013
4.930670000000004
3.126400000000002
2.7108000000000008
2.981220000000002
2.0983
2.4769000000000005
0.6527000000000001
2.7139200000000008
1.4163
1.4163
1.4163
3.0459200000000015
3.292900000000002
1.8425
1.3659
0.8404
2.5287000000000006
1.9725
2.6948000000000008
0.5952999999999999
0.7233999999999998
2.3804000000000007
0.2052
1.0158
1.9559
0.28350000000000014
0.68377
1.6501
0.5857
0.5857
2.6207000000000003
5.765520000000004
3.6296000000000026
2.9769000000000014
2.573920000000001
2.781620000000001
4.4105000000000025
3.7963200000000024
4.0439000000000025
4.290320000000003
