[0.00062681]
[0.00062681]
[0.00062681]
[0.00062681]
[0.00062681]
[0.00062681]
[0.00062681]
[0.00062681]
[0.00062681]
[0.00062681]
[0.00062681]
[0.00062681]
[0.00062681]
[0.00064044]
[0.00064589]
[0.00064589]
[0.00064589]
[0.00064589]
[0.00064589]
[0.00064589]
[0.00064589]
[0.00064589]
[0.00064589]
[0.00064589]
[0.00064589]
[0.00064589]
[0.00064589]
[0.00064589]
[0.00064589]
[0.00064589]
[0.00064589]
[0.00064589]
[0.00064589]
[0.00064589]
[0.00064589]
[0.00064589]
[0.00064589]
[0.00064589]
[0.00064589]
[0.00064589]
[0.00064589]
[0.00064589]
[0.00064589]
[0.00064589]
[0.00064589]
[0.00064589]
[0.00064589]
[0.00064589]
[0.00064589]
[0.00064589]
[0.00064589]
[0.00064589]
[0.00064589]
[0.00064589]
[0.00064589]
[0.00064589]
[0.00064589]
[0.00064589]
[0.00064589]
[0.00064589]
[0.00064589]
[0.00064589]
[0.00064589]
[0.00064589]
[0.00064589]
[0.00064589]
[0.00064589]
[0.00064589]
[0.00064589]
[0.00064589]
[0.00064589]
[0.00064589]
[0.00064589]
[0.00064589]
[0.00064589]
[0.00064589]
[0.00064589]
[0.00064589]
[0.00064589]
[0.00064589]
[0.00064589]
[0.00064589]
[0.00064589]
[0.00064589]
[0.00064589]
[0.00064589]
[0.00064589]
[0.00064589]
[0.00064589]
[0.00064589]
[0.00064589]
[0.00064589]
[0.00064589]
[0.00064589]
[0.00064589]
[0.00064589]
[0.00064589]
[0.00064589]
[0.00064589]
[0.00064589]
[0.00064589]
[0.00064589]
[0.00064589]
[0.00064589]
[0.00064589]
[0.00064589]
[0.00064589]
[0.00064589]
[0.00064589]
[0.00064589]
[0.00064589]
[0.00064589]
[0.00064589]
[0.00064589]
[0.00064589]
[0.00064589]
[0.00064589]
[0.00064589]
[0.00064589]
[0.00064589]
[0.00064589]
[0.00064589]
[0.00064589]
[0.00064589]
[0.00064589]
[0.00064589]
[0.00064589]
[0.00064589]
[0.00064589]
[0.00064589]
[0.00064589]
[0.00064589]
[0.00064589]
[0.00064589]
[0.00064589]
[0.00064589]
[0.00064589]
[0.00064589]
[0.00064589]
[0.00064589]
[0.00064589]
[0.00064589]
[0.00064589]
[0.00064589]
[0.00064589]
[0.00064589]
[0.00064589]
[0.00064589]
[0.00064589]
[0.00064589]
[0.00064589]
[0.00064589]
[0.00064589]
[0.00064589]
[0.00064589]
[0.00064589]
[0.00064589]
[0.00064589]
[0.00064589]
[0.00064589]
[0.00064589]
[0.00064589]
[0.00064589]
[0.00064589]
[0.00064589]
[0.00064589]
[0.00064589]
[0.00064589]
[0.00064589]
[0.00064589]
[0.00064589]
[0.00064589]
[0.00064589]
[0.00064589]
[0.00064589]
[0.00064589]
[0.00064589]
[0.00064589]
[0.00064589]
[0.00064589]
[0.00064589]
[0.00064589]
[0.00064589]
[0.00064589]
[0.00064589]
[0.00064589]
[0.00064589]
[0.00064589]
[0.00064589]
[0.00064589]
[0.00064589]
[0.00064589]
[0.00064589]
[0.00064589]
[0.00064589]
[0.00064589]
[0.00064589]
[0.00064589]
[0.00064589]
[0.00064589]
[0.00064589]
[0.00064589]
[0.00064589]
[0.00064589]
[0.00064589]
[0.00064589]
[0.00064589]
[0.00064589]
[0.00064589]
[0.00064589]
[0.00064589]
[0.00064589]
[0.00064589]
[0.00064589]
[0.00064589]
[0.00064589]
[0.00064589]
[0.00064589]
[0.00064589]
[0.00064589]
[0.00064589]
[0.00064589]
[0.00064589]
[0.00064589]
[0.00064589]
[0.00064589]
[0.00064589]
[0.00064589]
[0.00064589]
[0.00064589]
[0.00064589]
[0.00064589]
[0.00064589]
[0.00064589]
[0.00064589]
[0.00064589]
[0.00064589]
[0.00064589]
[0.00064589]
[0.00064589]
[0.00064589]
[0.00064589]
[0.00064589]
[0.00064589]
[0.00064589]
[0.00064589]
[0.00064589]
[0.00064589]
[0.00064589]
[0.00064589]
[0.00064589]
[0.00064589]
[0.00064589]
[0.00064589]
[0.00064589]
[0.00064589]
[0.00064589]
[0.00064589]
[0.00064589]
[0.00064589]
[0.00064589]
[0.00064589]
[0.00064589]
[0.00064589]
[0.00064589]
[0.00064589]
[0.00064589]
[0.00064589]
[0.00064589]
[0.00064589]
[0.00064589]
[0.00064589]
[0.00064589]
[0.00064589]
[0.00064589]
[0.00064589]
[0.00064589]
[0.00064589]
[0.00064589]
[0.00064589]
[0.00064589]
[0.00064589]
[0.00064589]
[0.00064589]
[0.00064589]
[0.00064589]
[0.00064589]
[0.00064589]
[0.00064589]
[0.00064589]
[0.00064589]
[0.00064589]
[0.00064589]
[0.00064589]
[0.00064589]
[0.00064589]
[0.00064589]
[0.00064589]
[0.00064589]
[0.00064589]
[0.00064589]
[0.00064589]
[0.00064589]
[0.00064589]
[0.00064589]
[0.00064589]
[0.00064589]
[0.00064589]
[0.00064589]
[0.00064589]
[0.00064589]
[0.00064589]
[0.00064589]
[0.00064589]
[0.00064589]
[0.00064589]
[0.00064589]
[0.00064589]
[0.00064589]
[0.00064589]
[0.00064589]
[0.00064589]
[0.00064589]
[0.00064589]
[0.00064589]
[0.00064589]
[0.00064589]
[0.00064589]
[0.00064589]
[0.00064589]
[0.00064589]
[0.00064589]
[0.00064589]
[0.00064589]
[0.00064589]
[0.00064589]
[0.00064589]
[0.00064589]
[0.00064589]
[0.00064589]
[0.00064589]
[0.00064589]
[0.00064589]
[0.00064589]
[0.00064589]
[0.00064589]
[0.00064589]
[0.00064589]
[0.00064589]
[0.00064589]
[0.00064589]
[0.00064589]
[0.00064589]
[0.00064589]
[0.00064589]
[0.00064589]
[0.00064589]
[0.00064589]
[0.00064589]
[0.00064589]
[0.00064589]
[0.00064589]
[0.00064589]
[0.00064589]
[0.00064589]
[0.00064589]
[0.00064589]
[0.00064589]
[0.00064589]
[0.00064589]
[0.00064589]
[0.00064589]
[0.00064589]
[0.00064589]
[0.00064589]
[0.00064589]
[0.00064589]
[0.00064589]
[0.00064589]
[0.00064589]
[0.00064589]
[0.00064589]
[0.00064589]
[0.00064589]
[0.00064589]
[0.00064589]
[0.00064589]
[0.00064589]
[0.00064589]
[0.00064589]
[0.00064589]
[0.00064589]
[0.00064589]
[0.00064589]
[0.00064589]
[0.00064589]
[0.00064589]
[0.00064589]
[0.00064589]
[0.00064589]
[0.00064589]
[0.00064589]
[0.00064589]
[0.00064589]
[0.00064589]
[0.00064589]
[0.00064589]
[0.00064589]
[0.00064589]
[0.00064589]
[0.00064589]
[0.00064589]
[0.00064589]
[0.00064589]
[0.00064589]
[0.00064589]
[0.00064589]
[0.00064589]
[0.00064589]
[0.00064589]
[0.00064589]
[0.00064589]
[0.00064589]
[0.00064589]
[0.00064589]
[0.00064589]
[0.00064589]
[0.00064589]
[0.00064589]
[0.00064589]
[0.00064589]
[0.00064589]
[0.00064589]
[0.00064589]
[0.00064589]
[0.00064589]
[0.00064589]
[0.00064589]
[0.00064589]
[0.00064589]
[0.00064589]
[0.00064589]
[0.00064589]
[0.00064539]
[0.00065134]
[0.00065239]
[0.00063106]
[0.00067253]
[0.00065834]
[0.00063673]
[0.00070945]
[0.00079178]
[0.00079178]
[0.00079178]
[0.00079178]
[0.00069749]
[0.00065625]
[0.00065667]
[0.00065667]
[0.00063093]
[0.00068081]
[0.00063553]
[0.00065945]
[0.00067475]
[0.00067475]
[0.00070945]
[0.00069109]
[0.00064096]
[0.00068057]
[0.00069378]
[0.00066141]
[0.00068161]
[0.00064581]
[0.00067572]
[0.00067864]
[0.00065202]
[0.00063574]
[0.0007156]
[0.00071085]
[0.000724]
[0.00109558]
[0.00082512]
[0.00269596]
[0.00269596]
[0.00422077]
[0.00291833]
[0.00291833]
[0.00291833]
[0.00191949]
[0.00191949]
[0.00085514]
[0.01068549]
[0.00372388]
[0.00372388]
[0.00372388]
[0.7788284]
[0.00054678]
[0.00054678]
[0.0005516]
[0.01232467]
