[0.21157734]
[0.12993173]
[0.06530554]
[0.05922995]
[0.03545905]
[0.03545905]
[0.03545905]
[0.03545905]
[0.03545905]
[0.03545905]
[0.03545905]
[0.03545905]
[0.03545905]
[0.03545905]
[0.03545905]
[0.03715795]
[0.03715795]
[0.03715795]
[0.03715795]
[0.03715795]
[0.03715795]
[0.02578282]
[0.02578282]
[0.02578282]
[0.02578282]
[0.02578282]
[0.02578282]
[0.02351038]
[0.02128071]
[0.00246967]
[0.00246967]
[0.00246967]
[0.00246967]
[0.00246967]
[0.00246967]
[0.00246967]
[0.00246967]
[0.00246967]
[0.00246967]
[0.00246967]
[0.00246967]
[0.00246967]
[0.00246967]
[0.00246967]
[0.00246967]
[0.00246967]
[0.00246967]
[0.00246967]
[0.00246967]
[0.00246967]
[0.00246967]
[0.00246967]
[0.00246967]
[0.00246967]
[0.00246967]
[0.00246967]
[0.00246967]
[0.00246967]
[0.00246967]
[0.00246967]
[0.00246967]
[0.00246967]
[0.00246967]
[0.00246967]
[0.00246967]
[0.00246967]
[0.00246967]
[0.00246967]
[0.00246967]
[0.00246967]
[0.00246967]
[0.00246967]
[0.00246967]
[0.00246967]
[0.00246967]
[0.00246967]
[0.00246967]
[0.00246967]
[0.00246967]
[0.00246967]
[0.00246967]
[0.00246967]
[0.00246967]
[0.00246967]
[0.00246967]
[0.00246967]
[0.00246967]
[0.00246967]
[0.00246967]
[0.00246967]
[0.00246967]
[0.00246967]
[0.00246967]
[0.00246967]
[0.00246967]
[0.00246967]
[0.00246967]
[0.00246967]
[0.00246967]
[0.00246967]
[0.00246967]
[0.00246967]
[0.00246967]
[0.00246967]
[0.00246967]
[0.00246967]
[0.00246967]
[0.00246967]
[0.00246967]
[0.00246967]
[0.00246967]
[0.00246967]
[0.00246967]
[0.00246967]
[0.00246967]
[0.00246967]
[0.00246967]
[0.00246967]
[0.00246967]
[0.00246967]
[0.00246967]
[0.00246967]
[0.00246967]
[0.00246967]
[0.00246967]
[0.00246967]
[0.00246967]
[0.00246967]
[0.00246967]
[0.00246967]
[0.00246967]
[0.00246967]
[0.00246967]
[0.00246967]
[0.00246967]
[0.00246967]
[0.00246967]
[0.00246967]
[0.00246967]
[0.00246967]
[0.00246967]
[0.00246967]
[0.00246967]
[0.00246967]
[0.00246967]
[0.00246967]
[0.00247079]
[0.00246958]
[0.00246958]
[0.00247076]
[0.00247079]
[0.0024708]
[0.00247076]
[0.00247076]
[0.00247076]
[0.00247076]
[0.00247076]
[0.00247076]
[0.02037523]
[0.00247091]
[0.00247091]
[0.00246918]
[0.00247062]
[0.00247087]
[0.00247087]
[0.00247087]
[0.00247087]
[0.0177076]
[0.0177076]
[0.0177076]
[0.0177076]
[0.00247007]
[0.00247007]
[0.00247007]
[0.00247007]
[0.01371767]
[0.00247145]
[0.00247033]
[0.01297523]
[0.00247246]
[0.00247109]
[0.00247202]
[0.0024744]
[0.00981212]
[0.00247327]
[0.00247588]
[0.01185267]
[0.01075507]
[0.01456571]
[0.00987126]
[0.0114299]
[0.0114299]
[0.01285511]
[0.01285511]
[0.01285511]
[0.01285511]
[0.01285511]
[0.01285511]
[0.01285511]
[0.00740397]
[0.00740397]
[0.00740397]
[0.00740397]
[0.00740397]
[0.00740397]
[0.00740397]
[0.00740397]
[0.00740397]
[0.00740397]
[0.00740397]
[0.00740397]
[0.00740397]
[0.00740397]
[0.00740397]
[0.00740397]
[0.00740397]
[0.00740397]
[0.00740397]
[0.00740397]
[0.00740397]
[0.00740397]
[0.00740397]
[0.00740397]
[0.00740397]
[0.00740397]
[0.00740397]
[0.00740397]
[0.00740397]
[0.00740397]
[0.00740397]
[0.00740397]
[0.00740397]
[0.00740397]
[0.00740397]
[0.00740397]
[0.00740397]
[0.00740397]
[0.00740397]
[0.00740397]
[0.00740397]
[0.00740397]
[0.00740397]
[0.00740397]
[0.00740397]
[0.00740397]
[0.00740397]
[0.00740397]
[0.00740397]
[0.00740397]
[0.00740397]
[0.00740397]
[0.00740397]
[0.00740397]
[0.00740397]
[0.00740397]
[0.00740397]
[0.00249049]
[0.0069608]
[0.00250325]
[0.0025158]
[0.00249814]
[0.00250311]
[0.00253044]
[0.00258312]
[0.00272962]
[0.00272962]
[0.00270228]
[0.00762611]
[0.00762611]
[0.00762611]
[0.00762611]
[0.00762611]
[0.00762611]
[0.00762611]
[0.00469831]
[0.00469831]
[0.00792296]
[0.00465592]
[0.00465592]
[0.00465592]
[0.00275259]
[0.00459842]
[0.00398717]
[0.00398717]
[0.00398717]
[0.00398717]
[0.00398717]
[0.00398717]
[0.00398717]
[0.00398717]
[0.00398717]
[0.00259108]
[0.01263719]
[0.01263719]
[0.01263719]
[0.01263719]
[0.01263719]
[0.0057549]
[0.00263078]
[0.00865676]
[0.00934954]
[0.00258823]
[0.00374115]
[0.00293194]
[0.00273938]
[0.00273938]
[0.0048922]
[0.0048922]
[0.0048922]
[0.0048922]
[0.0048922]
[0.0048922]
[0.0048922]
[0.0048922]
[0.0048922]
[0.0048922]
[0.0048922]
[0.0048922]
[0.0048922]
[0.0048922]
[0.0048922]
[0.0048922]
[0.0048922]
[0.0048922]
[0.0048922]
[0.0048922]
[0.0048922]
[0.0048922]
[0.0048922]
[0.0048922]
[0.0048922]
[0.0048922]
[0.0048922]
[0.0048922]
[0.0048922]
[0.0048922]
[0.0048922]
[0.0048922]
[0.0048922]
[0.0048922]
[0.0048922]
[0.0048922]
[0.0048922]
[0.0048922]
[0.0048922]
[0.0048922]
[0.0048922]
[0.0048922]
[0.0048922]
[0.0048922]
[0.0048922]
[0.0048922]
[0.0048922]
[0.0048922]
[0.0048922]
[0.0048922]
[0.0048922]
[0.0048922]
[0.0048922]
[0.0048922]
[0.0048922]
[0.0048922]
[0.0048922]
[0.0048922]
[0.0048922]
[0.0048922]
[0.0048922]
[0.0048922]
[0.0048922]
[0.0048922]
[0.0048922]
[0.0048922]
[0.0048922]
[0.0048922]
[0.0048922]
[0.0048922]
[0.0048922]
[0.0048922]
[0.0048922]
[0.0048922]
[0.0048922]
[0.0048922]
[0.0048922]
[0.0048922]
[0.0048922]
[0.0048922]
[0.0048922]
[0.0048922]
[0.0048922]
[0.0048922]
[0.0048922]
[0.0048922]
[0.0048922]
[0.0048922]
[0.0048922]
[0.0048922]
[0.0048922]
[0.0048922]
[0.0048922]
[0.0048922]
[0.0048922]
[0.0048922]
[0.0048922]
[0.0048922]
[0.0048922]
[0.0048922]
[0.0048922]
[0.0048922]
[0.0048922]
[0.0048922]
[0.0048922]
[0.0048922]
[0.0048922]
[0.0048922]
[0.0048922]
[0.0048922]
[0.0048922]
[0.0048922]
[0.0048922]
[0.0048922]
[0.0048922]
[0.0048922]
[0.0048922]
[0.0048922]
[0.0048922]
[0.0048922]
[0.0048922]
[0.0048922]
[0.0048922]
[0.0048922]
[0.0048922]
[0.0048922]
[0.0048922]
[0.0048922]
[0.0048922]
[0.0048922]
[0.0048922]
[0.0048922]
[0.0048922]
[0.0048922]
[0.0048922]
[0.0048922]
[0.0048922]
[0.0048922]
[0.0048922]
[0.0048922]
[0.0048922]
[0.0048922]
[0.0048922]
[0.0048922]
[0.0048922]
[0.0048922]
[0.0048922]
[0.0048922]
[0.0048922]
[0.0048922]
[0.0048922]
[0.0048922]
[0.0048922]
[0.0048922]
[0.0048922]
[0.0048922]
[0.0048922]
[0.0048922]
[0.0048922]
[0.0048922]
[0.0048922]
[0.0048922]
[0.0048922]
[0.0048922]
[0.0048922]
[0.0048922]
[0.0048922]
[0.0048922]
[0.0048922]
[0.0048922]
[0.0048922]
[0.0048922]
[0.0048922]
[0.0048922]
[0.0048922]
[0.0048922]
[0.0048922]
[0.0048922]
[0.0048922]
[0.0048922]
[0.0048922]
[0.0048922]
[0.00411901]
[0.00334008]
[0.0037676]
[0.00246405]
[0.00251197]
[0.01203984]
[0.00830842]
[0.00830842]
[0.00830842]
[0.00830842]
[0.00327175]
[0.00246971]
