[0.8357579]
[0.7865577]
[0.53313893]
[0.53313893]
[0.53313893]
[0.53313893]
[0.53313893]
[0.53313893]
[0.07520021]
[0.07520021]
[0.07520021]
[0.07520021]
[0.07520021]
[0.07520021]
[0.07520021]
[0.07520021]
[0.06548046]
[0.06548046]
[0.06548046]
[0.06548046]
[0.06548046]
[0.00026539]
[0.00026539]
[0.00026539]
[0.00026539]
[0.00026539]
[0.00026539]
[0.00026539]
[0.00026539]
[0.00026539]
[0.00026539]
[0.00026539]
[0.00026539]
[0.00026539]
[0.00026539]
[0.00026539]
[0.00026539]
[0.00026539]
[0.00026539]
[0.00026539]
[0.00026539]
[0.00026539]
[0.00026539]
[0.00026539]
[0.00026539]
[0.00026539]
[0.00026539]
[0.00026539]
[0.00026539]
[0.00026539]
[0.00026539]
[0.00026539]
[0.00026539]
[0.00026539]
[0.00026539]
[0.00026539]
[0.00026539]
[0.00026539]
[0.00026539]
[0.00026539]
[0.00026539]
[0.00026539]
[0.00026539]
[0.00026539]
[0.00026539]
[0.00026539]
[0.00026539]
[0.00026539]
[0.00026539]
[0.00026539]
[0.00026539]
[0.00026539]
[0.00026539]
[0.00026539]
[0.00026539]
[0.00026539]
[0.00026539]
[0.00026539]
[0.00026539]
[0.00026539]
[0.00026539]
[0.00026539]
[0.00026539]
[0.00026539]
[0.00026539]
[0.00026539]
[0.00026539]
[0.00026539]
[0.00026539]
[0.00026539]
[0.00026539]
[0.00026539]
[0.00026539]
[0.00026539]
[0.00026539]
[0.00026539]
[0.00026539]
[0.00026539]
[0.00026539]
[0.00026539]
[0.00026539]
[0.00026539]
[0.00026539]
[0.00026539]
[0.00026539]
[0.00026539]
[0.00026539]
[0.00026539]
[0.00026539]
[0.00026539]
[0.00026539]
[0.00026539]
[0.00026539]
[0.00026539]
[0.00026539]
[0.00026539]
[0.00026539]
[0.00026539]
[0.00026539]
[0.00026539]
[0.00026539]
[0.00026539]
[0.00026539]
[0.00026539]
[0.00026539]
[0.00026539]
[0.00026539]
[0.00026539]
[0.00026539]
[0.00026539]
[0.00026539]
[0.00026539]
[0.00026539]
[0.00026539]
[0.00026539]
[0.00026539]
[0.00026539]
[0.00026539]
[0.00026539]
[0.00026539]
[0.00026539]
[0.00026539]
[0.00026539]
[0.00026539]
[0.00026539]
[0.00026539]
[0.00026539]
[0.00026539]
[0.00026539]
[0.00026539]
[0.00026539]
[0.00026539]
[0.00026539]
[0.00026539]
[0.00026539]
[0.00026539]
[0.00026539]
[0.00026539]
[0.00026539]
[0.00026539]
[0.00026539]
[0.00026539]
[0.00026539]
[0.00026539]
[0.00026539]
[0.00026539]
[0.00026539]
[0.00026539]
[0.00026539]
[0.00026539]
[0.00026539]
[0.00026539]
[0.00026539]
[0.00026539]
[0.00026539]
[0.00026539]
[0.00026539]
[0.00026539]
[0.00026539]
[0.00026539]
[0.00026539]
[0.00026539]
[0.00026539]
[0.00026539]
[0.00026539]
[0.00026539]
[0.00026539]
[0.00026539]
[0.00026539]
[0.00026539]
[0.00026539]
[0.00026539]
[0.00026539]
[0.00026539]
[0.00026539]
[0.00026539]
[0.00026539]
[0.00026539]
[0.00026539]
[0.00026539]
[0.00026539]
[0.00026539]
[0.00026539]
[0.00026539]
[0.00026539]
[0.00026539]
[0.00026539]
[0.00026539]
[0.00026539]
[0.00026539]
[0.00026539]
[0.00026539]
[0.00026539]
[0.00026539]
[0.00026539]
[0.00026539]
[0.00026539]
[0.00026539]
[0.00026539]
[0.00026539]
[0.00026539]
[0.00026539]
[0.00026539]
[0.00026539]
[0.00026539]
[0.00026539]
[0.00026539]
[0.00026539]
[0.00026539]
[0.00026539]
[0.00026539]
[0.00026539]
[0.00026539]
[0.00026539]
[0.00026539]
[0.00026539]
[0.00026539]
[0.00026539]
[0.00026539]
[0.00026539]
[0.00026539]
[0.00026539]
[0.00026539]
[0.00026539]
[0.00026539]
[0.00026539]
[0.00026539]
[0.00026539]
[0.00026539]
[0.00026539]
[0.00026539]
[0.00026539]
[0.00026539]
[0.00026539]
[0.00026539]
[0.00026539]
[0.00026539]
[0.00026539]
[0.00026539]
[0.00026539]
[0.00026539]
[0.00026539]
[0.00026539]
[0.00026539]
[0.00026539]
[0.00026539]
[0.00026539]
[0.00026539]
[0.00026539]
[0.00026539]
[0.00026539]
[0.00026539]
[0.00026539]
[0.00026539]
[0.00026539]
[0.00026539]
[0.00026539]
[0.00026539]
[0.00026539]
[0.00026539]
[0.00026539]
[0.00026539]
[0.00026539]
[0.00026539]
[0.00026539]
[0.00026539]
[0.00026539]
[0.00026539]
[0.00026539]
[0.00026539]
[0.00026539]
[0.00026539]
[0.00026539]
[0.00026539]
[0.00026539]
[0.00026539]
[0.00026539]
[0.00026539]
[0.00026539]
[0.00026539]
[0.00026539]
[0.00026539]
[0.00026539]
[0.00026539]
[0.00026539]
[0.00026539]
[0.00026539]
[0.00026539]
[0.00026539]
[0.00026539]
[0.00026539]
[0.00026539]
[0.00026539]
[0.00026539]
[0.00026539]
[0.00026539]
[0.00026539]
[0.00026539]
[0.00026539]
[0.00026539]
[0.00026539]
[0.00026539]
[0.00026539]
[0.00026539]
[0.00026539]
[0.00026539]
[0.00026539]
[0.00026539]
[0.00026539]
[0.00026539]
[0.00026539]
[0.00026539]
[0.00026539]
[0.00026539]
[0.00026539]
[0.00026539]
[0.00026539]
[0.00026539]
[0.00026539]
[0.00026539]
[0.00026539]
[0.00026539]
[0.00026539]
[0.00026539]
[0.00026539]
[0.00026539]
[0.00026539]
[0.00026539]
[0.00026539]
[0.00026539]
[0.00026539]
[0.00026539]
[0.00026539]
[0.00026539]
[0.00026539]
[0.00026539]
[0.00026539]
[0.00026539]
[0.00026539]
[0.00026539]
[0.00026539]
[0.00026539]
[0.00026539]
[0.00026539]
[0.00026539]
[0.00026539]
[0.00026539]
[0.00026539]
[0.00026539]
[0.00026539]
[0.00026539]
[0.00026539]
[0.00026539]
[0.00026539]
[0.00026539]
[0.00026539]
[0.00026539]
[0.00026539]
[0.00026539]
[0.00026539]
[0.00026539]
[0.00026539]
[0.00026539]
[0.00026539]
[0.00026539]
[0.00026539]
[0.00026539]
[0.00026539]
[0.00026539]
[0.00026539]
[0.00026539]
[0.00026539]
[0.00026539]
[0.00026539]
[0.00026539]
[0.00026539]
[0.00026539]
[0.00026539]
[0.00026539]
[0.00026539]
[0.00026539]
[0.00026539]
[0.00026539]
[0.00026539]
[0.00026539]
[0.00026539]
[0.00026539]
[0.00026539]
[0.00026539]
[0.00026539]
[0.00026539]
[0.00026539]
[0.00026539]
[0.00025841]
[0.00027463]
[0.00027463]
[0.00027463]
[0.00026998]
[0.00027463]
[0.00027463]
[0.00027463]
[0.00027463]
[0.00027463]
[0.00027463]
[0.00026298]
[0.00026298]
[0.00026298]
[0.00027463]
[0.00026803]
[0.00026774]
[0.00026728]
[0.00026326]
[0.00026728]
[0.00026728]
[0.00026728]
[0.00027534]
[0.00027534]
[0.00027534]
[0.00027532]
[0.00027532]
[0.00027532]
[0.00027532]
[0.00027532]
[0.00026774]
[0.00026774]
[0.00026774]
[0.00026716]
[0.00026716]
[0.00026699]
[0.00024881]
[0.00026699]
[0.00026699]
[0.00026699]
[0.00028163]
[0.0002816]
[0.00025658]
[0.00025179]
[0.00030845]
[0.00029968]
[0.00029923]
[0.00036512]
[0.00039142]
[0.0004997]
[0.01562335]
[0.01562335]
[0.01562335]
[0.01562335]
[0.01562335]
[0.00077031]
[0.00070887]
[0.00034902]
[0.00052768]
[0.00037126]
[0.0007601]
[0.00058188]
[0.00037186]
[0.00042008]
[0.00042008]
[0.00038858]
[0.00033899]
[0.00514338]
[0.00222991]
[0.00222991]
[0.00013844]
[0.00013844]
[0.00042431]
[0.0001384]
[0.00054293]
[0.0001384]
[0.00051672]
[0.00051672]
[0.00051672]
[0.0003583]
[0.0003583]
[0.0004408]
[0.0001384]
[0.0001384]
[0.00019861]
[0.0001384]
[0.00083528]
