[0.55924314]
[0.544574]
[0.544574]
[0.544574]
[0.544574]
[0.544574]
[0.44023886]
[0.24580117]
[0.23194033]
[0.10636569]
[0.06095427]
[0.06095424]
[0.06095424]
[0.06095424]
[0.06095424]
[0.06095424]
[0.06095424]
[0.06095424]
[0.06095424]
[0.06095424]
[0.06095424]
[0.06095424]
[0.06095424]
[0.06095424]
[0.06095424]
[0.06095424]
[0.06095424]
[0.06095424]
[0.06095424]
[0.06095424]
[0.06095424]
[0.06095424]
[0.06095424]
[0.06095424]
[0.06016809]
[0.02256066]
[0.02256066]
[0.02256066]
[0.02256066]
[0.02256066]
[0.02256066]
[0.02256066]
[0.02256066]
[0.02256066]
[0.02256066]
[0.02256066]
[0.02256066]
[0.02256066]
[0.02256066]
[0.02256066]
[0.02256066]
[0.02256066]
[0.02256066]
[0.02256066]
[0.02256066]
[0.02256066]
[0.02256066]
[0.02256066]
[0.02256066]
[0.02256066]
[0.02256066]
[0.02256066]
[0.02256066]
[0.02256066]
[0.02256066]
[0.02256066]
[0.02256066]
[0.02256066]
[0.02256066]
[0.02256066]
[0.02256066]
[0.02256066]
[0.02256066]
[0.02256066]
[0.02256066]
[0.02256066]
[0.02256066]
[0.02256066]
[0.02256066]
[0.02256066]
[0.02256066]
[0.02256066]
[0.02256066]
[0.02256066]
[0.02256066]
[0.02256066]
[0.02256066]
[0.02256066]
[0.02256066]
[0.02256066]
[0.02256066]
[0.02256066]
[0.02256066]
[0.02256066]
[0.02256066]
[0.02256066]
[0.02256066]
[0.02256066]
[0.02256066]
[0.02256066]
[0.02256066]
[0.02256066]
[0.02256066]
[0.02109011]
[0.01910915]
[0.0180782]
[0.00251421]
[0.00251421]
[0.00251421]
[0.00251421]
[0.00251421]
[0.00251421]
[0.00251421]
[0.00251421]
[0.00251421]
[0.00251421]
[0.00251421]
[0.00251421]
[0.00251421]
[0.00251421]
[0.00251421]
[0.00251421]
[0.00251421]
[0.00251421]
[0.00251421]
[0.00251421]
[0.00251421]
[0.00251421]
[0.00251421]
[0.00251421]
[0.00251421]
[0.00251421]
[0.00251421]
[0.00251421]
[0.00251421]
[0.00251421]
[0.00251421]
[0.00251421]
[0.00251421]
[0.00251421]
[0.00251421]
[0.00251421]
[0.00251421]
[0.00251421]
[0.00251421]
[0.00251421]
[0.00251421]
[0.00251421]
[0.00251421]
[0.00251421]
[0.00251421]
[0.00251421]
[0.00251421]
[0.00251421]
[0.00251421]
[0.00251421]
[0.00251421]
[0.00251421]
[0.00251421]
[0.00251421]
[0.00251421]
[0.00251421]
[0.00251421]
[0.00251421]
[0.00251421]
[0.00251421]
[0.00251421]
[0.00251421]
[0.00251421]
[0.00251421]
[0.00251421]
[0.00251421]
[0.00251421]
[0.00251421]
[0.00251421]
[0.00251421]
[0.00251421]
[0.00251421]
[0.00251421]
[0.00251421]
[0.00251421]
[0.00251421]
[0.00251421]
[0.00251421]
[0.00251421]
[0.00251421]
[0.00251421]
[0.00251421]
[0.00251421]
[0.00251421]
[0.00251421]
[0.00251421]
[0.00251421]
[0.00251421]
[0.00251421]
[0.00251421]
[0.00251421]
[0.00251421]
[0.00251421]
[0.00251421]
[0.00251421]
[0.00251421]
[0.00251421]
[0.00251421]
[0.00251421]
[0.00251421]
[0.00251421]
[0.00251421]
[0.00251421]
[0.00251421]
[0.00251421]
[0.00251421]
[0.00251421]
[0.00251434]
[0.00251532]
[0.00251532]
[0.00251532]
[0.00251532]
[0.00251532]
[0.00251532]
[0.00251356]
[0.00251635]
[0.00251569]
[0.00251688]
[0.00251515]
[0.00251515]
[0.00251515]
[0.00251848]
[0.00251742]
[0.00251887]
[0.00251787]
[0.00251683]
[0.0113535]
[0.0113535]
[0.0113535]
[0.0120844]
[0.0120844]
[0.0120844]
[0.0120844]
[0.0120844]
[0.0120844]
[0.0120844]
[0.0120844]
[0.0120844]
[0.0120844]
[0.0120844]
[0.0120844]
[0.0120844]
[0.0120844]
[0.0120844]
[0.0120844]
[0.0120844]
[0.0120844]
[0.0120844]
[0.0120844]
[0.0120844]
[0.0120844]
[0.0120844]
[0.0120844]
[0.0120844]
[0.0120844]
[0.0120844]
[0.0120844]
[0.0120844]
[0.0120844]
[0.0120844]
[0.0120844]
[0.01455927]
[0.01455927]
[0.01455927]
[0.01455927]
[0.00252706]
[0.01050048]
[0.01050048]
[0.01050048]
[0.01050048]
[0.01050048]
[0.01050048]
[0.01050048]
[0.01050048]
[0.01050048]
[0.01050048]
[0.01050048]
[0.01050048]
[0.01050048]
[0.01050048]
[0.01050048]
[0.01050048]
[0.01050048]
[0.01050048]
[0.01050048]
[0.01050048]
[0.01050048]
[0.01050048]
[0.01050048]
[0.01050048]
[0.01050048]
[0.01050048]
[0.01050048]
[0.01050048]
[0.01050048]
[0.01050048]
[0.01050048]
[0.01050048]
[0.01050048]
[0.01050048]
[0.01050048]
[0.01050048]
[0.01050048]
[0.01050048]
[0.01050048]
[0.01050048]
[0.01050048]
[0.01050048]
[0.01050048]
[0.01050048]
[0.01050048]
[0.01050048]
[0.01050048]
[0.01050048]
[0.01050048]
[0.01050048]
[0.01050048]
[0.01050048]
[0.01050048]
[0.01050048]
[0.01050048]
[0.01050048]
[0.01050048]
[0.01050048]
[0.01050048]
[0.01050048]
[0.01050048]
[0.01050048]
[0.01050048]
[0.01050048]
[0.01050048]
[0.01050048]
[0.01050048]
[0.01050048]
[0.01050048]
[0.01050048]
[0.01050048]
[0.01050048]
[0.01050048]
[0.01050048]
[0.01050048]
[0.01050048]
[0.01050048]
[0.01050048]
[0.01050048]
[0.01050048]
[0.01050048]
[0.01050048]
[0.01050048]
[0.01050048]
[0.01050048]
[0.01050048]
[0.01050048]
[0.01050048]
[0.01050048]
[0.01050048]
[0.01050048]
[0.01050048]
[0.01050048]
[0.01050048]
[0.01050048]
[0.01050048]
[0.01050048]
[0.01050048]
[0.01050048]
[0.01050048]
[0.01050048]
[0.01050048]
[0.01050048]
[0.01050048]
[0.01050048]
[0.01050048]
[0.01050048]
[0.01050048]
[0.01050048]
[0.01050048]
[0.01050048]
[0.01050048]
[0.01050048]
[0.01050048]
[0.01050048]
[0.01050048]
[0.01050048]
[0.01050048]
[0.01050048]
[0.01050048]
[0.01050048]
[0.01050048]
[0.01050048]
[0.01050048]
[0.01050048]
[0.01050048]
[0.01050048]
[0.01050048]
[0.01050048]
[0.01050048]
[0.01050048]
[0.01050048]
[0.01050048]
[0.01050048]
[0.01050048]
[0.01050048]
[0.01050048]
[0.01050048]
[0.01050048]
[0.01050048]
[0.01050048]
[0.01050048]
[0.01050048]
[0.01050048]
[0.01050048]
[0.01050048]
[0.01050048]
[0.01050048]
[0.01050048]
[0.01050048]
[0.01050048]
[0.01050048]
[0.01050048]
[0.01050048]
[0.01050048]
[0.01050048]
[0.01050048]
[0.01050048]
[0.01050048]
[0.01050048]
[0.01050048]
[0.01050048]
[0.01050048]
[0.01050048]
[0.01050048]
[0.01050048]
[0.01050048]
[0.01050048]
[0.01050048]
[0.01050048]
[0.01050048]
[0.01050048]
[0.01050048]
[0.01050048]
[0.01050048]
[0.01050048]
[0.01050048]
[0.01050048]
[0.01050048]
[0.01050048]
[0.01050048]
[0.01050048]
[0.01050048]
[0.01050048]
[0.01050048]
[0.01050048]
[0.01050048]
[0.01050048]
[0.01050048]
[0.01050048]
[0.01050048]
[0.01050048]
[0.01050048]
[0.01050048]
[0.01050048]
[0.01050048]
[0.01050048]
[0.01050048]
[0.01157799]
[0.00253855]
[0.00253222]
[0.01210991]
[0.00253153]
[0.00848373]
[0.00848373]
[0.00848373]
[0.00848373]
[0.0025851]
[0.00613352]
[0.00360264]
[0.00331304]
[0.00325814]
[0.00325814]
[0.00287069]
[0.00287069]
[0.00367747]
[0.00295514]
[0.00422109]
[0.00730556]
[0.00317053]
[0.00294176]
[0.0055104]
[0.00549792]
[0.00250605]
[0.00270551]
[0.0042894]
[0.00264403]
[0.0032889]
