21.04970000000003
21.04970000000003
21.04970000000003
21.04970000000003
21.00720000000003
20.49520000000001
20.670200000000023
20.670200000000023
20.670200000000023
20.670200000000023
20.670200000000023
20.872700000000027
20.872700000000027
20.872700000000027
20.533300000000015
20.533300000000015
20.533300000000015
20.533300000000015
20.533300000000015
20.533300000000015
20.533300000000015
20.533300000000015
20.533300000000015
20.533300000000015
20.533300000000015
20.533300000000015
20.533300000000015
20.533300000000015
20.533300000000015
20.533300000000015
20.884600000000024
20.884600000000024
21.067800000000027
21.067800000000027
21.067800000000027
20.40150000000002
20.40150000000002
20.40150000000002
20.40150000000002
20.40150000000002
20.40150000000002
20.40150000000002
20.40150000000002
20.40150000000002
20.40150000000002
20.143400000000014
20.48700000000002
20.35900000000002
20.444500000000023
19.78970000000001
19.78970000000001
19.78970000000001
19.78970000000001
19.78970000000001
19.78970000000001
20.105100000000007
20.105100000000007
20.28010000000002
20.28010000000002
20.28010000000002
20.28010000000002
20.482600000000023
20.482600000000023
20.816200000000023
20.163100000000014
20.163100000000014
20.163100000000014
20.537000000000017
20.537000000000017
20.537000000000017
20.537000000000017
20.537000000000017
20.22580000000002
20.267000000000017
20.267000000000017
20.267000000000017
20.267000000000017
20.267000000000017
20.267000000000017
20.267000000000017
20.267000000000017
20.267000000000017
20.267000000000017
20.267000000000017
20.267000000000017
20.267000000000017
20.267000000000017
20.267000000000017
20.267000000000017
20.267000000000017
20.267000000000017
20.267000000000017
20.267000000000017
20.267000000000017
20.267000000000017
20.267000000000017
20.267000000000017
20.267000000000017
20.267000000000017
20.267000000000017
20.267000000000017
20.267000000000017
20.267000000000017
20.267000000000017
20.267000000000017
20.267000000000017
20.267000000000017
20.267000000000017
20.267000000000017
20.14320000000001
20.14320000000001
20.14320000000001
20.14320000000001
20.14320000000001
20.14320000000001
20.14320000000001
20.14320000000001
20.14320000000001
20.14320000000001
20.14320000000001
20.36560000000002
20.452900000000014
20.452900000000014
20.452900000000014
20.49450000000002
20.49450000000002
20.660600000000024
20.660600000000024
20.660600000000024
20.660600000000024
20.660600000000024
20.660600000000024
20.660600000000024
20.660600000000024
20.660600000000024
20.660600000000024
20.660600000000024
20.660600000000024
20.660600000000024
20.660600000000024
20.660600000000024
20.660600000000024
20.660600000000024
20.22450000000002
20.22450000000002
20.22450000000002
20.22450000000002
20.22450000000002
20.22450000000002
20.22450000000002
20.22450000000002
20.22450000000002
20.22450000000002
20.22450000000002
20.22450000000002
20.22450000000002
20.22450000000002
20.22450000000002
20.22450000000002
20.22450000000002
20.22450000000002
20.22450000000002
20.22450000000002
20.22450000000002
20.22450000000002
20.22450000000002
20.22450000000002
20.22450000000002
20.22450000000002
20.22450000000002
20.22450000000002
20.22450000000002
20.22450000000002
20.567100000000018
20.567100000000018
20.567100000000018
20.557800000000015
20.026200000000006
20.524600000000017
20.524600000000017
20.524600000000017
20.43540000000002
20.43540000000002
20.43540000000002
20.43540000000002
20.43540000000002
20.43540000000002
20.43540000000002
20.43540000000002
20.43540000000002
20.43540000000002
20.131000000000014
20.435400000000016
20.435400000000016
20.435400000000016
20.435400000000016
20.435400000000016
20.435400000000016
20.435400000000016
20.435400000000016
20.435400000000016
20.435400000000016
20.435400000000016
20.435400000000016
20.008900000000015
20.567100000000018
20.567100000000018
20.314400000000017
20.314400000000017
20.314400000000017
19.83880000000001
19.83880000000001
19.776700000000012
20.46250000000002
19.6725
19.936300000000006
19.982200000000002
19.97950000000001
19.97950000000001
19.67440000000001
20.223600000000015
20.223600000000015
20.468600000000016
20.146900000000013
20.146900000000013
20.146900000000013
20.178400000000007
20.178400000000007
19.928300000000007
19.876900000000013
20.192500000000013
20.192500000000013
20.192500000000013
20.192500000000013
20.192500000000013
20.189000000000018
19.753100000000007
19.753100000000007
19.667600000000007
20.270500000000016
20.104400000000016
20.27050000000002
20.044100000000007
19.53780000000001
20.063700000000015
19.646599999999996
19.75990000000001
20.267400000000013
20.000500000000017
19.2925
19.361100000000004
19.787800000000008
20.23700000000001
20.162300000000016
20.162300000000016
20.162300000000016
19.61880000000001
19.63320000000001
19.61880000000001
20.136000000000013
19.92430000000001
20.317300000000017
19.627600000000008
19.989500000000017
19.259300000000003
19.706100000000006
19.57630000000001
19.57630000000001
19.57630000000001
19.57630000000001
19.63790000000001
19.787200000000006
20.22350000000002
19.714200000000012
20.055600000000013
19.78440000000001
19.847900000000006
19.320700000000006
19.538200000000003
19.768100000000008
19.59990000000001
19.61950000000001
19.844400000000007
19.72560000000001
19.65960000000001
19.68310000000001
19.66200000000001
19.619500000000013
19.248500000000003
19.61950000000001
19.147700000000007
19.147700000000007
19.68310000000001
19.61950000000001
19.586800000000007
19.38960000000001
18.971
19.838400000000007
19.026200000000003
19.709400000000006
19.54430000000001
20.120900000000013
19.62470000000001
19.544300000000003
19.544300000000003
19.052300000000002
19.51120000000001
20.222500000000014
19.134600000000006
19.134600000000006
19.709500000000002
19.3796
19.092100000000006
19.89060000000001
19.498200000000004
19.71230000000001
19.303000000000004
19.587500000000006
19.53710000000001
18.715
19.476300000000005
19.976400000000012
19.22030000000001
19.22030000000001
20.039700000000007
19.108600000000006
20.226000000000017
19.65640000000001
19.302000000000007
18.7064
19.163300000000007
19.520400000000006
20.08298000000002
18.989499999999996
19.113300000000006
19.2817
20.310500000000022
19.006999999999998
19.463300000000007
20.145900000000015
19.033900000000003
19.310600000000004
19.051600000000004
19.661100000000012
18.6438
18.8669
18.6438
18.56179999999999
19.051600000000004
18.854699999999994
18.256699999999995
19.974800000000013
19.704800000000013
19.66230000000001
19.575100000000006
20.033200000000015
19.81760000000001
18.20659999999999
19.873200000000008
18.260899999999996
19.531800000000008
18.7324
19.489300000000007
17.705799999999986
19.77590000000001
19.092100000000002
19.229300000000002
18.512399999999996
18.8888
18.312199999999986
18.7543
16.73799999999997
18.7896
16.517499999999966
16.808399999999978
17.13169999999998
16.302599999999973
19.0633
16.00449999999997
15.956799999999975
15.262799999999972
8.9476
14.676499999999974
14.586399999999974
14.605999999999973
3.5042000000000018
13.941699999999974
6.006700000000006
13.999399999999973
16.246199999999973
14.600599999999973
13.758399999999979
13.843399999999976
14.40039999999997
13.213599999999976
13.072799999999978
12.422299999999979
11.322999999999984
12.01349999999998
19.505500000000005
6.930100000000005
6.905100000000006
10.820499999999985
11.433999999999983
8.8131
8.8131
11.119499999999984
9.532799999999995
9.079600000000001
11.323599999999983
11.43779999999998
7.710300000000006
9.827199999999994
9.836799999999997
10.039299999999994
10.039299999999994
8.000000000000005
8.982420000000001
10.27069999999999
7.752800000000007
8.518800000000002
8.518800000000002
9.471799999999996
8.556200000000002
7.1058000000000066
8.616200000000003
1.1183
7.702800000000004
7.460800000000005
7.1074000000000055
5.303500000000004
6.076200000000004
2.976700000000002
5.834200000000005
2.5654000000000003
2.5866000000000007
5.777880000000005
3.276700000000003
5.941700000000004
4.778900000000004
6.107800000000004
3.8301000000000034
4.736400000000003
2.935900000000001
18.904899999999998
3.0640000000000023
19.1349
4.564500000000003
2.536200000000001
18.316499999999987
1.8064
1.8064
1.8064
1.4163
0.7787999999999999
0.7787999999999999
2.2922000000000007
1.3755
1.3755
1.756
1.756
1.756
1.756
1.756
1.3659
1.3659
1.3659
15.723799999999969
0.9854
0.9854
0.9854
0.9758
0.9758
0.5952999999999999
8.300900000000004
8.7915
1.5068000000000001
19.550000000000008
10.674199999999988
18.740999999999996
20.401500000000016
19.334600000000005
18.974600000000002
20.564900000000026
18.408399999999993
18.972
18.939700000000002
18.9766
19.2713
19.0648
9.95439999999999
9.363399999999995
20.028700000000008
16.12429999999997
15.27579999999997
18.333299999999998
19.90090000000001
19.2215
19.241000000000007
19.63620000000001
