1.0
1.0
1.3756519655025397
1.968978129608944
1.6741679718645983
3.0051118565155637
2.700037047021164
1.6815901118109107
1.6815901118109107
1.2635935312831332
1.292069328656492
1.292069328656492
1.292069328656492
1.292069328656492
1.292069328656492
1.9717824374135535
1.6035084279944023
1.6035084279944023
1.1518802358387852
1.1518802358387852
1.1518802358387852
1.1518802358387852
1.1518802358387852
1.1518802358387852
1.1518802358387852
1.2760584468553642
1.0284255677733025
1.0284255677733025
1.670903398524196
2.115640970258969
2.368003069398643
2.368003069398643
1.0
1.0
1.0
1.0
1.0
1.0
1.0
1.5726790809129803
1.5726790809129803
1.4649607411815406
1.4649607411815406
1.4649607411815406
2.247017457922249
2.4160321852827593
1.803951505016716
1.803951505016716
1.0766195634868012
1.0766195634868012
1.8273658239571695
1.7917331188039185
1.6157441159131931
1.3148931913043747
1.3148931913043747
1.3148931913043747
1.3148931913043747
1.3148931913043747
1.5541972836283477
1.6872509703075238
1.384694968001245
1.384694968001245
1.384694968001245
1.858855496426294
1.7667842844217816
1.3424871184298794
1.5273492536095858
1.5273492536095858
2.0096655856921384
1.4743972398873701
1.4743972398873701
1.4805669007743525
1.4805669007743525
1.4805669007743525
1.4805669007743525
1.8456450069158041
1.8456450069158041
1.2924684844847594
1.0
1.3194646383309134
1.3194646383309134
1.3194646383309134
1.3194646383309134
1.3194646383309134
1.3194646383309134
1.3194646383309134
1.3194646383309134
1.3194646383309134
1.3194646383309134
1.3316915614078368
1.0804143977581013
1.0804143977581013
1.0804143977581013
1.0804143977581013
1.0804143977581013
2.3545224942915706
1.3106820670664607
1.3106820670664607
1.3106820670664607
1.3106820670664607
1.822873456236227
3.229759212297198
3.040912778730763
1.9128114755805523
2.8332850433790178
2.922454817134673
1.8063049401601177
1.8063049401601177
2.0745226161011967
1.7228338691001444
1.7228338691001444
1.7228338691001444
1.7228338691001444
1.7228338691001444
1.6393415614078393
1.0
1.0
1.0
1.0
1.0
1.0
1.0
1.0
1.0
1.0
1.0
1.0
1.0
1.0
1.0
1.0
1.0
1.0
1.0
1.0
1.0
1.0
1.7000799767550898
1.0337432953498862
1.0337432953498862
1.0337432953498862
1.0337432953498862
2.458462574435103
1.726808980778058
1.726808980778058
1.6411497062042173
1.4268469709126155
1.7310601242292023
1.7310601242292023
2.8883866024386347
3.22399899761559
2.477577379946455
2.477577379946455
2.477577379946455
2.477577379946455
2.477577379946455
2.3850954075616837
3.0994740278948267
2.034355624758769
2.5808506013213997
1.1734179480539595
1.8916211799696878
1.5066004625067375
1.4173518085757895
3.215343208301192
1.0
1.0
1.9855524211363438
2.772260955830033
1.0
1.0
1.0
1.0
1.0
1.0
1.0
1.0
1.0
1.0
1.0
1.0
1.0
1.0
1.0
1.0
1.0
1.0
1.0
1.0
1.0
1.0
1.0
1.0
1.0
1.0
1.0
1.0
2.3102154075616834
2.3102154075616834
2.5257994173684946
2.0598809020671798
2.0598809020671798
2.3754825774516526
2.3754825774516526
2.3754825774516526
1.0
1.0
1.0
1.0
1.0
1.0
1.0
1.0
1.0
1.0
1.0
1.0
1.0
1.0
1.0
1.0
3.3172344056763254
1.999395201076755
2.2033454075616845
2.804547072292289
2.804547072292289
2.736337773007195
2.218841527364228
2.218841527364228
1.5945274155095817
2.4434614487315365
2.333164185842227
1.709306705450409
2.6866767395382922
1.0
1.0
1.0
1.0
1.0
1.0
1.0
1.0
1.0
1.0
1.0
1.8569568998320118
2.6713224942915694
2.038180485180604
1.2705753445036656
1.3098936145958557
1.3098936145958557
3.0612354443853125
2.12651921741611
2.12651921741611
2.505206070175145
2.505206070175145
2.505206070175145
2.9595394318459842
1.5527732132580638
2.171517642537582
2.1734084805983382
2.6421573985119107
2.385817209746362
2.3433887978356918
2.9340513924204696
4.155198110041626
1.9197147764563258
1.9197147764563258
1.9197147764563258
1.9197147764563258
2.503177795746872
2.461596009374153
2.461596009374153
3.9490115513596074
1.1765612788317714
1.8796550430680856
1.8796550430680856
1.426382456189046
2.4102874954737707
1.2234273938600708
2.1727150098840866
2.3873188172249638
2.193069815205419
2.1478777556520683
1.2371536252092383
2.8198598683520206
1.2633697403702335
2.8961615795306557
2.8961615795306557
3.0521171688733153
2.8122204175516803
2.4676796632203075
2.6508802104576166
3.5623594258422653
2.4863243747587678
2.9577990962318292
2.8345850941383812
2.935894187878649
1.7058664687640182
2.1872403347488927
2.467839658452702
1.95050670545041
1.6366758942163866
2.5729318048286967
2.5729318048286967
2.7138980449243206
2.7408211265270435
1.958222879020429
1.958222879020429
2.808120721668745
2.9964575637740083
2.9695428209281847
2.148838597444744
2.820901964908895
2.72639914382542
2.278495891874453
2.997213507109196
3.1762261767924524
2.221657683307857
2.67570081706646
3.611978897136791
3.4885187520878276
3.6823611637302394
2.5191659183996524
2.8289030658257666
2.6513919130946118
3.35381009287637
3.3313127631498496
3.603049816461369
3.3178630348321114
3.036612330638608
2.764875627341903
3.103017709250273
2.84056956706646
3.3229691410392297
2.949124418550694
2.049645454060739
2.905328009118138
4.10021327799983
4.255895051464128
3.391153110332713
3.5881409703075224
3.2185705723968496
3.456941528893015
3.5400633584148453
2.9352673112204357
2.532134751290899
3.5711239605351413
2.3384812616634267
4.059901742403313
4.059901742403313
4.059901742403313
3.056056784904646
2.918733338778619
3.3891657460579534
2.058307661852597
3.9228892160861344
3.629821112062915
3.3857223306386075
3.8202282209126137
3.47129973800139
3.134296663447156
3.134296663447156
3.6412037176201624
2.426920689980671
2.426920689980671
2.426920689980671
3.9857481338768217
3.6110280072255563
4.2034519383809
2.733714536134517
3.7553402217889094
4.202294469369437
3.9063740472305994
2.9849122790553917
2.9849122790553917
2.9849122790553917
3.4521952464431074
3.4521952464431074
3.4521952464431074
3.4521952464431074
3.4770041345107234
3.512319188985993
4.237428007225558
3.9268467918533805
4.192731353666957
3.2550074713630845
3.2930518152544863
4.061538400244989
4.072334318903893
3.7185253214862932
2.738080115558061
4.647594642790533
3.6387632188330787
3.995838971139464
2.621528467206412
4.1328881862077775
4.057558478481043
4.206200144520736
4.024769916126063
3.006787807865753
2.8425845849295186
4.678034579473409
3.7020997790553922
3.3069176130575944
3.3069176130575944
3.5919964296256417
3.5919964296256417
3.5919964296256417
3.5919964296256417
3.5919964296256417
4.475002220748497
3.827595043601633
4.076467311220435
3.4477545867477
4.899822460381495
4.334508971139464
3.287753815698749
3.287753815698749
3.524015354160288
4.854445853379402
3.737584584929518
4.023460355978468
3.6395999695449035
3.6395999695449035
4.1425666634471545
4.1425666634471545
4.972964905933982
3.2967845849295188
3.2967845849295188
3.2967845849295188
5.163460682286959
3.7899031924811366
4.26736921069073
4.26736921069073
4.26736921069073
4.546602533892498
4.546602533892498
4.8388993918409415
5.116243391840941
4.955825048645674
3.669121765103238
3.669121765103238
3.669121765103238
2.4469364956358532
2.906166139163057
4.221538240593853
5.321282776456327
4.427933707981568
4.427933707981568
4.427933707981568
3.898492277237211
4.08999868818016
5.246666295756155
3.1842785733493724
4.7750349225564666
3.1762131887339864
4.076324240276528
5.351381240013916
3.5488878078657518
4.054249346327292
2.6934729899792664
2.928438184191199
5.676055894216387
3.0362194993015077
3.3806197976996426
3.827086265657064
3.7038426603089363
5.780345932901546
3.7962478471748167
4.881656494988268
3.9946463504208225
4.273805265811358
5.279391683204306
3.6369788947995207
3.2532433667438587
3.2532433667438587
3.2532433667438587
4.3775085014015565
3.7984191909196836
5.044637474681178
2.570830438267935
2.570830438267935
4.058512725243989
3.5711378933844458
5.004089520590012
2.5657415614078385
2.5657415614078385
5.746844095896395
2.8232614487315377
5.653088932321609
5.653088932321609
2.863422330638608
3.057987715253992
3.057987715253992
3.1626931167861745
3.139552288383806
4.851254831169806
3.390931959498821
4.60017652903981
