3.219404393845948
3.768277018467627
3.768277018467627
3.5104062257055757
3.538808854851772
3.5908684618380207
3.5908684618380207
3.592440723531986
3.5203857332199053
3.667560807031064
3.667560807031064
3.157962580375936
3.0518957179756665
3.6591291387312452
3.6591291387312452
3.6182846530963975
3.6182846530963975
3.6182846530963975
3.6182846530963975
3.6182846530963975
3.6394992704218545
3.6446403961615523
3.1670100306784414
3.1670100306784414
3.1670100306784414
3.485506012940183
3.783914680899919
3.783914680899919
3.783914680899919
3.4885730772226378
3.8450620592671996
3.190035335406323
4.234728459187473
4.234728459187473
3.661668156340143
3.661668156340143
3.661668156340143
3.661668156340143
3.661668156340143
3.661668156340143
3.7875522202689886
2.9388625945882296
3.4885500647631256
3.4885500647631256
3.2711867310687905
4.168339330543173
3.741522095172394
4.096466352648239
3.9608931862797236
3.3412898079918687
3.3412898079918687
3.3412898079918687
3.5636727671475477
4.10972969480168
3.5910482758635585
3.5910482758635585
3.833049258543179
3.4252563097786703
3.8783588392314226
3.5112241470237286
3.7059869853665948
3.6436093468367847
3.9161395190167525
3.5830962252391476
3.1505998520258487
3.8857305793059727
3.846957050322657
3.682225702989557
3.682225702989557
3.5744451926072527
3.5896676211740264
3.5896676211740264
4.307820445875615
3.471656807851801
3.7848138467942665
3.4284049967598422
3.4284049967598422
3.47916281871317
3.9789495369058407
3.393000697494939
4.167947926887951
4.3240931795097435
3.072475941326241
3.072475941326241
4.103598320632492
3.131804818595967
3.131804818595967
3.131804818595967
4.172719895894973
3.4071860586040277
3.8005791705417815
3.821542325752972
3.2641174477374673
3.2641174477374673
3.2641174477374673
3.209382877148248
4.0074680772226365
3.815622903185263
3.815622903185263
3.8545757726761396
4.123094620904512
4.241851004751316
3.885135541075078
3.442030135116253
3.442030135116253
3.3503627012405968
3.567124002086362
3.778522887857509
4.022441877076049
3.325246111805935
3.332439515120093
3.438895383444443
3.438895383444443
3.438895383444443
3.6495458667166085
3.053038379259485
3.053038379259485
4.241528483905001
4.034572096722108
3.4296853147716435
3.4296853147716435
4.047758271613665
2.3811269203220853
3.9482974190782967
4.041139309637975
3.5868789958601033
3.992296582957894
3.4632567418403557
3.1921531249436956
4.464990737512723
4.15842576953033
3.5068250738077884
3.691115713288789
3.5422208612739388
3.5422208612739388
4.169794617406735
3.596502415498593
4.490404731471725
3.6880855253770974
4.075018394956887
3.73897844068979
3.0703171030459284
3.5215982175231533
3.164298627552804
3.892876006692749
2.4896036745076984
3.1008348500473986
3.1008348500473986
3.1008348500473986
3.1008348500473986
3.8211422960258155
3.4332611623400133
3.4332611623400133
3.8713227794970493
3.2715406825557904
3.2715406825557904
3.6952958351349494
3.248289735350287
4.191968568975659
4.191968568975659
4.191968568975659
3.722919351537257
3.722919351537257
3.722919351537257
3.6980079283026903
3.3434572037150856
3.3295256863788865
3.3295256863788865
3.713515092043168
3.713515092043168
3.563886939849981
3.0495724724681734
3.999159201711107
3.907755278610068
3.1067969852070805
4.590145288799492
3.762280830049704
3.762280830049704
3.762280830049704
3.1966747691886006
3.922828690262861
3.5330300157405263
3.901714573167615
4.311845172095471
3.7055306299982647
3.0417464269242505
3.9486508257998105
4.28926007461248
3.614631045448524
3.765607731877159
3.019147220478783
3.019147220478783
4.236484778408524
3.6905285029088066
4.227405577222638
4.2885564354717385
2.618920769955288
4.158801317635489
4.069159339522393
3.270499883452432
3.8788831689662455
3.8788831689662455
3.5660032641481694
4.106613798333997
3.5452840172739606
3.322065393080716
4.659441230995661
4.296685915214686
3.7811172587913946
3.7811172587913946
4.668033991176656
3.354889180679291
3.576771398861319
3.4118029236687715
3.493706504828972
2.727589111366205
4.179435614822536
4.088074342155219
3.7905157000406344
4.27033927708466
3.5440805728124003
4.472389895317249
3.5239676131961115
3.7651979094651145
3.4611861660675496
3.579865456660457
3.579865456660457
3.579865456660457
3.8637746061030356
4.168759810075203
3.429506644843908
3.9488071156841755
3.986886807694548
3.8209240114530134
4.689751321808093
4.019861663602673
4.4542939537456
4.10076643461557
3.7996603842804477
3.971335279934844
3.971335279934844
3.762651116439854
3.8903729460071172
4.375434050686758
3.6264130632662503
3.8915505793059726
3.8915505793059726
4.747534248380752
4.747534248380752
3.7915823828659967
4.35204042536583
4.149970091562264
3.9785018115278987
3.6690652962359627
2.8963674492306453
3.372020815931455
3.9692777701262028
3.6083134305190745
3.3959780584789057
3.968378113968286
4.323514787656517
4.018280021324719
4.0876812369217825
4.0876812369217825
4.160258706703713
4.6348393468372615
3.819554963425534
4.69072104113335
4.362153730979138
3.827705182193297
4.149029534903236
4.043443842043168
4.490763755197927
4.11382609310779
2.9709638059971493
2.9709638059971493
4.579357494295842
3.768538976763912
3.753198507595008
3.159655680320009
3.159655680320009
3.159655680320009
3.5308955728123994
4.692395694358667
4.016178740212911
4.549202307991868
4.549202307991868
2.908313505817098
3.27823785503499
4.227846109713272
3.4028203239270596
4.579294624328796
4.241965262710073
4.775587670437007
4.2746574891597096
4.101689810075204
4.05748198010834
4.05748198010834
2.6038916643453742
3.5781053601613673
3.6413524469785354
3.9692482716136652
4.149315335714472
4.806311641814466
3.74204254186634
4.2118799628745744
4.390688293012596
3.4400523991598666
4.727585769530329
4.636885358720006
4.702619412962527
4.409521607976977
4.224315553648861
4.037816245889323
4.393350758934371
4.37944288699828
4.035279920088943
3.745002005849071
3.912544778291572
4.339418493640966
4.091072670253699
4.168003562525923
4.085880385457628
4.45466458621139
3.846906601230085
3.6752070826483045
3.716283842461399
4.709433564654136
3.7427502515032733
3.775662860247694
3.9078344977690254
3.480557847167246
4.413993014865835
2.910046212521225
4.490499419533591
4.165644674781033
5.457420936358126
4.812742207696486
4.2960147091548375
3.2167242610350693
3.7334788915663157
3.7334788915663157
4.779590192607253
5.044324914301991
4.800887297577913
4.790465838920612
4.575028846453406
4.636663835548375
4.352927668803154
4.330125958470601
4.532104479841597
4.139466027375752
3.0266887128882356
4.758184037434776
2.978376504298412
4.610350065361015
2.94500519277938
4.533834191151771
5.10808559241242
5.143220374728192
4.432918231002443
4.423503048873846
4.423503048873846
4.423503048873846
4.268035043244089
4.0345003286734045
3.179205538787823
4.723056194530018
3.9089863939895366
4.78536416491744
3.193733462247895
4.536881829347316
2.8067001110483947
4.1237537507461255
4.590148825956171
3.962611451517728
4.793814740391696
4.185688846453405
4.353228918091515
3.784376048168115
4.664222889532864
4.78612217077263
4.421926475447274
5.034965251020142
2.4732069621976116
5.1081067526857
4.280497179274641
4.564234891060279
2.39072801549994
5.626449017915765
3.9353100020221206
4.785124888056535
2.5465969385768634
4.438338485530213
5.559760395334231
5.439335067159371
4.455978513652192
3.677342669778511
3.1519978616537863
4.9125853224404405
2.2905794020735453
3.1172727761673507
3.719952057261585
4.413863669285089
1.9462960794485618
2.551382568580049
1.19691912603151
1.19691912603151
3.376315530139448
2.7873361807088965
2.988790371662624
2.7662346552636805
2.029780622610172
5.0520123139099855
3.082449040091931
2.941801496370573
2.941801496370573
2.9725167395382925
4.926652949440506
2.37385399167791
2.8300688226495865
2.807879809322701
4.069847949689301
4.003162644785585
4.250864638330915
4.24395233870189
2.918733338778619
3.9739552614138915
2.112885253391843
2.112885253391843
2.112885253391843
3.75987135980343
4.855810825923857
5.057577270851114
3.9341097289163187
4.1456180566628476
3.524015354160288
4.009731072789836
3.4814508674954636
3.785772423250368
4.235677853379403
4.427933707981568
4.427933707981568
3.723490448390195
3.5144538369004197
2.6126115251084183
3.56019153221762
3.643937096147214
5.364415329445905
5.727431104776775
4.0776201989590195
4.207840321410954
4.872695799320857
5.637455811122558
5.059352716886697
6.395304522230683
3.397850808767833
3.8680810640969323
3.9532688382699055
2.82966693869823
5.47678093376322
4.894924173821519
4.93042501866492
4.103184727877103
4.890321766953964
4.610234760403657
5.508390018402399
3.511010842117418
5.022606128991189
5.257299233683325
5.542378331756692
4.484565251919948
4.587239571621205
4.995262289356933
5.12933671941723
5.436200087033452
5.232571248200209
5.230393257522892
5.230393257522892
6.489797345512653
5.137857714374075
5.367878334301916
5.357756462198115
4.976250577549694
5.13721188552143
3.9686290500882437
5.17556209393964
5.177235146164752
5.878631245244021
5.146804178650767
7.036384711443655
6.3630758291312315
4.92727308619928
5.429292115903118
5.231719183068677
6.018505977601125
5.7474843280618835
5.200503191536034
5.606303174519843
7.137241091950887
