3.7129921725792405
3.712562089041657
3.3719654663046246
3.641225048618095
3.505115934558934
3.505115934558934
3.505115934558934
3.505115934558934
3.505115934558934
3.505115934558934
3.505115934558934
3.505115934558934
3.9349238080246813
4.379130194230703
3.385835441352656
3.385835441352656
3.385835441352656
3.919590982028418
4.5443543518435625
3.9085711167375736
3.924394211898613
3.81086285215748
3.81086285215748
3.9982385912872846
4.331888169346094
3.7850639736377873
3.7850639736377873
3.7850639736377873
3.7850639736377873
3.7850639736377873
3.7850639736377873
3.894888376195162
3.874663658372831
3.874663658372831
3.874663658372831
3.874663658372831
3.874663658372831
3.874663658372831
3.874663658372831
3.8600306838874676
3.8600306838874676
3.8600306838874676
3.8600306838874676
4.043428548632912
3.8991604212233035
4.222325907913442
4.222325907913442
4.222325907913442
3.6569601693460942
4.284779182949382
3.8575273911318684
4.055199342745703
4.055199342745703
4.055199342745703
4.055199342745703
4.055199342745703
4.055199342745703
4.055199342745703
4.055199342745703
4.055199342745703
4.338106477038402
3.497870718628688
3.804101610416584
4.297735825326828
3.6766298004064897
3.622068342430948
4.132294495607832
4.132294495607832
4.132294495607832
4.132294495607832
4.132294495607832
4.132294495607832
4.132294495607832
4.132294495607832
4.12918451274947
3.985690258698413
3.985690258698413
3.6438299378823515
3.9355297270669407
3.31636139210946
4.75700801549994
3.824570544465173
3.6306952610580154
3.6306952610580154
3.7236941597689217
3.6119994189662448
3.7508313442032435
4.073257207427785
3.570411825475193
3.570411825475193
3.570411825475193
3.570411825475193
3.858378536261995
4.208210659545255
4.713049811752564
3.818855077112447
4.022200931360523
3.9360382061565895
3.9360382061565895
3.9360382061565895
4.014000822417117
4.014000822417117
4.014000822417117
3.8742753367955363
3.9859683326551583
3.9859683326551583
3.6953593478914275
3.710024625605387
3.950157789052861
3.950157789052861
3.950157789052861
3.950157789052861
3.950157789052861
3.950157789052861
3.950157789052861
3.950157789052861
3.950157789052861
3.7913507763102334
3.7913507763102334
3.7913507763102334
3.7913507763102334
3.7913507763102334
3.7913507763102334
3.7913507763102334
3.7913507763102334
3.7913507763102334
3.7913507763102334
4.054335342745702
3.9583820029064523
4.015763611244718
4.015763611244718
4.015763611244718
4.015763611244718
4.015763611244718
4.015763611244718
4.015763611244718
4.015763611244718
4.015763611244718
4.015763611244718
4.015763611244718
4.015763611244718
3.8453468114650518
4.006196157707379
4.006196157707379
4.006196157707379
4.006196157707379
4.006196157707379
4.006196157707379
4.006196157707379
4.16961026088774
3.5850638984243215
3.8573192216841994
3.9368161656053235
3.7202001433165908
3.7723308428542834
4.11515398010834
3.3954875555582715
3.959233781958716
4.018978791024981
4.018978791024981
4.257261364340716
4.9142841646545286
4.402106228458635
3.7106895656365264
3.4317328805047067
4.305509880223218
4.007514173204816
4.007514173204816
4.241725196834368
4.179034899735477
4.074334823327449
4.13936727112854
3.867281858509644
3.878830866290347
4.394834805040411
3.5695385263576567
4.299776518647487
3.6942900843343534
3.5149854766585538
3.5149854766585538
3.5149854766585538
3.5149854766585538
3.5149854766585538
3.5149854766585538
4.235388939046942
3.9729747409996756
3.9729747409996756
3.8982356791191357
3.8982356791191357
3.8982356791191357
4.160483298520895
4.13920599505513
4.417899684501779
3.6578760535816297
3.6578760535816297
3.6578760535816297
3.6578760535816297
3.964886200180243
3.8800352968926664
4.414549570710245
3.9848860561988912
3.9848860561988912
4.048845428089265
4.048845428089265
3.8773990927858026
4.069270907396976
4.129550098245368
4.136306603027039
4.136306603027039
4.136306603027039
4.136306603027039
4.097713693094107
4.097713693094107
4.097713693094107
3.832298104391662
3.9529368260584477
4.581814782011997
3.886921833476931
4.644174219456113
4.644174219456113
3.714319079859525
3.714319079859525
3.7592611228575556
3.738314704191568
4.116842291387646
3.383050984869641
3.902848467273401
3.902848467273401
3.902848467273401
4.248996270755761
3.898397384677322
3.748448799479706
3.919255689429894
3.9486171985421334
4.0193905047623755
3.3073289453118235
4.055496918966247
4.139000988689572
3.6514206621995378
3.6514206621995378
3.9575620591098346
4.01513322950751
4.1620272701368135
4.1620272701368135
3.730028099829629
3.6107033811288787
3.5542798369570505
4.106740549792463
4.053388651194257
4.053388651194257
4.053388651194257
4.4295923035816305
4.291923009996195
3.9902510237614486
3.5128856139996927
3.398184243547931
3.9472312198827133
4.582861547996428
4.1662101228726245
4.288056837251197
4.132269708277712
3.8439972702860086
4.155750364633674
3.919139793949464
3.919139793949464
4.365736601312853
4.289601550682935
4.062201726371843
4.2201473321749505
4.142702182241523
4.574028753017911
4.204567739031896
4.139002916181342
3.916031983756918
4.950119189204447
4.52671507707191
4.52671507707191
4.568146819764982
4.216915081359407
3.564624582723276
5.077917693138451
4.359288669481296
4.104247675567329
3.930529272451458
4.369187093466927
4.087482424814505
4.375488380316927
4.441618505115751
4.003301938166242
4.569992613085185
4.6595728089619675
4.582659234083337
5.227926784730709
4.171890875475999
4.459660338994208
4.156757263236772
3.690898655972209
3.690898655972209
4.287537736390718
4.287537736390718
4.711178948670546
4.711178948670546
4.711178948670546
4.208913489007047
4.018012369822465
4.104886329411263
4.778863805039422
3.7632835080892377
3.7632835080892377
3.7632835080892377
4.755397634136791
4.755397634136791
4.755397634136791
4.088288027712963
4.156075086876547
4.160024378566273
4.272250428589871
4.483030215088364
3.643443298437652
3.7639274189742356
3.7639274189742356
4.381744135775211
4.110234007539587
4.76130625958088
3.942555297465171
4.6435177890528605
4.357284066206962
4.197001137887644
4.461080276517491
4.361472920733002
4.089248649735476
4.279933573203454
4.279933573203454
4.538655806894683
3.8546309293070173
3.789929732266053
4.619823626927822
4.248484655356847
3.7422674483715896
4.243447965374052
5.552597109839365
4.042520033815245
4.768630188425257
4.464953104150132
5.153584853222009
3.02662252878439
3.02662252878439
3.8944328751778468
3.8944328751778468
4.508793539758948
4.217546985954803
4.192127887852822
4.318112256546638
4.672347507139211
5.147301699864453
3.876138562226835
4.0140220385498955
4.397280311147172
4.550267423885991
4.017162639670629
4.104342107186757
4.742116919159566
4.867006514129312
4.950004860216005
3.8997186793647254
4.7723919088204125
4.546018391829953
4.280814179949024
4.488312852790169
4.5059935373700535
4.060838543898852
4.9220722975779125
3.8887086392612327
4.757706336039451
3.704280171496981
4.280946331272128
3.6727941418584695
4.555956259481194
4.305335480260413
4.1251536342213075
3.991522311587106
5.242596132248127
4.271438477263413
4.29058913146848
4.519891489074428
4.7168171115167645
3.7543298537468743
3.7543298537468743
5.07894777592518
4.607589275447489
3.254842471657538
4.215038677177334
5.130524423907682
5.188810571199729
4.1147113098519785
4.283309093104407
3.9051657201609746
4.315830519061803
4.930033373932067
4.33952142833996
4.1289424855015255
5.363704034882059
4.783250786522192
3.2465046790153975
4.151129400981942
5.497878254610843
3.159768759282956
3.3937847453221996
4.079955454969683
3.8885422653097637
3.939134134709752
3.950845352247873
6.217783291575211
3.875043006774594
4.578462304789687
3.2316296834359655
4.630643567176735
3.905384921521226
4.712926869240524
3.4197033084950785
5.195720192570743
5.204584476990511
4.207849204381699
5.646077879170216
2.7349437237442977
3.4155845405228087
5.120495776833153
2.675488088942039
5.401291725511221
3.7317573719287314
5.118112610328705
3.9078497322003365
3.6555418233675976
4.1585815712824274
4.222728674790789
4.308249991113903
2.4643627732689204
4.193208628165842
6.326618223235085
3.4920609396207736
3.588118761496455
2.1906408108328517
2.7308955049174806
3.1242204725713716
3.2232159764915504
1.0
3.4335939602981647
3.7867303421259155
4.9860799971424985
3.9770915012654093
2.029780622610172
4.67730079328928
3.7721290433790173
3.982725817066461
1.659109300809794
4.774080266686022
4.570776018679364
4.570248500631559
4.570248500631559
4.8122180249311635
3.737584584929518
4.382200336297229
4.765863699533249
4.732082695835819
5.006812504138303
2.046056195726994
4.189854267355672
3.156056280353173
6.082430738775673
5.735631440038276
4.572059607246183
2.3552109753483332
4.771541231091442
4.825676810647421
5.2414246950627525
3.089859706751568
5.2070066412166955
4.273498193884841
4.404593449227255
4.536428921671867
4.239638322110914
4.589300417217272
3.9939861664027516
5.577702664270678
4.874291657738196
4.680317440328561
5.260294321852262
5.456174585847178
4.534778407714894
4.645934989885605
4.509948201335908
3.9923993585463746
5.714657298109111
5.610186224169206
4.654355762892114
5.266074644870729
5.585603927916633
3.9144751542442977
5.524595109093389
4.769015287401946
