1.1518802358387852
1.1518802358387852
1.3106820670664607
1.0804143977581013
1.0
1.0
1.0
1.0
1.0
1.0337432953498862
1.0337432953498862
1.0337432953498862
1.0337432953498862
1.0337432953498862
1.0337432953498862
1.0
1.0
1.0
1.0
1.0
1.0
1.0
1.0
1.0
1.0
1.0
1.0
1.0
1.0
1.0
1.0
1.0
1.0
1.0
1.0
1.0
1.0
1.0
1.0
1.0
1.0
1.0
1.0
1.0
1.0
1.0
1.0
1.0
1.0
1.0
1.0
1.0
1.0
1.0
1.0
1.0
1.0
1.0
1.0
1.0
1.0
1.0
1.0
1.0
1.0
1.0
1.0
1.0
1.0
1.0
1.0
1.0
1.0
1.0
1.0
1.0
1.0
1.0
1.0
1.0
1.0
1.0
1.0
1.0
1.0
1.0
1.0
1.0
1.0
1.0
1.0
1.0
1.0
1.0
1.0
1.0
1.0
1.0
1.0
1.0
1.0
1.0
1.0
1.0
1.0
1.0
1.0
1.0
1.0
1.0
2.3202514908995138
2.3202514908995138
1.2371536252092383
2.008682098771004
2.218841527364228
1.0136537419316873
1.1765612788317714
1.1765612788317714
1.405027910734498
1.7037926112513748
1.383705654729635
1.2633697403702335
1.2633697403702335
1.2633697403702335
1.2633697403702335
1.2633697403702335
1.2633697403702335
1.2633697403702335
1.273051675864611
2.828587523288178
1.5559458942163857
1.5559458942163857
1.3717690098246216
1.3717690098246216
1.3717690098246216
2.147949589056177
2.147949589056177
1.9614305096010014
1.6366758942163866
1.7549570386349824
1.7549570386349824
1.7549570386349824
1.7549570386349824
2.2195437818199366
2.1820410249770372
1.6900509876575782
2.122656825298197
2.058307661852597
2.058307661852597
2.058307661852597
2.058307661852597
2.058307661852597
2.058307661852597
2.058307661852597
2.058307661852597
1.9921123809244392
1.9921123809244392
1.9921123809244392
1.9921123809244392
1.9921123809244392
1.9921123809244392
1.9921123809244392
1.9921123809244392
1.9921123809244392
1.9921123809244392
1.9921123809244392
2.3215076618525963
2.3215076618525963
2.426920689980671
2.426920689980671
2.426920689980671
2.426920689980671
2.426920689980671
2.426920689980671
2.426920689980671
2.426920689980671
2.426920689980671
1.9457076618525946
3.6122416824510752
3.7364311541680184
2.733714536134517
2.733714536134517
2.733714536134517
3.740459678802484
3.740459678802484
1.9644153541602876
3.7053845642360512
3.7053845642360512
3.8305668927183802
3.134296663447156
2.7197692003141345
2.7197692003141345
1.9568570386349844
1.9568570386349844
2.850257980664569
2.9835459329015457
2.9835459329015457
2.9835459329015457
2.9835459329015457
2.9835459329015457
3.1876805482861617
3.1876805482861617
3.3149911039796613
2.637738431083365
2.637738431083365
2.9165391455154133
1.9802570386349831
1.9802570386349831
1.9802570386349831
1.9802570386349831
1.9802570386349831
1.9802570386349831
1.9802570386349831
3.5139104282170175
3.4521952464431074
3.4521952464431074
2.621528467206412
2.621528467206412
2.621528467206412
3.2550074713630845
3.2550074713630845
3.2550074713630845
3.2550074713630845
3.2550074713630845
2.7475679189493913
2.7475679189493913
2.7475679189493913
2.7475679189493913
2.7475679189493913
2.7475679189493913
2.7475679189493913
2.7475679189493913
2.7475679189493913
2.7475679189493913
2.7475679189493913
2.7475679189493913
2.7475679189493913
2.7475679189493913
2.7475679189493913
2.7475679189493913
2.7475679189493913
2.7475679189493913
2.7475679189493913
2.7475679189493913
2.7475679189493913
2.7475679189493913
2.7475679189493913
2.7475679189493913
2.7475679189493913
2.7475679189493913
2.7475679189493913
2.7475679189493913
3.2930518152544863
2.738080115558061
3.119323046467981
3.119323046467981
3.119323046467981
3.4791766574434373
2.959199969544903
2.8416014592114394
3.816052386258975
3.006787807865753
3.006787807865753
3.006787807865753
3.006787807865753
3.006787807865753
3.006787807865753
2.2160570386349825
2.2160570386349825
3.8092026446961897
3.271165894216386
3.2657783822883637
3.5093920867476998
3.3069176130575944
3.3069176130575944
3.3069176130575944
3.3069176130575944
3.3069176130575944
3.3069176130575944
3.3069176130575944
3.3069176130575944
3.3069176130575944
3.3069176130575944
3.3069176130575944
3.3069176130575944
3.3069176130575944
3.3069176130575944
3.3069176130575944
3.3069176130575944
3.3069176130575944
3.3069176130575944
3.3069176130575944
2.739076892621826
3.50674180514756
3.714173586524079
3.6448321065386953
3.5919964296256417
3.5919964296256417
3.5919964296256417
3.5919964296256417
3.5919964296256417
3.5919964296256417
3.5919964296256417
3.5919964296256417
3.5919964296256417
3.5919964296256417
3.7020997790553922
3.7020997790553922
3.7020997790553922
3.7020997790553922
3.7020997790553922
3.7020997790553922
3.7020997790553922
3.663403851453582
3.663403851453582
3.8293499023135524
3.9051363175169307
4.052490509601002
2.8447076618525955
4.076467311220435
4.075620509601002
2.826418577096522
3.766207471363085
3.766207471363085
3.5121384310833648
4.04983204806254
4.04983204806254
3.8244590550734916
3.6395999695449035
3.6395999695449035
3.6395999695449035
4.469302979144351
3.524015354160288
3.8077819089102363
3.805004355754848
3.752305894216387
3.040964730942676
3.040964730942676
2.701044842026315
2.701044842026315
2.701044842026315
2.701044842026315
2.701044842026315
2.701044842026315
2.701044842026315
2.701044842026315
2.701044842026315
3.847387432677925
3.9195625109169256
3.3616185770965217
3.7094935865240792
4.15685169352953
4.682204833811423
3.626043670458106
3.7899031924811366
3.7899031924811366
4.468867311220434
4.371111317516931
3.7960305482861614
3.876603192481137
3.6700647309426753
5.009887163751506
4.119591547098136
4.770643391840942
3.9275012788317714
4.362457471363084
4.570945888212668
2.995875611257084
2.995875611257084
3.9257912788317704
3.5030801155580598
3.6582262694042136
3.9922597403702333
4.546602533892498
3.60058011555806
3.9860613175169313
3.9860613175169313
3.9860613175169313
3.669121765103238
3.669121765103238
3.669121765103238
3.669121765103238
3.669121765103238
3.669121765103238
3.669121765103238
3.5568922772372105
4.505206931713522
3.8008767021323147
3.7768878078657533
4.1477384414599605
4.3353435690664455
2.780657038634983
4.362604134510724
4.309141125209239
4.152406050063709
2.9731878078657523
4.998406154786115
4.774189578426913
4.08999868818016
4.08999868818016
4.08999868818016
4.08999868818016
4.221538240593853
4.025265305365286
4.955848201908694
4.427933707981568
4.427933707981568
4.427933707981568
5.645337766342559
4.186869802406706
4.771078260384849
4.404767862087494
4.057503192481137
5.208368530983815
4.499495500173445
4.499495500173445
4.499495500173445
4.499495500173445
4.874435732273067
4.904505305365287
3.565875611257084
4.477249346327291
4.054249346327292
4.054249346327292
4.5869384310833645
4.445429457410929
4.445429457410929
4.043614072795545
4.043614072795545
4.043614072795545
5.232707661418598
5.232707661418598
5.317115124985618
4.727706380487853
4.731066252110849
5.3826489711394645
5.179614711182089
2.4262255111224054
2.4262255111224054
5.49833358652408
5.570008201908694
5.570008201908694
5.500278971139464
4.780644842026316
4.780644842026316
5.116737149718623
5.9712558942163865
5.780345932901546
5.780345932901546
5.387317478195422
5.387317478195422
6.13731281729331
6.088915163670777
6.088915163670777
2.919689520590012
5.8081076618525955
6.049230548286162
6.411452817293309
3.2532433667438587
3.2532433667438587
3.2532433667438587
3.2532433667438587
3.2532433667438587
3.2532433667438587
3.957001306903548
5.868476923076923
5.868476923076923
5.868476923076923
3.586375234875728
6.667815384615385
6.667815384615385
6.667815384615385
7.3284153846153846
7.3284153846153846
7.3284153846153846
7.3284153846153846
7.3284153846153846
7.3284153846153846
7.3284153846153846
7.3284153846153846
7.3284153846153846
7.3284153846153846
7.3284153846153846
7.3284153846153846
7.3284153846153846
7.3284153846153846
7.3284153846153846
7.3284153846153846
7.3284153846153846
7.3284153846153846
7.3284153846153846
7.3284153846153846
7.3284153846153846
7.3284153846153846
7.3284153846153846
7.3284153846153846
7.3284153846153846
2.5657415614078385
2.497280022946299
3.0291660226226114
