[0.00025129]
[0.00025129]
[0.00025129]
[0.00025129]
[0.00025129]
[0.00025129]
[0.00025129]
[0.00025129]
[0.00026755]
[0.00025659]
[0.00025106]
[0.00025106]
[0.00025106]
[0.00025106]
[0.00025106]
[0.00025106]
[0.00025106]
[0.00025106]
[0.00025106]
[0.00025106]
[0.00025106]
[0.00025106]
[0.00025106]
[0.00025106]
[0.00025106]
[0.00025106]
[0.00025106]
[0.00025106]
[0.00025106]
[0.00025106]
[0.00025106]
[0.00025106]
[0.00025106]
[0.00025106]
[0.00025106]
[0.00025106]
[0.00025106]
[0.00025106]
[0.00025129]
[0.00025129]
[0.0002567]
[0.0002567]
[0.0002567]
[0.0002567]
[0.0002567]
[0.0002567]
[0.0002567]
[0.0002567]
[0.0002567]
[0.0002567]
[0.0002567]
[0.0002567]
[0.0002567]
[0.0002567]
[0.0002567]
[0.0002567]
[0.0002567]
[0.0002567]
[0.0002567]
[0.0002567]
[0.0002567]
[0.0002567]
[0.0002567]
[0.0002567]
[0.0002567]
[0.0002567]
[0.0002567]
[0.0002567]
[0.0002567]
[0.0002567]
[0.0002567]
[0.0002567]
[0.0002567]
[0.0002567]
[0.0002567]
[0.0002567]
[0.0002567]
[0.0002567]
[0.0002567]
[0.0002567]
[0.0002567]
[0.0002567]
[0.0002567]
[0.0002567]
[0.0002567]
[0.0002567]
[0.0002567]
[0.0002567]
[0.0002567]
[0.0002567]
[0.0002567]
[0.0002567]
[0.0002567]
[0.0002567]
[0.0002567]
[0.0002567]
[0.0002567]
[0.0002567]
[0.0002567]
[0.0002567]
[0.0002567]
[0.0002567]
[0.0002567]
[0.0002567]
[0.0002567]
[0.0002567]
[0.0002567]
[0.0002567]
[0.0002567]
[0.0002567]
[0.0002567]
[0.0002567]
[0.0002567]
[0.0002567]
[0.0002567]
[0.0002567]
[0.0002567]
[0.0002567]
[0.0002567]
[0.0002567]
[0.0002567]
[0.0002567]
[0.0002567]
[0.0002567]
[0.0002567]
[0.0002567]
[0.0002567]
[0.0002567]
[0.0002567]
[0.0002567]
[0.0002567]
[0.0002567]
[0.0002567]
[0.0002567]
[0.0002567]
[0.0002567]
[0.0002567]
[0.0002567]
[0.0002567]
[0.0002567]
[0.0002567]
[0.0002567]
[0.0002567]
[0.0002567]
[0.0002567]
[0.0002567]
[0.0002567]
[0.0002567]
[0.0002567]
[0.0002567]
[0.0002567]
[0.0002567]
[0.0002567]
[0.0002567]
[0.0002567]
[0.0002567]
[0.0002567]
[0.0002567]
[0.0002567]
[0.0002567]
[0.0002567]
[0.0002567]
[0.0002567]
[0.0002567]
[0.0002567]
[0.0002567]
[0.0002567]
[0.0002567]
[0.0002567]
[0.0002567]
[0.0002567]
[0.0002567]
[0.0002567]
[0.0002567]
[0.0002567]
[0.0002567]
[0.0002567]
[0.0002567]
[0.0002567]
[0.0002567]
[0.0002567]
[0.0002567]
[0.0002567]
[0.0002567]
[0.0002567]
[0.0002567]
[0.0002567]
[0.0002567]
[0.0002567]
[0.0002567]
[0.0002567]
[0.0002567]
[0.0002567]
[0.0002567]
[0.0002567]
[0.0002567]
[0.0002567]
[0.0002567]
[0.0002567]
[0.0002567]
[0.0002567]
[0.0002567]
[0.0002567]
[0.0002567]
[0.0002567]
[0.0002567]
[0.0002567]
[0.0002567]
[0.0002567]
[0.0002567]
[0.0002567]
[0.0002567]
[0.0002567]
[0.0002567]
[0.0002567]
[0.0002567]
[0.0002567]
[0.0002567]
[0.0002567]
[0.0002567]
[0.0002567]
[0.0002567]
[0.0002567]
[0.0002567]
[0.0002567]
[0.0002567]
[0.0002567]
[0.0002567]
[0.0002567]
[0.0002567]
[0.0002567]
[0.0002567]
[0.0002567]
[0.0002567]
[0.0002567]
[0.0002567]
[0.0002567]
[0.0002567]
[0.0002567]
[0.0002567]
[0.0002567]
[0.0002567]
[0.0002567]
[0.0002567]
[0.0002567]
[0.0002567]
[0.0002567]
[0.0002567]
[0.0002567]
[0.0002567]
[0.0002567]
[0.0002567]
[0.0002567]
[0.0002567]
[0.0002567]
[0.0002567]
[0.0002567]
[0.0002567]
[0.0002567]
[0.0002567]
[0.0002567]
[0.0002567]
[0.0002567]
[0.0002567]
[0.0002567]
[0.0002567]
[0.0002567]
[0.0002567]
[0.0002567]
[0.0002567]
[0.0002567]
[0.0002567]
[0.0002567]
[0.0002567]
[0.0002567]
[0.0002567]
[0.0002567]
[0.0002567]
[0.0002567]
[0.0002567]
[0.0002567]
[0.0002567]
[0.0002567]
[0.0002567]
[0.0002567]
[0.0002567]
[0.0002567]
[0.0002567]
[0.0002567]
[0.0002567]
[0.0002567]
[0.0002567]
[0.0002567]
[0.0002567]
[0.0002567]
[0.0002567]
[0.0002567]
[0.0002567]
[0.0002567]
[0.0002567]
[0.0002567]
[0.0002567]
[0.0002567]
[0.0002567]
[0.0002567]
[0.0002567]
[0.0002567]
[0.0002567]
[0.0002567]
[0.0002567]
[0.0002567]
[0.0002567]
[0.0002567]
[0.0002567]
[0.0002567]
[0.0002567]
[0.0002567]
[0.0002567]
[0.0002567]
[0.0002567]
[0.0002567]
[0.0002567]
[0.0002567]
[0.0002567]
[0.0002567]
[0.0002567]
[0.0002567]
[0.0002567]
[0.0002567]
[0.0002567]
[0.0002567]
[0.0002567]
[0.0002567]
[0.0002567]
[0.0002567]
[0.0002567]
[0.0002567]
[0.0002567]
[0.0002567]
[0.0002567]
[0.0002567]
[0.0002567]
[0.0002567]
[0.0002567]
[0.0002567]
[0.0002567]
[0.0002567]
[0.0002567]
[0.0002567]
[0.0002567]
[0.0002567]
[0.0002567]
[0.0002567]
[0.0002567]
[0.0002567]
[0.0002567]
[0.0002567]
[0.0002567]
[0.0002567]
[0.0002567]
[0.0002567]
[0.0002567]
[0.0002567]
[0.0002567]
[0.0002567]
[0.0002567]
[0.0002567]
[0.0002567]
[0.0002567]
[0.0002567]
[0.0002567]
[0.0002567]
[0.0002567]
[0.0002567]
[0.0002567]
[0.0002567]
[0.0002567]
[0.0002567]
[0.0002567]
[0.0002567]
[0.0002567]
[0.0002567]
[0.0002567]
[0.0002567]
[0.0002567]
[0.0002567]
[0.0002567]
[0.0002567]
[0.0002567]
[0.0002567]
[0.0002567]
[0.0002567]
[0.0002567]
[0.0002567]
[0.0002567]
[0.0002567]
[0.0002567]
[0.0002567]
[0.0002567]
[0.0002567]
[0.0002567]
[0.0002567]
[0.0002567]
[0.0002567]
[0.0002567]
[0.0002567]
[0.0002567]
[0.0002567]
[0.0002567]
[0.0002567]
[0.0002567]
[0.0002567]
[0.0002567]
[0.0002567]
[0.0002567]
[0.0002567]
[0.0002567]
[0.0002567]
[0.0002567]
[0.0002567]
[0.0002567]
[0.0002567]
[0.0002567]
[0.0002567]
[0.0002567]
[0.0002567]
[0.0002567]
[0.0002567]
[0.0002567]
[0.0002567]
[0.0002567]
[0.0002567]
[0.0002567]
[0.0002567]
[0.0002567]
[0.0002567]
[0.0002567]
[0.0002567]
[0.0002567]
[0.0002567]
[0.0002567]
[0.0002567]
[0.0002567]
[0.0002567]
[0.0002567]
[0.0002567]
[0.0002567]
[0.0002567]
[0.0002567]
[0.0002567]
[0.0002567]
[0.0002567]
[0.00025122]
[0.00025122]
[0.00025122]
[0.00025122]
[0.00025122]
[0.00025122]
[0.00025122]
[0.00025122]
[0.00025122]
[0.00025122]
[0.00025122]
[0.0002488]
[0.0002515]
[0.00025151]
[0.00026346]
[0.00025149]
[0.00024836]
[0.00024856]
[0.00025696]
[0.00027218]
[0.00025161]
[0.00027062]
[0.00027123]
[0.00028216]
[0.0002459]
[0.00025483]
[0.00025673]
[0.00025593]
[0.0002468]
[0.00025144]
[0.00026319]
[0.00026743]
[0.00027256]
[0.00026283]
[0.00027699]
[0.0002548]
[0.00082681]
[0.00076897]
[0.00050376]
[0.5739452]
[0.00857241]
[0.9307797]
[0.5816573]
[0.00373853]
[0.09140727]
[0.48379475]
[0.00028025]
[0.00025178]
