9.715999999999992
32.6787
32.6787
32.6787
32.6787
32.6787
32.6787
32.6787
32.6787
32.6787
32.6787
32.6787
32.6787
32.6787
32.6787
32.6787
32.6787
32.6787
32.6787
32.6787
32.6787
32.6787
32.6787
32.6787
32.6787
32.6787
32.6787
32.6787
32.6787
32.6787
32.6787
32.6787
32.6787
32.6787
32.6787
32.6787
32.6787
32.6787
32.6787
32.6787
32.6787
32.6787
32.6787
32.6787
32.6787
32.6787
32.6787
32.6787
32.6787
32.6787
32.6787
32.6787
32.6787
32.6787
32.6787
32.6787
32.6787
32.6787
32.6787
32.6787
32.6787
32.6787
32.6787
32.6787
32.6787
32.6787
32.6787
32.6787
32.6787
32.6787
32.6787
32.6787
32.6787
32.6787
32.6787
32.6787
32.6787
32.6787
32.6787
32.6787
32.6787
32.6787
32.6787
32.6787
32.6787
32.6787
32.6787
32.6787
32.6787
32.6787
32.6787
32.6787
32.6787
32.6787
32.6787
32.6787
32.6787
32.6787
32.6787
32.6787
32.6787
32.6787
32.6787
32.6787
32.6787
32.6787
32.6787
32.6787
32.6787
32.6787
32.6787
32.6787
32.6787
32.6787
32.6787
32.6787
32.6787
32.6787
32.6787
32.6787
32.6787
32.6787
32.6787
32.6787
32.6787
32.6787
32.6787
32.6787
32.6787
32.6787
32.6787
32.6787
32.6787
32.6787
32.6787
32.6787
32.6787
32.6787
32.6787
32.6787
32.6787
32.6787
32.6787
32.6787
32.6787
32.6787
32.6787
32.6787
32.6787
32.6787
32.6787
32.6787
32.6787
32.6787
32.6787
32.6787
32.6787
32.6787
32.6787
32.6787
32.6787
32.6787
32.6787
32.6787
32.6787
32.6787
32.6787
32.6787
32.6787
32.6787
32.6787
32.6787
32.6787
32.6787
32.6787
32.6787
32.6787
32.6787
32.6787
32.6787
32.6787
32.6787
32.6787
32.6787
32.6787
32.6787
32.6787
32.6787
32.6787
32.6787
32.6787
32.6787
32.6787
32.6787
32.6787
32.6787
32.6787
32.6787
32.6787
32.6787
32.6787
32.6787
32.6787
32.6787
32.6787
32.6787
32.6787
32.6787
32.6787
32.6787
32.6787
32.6787
32.6787
32.6787
32.6787
32.6787
32.6787
32.6787
32.6787
32.6787
32.6787
32.6787
32.6787
32.6787
32.6787
32.6787
32.6787
32.6787
32.6787
32.6787
32.6787
32.6787
32.6787
32.6787
32.6787
32.6787
32.6787
32.6787
32.6787
32.6787
32.6787
32.6787
32.6787
32.6787
32.6787
32.6787
32.6787
32.6787
32.6787
32.6787
32.6787
32.6787
32.6787
32.6787
32.6787
32.6787
32.6787
32.6787
32.6787
32.6787
32.6787
32.6787
32.6787
32.6787
32.6787
32.6787
32.6787
32.6787
32.6787
32.6787
32.6787
32.6787
32.6787
32.6787
32.6787
32.6787
32.6787
32.6787
32.6787
32.6787
32.6787
32.6787
32.6787
32.6787
32.6787
32.6787
32.6787
32.6787
32.6787
32.6787
32.6787
32.6787
32.6787
32.6787
32.6787
32.6787
32.6787
32.6787
32.6787
32.6787
32.6787
32.6787
32.6787
32.6787
32.6787
32.6787
32.6787
32.6787
32.6787
32.6787
32.6787
32.6787
32.6787
32.6787
32.6787
32.6787
32.6787
32.6787
32.6787
32.6787
32.6787
32.6787
32.6787
32.6787
32.6787
32.6787
32.6787
32.6787
32.6787
32.6787
32.6787
32.6787
32.6787
32.6787
32.6787
32.6787
32.6787
32.6787
32.6787
32.6787
32.6787
32.6787
32.6787
32.6787
32.6787
32.6787
32.6787
32.6787
32.6787
32.6787
32.6787
32.6787
32.6787
32.6787
32.6787
32.6787
32.6787
32.6787
32.6787
32.6787
32.6787
32.6787
32.6787
32.6787
32.6787
32.6787
32.6787
32.6787
32.6787
32.6787
32.6787
32.6787
32.6787
32.6787
32.6787
32.6787
32.6787
32.6787
32.6787
32.63899999999999
32.42400000000001
32.42400000000001
32.28860000000001
32.28860000000001
32.26720000000001
32.03050000000002
32.03050000000002
32.03050000000002
32.07300000000002
32.03050000000002
32.03050000000002
32.03050000000002
32.03050000000002
32.03050000000002
32.03050000000002
32.03050000000002
32.03050000000002
32.07300000000002
32.07300000000002
32.07300000000002
32.07300000000002
31.99080000000001
31.990800000000004
31.962100000000017
31.962100000000017
31.962100000000017
31.962100000000017
32.33060000000001
32.06460000000001
31.96540000000002
31.96540000000002
32.06460000000001
32.28810000000001
31.962100000000017
31.962100000000017
31.96210000000002
31.96210000000002
31.96210000000002
31.38230000000002
31.437900000000017
31.38230000000002
31.38230000000002
31.382300000000015
31.382300000000015
32.16340000000002
31.535100000000018
31.53510000000002
31.535100000000018
31.525000000000016
31.535100000000018
31.313900000000018
30.734100000000016
30.73410000000002
31.098000000000017
30.88690000000002
30.444700000000015
29.43770000000002
29.897600000000004
28.747000000000018
28.747000000000018
29.517100000000003
28.777699999999996
26.80240000000002
10.096499999999995
26.43959999999999
25.103499999999993
25.103499999999993
25.045199999999998
24.455299999999998
24.455299999999998
24.767199999999995
23.846799999999998
23.846799999999998
24.10277
22.89170000000001
23.1986
23.1986
23.1589
23.470799999999997
23.470799999999997
23.470799999999997
22.253200000000003
22.253200000000003
22.478400000000004
21.822300000000006
21.741200000000003
22.174400000000002
21.526200000000003
22.479400000000016
21.362700000000007
21.041000000000004
16.97
13.47039999999999
14.63239999999999
14.320599999999988
12.208999999999994
12.311869999999994
12.169299999999994
11.563599999999994
11.521099999999995
11.521099999999995
11.522799999999995
11.198199999999996
11.521099999999995
11.025699999999997
10.872899999999996
10.224699999999997
10.868099999999997
10.786399999999997
8.4949
7.859900000000002
7.859900000000002
0.15250000000000002
6.941900000000002
7.517700000000001
7.521700000000003
1.4489
1.1260000000000001
1.9337
8.6077
