3.8179000000000043
39.586699999999915
39.586699999999915
39.586699999999915
39.586699999999915
39.586699999999915
39.586699999999915
39.586699999999915
39.586699999999915
39.586699999999915
39.586699999999915
39.586699999999915
39.586699999999915
39.586699999999915
39.586699999999915
39.586699999999915
39.586699999999915
39.586699999999915
39.586699999999915
39.586699999999915
39.586699999999915
39.586699999999915
39.586699999999915
39.586699999999915
39.586699999999915
39.586699999999915
39.586699999999915
39.586699999999915
39.586699999999915
39.586699999999915
39.586699999999915
39.586699999999915
39.586699999999915
39.586699999999915
39.586699999999915
39.586699999999915
39.586699999999915
39.586699999999915
39.586699999999915
39.586699999999915
39.586699999999915
39.586699999999915
39.586699999999915
39.586699999999915
39.586699999999915
39.586699999999915
39.586699999999915
39.586699999999915
39.586699999999915
39.586699999999915
39.586699999999915
39.586699999999915
39.586699999999915
39.586699999999915
39.586699999999915
39.586699999999915
39.586699999999915
39.586699999999915
39.586699999999915
39.586699999999915
39.586699999999915
39.586699999999915
39.586699999999915
39.586699999999915
39.586699999999915
39.586699999999915
39.586699999999915
39.586699999999915
39.586699999999915
39.586699999999915
39.586699999999915
39.586699999999915
39.586699999999915
39.586699999999915
39.586699999999915
39.586699999999915
39.586699999999915
39.586699999999915
39.586699999999915
39.586699999999915
39.586699999999915
39.586699999999915
39.586699999999915
39.586699999999915
39.586699999999915
39.586699999999915
39.586699999999915
39.586699999999915
39.586699999999915
39.586699999999915
39.586699999999915
39.586699999999915
39.586699999999915
39.586699999999915
39.586699999999915
39.586699999999915
39.586699999999915
39.1579999999999
39.11549999999991
39.11549999999991
39.11549999999991
39.11549999999991
39.11549999999991
39.11549999999991
39.11549999999991
39.11549999999991
39.11549999999991
39.11549999999991
39.11549999999991
39.11549999999991
39.11549999999991
39.11549999999991
39.11549999999991
39.11549999999991
39.11549999999991
39.11549999999991
39.11549999999991
39.11549999999991
39.11549999999991
39.11549999999991
39.11549999999991
39.11549999999991
39.11549999999991
39.11549999999991
39.11549999999991
39.11549999999991
39.11549999999991
39.11549999999991
39.11549999999991
39.11549999999991
39.11549999999991
39.11549999999991
39.11549999999991
39.11549999999991
39.11549999999991
39.11549999999991
39.11549999999991
39.11549999999991
39.11549999999991
39.11549999999991
39.11549999999991
39.11549999999991
39.11549999999991
39.11549999999991
39.11549999999991
39.11549999999991
39.11549999999991
39.11549999999991
39.11549999999991
39.11549999999991
39.11549999999991
39.11549999999991
39.11549999999991
39.11549999999991
39.15799999999991
38.93849999999991
39.1579999999999
39.128199999999914
39.128199999999914
39.128199999999914
39.128199999999914
39.128199999999914
38.9809999999999
38.98099999999991
38.98099999999991
38.98099999999991
38.98099999999991
38.98099999999991
38.98099999999991
38.98099999999991
38.98099999999991
38.98099999999991
38.98099999999991
38.98099999999991
38.98099999999991
38.98099999999991
38.98099999999991
38.98099999999991
38.98099999999991
38.98099999999991
38.98099999999991
38.98099999999991
38.98099999999991
38.98099999999991
38.98099999999991
38.98099999999991
38.98099999999991
38.98099999999991
38.98099999999991
38.98099999999991
38.98099999999991
38.98099999999991
38.98099999999991
38.98099999999991
38.98099999999991
38.98099999999991
38.98099999999991
38.98099999999991
38.98099999999991
38.98099999999991
38.98099999999991
38.98099999999991
38.98099999999991
38.98099999999991
38.98099999999991
38.98099999999991
38.98099999999991
38.98099999999991
38.98099999999991
38.98099999999991
38.98099999999991
38.98099999999991
38.98099999999991
38.98099999999991
38.98099999999991
38.98099999999991
38.98099999999991
38.98099999999991
38.98099999999991
38.98099999999991
38.98099999999991
38.98099999999991
38.98099999999991
38.98099999999991
38.98099999999991
38.98099999999991
38.98099999999991
38.98099999999991
38.98099999999991
38.98099999999991
38.98099999999991
38.98099999999991
38.98099999999991
38.98099999999991
38.98099999999991
38.98099999999991
38.98099999999991
38.98099999999991
38.98099999999991
38.98099999999991
38.98099999999991
38.98099999999991
38.98099999999991
38.98099999999991
38.98099999999991
38.98099999999991
38.98099999999991
38.98099999999991
38.98099999999991
38.98099999999991
38.98099999999991
38.98099999999991
38.98099999999991
38.98099999999991
38.98099999999991
38.98099999999991
38.98099999999991
38.98099999999991
38.98099999999991
38.98099999999991
38.98099999999991
38.98099999999991
38.98099999999991
38.98099999999991
38.98099999999991
38.98099999999991
38.98099999999991
38.98099999999991
38.98099999999991
38.98099999999991
38.98099999999991
38.98099999999991
38.98099999999991
38.98099999999991
38.98099999999991
38.98099999999991
38.98099999999991
38.98099999999991
38.98099999999991
38.98099999999991
38.98099999999991
38.98099999999991
38.98099999999991
38.98099999999991
38.98099999999991
38.98099999999991
38.98099999999991
38.98099999999991
38.98099999999991
38.98099999999991
38.98099999999991
38.98099999999991
38.98099999999991
38.98099999999991
38.98099999999991
38.98099999999991
38.98099999999991
38.98099999999991
38.98099999999991
38.98099999999991
38.98099999999991
38.98099999999991
38.98099999999991
38.98099999999991
38.98099999999991
38.98099999999991
38.98099999999991
38.98099999999991
38.98099999999991
38.98099999999991
38.98099999999991
38.98099999999991
38.98099999999991
38.98099999999991
38.98099999999991
38.98099999999991
38.98099999999991
38.98099999999991
38.98099999999991
38.98099999999991
38.98099999999991
38.98099999999991
38.98099999999991
38.98099999999991
38.98099999999991
38.98099999999991
38.98099999999991
38.98099999999991
38.98099999999991
38.98099999999991
38.98099999999991
38.98099999999991
38.98099999999991
38.98099999999991
38.98099999999991
38.98099999999991
38.98099999999991
38.98099999999991
38.98099999999991
38.98099999999991
38.98099999999991
38.98099999999991
38.98099999999991
38.98099999999991
38.98099999999991
38.98099999999991
38.98099999999991
38.98099999999991
38.98099999999991
38.98099999999991
38.98099999999991
38.98099999999991
38.98099999999991
38.98099999999991
38.98099999999991
38.98099999999991
38.98099999999991
38.98099999999991
38.98099999999991
38.98099999999991
38.98099999999991
38.98099999999991
38.98099999999991
38.98099999999991
38.98099999999991
38.98099999999991
38.98099999999991
38.98099999999991
38.98099999999991
38.98099999999991
38.98099999999991
38.98099999999991
38.98099999999991
38.98099999999991
38.98099999999991
38.98099999999991
38.98099999999991
38.98099999999991
38.98099999999991
38.98099999999991
38.98099999999991
38.98099999999991
38.98099999999991
38.98099999999991
38.98099999999991
38.98099999999991
38.98099999999991
38.98099999999991
38.98099999999991
38.98099999999991
38.98099999999991
38.98099999999991
38.98099999999991
38.98099999999991
38.98099999999991
38.98099999999991
38.98099999999991
38.98099999999991
38.98099999999991
39.04709999999991
38.870099999999915
38.46729999999991
38.6083999999999
38.33279999999991
38.33279999999991
38.33279999999991
38.33279999999991
38.33279999999991
38.44309999999991
38.52249999999991
38.59039999999991
37.81909999999991
38.2643999999999
37.64209999999991
37.64209999999991
38.2643999999999
38.2643999999999
37.94519999999992
38.2643999999999
37.684599999999904
37.684599999999904
37.684599999999904
37.9718999999999
37.81069999999992
37.8373999999999
37.837399999999896
37.8373999999999
37.837399999999896
37.837399999999896
37.837399999999896
37.170899999999904
37.170899999999904
37.65259999999989
37.31109999999991
37.036399999999894
37.036399999999894
37.036399999999894
37.030499999999925
0.16199999999999998
0.16199999999999998
0.16199999999999998
0.16199999999999998
37.20529999999992
37.81889999999991
37.01569999999989
36.63029999999993
36.63029999999993
36.35709999999989
34.13059999999995
34.44249999999994
33.147199999999984
33.06839999999999
32.90569999999998
31.772000000000023
29.86370000000002
25.378600000000016
5.887800000000005
27.792700000000014
24.082200000000018
23.473700000000022
23.43400000000002
23.219000000000026
23.219000000000026
23.609900000000017
23.06220000000002
22.78580000000002
22.78580000000002
22.13760000000002
22.13760000000002
23.095500000000026
22.04570000000004
23.10280000000002
23.10280000000002
-0.8247
20.674300000000017
19.980000000000015
5.611400000000005
16.097199999999976
15.177199999999974
14.778599999999978
13.297799999999983
12.689299999999983
12.689299999999983
12.689299999999983
12.175599999999985
12.392099999999983
12.392099999999983
12.649599999999984
11.484899999999987
8.8921
6.571500000000006
7.556000000000005
14.216979999999982
0.24939999999999998
0.6361
0.6361
0.6361
0.11280000000000001
0.11280000000000001
0.11280000000000001
