5.592781586184005
3.723138395247082
5.222455227491523
5.411701779035046
3.7640645535973665
3.7640645535973665
3.7640645535973665
3.7640645535973665
3.7640645535973665
3.6558579962203153
3.6558579962203153
5.728300209665787
3.7994285239440977
3.9343366931642514
5.674263628583459
5.8859566145731135
5.8859566145731135
6.069378720804357
4.000865742896283
5.879390381199365
3.9435040407609874
3.9435040407609874
3.9435040407609874
3.9435040407609874
3.9435040407609874
3.9435040407609874
5.579582812671527
3.859276000992832
3.859276000992832
3.859276000992832
3.859276000992832
3.859276000992832
3.859276000992832
3.859276000992832
3.859276000992832
3.859276000992832
3.859276000992832
3.859276000992832
3.859276000992832
3.859276000992832
3.859276000992832
3.859276000992832
3.859276000992832
3.859276000992832
3.859276000992832
3.859276000992832
3.859276000992832
3.859276000992832
3.859276000992832
3.859276000992832
3.859276000992832
3.859276000992832
4.158885391901303
4.017976960974158
4.017976960974158
4.017976960974158
4.110471569699202
4.110471569699202
4.110471569699202
4.110471569699202
4.110471569699202
4.110471569699202
4.110471569699202
4.118600080760123
4.027425283576665
3.8392303045517737
4.265410372548458
4.156536227873754
4.010199746281666
5.648419112217406
4.28147640100361
4.28147640100361
4.28147640100361
4.0794029603673705
4.0794029603673705
4.0794029603673705
4.0794029603673705
4.0794029603673705
5.885761570985906
4.010226774596657
4.010226774596657
4.010226774596657
3.847016380801775
3.847016380801775
3.847016380801775
3.847016380801775
3.847016380801775
3.847016380801775
3.847016380801775
4.002384341435969
3.7893444403018757
3.7893444403018757
4.056698703534727
4.056698703534727
4.056698703534727
4.056698703534727
3.8702024049852763
3.8786150532336308
3.8786150532336308
4.017530603839896
3.986706027933902
3.9477828698964528
4.004609181184314
4.3145568907782
4.3145568907782
4.3145568907782
4.3145568907782
4.3145568907782
4.3145568907782
4.3145568907782
4.3145568907782
4.3145568907782
4.3145568907782
6.084115021475833
4.047734837068495
4.047734837068495
4.047734837068495
4.131429622655292
3.945018709533967
3.945018709533967
3.945018709533967
3.945018709533967
4.178993560766922
4.164083043478649
4.012993878576341
3.676785568380182
3.676785568380182
3.9554605011071704
4.118418537509023
4.118418537509023
4.118418537509023
4.118418537509023
3.9154290772857943
3.9154290772857943
4.314395363829289
3.8393056944049917
4.300470632749679
4.300470632749679
4.300470632749679
3.94530289969288
4.159918841327652
4.159918841327652
4.138147962468418
4.138147962468418
4.005969998979542
4.123751044765036
4.123751044765036
4.123751044765036
3.905852856002629
3.905852856002629
3.9468161754364193
3.9468161754364193
4.063154611131216
3.9996292018852557
4.187232278821188
4.187232278821188
4.187232278821188
4.187232278821188
3.974242625035564
3.974242625035564
3.974242625035564
4.15381586185197
3.6359580183062583
3.9912296146476045
3.9912296146476045
4.1709810261247
4.098540335493314
4.163158633336239
4.163158633336239
4.163158633336239
4.163158633336239
3.8450652260898748
4.029836708940337
4.029836708940337
4.029836708940337
4.029836708940337
4.029836708940337
4.029836708940337
4.029836708940337
4.029836708940337
4.029836708940337
4.029836708940337
4.029836708940337
4.029836708940337
4.029836708940337
4.029836708940337
4.029836708940337
4.029836708940337
4.029836708940337
4.029836708940337
4.029836708940337
4.029836708940337
4.029836708940337
4.029836708940337
4.029836708940337
4.029836708940337
4.029836708940337
4.029836708940337
4.029836708940337
4.029836708940337
4.029836708940337
4.104903971437674
4.104903971437674
4.104903971437674
4.104903971437674
4.104903971437674
4.104903971437674
4.212459431986991
4.212459431986991
3.7204104493076873
3.972707472062421
4.315284824254566
4.0729838516038255
6.022779691496191
3.958715433716721
3.788496783203769
3.9779956677181003
4.316962652308865
3.736977806009814
3.736977806009814
3.736977806009814
4.123899087491074
4.052086216061886
4.052086216061886
4.052086216061886
3.9814287984794685
3.9814287984794685
3.9814287984794685
3.9814287984794685
4.0106381675236875
4.0106381675236875
4.0106381675236875
4.198473407616907
4.454752504979873
4.130871343151678
3.9062088400841324
3.9062088400841324
4.018054308556988
4.302139288035924
4.233616324428601
3.8747573616233124
3.6331328642655567
4.248625931111511
4.171088722618645
4.171088722618645
4.15615993679044
4.15615993679044
4.15615993679044
4.180952697557735
4.180952697557735
4.180952697557735
4.365617055613366
4.365617055613366
4.365617055613366
4.156246316465811
4.0946741216881115
3.714555490778478
3.714555490778478
4.193294871547431
3.9690321638640826
4.079370170582447
3.814346225247286
3.855282550937379
4.158913505076008
4.214822760782635
3.590907886864205
4.350835607408063
3.897880194310238
3.9450691453591897
3.8579884233982638
3.8579884233982638
3.8579884233982638
3.8579884233982638
3.9197078107981937
4.206175729736707
4.125774322087052
3.9912756434751797
3.9912756434751797
4.354757096822158
4.021188203852735
4.260353811376042
4.124904033651024
3.7713940763974136
4.349522615128533
4.119858915759599
4.198858162400645
4.200983482926211
4.128892413450918
4.243707203693985
4.157279524209351
4.229699666554037
4.229699666554037
4.489437439400291
4.489437439400291
4.489437439400291
4.415894513036739
3.9446694275676304
4.11462027753101
3.9675326485454434
4.1463122460621005
3.988303998080217
4.311367803718541
4.18117894059389
4.697503657053604
4.002393253020596
3.6499635823735126
4.029577084971615
4.224984085816436
3.7724027363749073
3.9206755709347565
4.286939864207306
3.6751378282493006
4.268375710075495
3.8130860971597693
4.173023692716422
4.293526485837724
4.128076396272707
4.286342261657322
4.226132503905233
4.601624562760802
4.238630113781229
4.238630113781229
4.010550094938887
3.5589122480246305
4.001578246125408
4.117489577580139
3.90991773495632
4.292058031356426
4.171426181918454
4.216958467706693
4.176950972457437
3.9107397863079365
3.605877468082319
4.546474249559644
3.8876527179686864
4.507496419989149
3.8427965461280884
4.272992937953428
4.198350056762211
4.379649004657795
4.320532989679299
4.088550149718827
4.23596579061852
4.309500649709852
4.09042159661903
3.8525522120206945
4.725517724620498
4.507322411807626
4.507322411807626
4.507322411807626
3.8532293735139564
4.112440131670317
3.7353554567784597
4.312928220856487
4.37045483925967
4.146861233474975
3.8945032692655692
4.634781588810605
4.755100762860435
4.741840050349068
4.513245783109793
3.279944591711528
4.001213817495076
4.992576824251746
4.866849568800822
4.403671046503303
4.750016784177991
4.241599991191414
5.029696211850412
4.528270971617859
3.8055905271163084
3.7596161244978763
4.031469536416241
4.518404323993975
3.642946121997941
4.706782494345346
4.5371210967077555
3.8564267198723323
4.622324692901147
3.672821805740427
4.743810694870385
3.3932877098032677
3.6240234230031625
4.766518430685062
3.8186890181337576
4.911763453036903
4.666813354985997
4.888130179894796
5.226668109021638
4.343369163217792
3.4552081456295642
3.8166445427429476
5.232179410030838
3.4720154603101427
4.377310851879928
3.5873331514370115
3.8198676849871775
3.5583690417036618
4.834730914754832
3.5495262662041
4.805920102588027
3.358347475339551
2.962189028468874
2.800732511634081
3.137689326414261
3.3202816850016843
3.2318056159365103
3.2057448857430506
3.5830478865955424
4.00338426130151
2.3677879439325515
3.4642510403602635
2.930804932195061
3.15034657135588
3.2944290358287187
3.4609484146927425
2.504859005047555
3.0149019162880517
2.8598661964791923
2.828999723721541
3.082487315642532
5.0042872522102275
2.6064519233764845
2.8057778016643375
2.9283462545782193
2.8250203849149447
2.7675723383743076
3.276389741046075
2.5107473652339767
2.6718252653201855
3.3937205313913292
2.6319421317669267
1.7339732128293601
2.5379236782292054
2.580233670728914
2.513979663922452
2.875535212861408
2.7817544604983144
2.9031971204869684
1.822278098916252
1.822278098916252
4.755346751299913
2.41394120238399
4.838630734720106
2.721152900464755
2.0974971096612673
5.2132437379724585
2.076530044467045
3.040964730942676
2.0683529851817024
2.740796506765582
4.378569200314134
4.378569200314134
3.1498413510713252
2.81960741496043
2.9073051766877445
2.021809229987408
2.786149816461368
2.114637510530395
2.089817321683798
3.9051363175169307
3.524015354160288
4.337074800378157
1.0
4.076467311220435
2.1871183607820477
4.127700303559066
3.2967845849295188
3.2967845849295188
1.659109300809794
4.043614072795545
3.7899031924811366
3.7020997790553922
4.668561208321829
3.898492277237211
2.1018561957269934
4.731066252110849
5.55976131751693
5.176163569747947
7.039352174563267
4.49377767232523
5.050970630687905
4.64959622342375
3.665383828204953
5.951289096844143
5.481595843597271
2.593718429177473
6.2696485118259035
2.744172131279054
5.589164232801011
5.175082256384248
6.809662246666307
7.890148446703185
7.955626543716154
5.618134681664882
5.565239773888563
6.6624630047676145
6.203634398149169
6.519110250178461
5.398421270964404
