20.549800000000005
21.741020000000027
21.313500000000023
21.573700000000027
21.573700000000027
21.573700000000027
21.573700000000027
21.573700000000027
21.573700000000027
21.573700000000027
21.573700000000027
21.573700000000027
21.347600000000025
21.347600000000025
20.990900000000018
20.990900000000018
20.990900000000018
20.990900000000018
20.990900000000018
20.990900000000018
20.990900000000018
20.990900000000018
20.990900000000018
20.990900000000018
20.990900000000018
20.990900000000018
20.990900000000018
20.990900000000018
20.990900000000018
20.990900000000018
20.990900000000018
20.990900000000018
20.990900000000018
20.990900000000018
20.990900000000018
20.990900000000018
20.990900000000018
21.472900000000028
20.927000000000017
21.484200000000026
20.52170000000001
20.159700000000004
20.159700000000004
20.159700000000004
21.089500000000022
21.089500000000022
21.089500000000022
21.089500000000022
21.089500000000022
21.089500000000022
21.089500000000022
21.089500000000022
21.089500000000022
21.089500000000022
21.089500000000022
21.089500000000022
21.089500000000022
21.089500000000022
21.089500000000022
21.089500000000022
21.089500000000022
21.089500000000022
21.089500000000022
21.089500000000022
21.089500000000022
21.089500000000022
21.089500000000022
21.089500000000022
21.089500000000022
21.089500000000022
21.089500000000022
21.089500000000022
21.089500000000022
21.089500000000022
21.089500000000022
21.089500000000022
21.089500000000022
21.089500000000022
21.089500000000022
21.089500000000022
21.089500000000022
21.089500000000022
21.089500000000022
21.089500000000022
21.089500000000022
21.089500000000022
21.089500000000022
21.089500000000022
21.089500000000022
21.089500000000022
21.089500000000022
21.089500000000022
21.089500000000022
21.089500000000022
21.089500000000022
21.089500000000022
21.089500000000022
21.089500000000022
21.089500000000022
21.089500000000022
21.089500000000022
21.089500000000022
21.089500000000022
21.089500000000022
21.089500000000022
21.089500000000022
21.089500000000022
21.089500000000022
21.089500000000022
21.089500000000022
21.089500000000022
21.089500000000022
21.089500000000022
21.089500000000022
21.089500000000022
21.089500000000022
21.089500000000022
21.089500000000022
21.089500000000022
21.089500000000022
21.089500000000022
21.089500000000022
21.089500000000022
21.089500000000022
21.089500000000022
21.089500000000022
21.089500000000022
21.089500000000022
21.089500000000022
21.089500000000022
21.089500000000022
21.089500000000022
21.089500000000022
21.089500000000022
21.089500000000022
21.089500000000022
21.089500000000022
21.089500000000022
21.089500000000022
21.089500000000022
21.089500000000022
21.089500000000022
21.089500000000022
21.089500000000022
21.089500000000022
21.089500000000022
21.089500000000022
21.089500000000022
21.089500000000022
21.089500000000022
21.089500000000022
21.089500000000022
21.089500000000022
21.089500000000022
21.089500000000022
21.089500000000022
21.089500000000022
21.089500000000022
21.089500000000022
21.089500000000022
21.089500000000022
21.089500000000022
21.089500000000022
20.92340000000002
20.92340000000002
20.92340000000002
20.92340000000002
20.92340000000002
20.92340000000002
20.92340000000002
20.92340000000002
21.23392000000002
21.21480000000002
21.441100000000027
21.482420000000022
21.21480000000002
21.21480000000002
21.21480000000002
20.44280000000001
20.44280000000001
20.44280000000001
20.44280000000001
21.06660000000002
21.06660000000002
21.06660000000002
21.06660000000002
21.06660000000002
21.06660000000002
21.06660000000002
21.06660000000002
21.06660000000002
21.06660000000002
21.06660000000002
21.06660000000002
21.06660000000002
21.06660000000002
21.06660000000002
21.06660000000002
21.06660000000002
21.06660000000002
21.06660000000002
21.06660000000002
21.06660000000002
21.06660000000002
21.06660000000002
21.06660000000002
21.06660000000002
21.06660000000002
21.06660000000002
21.06660000000002
21.06660000000002
21.06660000000002
21.06660000000002
21.06660000000002
21.06660000000002
21.06660000000002
21.06750000000002
21.06750000000002
21.06750000000002
20.94840000000002
21.395700000000023
21.19190000000002
20.665300000000013
20.665300000000013
20.665300000000013
20.665300000000013
20.665300000000013
20.665300000000013
20.665300000000013
20.665300000000013
20.665300000000013
20.831400000000016
21.241700000000023
21.09282000000002
20.858300000000018
20.858300000000018
20.858300000000018
20.99660000000002
21.00000000000002
21.00000000000002
21.01330000000002
21.01330000000002
21.01330000000002
21.323700000000024
21.323700000000024
21.00242000000002
21.20670000000002
21.01330000000002
20.749720000000014
21.484900000000025
21.484900000000025
20.083500000000004
21.00000000000002
20.98360000000002
20.99040000000002
20.99040000000002
20.69940000000002
21.069300000000023
20.533300000000015
20.533300000000015
20.69940000000002
20.676500000000015
20.821800000000017
20.821800000000017
20.821800000000017
20.821800000000017
20.821800000000017
20.99590000000002
20.673400000000015
20.575700000000015
20.575700000000015
20.720120000000016
20.70100000000002
20.575700000000015
20.575700000000015
20.575700000000015
20.575700000000015
20.575700000000015
20.575700000000015
20.575700000000015
20.41750000000001
20.18570000000001
20.18570000000001
20.18570000000001
20.18570000000001
20.58510000000002
20.58510000000002
20.30020000000001
20.701500000000014
20.701500000000014
20.701500000000014
20.15150000000001
19.785600000000006
20.309300000000015
20.309300000000015
21.02520000000002
20.34110000000001
20.561600000000016
20.24390000000001
19.793000000000003
20.484500000000015
19.88420000000001
20.439700000000013
20.439700000000013
20.23592000000001
20.525200000000012
20.525200000000012
20.525200000000012
20.525200000000012
20.46000000000001
20.599700000000016
19.861300000000007
20.525200000000012
19.795600000000007
20.41680000000001
20.484500000000015
19.795600000000007
20.02890000000001
20.576800000000013
20.06030000000001
20.461600000000015
19.88500000000001
20.28690000000001
20.502300000000012
20.567600000000017
20.384100000000014
20.851500000000016
20.716000000000015
20.716000000000015
19.759700000000006
20.194200000000013
19.428219999999992
19.273279999999996
20.219400000000014
20.434200000000015
20.592400000000016
21.08550000000002
20.585400000000014
20.623000000000015
20.695600000000013
20.340600000000016
19.3355
20.69440000000002
19.736800000000002
19.936300000000006
19.689700000000006
19.236
19.860100000000006
19.860100000000006
20.573600000000013
19.712300000000006
19.856400000000008
20.13340000000001
20.14340000000001
18.8963
19.856720000000006
20.97460000000002
19.956100000000006
20.179600000000004
20.22320000000001
20.21020000000001
19.833500000000008
19.454200000000004
20.02920000000001
20.770600000000016
19.958800000000004
20.597500000000014
19.1766
20.790600000000016
20.144100000000012
18.413299999999992
20.618820000000014
20.22220000000001
20.044220000000006
19.899800000000006
19.899800000000006
20.40152000000001
19.810300000000005
20.21010000000001
19.84050000000001
19.84050000000001
20.026500000000006
20.025900000000007
19.817600000000006
17.436099999999982
20.564120000000013
16.896899999999977
17.30989999999998
20.380500000000016
16.948999999999977
17.25949999999998
17.25949999999998
17.717799999999986
17.19409999999998
19.858700000000006
17.71819999999999
19.914200000000008
19.914200000000008
19.86160000000001
19.736300000000007
19.570200000000007
15.902099999999965
15.12359999999997
15.486299999999968
14.868099999999968
13.668699999999975
13.022399999999976
13.162199999999975
13.834699999999973
13.285999999999976
13.263099999999977
12.988799999999978
12.409699999999981
12.77229999999998
20.585400000000014
20.757700000000014
11.876439999999983
12.746799999999979
12.506199999999977
11.495199999999983
11.634399999999982
20.43440000000001
10.34199999999999
11.230399999999985
12.068399999999983
10.999099999999986
10.076599999999994
9.589499999999996
9.341899999999997
7.700300000000005
8.435700000000004
7.008000000000005
8.229500000000005
7.630800000000005
7.610820000000005
7.302400000000006
7.673300000000006
8.193100000000005
6.466700000000005
6.776900000000005
6.170300000000005
6.851000000000005
6.592000000000005
5.1399000000000035
4.948400000000003
1.8256999999999999
4.940400000000004
20.49660000000001
4.455400000000004
19.82400000000001
19.338999999999995
2.9133000000000004
10.27689999999999
10.27689999999999
1.1923
1.9145999999999999
2.2118
1.6556
20.462500000000016
20.214000000000013
21.137900000000023
20.33100000000001
20.255300000000013
20.171900000000004
20.563600000000015
20.652900000000017
19.655
19.923900000000007
19.782800000000005
21.67050000000003
20.30360000000001
19.82400000000001
19.756700000000002
19.496399999999994
18.341099999999987
8.609900000000003
19.694600000000005
19.694600000000005
19.028799999999993
20.239300000000007
20.375700000000016
6.5362000000000045
18.854599999999994
20.507700000000014
19.252200000000002
20.19390000000001
20.42800000000001
20.12640000000001
20.727800000000016
20.749900000000018
20.704900000000016
20.470400000000012
20.447500000000012
19.870000000000008
19.548800000000004
16.257199999999973
20.112400000000015
16.762199999999975
20.681400000000018
18.92049999999999
