5.505349455606939
5.505349455606939
5.505349455606939
5.505349455606939
5.505349455606939
5.505349455606939
5.505349455606939
5.505349455606939
5.505349455606939
5.505349455606939
5.505349455606939
5.505349455606939
5.505349455606939
5.505349455606939
5.505349455606939
5.505349455606939
5.505349455606939
5.505349455606939
5.505349455606939
5.505608836045504
5.505608836045504
5.505608836045504
5.505608836045504
5.505608836045504
5.505608836045504
5.505608836045504
5.505608836045504
5.505608836045504
5.505608836045504
5.505608836045504
5.505608836045504
5.505608836045504
5.505608836045504
5.505608836045504
5.505608836045504
5.505608836045504
5.505608836045504
5.505608836045504
5.505608836045504
5.505608836045504
5.505608836045504
5.505608836045504
5.505608836045504
5.505608836045504
5.505608836045504
5.505608836045504
5.505608836045504
5.505608836045504
5.505608836045504
5.505608836045504
5.505608836045504
5.505608836045504
5.505608836045504
5.505608836045504
5.505608836045504
5.505608836045504
5.505608836045504
5.505608836045504
5.505608836045504
5.505608836045504
5.505608836045504
5.505608836045504
5.505608836045504
5.505608836045504
5.505608836045504
5.505608836045504
5.505608836045504
5.505608836045504
5.505608836045504
5.505608836045504
5.505608836045504
5.505608836045504
5.505608836045504
5.505608836045504
5.505608836045504
5.505608836045504
5.505608836045504
5.505608836045504
5.505608836045504
5.505608836045504
5.505608836045504
5.505608836045504
5.505608836045504
5.505608836045504
5.505608836045504
5.505608836045504
5.505608836045504
5.505608836045504
5.505608836045504
5.505608836045504
5.505608836045504
5.505608836045504
5.505608836045504
5.505608836045504
5.505608836045504
5.505608836045504
5.505608836045504
5.505608836045504
5.505608836045504
5.505608836045504
5.505608836045504
5.505608836045504
5.505608836045504
5.505608836045504
5.505608836045504
5.505608836045504
5.442903311238761
5.442903311238761
5.442903311238761
5.442903311238761
5.442903311238761
5.442903311238761
5.442903311238761
5.442903311238761
5.442903311238761
5.442903311238761
5.442903311238761
5.442903311238761
5.442903311238761
5.442903311238761
5.442903311238761
5.442903311238761
5.442903311238761
5.442903311238761
5.442903311238761
5.442903311238761
5.442903311238761
5.442903311238761
5.442903311238761
5.442903311238761
5.442903311238761
5.442903311238761
5.442903311238761
5.442903311238761
5.442903311238761
5.442903311238761
5.442903311238761
5.442903311238761
5.442903311238761
5.442903311238761
5.442903311238761
5.442903311238761
5.442903311238761
5.442903311238761
5.442903311238761
5.442903311238761
5.442903311238761
5.442903311238761
5.442903311238761
5.442903311238761
5.442903311238761
5.442903311238761
5.442903311238761
5.442903311238761
5.442903311238761
5.442903311238761
5.442903311238761
5.442903311238761
5.442903311238761
5.442903311238761
5.442903311238761
5.442903311238761
5.442903311238761
5.442903311238761
5.442903311238761
5.442903311238761
5.442903311238761
5.442903311238761
5.442903311238761
5.442903311238761
5.442903311238761
5.442903311238761
5.442903311238761
5.442903311238761
5.442903311238761
5.442903311238761
5.442903311238761
5.442903311238761
5.442903311238761
5.442903311238761
5.442903311238761
5.442903311238761
5.442903311238761
5.442903311238761
5.442903311238761
5.442903311238761
5.442903311238761
5.442903311238761
5.442903311238761
5.442903311238761
5.442903311238761
5.442903311238761
5.442903311238761
5.442903311238761
5.442903311238761
5.442903311238761
5.442903311238761
5.442903311238761
5.442903311238761
5.442903311238761
5.442903311238761
5.442903311238761
5.442903311238761
5.442903311238761
5.442903311238761
5.442903311238761
5.442903311238761
5.442903311238761
5.442903311238761
5.442903311238761
5.442903311238761
5.442903311238761
5.442903311238761
5.442903311238761
5.442903311238761
5.442903311238761
5.442903311238761
5.442903311238761
5.442903311238761
5.442903311238761
5.442903311238761
5.442903311238761
5.442903311238761
5.45695370203924
5.45695370203924
5.45695370203924
5.45695370203924
5.45695370203924
5.45695370203924
5.45695370203924
5.45695370203924
5.45695370203924
5.45695370203924
5.45695370203924
5.45695370203924
5.45695370203924
5.45695370203924
5.45695370203924
5.45695370203924
5.45695370203924
5.45695370203924
5.45695370203924
5.45695370203924
5.45695370203924
5.45695370203924
5.45695370203924
5.45695370203924
5.45695370203924
5.45695370203924
5.45695370203924
5.45695370203924
5.45695370203924
5.45695370203924
5.45695370203924
5.45695370203924
5.45695370203924
5.45695370203924
5.45695370203924
5.45695370203924
5.45695370203924
5.45695370203924
5.45695370203924
5.45695370203924
5.45695370203924
5.45695370203924
5.45695370203924
5.45695370203924
5.45695370203924
5.45695370203924
5.45695370203924
5.45695370203924
5.45695370203924
5.45695370203924
5.45695370203924
5.45695370203924
5.45695370203924
5.45695370203924
5.45695370203924
5.45695370203924
5.45695370203924
5.45695370203924
5.45695370203924
5.45695370203924
5.45695370203924
5.45695370203924
5.45695370203924
5.45695370203924
5.45695370203924
5.45695370203924
5.45695370203924
5.45695370203924
5.45695370203924
5.45695370203924
5.45695370203924
5.45695370203924
5.45695370203924
5.45695370203924
5.45695370203924
5.45695370203924
5.45695370203924
5.45695370203924
5.45695370203924
5.45695370203924
5.45695370203924
5.45695370203924
5.45695370203924
5.45695370203924
5.45695370203924
5.457213082477805
5.507702615803715
5.446478480306184
5.498310005483971
5.405171479880378
5.405171479880378
5.405171479880378
5.559964613688709
5.408085255182683
5.408085255182683
5.408700710369699
5.421887922272488
5.511389131727203
5.626475948981273
5.525602891036073
5.525602891036073
5.449654871477706
5.509887574459865
5.512447526130347
5.629546593790474
5.628017335756614
5.651127017596576
5.70450667271183
5.461376180027739
5.461376180027739
5.717387185110622
5.545430785156787
5.560963291029467
5.5897410182878495
5.5897410182878495
5.590607499318132
5.385012387541155
5.580371311408668
5.4118964662531415
5.4118964662531415
5.530089659891969
5.3209321026991185
5.3209321026991185
5.576107254637135
5.361883514553677
5.361883514553677
5.599440863704558
5.451123308723815
5.451123308723815
5.4654698645349
5.477483418963088
5.650166009586144
5.679078157167069
5.465130576765464
5.550785729698293
5.400673018448053
5.562911374060948
5.413213043054493
5.4138459167845365
5.582708319325861
5.611815237618206
5.364569283983376
5.364569283983376
5.364569283983376
5.364569283983376
5.29977243789653
5.29977243789653
5.313848601835334
5.313848601835334
5.575762201750348
5.584178824907774
5.635315197039777
6.155643505915226
5.6760992326527635
5.532033225152144
5.672288386350892
5.080168826036358
6.236439960485678
6.1862168377520375
5.818851729208495
5.171183439311227
5.384265440307568
5.120808362388149
5.284832524542526
5.21236657734987
5.411950675385089
5.2699542322878745
5.3956332645282785
4.9363496903620865
4.461320746266513
4.379508897245968
4.804189419611702
4.804526614181839
4.804526614181839
4.725269543014542
4.741274939973693
4.587603800362926
4.34906858017155
5.547949130720646
5.552311447055995
5.559514558551243
5.080758540898843
4.171026539186363
5.003531455977858
4.18754733672932
4.616991189949685
4.264326384307685
4.564749909491012
5.0137215456427935
5.174683868232803
4.150880245139225
4.303922772611754
4.238291652442163
4.23631512642608
4.23631512642608
4.437894310039154
3.680741091666267
4.105177048908947
4.107164188332024
3.8856099140485707
3.8856099140485707
3.8856099140485707
3.8856099140485707
4.016318714048572
3.9090504509011472
3.8165439748783463
3.8165439748783463
4.079869117502533
4.071235582562792
3.925999698663958
3.92773102174088
3.92773102174088
3.92773102174088
4.214210577451383
3.5577447351438813
3.859700847513908
3.8804000348528955
4.25892085540872
4.237671150010668
4.039326175388929
4.212539459157912
4.261454181550487
4.363666224956674
4.0831278537106055
4.795448510537276
4.489867782635175
4.777680515563775
4.779317201954308
3.6763533213433055
3.25361032501484
3.78482443938835
3.1040390798732513
3.690624248814249
2.975029198754605
2.991242121433139
3.6194760127555723
2.8233119962400117
2.9908035938731476
3.137775768401175
3.171872804648042
3.171872804648042
2.8439401464867604
3.160865306698578
3.188877103290576
3.1055157953914367
3.5758269271555516
3.5758269271555516
3.5758269271555516
5.776402630629368
3.420765660939999
3.5419646382249708
3.5014184334892313
3.5014184334892313
5.890728195332189
3.518924377545175
3.397440240143384
3.3480374337221566
4.637366958954045
5.560563636940539
4.743583303564777
6.149902282745307
6.322916956997641
5.770410512264501
5.731390743620147
5.962346329572195
5.27833571607202
5.184529105495097
5.184529105495097
5.184529105495097
5.184529105495097
5.417679743033732
5.417679743033732
5.234080231970255
5.409446011183791
5.69903598826842
6.0388700553459636
6.181916897305036
