22.789000000000044
22.789000000000044
23.001100000000044
23.001100000000044
23.001100000000044
23.001100000000044
23.095200000000045
23.095200000000045
23.095200000000045
23.095200000000045
22.445900000000037
22.051200000000033
22.051200000000033
22.051200000000033
22.051200000000033
21.163900000000012
21.163900000000012
21.163900000000012
21.163900000000012
21.163900000000012
21.163900000000012
21.163900000000012
21.163900000000012
22.445900000000037
22.445900000000037
22.445900000000037
22.304800000000036
22.304800000000036
22.304800000000036
22.304800000000036
22.287300000000034
22.18780000000003
22.18780000000003
22.18780000000003
22.752100000000038
22.752100000000038
22.752100000000038
22.187800000000035
22.121200000000034
21.43270000000002
21.43270000000002
22.369700000000034
21.544100000000025
21.544100000000025
21.544100000000025
21.544100000000025
21.544100000000025
21.544100000000025
21.544100000000025
21.544100000000025
21.544100000000025
21.544100000000025
21.544100000000025
21.544100000000025
21.544100000000025
21.544100000000025
21.544100000000025
21.544100000000025
21.544100000000025
21.544100000000025
21.544100000000025
21.544100000000025
21.544100000000025
21.544100000000025
21.544100000000025
21.544100000000025
21.544100000000025
21.544100000000025
21.544100000000025
21.544100000000025
21.544100000000025
21.544100000000025
21.544100000000025
21.544100000000025
21.544100000000025
21.544100000000025
21.544100000000025
21.544100000000025
21.544100000000025
21.544100000000025
21.544100000000025
21.544100000000025
21.544100000000025
21.544100000000025
21.544100000000025
21.961700000000032
21.961700000000032
21.961700000000032
21.961700000000032
21.961700000000032
21.961700000000032
21.961700000000032
21.961700000000032
21.961700000000032
21.961700000000032
21.961700000000032
21.961700000000032
21.961700000000032
21.961700000000032
21.961700000000032
21.961700000000032
21.961700000000032
21.961700000000032
21.961700000000032
21.961700000000032
21.961700000000032
21.961700000000032
21.961700000000032
21.961700000000032
21.961700000000032
21.961700000000032
21.961700000000032
21.961700000000032
21.961700000000032
21.961700000000032
21.961700000000032
21.961700000000032
21.961700000000032
21.961700000000032
21.961700000000032
21.961700000000032
21.961700000000032
21.961700000000032
21.961700000000032
21.961700000000032
21.961700000000032
21.961700000000032
21.961700000000032
21.961700000000032
21.961700000000032
21.961700000000032
21.961700000000032
21.961700000000032
21.961700000000032
21.961700000000032
21.961700000000032
21.961700000000032
21.961700000000032
21.961700000000032
21.961700000000032
21.961700000000032
21.961700000000032
21.961700000000032
21.961700000000032
21.961700000000032
21.961700000000032
21.961700000000032
21.961700000000032
21.961700000000032
21.961700000000032
21.961700000000032
21.961700000000032
21.961700000000032
21.961700000000032
21.961700000000032
21.961700000000032
21.961700000000032
21.961700000000032
21.961700000000032
21.961700000000032
21.961700000000032
21.961700000000032
21.961700000000032
21.961700000000032
21.961700000000032
21.961700000000032
21.961700000000032
21.961700000000032
21.961700000000032
21.961700000000032
21.961700000000032
21.961700000000032
21.961700000000032
21.961700000000032
21.961700000000032
21.961700000000032
21.961700000000032
21.961700000000032
21.961700000000032
21.961700000000032
21.961700000000032
21.961700000000032
21.961700000000032
21.961700000000032
21.961700000000032
21.961700000000032
21.961700000000032
21.961700000000032
21.961700000000032
21.961700000000032
21.961700000000032
21.961700000000032
21.961700000000032
21.961700000000032
21.961700000000032
21.961700000000032
21.961700000000032
21.961700000000032
21.961700000000032
21.961700000000032
21.961700000000032
21.961700000000032
21.961700000000032
21.961700000000032
21.961700000000032
21.961700000000032
21.961700000000032
21.961700000000032
21.961700000000032
21.961700000000032
21.961700000000032
21.961700000000032
21.961700000000032
21.961700000000032
21.961700000000032
21.961700000000032
21.961700000000032
21.961700000000032
21.961700000000032
21.961700000000032
21.961700000000032
21.961700000000032
21.961700000000032
21.961700000000032
21.961700000000032
21.961700000000032
21.961700000000032
21.961700000000032
20.77380000000001
22.174200000000035
22.211100000000034
22.228600000000036
22.228600000000036
21.82060000000003
22.711300000000037
21.669400000000024
21.703600000000026
21.703600000000026
21.703600000000026
21.703600000000026
21.703600000000026
21.703600000000026
21.703600000000026
21.703600000000026
21.703600000000026
22.03830000000003
21.703600000000026
21.703600000000026
21.703600000000026
21.703600000000026
21.703600000000026
22.53480000000004
22.644600000000043
22.225220000000036
22.225220000000036
22.03830000000003
22.03830000000003
22.03830000000003
22.03830000000003
22.362000000000034
22.362000000000034
22.362000000000034
21.885500000000032
22.057900000000032
22.057900000000032
22.057900000000032
21.79770000000003
21.79770000000003
21.79770000000003
21.79770000000003
21.79770000000003
21.79770000000003
21.79770000000003
21.79770000000003
21.79770000000003
21.79770000000003
21.79770000000003
21.79770000000003
21.79770000000003
21.79770000000003
21.79770000000003
21.885500000000032
21.87220000000003
21.57160000000003
21.733500000000028
20.383700000000005
21.57160000000003
21.939500000000027
21.50710000000003
21.54560000000003
21.447900000000025
21.447900000000025
21.446200000000026
21.446200000000026
21.446200000000026
21.407600000000023
21.447900000000025
21.447900000000025
21.447900000000025
21.447900000000025
21.447900000000025
20.911100000000012
21.407600000000023
21.407600000000023
21.05790000000002
20.65250000000001
20.91430000000002
21.622100000000028
20.991300000000017
21.181500000000025
21.382100000000026
21.245100000000022
21.408900000000024
20.46330000000001
21.497500000000024
21.794400000000028
21.356700000000025
21.356700000000025
20.89000000000002
21.245100000000022
21.59840000000003
20.88090000000002
21.79900000000003
21.356700000000025
21.356700000000025
21.356700000000025
21.536300000000026
21.847700000000028
21.82600000000003
20.77170000000001
20.665300000000013
20.667800000000017
21.905180000000033
21.098600000000022
21.15560000000002
21.257700000000025
20.738000000000017
21.091600000000025
20.277700000000017
21.457600000000024
20.83350000000002
21.457600000000024
21.58520000000003
21.699600000000025
21.040000000000017
21.126800000000017
21.126800000000017
21.126800000000017
20.907100000000018
20.568100000000015
19.93460000000001
21.38780000000002
22.527000000000037
20.728600000000014
20.728600000000018
21.96970000000003
20.34690000000001
20.965600000000023
21.384700000000027
20.483800000000013
20.607100000000017
20.641420000000014
21.404300000000024
19.837200000000013
20.381000000000014
20.58010000000001
20.234800000000003
21.38090000000002
20.87140000000002
20.375800000000012
21.176500000000026
20.981900000000014
21.296300000000027
20.397300000000012
21.317820000000026
20.758900000000015
21.313500000000023
20.900220000000015
21.129300000000022
20.701400000000017
20.711700000000015
20.661000000000016
18.723499999999998
20.85450000000002
21.272320000000022
21.272320000000022
21.272320000000022
21.272320000000022
20.82950000000002
18.12419999999999
19.9886
17.577199999999984
21.081320000000023
20.786400000000018
20.19090000000001
16.556999999999974
16.398799999999966
16.769799999999975
16.08021999999997
16.326999999999973
15.403799999999968
16.525379999999974
15.860199999999967
15.137899999999968
14.57429999999997
13.810399999999973
14.50579999999997
14.50579999999997
21.88620000000003
21.629900000000024
13.420499999999976
13.080799999999977
21.212300000000017
13.365099999999975
21.23980000000002
12.326899999999982
21.112600000000025
21.537500000000026
12.14339999999998
12.069799999999981
12.26729999999998
11.189299999999987
11.284599999999985
11.279399999999985
10.848499999999987
11.156499999999985
10.622299999999989
9.926019999999992
10.201099999999991
14.58019999999997
10.574799999999989
9.737699999999995
9.321299999999995
9.391599999999997
9.489499999999996
9.354999999999997
8.983699999999999
7.950600000000006
8.611980000000003
8.9078
7.763500000000006
6.478100000000005
7.110000000000006
21.022300000000023
7.591200000000005
6.776000000000004
7.374700000000005
7.240200000000004
5.9867000000000035
6.512100000000005
21.600000000000026
3.5854000000000026
1.99502
1.99502
6.187300000000005
3.7515000000000027
20.880800000000015
4.143200000000003
2.1163999999999996
2.8043000000000005
20.62680000000001
3.9288000000000025
3.9288000000000025
3.5615000000000014
2.4283
16.398299999999974
1.1923
1.7485
1.9145999999999999
0.9275
21.600000000000026
0.0040000000000000036
21.298400000000026
21.298400000000026
11.769999999999984
2.812100000000001
22.01010000000003
21.752000000000027
13.064299999999978
12.418199999999981
20.55010000000001
20.53800000000001
21.25850000000002
21.226100000000024
21.155000000000022
9.458399999999997
9.458399999999997
20.149200000000008
20.89190000000002
7.393900000000006
21.12180000000002
10.757899999999989
19.733400000000003
19.706800000000005
21.622100000000028
14.085199999999976
21.75390000000003
16.741399999999977
16.343199999999975
17.225599999999982
