[0.5183525]
[0.5192079]
[0.51628965]
[0.51392615]
[0.50714695]
[0.50714695]
[0.50714695]
[0.50714695]
[0.5112237]
[0.5298812]
[0.519395]
[0.4938283]
[0.514103]
[0.5222327]
[0.53417236]
[0.5150933]
[0.5150933]
[0.5299319]
[0.48525602]
[0.48525602]
[0.48525602]
[0.48525602]
[0.48525602]
[0.48525602]
[0.48525602]
[0.48432165]
[0.48432165]
[0.48432165]
[0.48432165]
[0.508083]
[0.49903947]
[0.5204758]
[0.5080223]
[0.48588622]
[0.5021273]
[0.4868979]
[0.4868979]
[0.4868979]
[0.49129307]
[0.4963934]
[0.4963934]
[0.47596693]
[0.47596693]
[0.47596693]
[0.47596693]
[0.47596693]
[0.47596693]
[0.47596693]
[0.47596693]
[0.47596693]
[0.47596693]
[0.47596693]
[0.47596693]
[0.47596693]
[0.47596693]
[0.47596693]
[0.47596693]
[0.47596693]
[0.47596693]
[0.47596693]
[0.47596693]
[0.47596693]
[0.47596693]
[0.47596693]
[0.47596693]
[0.47596693]
[0.47596693]
[0.47596693]
[0.47596693]
[0.47596693]
[0.47596693]
[0.47596693]
[0.47596693]
[0.47596693]
[0.47596693]
[0.47596693]
[0.47596693]
[0.47596693]
[0.47596693]
[0.47596693]
[0.47596693]
[0.47596693]
[0.47596693]
[0.47596693]
[0.47596693]
[0.47596693]
[0.47596693]
[0.47596693]
[0.47596693]
[0.47596693]
[0.47596693]
[0.47596693]
[0.47754005]
[0.47754005]
[0.47754005]
[0.47754005]
[0.47754005]
[0.49362233]
[0.5034179]
[0.5106944]
[0.51176363]
[0.49519598]
[0.48682523]
[0.5146383]
[0.4851184]
[0.4851184]
[0.48628]
[0.4857531]
[0.4857531]
[0.49620134]
[0.5016355]
[0.46519879]
[0.46519879]
[0.46519879]
[0.46519879]
[0.46519879]
[0.46519879]
[0.46519879]
[0.46519879]
[0.46519879]
[0.46519879]
[0.46519879]
[0.46519879]
[0.46519879]
[0.46519879]
[0.46519879]
[0.46519879]
[0.46519879]
[0.46519879]
[0.46519879]
[0.46519879]
[0.46519879]
[0.46519879]
[0.46519879]
[0.46519879]
[0.46519879]
[0.46519879]
[0.46519879]
[0.46519879]
[0.46519879]
[0.46519879]
[0.46519879]
[0.46519879]
[0.46519879]
[0.46519879]
[0.46519879]
[0.46519879]
[0.46519879]
[0.46519879]
[0.46519879]
[0.46519879]
[0.46519879]
[0.46519879]
[0.46519879]
[0.46519879]
[0.46519879]
[0.46519879]
[0.46519879]
[0.4841584]
[0.485292]
[0.485292]
[0.485292]
[0.48830006]
[0.4806162]
[0.4806162]
[0.47585014]
[0.47585014]
[0.47585014]
[0.47585014]
[0.47585014]
[0.47585014]
[0.48349667]
[0.48349667]
[0.49187687]
[0.5108401]
[0.4953738]
[0.4752982]
[0.4752982]
[0.4752982]
[0.4752982]
[0.4752982]
[0.4752982]
[0.49337664]
[0.49059004]
[0.47990978]
[0.4863975]
[0.51754063]
[0.499398]
[0.5043181]
[0.4766163]
[0.4766163]
[0.4766163]
[0.4766163]
[0.51033026]
[0.50838035]
[0.4766145]
[0.4688913]
[0.4688913]
[0.4688913]
[0.5049409]
[0.4823745]
[0.4914173]
[0.45636472]
[0.5112518]
[0.50001884]
[0.4895155]
[0.48936278]
[0.51289505]
[0.48444808]
[0.51513773]
[0.4951417]
[0.52815026]
[0.49750897]
[0.5114414]
[0.5120933]
[0.5122388]
[0.4722255]
[0.49777618]
[0.5137378]
[0.4789711]
[0.4591022]
[0.49700573]
[0.505993]
[0.44506848]
[0.44506848]
[0.44506848]
[0.50468653]
[0.47996667]
[0.50361407]
[0.48383036]
[0.44745463]
[0.44745463]
[0.45638013]
[0.45638013]
[0.45638013]
[0.45638013]
[0.45638013]
[0.45638013]
[0.45638013]
[0.45638013]
[0.45638013]
[0.45638013]
[0.45638013]
[0.49159706]
[0.48295158]
[0.46975756]
[0.46975756]
[0.46975756]
[0.46975756]
[0.46975756]
[0.46975756]
[0.50922626]
[0.47017428]
[0.47017428]
[0.48418412]
[0.47614238]
[0.47614238]
[0.47614238]
[0.47614238]
[0.47614238]
[0.47614238]
[0.47614238]
[0.47614238]
[0.46661717]
[0.46661717]
[0.4445998]
[0.4445998]
[0.4445998]
[0.4445998]
[0.4445998]
[0.4445998]
[0.4445998]
[0.4445998]
[0.4445998]
[0.4445998]
[0.4445998]
[0.4445998]
[0.45910397]
[0.45910397]
[0.45910397]
[0.45910397]
[0.45910397]
[0.45910397]
[0.45910397]
[0.45910397]
[0.49285412]
[0.48284656]
[0.449288]
[0.449288]
[0.449288]
[0.449288]
[0.4978159]
[0.49642467]
[0.4990391]
[0.4692287]
[0.5056481]
[0.4776721]
[0.47424784]
[0.4690231]
[0.4690231]
[0.45330665]
[0.45330665]
[0.45330665]
[0.45789784]
[0.45789784]
[0.48555583]
[0.47448263]
[0.47448263]
[0.4796119]
[0.45437256]
[0.48589128]
[0.5144358]
[0.47315198]
[0.47315198]
[0.44998896]
[0.44998896]
[0.46681544]
[0.46681544]
[0.46681544]
[0.46681544]
[0.46681544]
[0.4815743]
[0.48012903]
[0.4844267]
[0.48407343]
[0.4954222]
[0.47763076]
[0.47063503]
[0.47063503]
[0.45517778]
[0.45249864]
[0.46349967]
[0.46706402]
[0.46706402]
[0.46706402]
[0.45680076]
[0.45215318]
[0.4554244]
[0.4731366]
[0.45574313]
[0.45574313]
[0.45574313]
[0.45574313]
[0.45574313]
[0.45574313]
[0.45574313]
[0.45574313]
[0.45574313]
[0.45574313]
[0.45574313]
[0.45574313]
[0.45574313]
[0.45574313]
[0.45574313]
[0.45574313]
[0.45574313]
[0.45574313]
[0.45574313]
[0.45574313]
[0.48579594]
[0.4442746]
[0.4442746]
[0.4442746]
[0.460088]
[0.460088]
[0.460088]
[0.460088]
[0.460088]
[0.4780956]
[0.45217624]
[0.4711374]
[0.46435365]
[0.43513963]
[0.43513963]
[0.43513963]
[0.43513963]
[0.43513963]
[0.4697262]
[0.4697262]
[0.47145948]
[0.47145948]
[0.47145948]
[0.46616006]
[0.46616006]
[0.46616006]
[0.44179568]
[0.44179568]
[0.46282712]
[0.46282712]
[0.5016277]
[0.46643066]
[0.45433554]
[0.43341202]
[0.43341202]
[0.43341202]
[0.43341202]
[0.43341202]
[0.43341202]
[0.43341202]
[0.4753052]
[0.46700078]
[0.4716973]
[0.47601703]
[0.4792862]
[0.46453163]
[0.45402572]
[0.45402572]
[0.45402572]
[0.46197638]
[0.453212]
[0.45995697]
[0.48680538]
[0.46778437]
[0.4690427]
[0.44980925]
[0.44980925]
[0.44980925]
[0.44980925]
[0.44980925]
[0.46844125]
[0.4748994]
[0.4748994]
[0.4885585]
[0.4880087]
[0.4781742]
[0.4894142]
[0.45891142]
[0.45887607]
[0.4878459]
[0.48582578]
[0.48990363]
[0.4602572]
[0.48348433]
[0.48348433]
[0.46750444]
[0.47975114]
[0.43956825]
[0.43956825]
[0.45882678]
[0.47326067]
[0.47326067]
[0.49815425]
[0.4423314]
[0.48810565]
[0.48810565]
[0.4501838]
[0.48690072]
[0.4801261]
[0.45837104]
[0.46512452]
[0.45796564]
[0.47326067]
[0.4801261]
[0.44976416]
[0.47850227]
[0.4693198]
[0.47792634]
[0.4297612]
[0.4297612]
[0.4792418]
[0.4792418]
[0.47959787]
[0.48814353]
[0.43015504]
[0.4851299]
[0.4561982]
[0.4354335]
[0.468974]
[0.48285362]
[0.42570534]
[0.42570528]
[0.4590918]
[0.4590918]
[0.4590918]
[0.45674616]
[0.47333544]
[0.47333544]
[0.47333544]
[0.47333544]
[0.47333544]
[0.47333544]
[0.47333544]
[0.484768]
[0.45935184]
[0.47415522]
[0.45604968]
[0.35922018]
[0.5130546]
[0.4873026]
[0.50504726]
[0.48185378]
[0.42332363]
[0.42332363]
[0.42332363]
[0.42332363]
[0.42332363]
[0.471855]
[0.5080001]
[0.49075925]
[0.50471467]
