6.814000000000006
7.600000000000004
4.489500000000003
8.030400000000004
8.030400000000004
8.030400000000004
8.030400000000004
8.030400000000004
7.786600000000005
7.786600000000005
5.920900000000004
5.920900000000004
3.8838000000000026
3.8838000000000026
3.8838000000000026
3.8838000000000026
7.772300000000005
7.783200000000004
7.783200000000004
7.783200000000004
7.714800000000005
7.714800000000005
5.586700000000003
7.138400000000004
7.740700000000004
6.8350000000000035
7.227000000000004
6.460800000000005
7.3822000000000045
6.075900000000003
6.075900000000003
6.075900000000003
6.075900000000003
6.075900000000003
6.075900000000003
6.075900000000003
6.075900000000003
6.075900000000003
6.075900000000003
6.075900000000003
6.075900000000003
6.075900000000003
6.075900000000003
6.075900000000003
3.3320000000000016
3.3320000000000016
4.626800000000003
6.301300000000004
4.3209000000000035
6.030700000000004
6.030700000000004
6.030700000000004
7.532100000000004
7.532100000000004
5.470900000000002
5.5427000000000035
7.492500000000004
7.492500000000004
7.234600000000006
6.121020000000004
4.169000000000003
5.899900000000005
5.427700000000002
5.427700000000002
5.427700000000002
5.269920000000005
8.393100000000002
8.393100000000002
8.393100000000002
7.296100000000004
6.248200000000004
5.688100000000003
5.812600000000004
5.812600000000004
5.812600000000004
5.812600000000004
4.317600000000002
3.557800000000002
4.873800000000003
4.873800000000003
4.873800000000003
4.873800000000003
3.7250000000000014
5.758900000000003
5.621100000000003
5.480000000000002
5.480000000000002
5.855100000000004
5.722200000000004
5.722200000000004
4.850800000000003
5.7245000000000035
1.9988
5.504970000000004
5.1780000000000035
5.1780000000000035
5.1780000000000035
5.1780000000000035
5.1780000000000035
5.1780000000000035
5.1780000000000035
4.285600000000002
7.254890000000007
7.254890000000007
7.254890000000007
7.254890000000007
7.254890000000007
7.254890000000007
5.480000000000002
5.480000000000002
5.480000000000002
5.480000000000002
5.480000000000002
5.480000000000002
5.480000000000002
5.480000000000002
5.083800000000003
5.083800000000003
5.621100000000003
5.621100000000003
5.621100000000003
5.621100000000003
5.621100000000003
5.621100000000003
5.621100000000003
5.621100000000003
5.621100000000003
5.621100000000003
5.621100000000003
5.621100000000003
5.621100000000003
5.621100000000003
5.621100000000003
5.621100000000003
5.621100000000003
5.621100000000003
5.621100000000003
5.621100000000003
5.621100000000003
5.621100000000003
9.924599999999993
9.924599999999993
7.280790000000006
5.0161000000000024
5.1460000000000035
3.8850000000000016
3.8850000000000016
5.109600000000003
5.513100000000002
5.654200000000003
4.4837000000000025
4.4837000000000025
4.4837000000000025
4.4837000000000025
5.558500000000004
5.220500000000004
8.068290000000008
8.068290000000008
8.068290000000008
8.068290000000008
4.344500000000003
5.402300000000003
5.008200000000002
5.532900000000003
5.532900000000003
5.532900000000003
5.532900000000003
5.532900000000003
4.6826000000000025
9.832699999999994
9.832699999999994
9.832699999999994
5.041300000000002
5.041300000000002
5.041300000000002
5.041300000000002
5.041300000000002
5.041300000000002
5.041300000000002
5.041300000000002
4.448400000000002
5.043500000000003
7.2881000000000045
7.2881000000000045
3.6052000000000017
3.6052000000000017
7.580490000000006
4.161400000000003
4.161400000000003
4.161400000000003
4.161400000000003
5.448000000000002
5.448000000000002
5.448000000000002
5.142400000000004
5.142400000000004
5.142400000000004
5.142400000000004
3.4204000000000008
4.367900000000002
4.8796000000000035
4.367900000000002
4.367900000000002
5.015400000000003
5.015400000000003
4.972900000000003
4.972900000000003
4.972900000000003
4.972900000000003
4.972900000000003
4.972900000000003
4.972900000000003
4.972900000000003
4.972900000000003
4.972900000000003
4.972900000000003
4.972900000000003
4.972900000000003
4.972900000000003
4.972900000000003
4.972900000000003
4.972900000000003
4.972900000000003
4.972900000000003
4.972900000000003
4.972900000000003
4.972900000000003
4.972900000000003
4.972900000000003
4.972900000000003
4.972900000000003
4.972900000000003
4.972900000000003
4.972900000000003
4.972900000000003
4.972900000000003
4.972900000000003
4.972900000000003
4.972900000000003
4.972900000000003
4.972900000000003
4.972900000000003
4.972900000000003
4.972900000000003
4.972900000000003
4.972900000000003
4.972900000000003
4.972900000000003
4.972900000000003
4.972900000000003
4.972900000000003
4.972900000000003
4.972900000000003
4.972900000000003
4.972900000000003
4.972900000000003
4.972900000000003
4.972900000000003
4.972900000000003
4.972900000000003
4.972900000000003
4.972900000000003
4.972900000000003
4.972900000000003
4.972900000000003
4.972900000000003
4.972900000000003
4.972900000000003
4.972900000000003
4.972900000000003
4.972900000000003
4.972900000000003
4.972900000000003
4.972900000000003
4.972900000000003
4.675100000000003
3.5699000000000005
4.381300000000003
4.9326000000000025
5.006000000000003
4.8682000000000025
4.335900000000002
6.4664000000000055
4.937600000000002
4.937600000000002
4.904500000000002
9.276399999999997
4.799800000000002
4.799800000000002
4.799800000000002
4.799800000000002
4.977070000000004
4.565300000000002
6.801400000000005
7.134500000000005
1.2096
5.886000000000004
6.0446000000000035
5.455000000000003
5.009300000000002
4.7314000000000025
5.749900000000004
5.749900000000004
5.749900000000004
4.987600000000003
4.561500000000003
4.3400000000000025
6.309500000000003
4.940900000000003
4.940900000000003
4.940900000000003
4.940900000000003
4.940900000000003
4.940900000000003
4.940900000000003
4.940900000000003
4.940900000000003
4.940900000000003
4.940900000000003
4.940900000000003
4.940900000000003
4.940900000000003
4.940900000000003
4.940900000000003
4.940900000000003
4.940900000000003
4.940900000000003
4.940900000000003
4.940900000000003
4.940900000000003
4.940900000000003
4.940900000000003
4.940900000000003
4.940900000000003
4.940900000000003
4.940900000000003
4.940900000000003
5.664000000000004
1.8691
2.3522
4.412500000000003
3.8462000000000014
3.8462000000000014
3.8462000000000014
3.9779000000000027
6.034900000000003
4.698300000000003
4.477500000000003
4.5786000000000024
5.5697000000000045
5.5697000000000045
1.0065
2.7747
7.406300000000005
4.728600000000003
6.083400000000005
7.697960000000006
4.9467000000000025
4.477500000000003
4.492800000000003
9.256299999999998
9.256299999999998
6.615800000000005
5.265400000000002
5.332000000000004
4.5054000000000025
3.784500000000002
5.5438000000000045
4.982000000000003
3.8984000000000014
4.205400000000003
7.060800000000006
9.795499999999993
9.299899999999997
4.450800000000003
5.536000000000003
4.989900000000003
4.9215000000000035
1.9195
1.9195
4.683000000000003
4.462900000000002
4.430900000000002
4.779820000000003
6.4657000000000036
2.8413000000000004
3.9337000000000018
4.430900000000002
8.7609
9.508099999999997
4.4372000000000025
2.0856
2.0856
7.294600000000004
3.8108000000000013
4.117300000000002
0.8664999999999998
4.179800000000002
3.484180000000003
7.168600000000005
1.6563999999999997
1.6563999999999997
7.843000000000005
3.2561000000000018
6.968200000000004
4.586000000000002
4.205400000000003
3.7391000000000014
5.1083000000000025
5.039800000000003
5.2367000000000035
3.7151000000000005
4.457600000000003
4.209700000000003
6.909400000000005
4.210200000000003
3.6464000000000016
3.672100000000002
5.399900000000003
3.9132000000000016
4.142200000000002
5.083000000000003
5.083000000000003
3.8313000000000024
4.244800000000002
3.8454000000000015
6.167600000000004
4.012300000000002
4.012300000000002
3.7832000000000017
4.303900000000003
4.056300000000003
4.573280000000002
3.523100000000002
5.442100000000003
4.052000000000002
2.3308999999999997
4.965900000000004
4.383500000000003
5.188900000000003
5.188900000000003
2.0255
5.543200000000003
5.684300000000003
5.135300000000003
4.6327000000000025
5.036100000000003
4.943700000000003
4.695800000000003
4.695800000000003
6.296400000000004
4.695800000000003
4.183100000000002
4.4871000000000025
1.8256999999999999
4.6872000000000025
2.8966000000000003
7.311300000000005
5.6673000000000044
6.956990000000006
5.432300000000004
1.6866
7.818800000000006
5.998200000000003
4.826500000000004
6.948700000000005
1.1253
5.419400000000003
-0.4251
1.7485
0.5857
1.0994
0.6435999999999998
0.6435999999999998
0.6435999999999998
0.08860000000000012
6.604000000000005
-0.15339999999999998
7.252590000000006
7.567700000000005
7.353100000000006
0.6361
5.742700000000004
7.0182000000000055
0.15250000000000002
7.375800000000004
7.571400000000004
4.622100000000002
5.322900000000003
5.322900000000003
4.838700000000003
5.290900000000003
4.254800000000002
4.927600000000002
4.089200000000003
6.078500000000005
3.4266000000000014
4.511800000000004
5.528900000000003
4.776300000000003
