4.947400000000004
3.280400000000001
3.280400000000001
3.280400000000001
6.026800000000004
6.796600000000005
5.365000000000005
12.20809999999998
12.164019999999985
6.045000000000005
11.959899999999982
11.959899999999982
11.959899999999982
11.959899999999982
12.14179999999998
11.855599999999985
11.872299999999983
7.366400000000006
7.366400000000006
7.366400000000006
5.812300000000006
3.4867000000000017
5.478800000000005
5.533300000000004
6.801100000000005
11.489199999999984
4.697400000000004
7.681800000000006
5.767100000000005
11.546099999999987
6.797200000000005
11.569799999999983
11.569799999999983
5.441900000000005
3.203800000000001
11.465499999999986
5.143200000000004
5.143200000000004
5.143200000000004
5.143200000000004
5.478800000000005
10.841199999999986
5.699400000000004
5.699400000000004
5.699400000000004
6.407100000000004
6.407100000000004
5.309200000000004
5.309200000000004
11.939499999999981
11.738999999999985
10.009299999999994
10.009299999999994
10.009299999999994
10.558099999999989
11.600699999999987
11.600699999999987
10.964799999999984
7.054100000000006
6.002300000000005
9.790199999999997
9.790199999999997
11.30009999999999
5.612200000000005
5.612200000000005
5.612200000000005
5.612200000000005
5.567900000000003
10.97249999999999
9.595799999999999
4.975400000000004
11.296099999999987
11.296099999999987
11.021699999999987
5.276300000000004
11.193119999999988
11.193119999999988
11.193119999999988
11.193119999999988
11.193119999999988
5.982900000000005
10.543999999999992
10.460499999999993
4.313500000000003
10.497499999999992
10.497499999999992
10.497499999999992
11.438419999999986
5.141500000000003
5.141500000000003
11.023799999999989
11.023799999999989
4.719700000000004
10.626599999999991
9.495499999999996
4.7847000000000035
10.860099999999989
5.5438000000000045
7.401700000000006
10.88469999999999
10.88469999999999
10.88469999999999
10.88469999999999
10.88469999999999
5.326700000000004
11.386019999999988
11.552119999999986
6.539100000000006
11.756499999999981
5.211600000000003
4.400200000000003
4.9562000000000035
5.789100000000005
5.789100000000005
5.588900000000005
10.432199999999993
11.627699999999983
10.356599999999991
10.356599999999991
11.013399999999988
10.315399999999993
10.315399999999993
11.348219999999987
10.955399999999988
4.1506000000000025
4.351400000000003
11.338799999999987
10.716119999999991
11.836819999999983
10.716499999999991
10.716499999999991
10.52269999999999
10.52269999999999
6.024100000000004
10.236499999999994
10.236499999999994
10.236499999999994
10.236499999999994
10.236499999999994
10.236499999999994
10.236499999999994
10.236499999999994
10.236499999999994
4.8956000000000035
4.8956000000000035
4.8956000000000035
4.8956000000000035
4.8956000000000035
10.34709999999999
10.321999999999994
10.88221999999999
10.88221999999999
2.1965000000000003
5.725300000000004
11.164399999999986
5.938500000000004
10.166219999999996
10.040599999999994
9.23342
5.254100000000004
7.741000000000007
10.236499999999994
10.634699999999992
10.321999999999994
4.769000000000003
10.588119999999991
9.816419999999997
10.522099999999993
10.74599999999999
6.715400000000004
11.042019999999988
3.8377000000000017
4.424900000000004
4.424900000000004
3.3568000000000007
10.042099999999994
8.939200000000001
10.461599999999992
4.500000000000003
4.500000000000003
4.949800000000003
9.2117
4.282500000000002
10.65439999999999
4.830600000000004
4.830600000000004
6.494700000000004
6.494700000000004
10.68229999999999
10.68229999999999
10.171999999999993
4.091700000000003
9.857799999999996
7.945600000000007
9.902799999999994
7.027500000000006
5.406900000000005
5.406900000000005
9.964899999999997
4.871700000000005
10.216899999999994
10.046499999999993
11.844599999999982
9.319799999999999
9.460299999999998
9.369099999999998
10.232499999999995
10.929699999999988
5.164100000000006
5.164100000000006
7.685300000000007
4.590200000000004
4.590200000000004
11.019599999999988
3.938900000000001
3.938900000000001
12.232099999999981
10.669999999999993
10.904619999999989
10.222999999999994
10.222999999999994
10.222999999999994
9.626899999999997
4.770400000000004
2.6698000000000004
10.093199999999994
8.342300000000005
8.342300000000005
8.342300000000005
10.652199999999988
9.820499999999997
9.989999999999993
9.989999999999993
9.0215
9.0215
9.0215
9.0215
9.0215
9.900999999999996
9.900999999999996
9.490299999999996
10.965999999999987
9.701299999999996
9.701299999999996
9.701299999999996
9.701299999999996
9.701299999999996
4.568100000000004
10.009199999999996
10.163699999999995
10.163699999999995
10.163699999999995
9.986499999999996
9.986499999999996
9.986499999999996
9.986499999999996
9.986499999999996
8.508400000000004
8.508400000000004
8.508400000000004
8.508400000000004
4.856500000000003
10.126099999999994
10.69369999999999
9.868299999999996
9.868299999999996
4.034000000000003
3.929000000000003
10.080699999999995
10.575999999999988
10.58209999999999
8.7971
9.4371
10.349499999999994
10.349499999999994
10.919099999999988
10.34469999999999
9.849799999999997
3.5203000000000024
7.920700000000007
3.7032000000000016
3.7032000000000016
11.147199999999984
11.147199999999984
9.966199999999997
8.701300000000003
8.701300000000003
8.701300000000003
8.701300000000003
7.843300000000007
7.843300000000007
7.843300000000007
9.3021
9.432699999999999
9.928599999999994
3.8849000000000027
10.589099999999991
3.268100000000002
2.8981000000000003
2.8981000000000003
2.8981000000000003
2.9406000000000008
9.5901
10.502299999999993
10.75359999999999
10.132399999999993
3.5965000000000016
9.0662
9.4651
9.569899999999997
9.3121
10.274999999999991
9.238299999999999
9.2862
6.170200000000006
2.8988000000000005
10.186899999999994
10.394699999999991
9.849899999999996
9.670199999999998
4.925300000000004
10.112599999999993
9.834199999999994
8.9396
11.901099999999984
8.9532
11.357299999999986
8.892700000000003
9.815299999999997
8.894200000000001
8.894200000000001
8.894200000000001
11.518499999999989
10.195299999999992
10.195299999999992
4.343900000000002
7.9034000000000075
10.891299999999989
6.439200000000006
10.366919999999993
10.117799999999992
8.510000000000003
8.934400000000002
6.839200000000006
8.483500000000005
9.053520000000002
3.7908000000000017
3.7908000000000017
3.7908000000000017
10.68139999999999
10.51039999999999
9.775219999999996
9.1562
10.127699999999994
3.226870000000001
4.736600000000004
10.705099999999987
4.922000000000004
7.330500000000007
10.485079999999991
6.1371000000000056
9.708399999999996
9.822819999999998
4.423300000000004
9.062599999999998
7.849800000000008
8.764600000000002
7.402500000000008
9.380699999999996
8.093400000000008
9.778399999999998
8.860800000000003
10.043499999999991
9.933999999999996
10.038099999999995
4.687800000000004
8.847000000000001
3.7497000000000025
10.140699999999995
9.737599999999995
10.368819999999992
9.667399999999997
7.081300000000007
4.973800000000004
7.968900000000008
1.212
9.289599999999998
4.646500000000004
8.557600000000003
9.428999999999998
9.483099999999997
7.755000000000007
6.722000000000006
5.496800000000005
7.221100000000006
4.200300000000003
3.3972000000000016
9.704299999999996
9.853499999999997
5.026100000000004
10.326999999999991
8.750800000000002
9.791699999999997
2.6661
7.503800000000006
9.752099999999995
6.468200000000006
10.268499999999989
9.877299999999996
3.6477000000000026
9.669799999999997
4.286400000000003
7.480000000000007
4.696700000000004
5.664100000000005
6.610300000000005
7.407800000000006
8.434200000000004
5.585600000000004
7.435300000000007
5.537400000000005
7.009400000000006
2.6316000000000006
4.385500000000003
10.169599999999996
4.995100000000003
9.217299999999996
3.4654000000000007
4.781800000000004
6.146300000000005
4.365200000000003
9.752099999999995
3.100200000000002
5.212120000000004
1.8673999999999997
2.8920000000000012
3.2901000000000025
1.428
3.0285000000000015
1.4137
2.2559000000000005
11.891399999999983
-0.40499999999999997
3.6824800000000026
2.820100000000001
1.8934
2.6019000000000005
1.2272
1.3175999999999999
-0.6378000000000001
0.5857
1.5065
0.8022
7.8318000000000065
11.665299999999986
0.5601999999999999
6.434300000000005
2.6621000000000006
11.802499999999982
4.894000000000004
9.868299999999996
10.308299999999992
10.175699999999996
4.697400000000004
3.1610000000000014
5.165300000000005
6.693400000000004
9.838599999999996
4.548300000000004
11.530299999999984
9.680299999999997
5.238200000000004
9.677819999999997
4.521600000000004
10.35669999999999
10.241799999999992
6.749300000000004
4.483200000000004
9.764899999999995
10.232499999999991
10.050199999999995
9.659799999999995
3.878300000000003
10.94499999999999
10.327419999999993
9.207
8.664000000000003
4.038800000000003
9.966899999999995
5.280700000000004
11.11059999999999
4.505300000000003
8.932500000000001
10.659799999999988
4.015100000000002
8.417500000000004
9.664699999999998
10.720299999999991
8.405200000000004
9.564999999999998
