3.1781469586066464
6.0579927147490995
5.441250181047542
5.441250181047542
5.441250181047542
5.441250181047542
5.441250181047542
5.239417404730366
5.239417404730366
5.239417404730366
5.239417404730366
5.239417404730366
5.239417404730366
5.239417404730366
5.239417404730366
5.239417404730366
5.239417404730366
5.239417404730366
5.239417404730366
5.239417404730366
5.239417404730366
5.239417404730366
5.239417404730366
5.239417404730366
5.239417404730366
5.239417404730366
5.239417404730366
5.239417404730366
5.239417404730366
5.239417404730366
5.239417404730366
5.239417404730366
5.239417404730366
5.239417404730366
5.239417404730366
5.239417404730366
5.239417404730366
5.239417404730366
5.239417404730366
5.239417404730366
5.239417404730366
5.239417404730366
5.239417404730366
5.239417404730366
5.239417404730366
5.239417404730366
5.239417404730366
5.239417404730366
5.239417404730366
5.239417404730366
5.239417404730366
5.239417404730366
5.239417404730366
5.239417404730366
5.239417404730366
5.239417404730366
5.239417404730366
5.239417404730366
5.239417404730366
5.239417404730366
5.164287306764447
5.2329664227336385
5.0309023218678135
5.0105461933809154
4.946520205434035
4.946520205434035
4.946520205434035
4.946520205434035
4.946520205434035
4.946520205434035
5.405576554954539
2.7475679189493913
5.278081246136301
5.351756921970449
5.351756921970449
5.351756921970449
5.351756921970449
5.351756921970449
5.351756921970449
5.351756921970449
5.351756921970449
5.351756921970449
5.351756921970449
5.351756921970449
5.351756921970449
5.351756921970449
5.351756921970449
5.351756921970449
5.351756921970449
5.351756921970449
5.351756921970449
5.351756921970449
5.351756921970449
5.351756921970449
5.351756921970449
5.351756921970449
5.351756921970449
5.351756921970449
5.351756921970449
5.351756921970449
5.351756921970449
5.351756921970449
5.351756921970449
5.351756921970449
5.351756921970449
5.351756921970449
5.351756921970449
5.351756921970449
5.351756921970449
5.351756921970449
5.351756921970449
5.351756921970449
5.351756921970449
5.351756921970449
5.351756921970449
5.351756921970449
5.351756921970449
5.351756921970449
5.351756921970449
5.351756921970449
5.351756921970449
5.351756921970449
5.351756921970449
5.351756921970449
5.351756921970449
5.351756921970449
5.351756921970449
5.351756921970449
5.351756921970449
5.351756921970449
5.351756921970449
5.351756921970449
5.351756921970449
5.351756921970449
5.351756921970449
5.351756921970449
5.351756921970449
5.351756921970449
5.351756921970449
5.351756921970449
5.351756921970449
5.351756921970449
5.351756921970449
5.351756921970449
5.351756921970449
5.351756921970449
5.351756921970449
5.351756921970449
5.351756921970449
5.351756921970449
5.351756921970449
5.351756921970449
5.351756921970449
5.351756921970449
5.351756921970449
5.351756921970449
5.351756921970449
5.351756921970449
5.351756921970449
5.351756921970449
5.351756921970449
5.351756921970449
5.351756921970449
5.351756921970449
5.351756921970449
5.351756921970449
5.351756921970449
5.351756921970449
5.351756921970449
5.351756921970449
5.351756921970449
5.351756921970449
5.351756921970449
5.351756921970449
5.351756921970449
5.351756921970449
5.351756921970449
5.351756921970449
5.351756921970449
5.351756921970449
5.351756921970449
5.351756921970449
5.351756921970449
5.351756921970449
5.351756921970449
5.351756921970449
5.351756921970449
5.351756921970449
5.351756921970449
5.351756921970449
5.351756921970449
5.351756921970449
5.351756921970449
5.351756921970449
5.351756921970449
5.351756921970449
5.351756921970449
5.351756921970449
5.351756921970449
5.351756921970449
5.351756921970449
5.351756921970449
5.351756921970449
5.351756921970449
5.351756921970449
5.351756921970449
5.351756921970449
5.351756921970449
5.351756921970449
5.351756921970449
5.351756921970449
5.351756921970449
5.351756921970449
5.351756921970449
5.351756921970449
5.351756921970449
5.351756921970449
5.351756921970449
5.351756921970449
5.351756921970449
5.351756921970449
5.351756921970449
5.351756921970449
5.351756921970449
5.351756921970449
5.351756921970449
5.351756921970449
5.351756921970449
5.351756921970449
5.351756921970449
5.351756921970449
5.351756921970449
5.351756921970449
5.351756921970449
5.351756921970449
5.351756921970449
5.351756921970449
5.351756921970449
5.351756921970449
5.351756921970449
5.351756921970449
5.351756921970449
5.351756921970449
5.351756921970449
5.351756921970449
5.351756921970449
5.351756921970449
5.351756921970449
5.351756921970449
5.351756921970449
5.351756921970449
5.351756921970449
5.351756921970449
5.351756921970449
5.351756921970449
5.351756921970449
5.351756921970449
5.351756921970449
5.351756921970449
5.351756921970449
5.351756921970449
5.351756921970449
5.351756921970449
5.351756921970449
5.351756921970449
5.351756921970449
5.351756921970449
5.351756921970449
5.351756921970449
5.351756921970449
5.351756921970449
5.351756921970449
5.351756921970449
5.351756921970449
5.351756921970449
5.351756921970449
5.351756921970449
5.351756921970449
5.351756921970449
5.351756921970449
5.351756921970449
5.351756921970449
5.351756921970449
5.351756921970449
5.351756921970449
5.351756921970449
5.351756921970449
5.351756921970449
5.351756921970449
5.351756921970449
5.351756921970449
5.351756921970449
5.351756921970449
5.351756921970449
5.351756921970449
5.351756921970449
5.351756921970449
5.351756921970449
5.351756921970449
5.351756921970449
5.351756921970449
5.351756921970449
5.351756921970449
5.351756921970449
5.351756921970449
5.351756921970449
5.351756921970449
5.351756921970449
5.351756921970449
5.351756921970449
5.351756921970449
5.351756921970449
5.351756921970449
5.351756921970449
5.351756921970449
5.351756921970449
5.351756921970449
5.351756921970449
5.351756921970449
5.351756921970449
5.351756921970449
5.351756921970449
5.351756921970449
5.351756921970449
5.351756921970449
5.351756921970449
5.351756921970449
5.351756921970449
5.351756921970449
5.351756921970449
5.351756921970449
5.351756921970449
5.351756921970449
5.351756921970449
5.351756921970449
5.351756921970449
5.351756921970449
5.351756921970449
5.351756921970449
5.351756921970449
5.351756921970449
5.351756921970449
5.351756921970449
5.351756921970449
5.351756921970449
5.351756921970449
5.351756921970449
5.351756921970449
5.351756921970449
5.351756921970449
5.351756921970449
5.351756921970449
5.351756921970449
5.351756921970449
5.351756921970449
5.351756921970449
5.351756921970449
5.351756921970449
5.351756921970449
5.351756921970449
5.351756921970449
5.351756921970449
5.351756921970449
5.351756921970449
5.351756921970449
5.351756921970449
5.351756921970449
5.351756921970449
5.351756921970449
5.351756921970449
5.351756921970449
5.351756921970449
5.351756921970449
5.351756921970449
5.351756921970449
5.351756921970449
5.351756921970449
5.351756921970449
5.351756921970449
5.351756921970449
5.351756921970449
5.351756921970449
5.351756921970449
5.351756921970449
5.351756921970449
5.351756921970449
5.351756921970449
5.351756921970449
5.351756921970449
5.351756921970449
5.351756921970449
5.351756921970449
5.351756921970449
5.351756921970449
5.351756921970449
5.351756921970449
5.351756921970449
5.351756921970449
5.351756921970449
5.351756921970449
5.351756921970449
5.351756921970449
5.351756921970449
5.351756921970449
5.351756921970449
5.351756921970449
5.351756921970449
5.351756921970449
5.351756921970449
5.351756921970449
5.351756921970449
5.351756921970449
5.351756921970449
5.351756921970449
5.351756921970449
5.351756921970449
5.351756921970449
5.351756921970449
5.351756921970449
5.351756921970449
5.351756921970449
5.351756921970449
5.351756921970449
5.351756921970449
5.351756921970449
5.351756921970449
5.351756921970449
5.351756921970449
5.351756921970449
5.351756921970449
5.351756921970449
5.351756921970449
5.351756921970449
5.351756921970449
5.351756921970449
5.351756921970449
5.351756921970449
5.351756921970449
5.351756921970449
5.351756921970449
5.351756921970449
5.351756921970449
5.351756921970449
5.351756921970449
5.351756921970449
5.351756921970449
5.351756921970449
5.351756921970449
5.351756921970449
5.351756921970449
5.351756921970449
5.351756921970449
5.351756921970449
5.351756921970449
5.351756921970449
5.351756921970449
5.351756921970449
5.353113322481054
5.353113322481054
5.353113322481054
5.353113322481054
5.353113322481054
5.353113322481054
5.353113322481054
5.353113322481054
5.353113322481054
5.353113322481054
5.353113322481054
5.353113322481054
5.353113322481054
5.353113322481054
5.353113322481054
5.353113322481054
5.353113322481054
5.353113322481054
5.353113322481054
5.353113322481054
5.353113322481054
5.353113322481054
5.353113322481054
6.014440241931557
5.2734389325769175
6.06781716500848
6.06781716500848
5.9170222501552825
5.077965393835889
5.077965393835889
5.077965393835889
5.077965393835889
5.077965393835889
5.077965393835889
5.077965393835889
5.077965393835889
5.58728694930875
5.120545441311795
5.815193670682456
5.980402819277374
5.257067630849063
5.257067630849063
5.257067630849063
