6.936230139015502
5.866012902941033
5.912838305409137
3.9810371952727692
3.8612051315668214
3.8612051315668214
3.8612051315668214
3.8612051315668214
3.8612051315668214
3.8612051315668214
3.8612051315668214
3.8612051315668214
3.8612051315668214
3.8612051315668214
3.8612051315668214
4.687134431845983
4.687134431845983
4.687134431845983
4.687134431845983
4.687134431845983
4.687134431845983
5.692209431845985
5.692209431845985
5.692209431845985
5.692209431845985
5.692209431845985
5.692209431845985
5.037393960298166
4.5473090472306
5.134204476448202
5.134204476448202
5.134204476448202
5.134204476448202
5.134204476448202
5.134204476448202
5.134204476448202
5.134204476448202
5.134204476448202
5.134204476448202
5.134204476448202
5.134204476448202
5.134204476448202
5.134204476448202
5.134204476448202
5.134204476448202
5.134204476448202
5.134204476448202
5.134204476448202
5.134204476448202
5.134204476448202
5.134204476448202
5.134204476448202
5.134204476448202
5.134204476448202
5.134204476448202
5.134204476448202
5.134204476448202
5.134204476448202
5.134204476448202
5.134204476448202
5.134204476448202
5.134204476448202
5.134204476448202
5.134204476448202
5.134204476448202
5.134204476448202
5.134204476448202
5.134204476448202
5.134204476448202
5.134204476448202
5.134204476448202
5.134204476448202
5.134204476448202
5.134204476448202
5.134204476448202
5.134204476448202
5.134204476448202
5.134204476448202
5.134204476448202
5.134204476448202
5.134204476448202
5.134204476448202
5.134204476448202
5.134204476448202
5.134204476448202
5.134204476448202
5.134204476448202
5.134204476448202
5.134204476448202
5.134204476448202
5.134204476448202
5.134204476448202
5.134204476448202
5.134204476448202
5.134204476448202
5.134204476448202
5.134204476448202
5.134204476448202
5.134204476448202
5.134204476448202
5.134204476448202
5.134204476448202
5.134204476448202
5.134204476448202
5.134204476448202
5.134204476448202
5.134204476448202
5.134204476448202
5.134204476448202
5.134204476448202
5.134204476448202
5.134204476448202
5.134204476448202
5.134204476448202
5.134204476448202
5.134204476448202
5.134204476448202
5.134204476448202
5.134204476448202
5.134204476448202
5.134204476448202
5.134204476448202
5.134204476448202
5.134204476448202
5.134204476448202
5.134204476448202
5.134204476448202
5.134204476448202
5.134204476448202
5.134204476448202
5.134204476448202
5.134204476448202
5.134204476448202
5.134204476448202
5.134204476448202
5.134204476448202
5.134204476448202
5.134204476448202
5.134204476448202
5.134204476448202
5.134204476448202
5.134204476448202
5.134204476448202
5.134204476448202
5.134204476448202
5.134204476448202
5.124536606340907
5.136778086510263
5.136778086510263
5.087041451435066
5.067979831157366
5.074141369618905
5.081646841466645
5.081646841466645
5.081646841466645
5.081646841466645
5.081646841466645
5.081646841466645
5.633674816461369
5.147240784396354
5.149011264677495
5.358563844514823
5.064090948824127
5.111200124065617
5.111200124065617
5.111200124065617
5.111200124065617
5.183324101811187
5.183324101811187
5.183324101811187
5.183324101811187
5.20678070900332
5.20678070900332
5.20678070900332
5.20678070900332
4.731272447212653
5.198106520096057
5.287121555061091
5.1781537953985985
5.652430686199937
6.214426187178377
5.243536763188013
5.278933960771951
3.9917372471414563
5.13216769332387
5.3995596223102265
4.954594368339771
6.2233344251483755
6.658349041226881
5.777499202476311
5.046609684099087
5.046609684099087
6.2685348164613695
6.2685348164613695
6.2685348164613695
6.2685348164613695
6.2685348164613695
6.2685348164613695
6.2685348164613695
5.116155270635691
5.116155270635691
5.116155270635691
5.116155270635691
5.116155270635691
5.116155270635691
5.116155270635691
5.116155270635691
5.116155270635691
5.116155270635691
5.116155270635691
5.116155270635691
5.116155270635691
5.116155270635691
5.116155270635691
5.116155270635691
5.116155270635691
5.116155270635691
5.116155270635691
5.116155270635691
5.116155270635691
5.116155270635691
5.116155270635691
5.116155270635691
5.116155270635691
5.116155270635691
5.116155270635691
5.116155270635691
5.116155270635691
5.116155270635691
5.116155270635691
5.116155270635691
5.116155270635691
5.116155270635691
5.116155270635691
5.116155270635691
5.116155270635691
5.116155270635691
5.116155270635691
5.116155270635691
5.116155270635691
5.116155270635691
5.116155270635691
5.116155270635691
5.116155270635691
5.116155270635691
5.116155270635691
5.116155270635691
5.116155270635691
5.116155270635691
5.116155270635691
5.116155270635691
5.116155270635691
5.116155270635691
5.116155270635691
5.116155270635691
5.116155270635691
4.8863619096200175
3.8911960117041726
4.579127613640047
5.472341758846921
4.772957852366838
5.232730365154761
4.1591083892743
3.7411523603864207
3.6550775352115963
3.6550775352115963
3.6342464341098335
4.535952488726258
4.535952488726258
4.535952488726258
4.535952488726258
4.535952488726258
4.535952488726258
4.535952488726258
4.735670272688223
4.735670272688223
4.684798642572412
4.3355251612970225
4.3355251612970225
4.3355251612970225
4.207941165194032
5.736316718794248
4.650628150130425
4.650628150130425
4.650628150130425
4.650628150130425
4.650628150130425
4.650628150130425
4.650628150130425
4.650628150130425
4.650628150130425
4.914821432752561
6.104319425842267
6.104319425842267
6.104319425842267
6.104319425842267
6.104319425842267
4.195303448474247
4.47639601469236
6.459561383562414
6.213354182451076
5.506156230172923
4.957401245213106
5.385445198096818
3.868625970307523
3.868625970307523
4.342271739538291
4.342271739538291
4.342271739538291
4.342271739538291
4.342271739538291
4.342271739538291
4.342271739538291
4.342271739538291
4.342271739538291
4.342271739538291
4.342271739538291
4.342271739538291
4.342271739538291
4.342271739538291
4.342271739538291
4.342271739538291
4.342271739538291
4.342271739538291
4.342271739538291
4.342271739538291
4.342271739538291
4.342271739538291
4.342271739538291
4.342271739538291
4.342271739538291
4.342271739538291
4.342271739538291
4.342271739538291
4.342271739538291
4.342271739538291
4.342271739538291
4.342271739538291
4.342271739538291
4.342271739538291
4.342271739538291
4.342271739538291
4.342271739538291
4.342271739538291
4.342271739538291
4.342271739538291
4.342271739538291
4.342271739538291
4.342271739538291
4.342271739538291
4.342271739538291
4.342271739538291
4.342271739538291
4.342271739538291
4.342271739538291
4.342271739538291
4.342271739538291
4.342271739538291
4.342271739538291
4.342271739538291
4.342271739538291
4.342271739538291
4.342271739538291
4.342271739538291
4.342271739538291
4.342271739538291
4.342271739538291
4.342271739538291
4.342271739538291
4.342271739538291
4.342271739538291
4.342271739538291
4.342271739538291
4.342271739538291
4.342271739538291
4.342271739538291
4.342271739538291
4.342271739538291
4.342271739538291
4.342271739538291
4.342271739538291
4.342271739538291
4.342271739538291
4.342271739538291
4.342271739538291
4.342271739538291
4.342271739538291
4.342271739538291
4.342271739538291
4.342271739538291
4.342271739538291
4.342271739538291
4.342271739538291
4.342271739538291
4.342271739538291
4.342271739538291
4.342271739538291
4.342271739538291
4.342271739538291
4.342271739538291
4.342271739538291
4.342271739538291
4.342271739538291
4.342271739538291
4.342271739538291
4.342271739538291
4.342271739538291
4.342271739538291
4.342271739538291
4.342271739538291
4.342271739538291
4.342271739538291
4.342271739538291
4.342271739538291
4.342271739538291
4.342271739538291
4.342271739538291
4.342271739538291
4.342271739538291
4.342271739538291
4.342271739538291
4.342271739538291
4.342271739538291
4.342271739538291
4.342271739538291
4.342271739538291
4.342271739538291
4.342271739538291
4.342271739538291
4.342271739538291
4.342271739538291
4.342271739538291
4.342271739538291
4.342271739538291
4.342271739538291
4.342271739538291
4.342271739538291
4.342271739538291
4.342271739538291
4.342271739538291
4.342271739538291
4.342271739538291
4.342271739538291
4.342271739538291
4.342271739538291
4.342271739538291
4.342271739538291
4.342271739538291
4.342271739538291
4.342271739538291
4.342271739538291
4.342271739538291
4.342271739538291
4.342271739538291
4.342271739538291
4.342271739538291
4.342271739538291
4.342271739538291
4.342271739538291
4.342271739538291
4.342271739538291
4.342271739538291
4.342271739538291
4.342271739538291
4.342271739538291
4.342271739538291
4.342271739538291
4.342271739538291
4.342271739538291
4.342271739538291
4.342271739538291
4.342271739538291
4.342271739538291
4.342271739538291
4.342271739538291
4.342271739538291
4.342271739538291
4.342271739538291
4.342271739538291
4.342271739538291
4.342271739538291
4.342271739538291
4.342271739538291
4.342271739538291
4.342271739538291
4.342271739538291
4.342271739538291
4.342271739538291
5.191608662615215
4.728852893384445
6.108032148274379
4.057921765103237
6.963984615384615
7.189453869058856
7.028239841909535
7.028239841909535
7.028239841909535
7.028239841909535
5.715407453274089
5.646780643786981
