10.967519999999988
12.94111999999998
9.815399999999997
6.454800000000004
5.539900000000005
10.365619999999993
6.144900000000004
6.144900000000004
12.67439999999998
11.427699999999986
10.84561999999999
6.218600000000006
11.749999999999986
10.87061999999999
10.87061999999999
9.944599999999996
3.8397000000000014
4.047200000000003
10.417319999999993
10.279019999999994
10.314419999999993
9.649399999999996
9.649399999999996
10.970719999999988
6.187400000000005
5.785400000000004
10.350699999999993
8.538500000000004
10.91589999999999
3.755200000000002
12.263899999999984
9.2823
4.968800000000003
10.671799999999994
10.671799999999994
10.671799999999994
10.64019999999999
10.161319999999995
11.27411999999999
11.27411999999999
9.739019999999996
9.2011
9.2011
10.276219999999993
11.107619999999988
3.8857000000000017
10.168399999999997
10.168399999999997
10.168399999999997
11.230499999999989
10.157999999999996
8.619100000000003
8.619100000000003
8.148400000000006
8.148400000000006
8.148400000000006
6.160900000000004
8.148400000000006
8.148400000000006
8.148400000000006
10.759899999999991
10.760419999999993
9.568719999999999
3.9292000000000025
10.525899999999993
7.163700000000007
8.138820000000004
8.138820000000004
10.061999999999994
9.373019999999999
10.884019999999992
5.806600000000004
5.806600000000004
10.166999999999994
8.542900000000005
9.667099999999996
9.667099999999996
9.667099999999996
9.667099999999996
9.667099999999996
9.667099999999996
9.29122
3.9611000000000027
5.496700000000004
5.496700000000004
8.715200000000003
8.715200000000003
10.714699999999988
4.831600000000003
8.698620000000004
9.012520000000002
9.012520000000002
8.159400000000005
9.17862
9.17862
9.17862
9.17862
9.17862
9.17862
9.17862
9.17862
9.17862
9.17862
9.868719999999994
9.885899999999994
5.305500000000003
10.815619999999994
5.582200000000005
7.758300000000007
7.758300000000007
7.758300000000007
7.758300000000007
7.758300000000007
7.758300000000007
3.539100000000002
3.539100000000002
3.539100000000002
3.539100000000002
3.539100000000002
3.539100000000002
3.539100000000002
3.539100000000002
5.154000000000004
10.241569999999994
10.135799999999996
5.6696000000000035
4.002700000000003
5.859300000000004
4.021920000000003
6.011900000000005
4.259500000000003
8.876400000000002
7.643800000000005
7.634600000000007
4.088200000000002
4.826900000000003
10.610619999999992
5.842600000000004
8.033000000000005
8.033000000000005
8.033000000000005
6.1128000000000045
7.627700000000007
4.208000000000003
7.195900000000006
10.579899999999995
8.700500000000003
8.622420000000004
8.622420000000004
8.622420000000004
9.593719999999998
7.682100000000007
3.3977000000000004
10.448819999999992
6.507700000000003
6.507700000000003
6.507700000000003
6.507700000000003
4.0550200000000025
4.0550200000000025
4.0550200000000025
4.0550200000000025
8.201400000000007
7.730600000000007
7.335000000000006
8.014100000000006
3.3129000000000017
8.707920000000005
4.373800000000003
8.599020000000005
5.143000000000004
8.664820000000002
8.664820000000002
8.664820000000002
10.150499999999992
3.5596200000000016
7.957400000000007
10.571199999999996
7.625020000000005
8.155900000000006
8.155900000000006
5.749200000000004
8.987620000000001
7.194900000000006
6.244600000000004
6.244600000000004
9.697799999999996
7.244500000000007
7.244500000000007
6.550200000000005
4.549500000000002
4.549500000000002
4.549500000000002
4.549500000000002
4.549500000000002
4.549500000000002
9.0693
9.0693
9.0693
8.777520000000003
9.235399999999998
9.989299999999998
7.499820000000006
7.761700000000007
8.162190000000008
8.268300000000005
9.445399999999998
5.391900000000004
5.894200000000004
5.894200000000004
5.894200000000004
5.894200000000004
5.894200000000004
10.705019999999994
8.279000000000003
10.81191999999999
9.3472
8.8787
7.8860200000000065
5.787900000000006
5.656700000000003
5.409000000000003
10.528699999999995
10.528699999999995
9.004800000000003
9.004800000000003
9.004800000000003
9.1247
5.657400000000004
8.520900000000003
7.778000000000005
7.345300000000005
7.569400000000005
4.879500000000003
4.879500000000003
4.879500000000003
10.694799999999994
9.32432
8.077600000000006
6.378500000000006
10.325799999999992
9.092620000000002
7.9389000000000065
4.992700000000004
5.187920000000003
6.349900000000004
6.349900000000004
8.210700000000005
9.548499999999999
7.7355000000000045
7.7355000000000045
6.742300000000005
6.742300000000005
9.161300000000002
2.817500000000001
11.430899999999987
4.475400000000003
7.434600000000007
7.088800000000005
8.117300000000004
8.117300000000004
6.086100000000004
7.818500000000007
5.0785000000000045
6.043600000000003
6.043600000000003
6.043600000000003
6.043600000000003
6.043600000000003
8.545300000000005
8.435920000000007
8.794900000000002
9.022520000000004
6.529300000000006
6.931800000000005
7.906600000000006
9.042100000000001
8.500200000000003
6.594200000000003
8.895700000000001
5.531200000000005
9.625499999999997
7.375700000000007
4.8656200000000025
8.948700000000002
7.593800000000007
5.954000000000005
5.954000000000005
8.930299999999999
8.363700000000005
4.840500000000004
8.771200000000004
8.9641
6.889300000000005
6.889300000000005
6.141300000000004
8.401420000000005
9.874399999999998
9.406499999999998
7.044500000000006
6.9607000000000046
5.234600000000004
5.234600000000004
5.234600000000004
5.234600000000004
7.744500000000006
8.477000000000004
8.615900000000003
6.447000000000004
7.251600000000005
6.765900000000005
6.765900000000005
6.765900000000005
4.117600000000003
8.084400000000008
7.516900000000005
7.516900000000005
7.505500000000006
7.505500000000006
9.9656
7.783020000000006
7.6875200000000055
6.847000000000004
7.445700000000005
7.445700000000005
7.392700000000007
7.621400000000006
7.396900000000005
10.340519999999996
6.910100000000006
7.401300000000005
5.073700000000005
4.765600000000003
9.275600000000003
7.142300000000006
4.2353200000000015
6.605500000000005
8.996400000000005
7.898400000000008
8.598600000000003
4.954100000000003
4.848500000000003
8.318300000000006
9.8432
7.992400000000007
5.524500000000003
7.616200000000007
3.0120000000000013
4.656500000000003
7.058600000000005
8.812400000000002
8.470580000000005
6.132100000000004
5.840000000000004
4.3655000000000035
9.279800000000003
7.556200000000007
7.875400000000005
5.565100000000004
3.986500000000002
6.161400000000004
8.467100000000004
8.571800000000005
7.660600000000006
9.00102
9.057000000000004
6.842700000000006
6.842700000000006
6.973100000000007
7.360500000000006
4.739800000000003
8.188100000000004
7.116000000000006
8.165800000000006
9.556599999999998
6.952700000000005
5.618100000000003
5.186900000000003
7.100800000000007
4.149820000000002
9.0227
6.531100000000004
6.179900000000004
5.690300000000004
5.623700000000004
5.860200000000004
3.2993000000000015
5.044400000000005
2.1107999999999993
3.353600000000001
6.802700000000005
7.812600000000008
7.4652000000000065
5.617900000000004
9.1665
8.9379
8.403300000000005
7.615500000000006
5.190100000000005
3.8130000000000024
6.304900000000005
6.184000000000004
4.920300000000002
6.413090000000005
4.211120000000003
6.423800000000005
4.243800000000002
6.201600000000004
4.820500000000004
3.8359000000000023
8.323200000000005
1.4168999999999998
5.458400000000004
6.552400000000006
3.779200000000002
4.354200000000002
2.3296
3.1984000000000012
4.321400000000003
2.8858000000000006
4.525500000000004
2.9086000000000007
2.9086000000000007
4.180100000000003
2.812100000000001
3.147600000000002
0.8476999999999999
0.851
2.6774000000000013
10.78921999999999
1.5821999999999998
0.33157000000000003
8.910000000000002
9.893299999999995
2.6149000000000004
2.6019000000000005
9.066500000000001
1.4766000000000001
7.098100000000005
4.241020000000003
8.571100000000005
1.1419
1.532
0.7614000000000001
0.37129999999999996
-0.4251
1.0994
8.626100000000003
0.6373
1.1164
-0.1849
-0.1849
-0.15339999999999998
9.685899999999997
8.453720000000006
9.1152
0.6361
3.6823000000000023
6.717520000000005
6.717520000000005
3.612000000000001
2.7139000000000006
6.350500000000005
10.656419999999994
5.648300000000004
4.185900000000003
2.7411000000000003
8.579700000000004
6.490500000000005
9.798599999999995
9.460200000000002
6.3734000000000055
7.908700000000008
8.541320000000004
9.336599999999999
9.732599999999996
5.209600000000003
6.410700000000003
5.109700000000003
5.922200000000003
8.652800000000003
8.069020000000007
7.087300000000005
5.658800000000004
11.872199999999985
6.793000000000005
10.655899999999994
10.127599999999997
8.852200000000002
4.104900000000002
6.610400000000004
10.147119999999997
5.732700000000005
8.625220000000002
10.307199999999996
10.716199999999992
9.804519999999997
11.550099999999992
8.965200000000001
8.965200000000001
