4.158943074252003
4.158943074252003
4.158943074252003
4.204766861940433
4.391659575012033
4.391659575012033
4.391659575012033
4.391659575012033
4.006528732231407
4.006528732231407
4.006528732231407
4.006528732231407
4.006528732231407
4.006528732231407
4.006528732231407
4.006528732231407
4.162189442052734
4.162189442052734
4.162189442052734
4.162189442052734
4.162189442052734
4.162189442052734
4.162189442052734
4.162189442052734
4.162189442052734
4.162189442052734
4.162189442052734
4.162189442052734
4.162189442052734
4.162189442052734
4.162189442052734
4.162189442052734
4.162189442052734
4.162189442052734
4.162189442052734
4.162189442052734
4.162189442052734
4.162189442052734
4.162189442052734
4.162189442052734
4.162189442052734
4.162189442052734
4.162189442052734
4.162189442052734
4.162189442052734
4.162189442052734
4.162189442052734
4.162189442052734
4.162189442052734
4.162189442052734
4.162189442052734
4.162189442052734
4.162189442052734
4.162189442052734
4.162189442052734
4.162189442052734
4.162189442052734
4.162189442052734
4.162189442052734
4.162189442052734
4.162189442052734
4.162189442052734
4.162189442052734
4.162189442052734
4.162189442052734
4.162189442052734
4.162189442052734
4.162189442052734
4.162189442052734
4.162189442052734
4.162189442052734
4.162189442052734
4.162189442052734
4.162189442052734
4.162189442052734
4.162189442052734
4.162189442052734
4.162189442052734
4.162189442052734
4.162189442052734
4.162189442052734
4.162189442052734
4.162189442052734
4.162189442052734
4.162189442052734
4.162189442052734
4.162189442052734
4.162189442052734
4.162189442052734
4.162189442052734
4.162189442052734
4.162189442052734
4.162189442052734
4.162189442052734
4.162189442052734
4.162189442052734
4.162189442052734
4.162189442052734
4.162189442052734
4.162189442052734
4.162189442052734
4.162189442052734
4.162189442052734
4.162189442052734
4.162189442052734
4.162189442052734
4.162189442052734
4.162189442052734
4.162189442052734
4.162189442052734
4.162189442052734
4.162189442052734
4.162189442052734
4.162189442052734
4.037689700817646
4.037689700817646
4.037689700817646
4.037689700817646
4.037689700817646
4.037689700817646
4.037689700817646
4.037689700817646
4.037689700817646
4.037689700817646
4.037689700817646
4.037689700817646
4.037689700817646
4.004029544299382
4.150655900120994
4.150655900120994
4.150655900120994
4.150655900120994
4.150655900120994
4.150655900120994
4.150655900120994
4.266666440057675
4.266666440057675
4.266666440057675
4.266666440057675
4.266666440057675
4.4270272510047395
4.4270272510047395
4.4270272510047395
4.10072837575172
3.9555384980611024
3.9555384980611024
4.104226936014984
4.104226936014984
4.306614966859937
4.306614966859937
4.306614966859937
4.306614966859937
4.438668222664659
3.739036389322803
3.739036389322803
4.162398220099246
4.177885512732386
4.177885512732386
4.177885512732386
4.177885512732386
4.177885512732386
4.177885512732386
4.177885512732386
4.177885512732386
4.177885512732386
4.177885512732386
4.177885512732386
4.177885512732386
4.177885512732386
4.177885512732386
4.177885512732386
4.177885512732386
4.177885512732386
4.177885512732386
4.177885512732386
4.177885512732386
4.177885512732386
4.177885512732386
4.177885512732386
4.177885512732386
4.177885512732386
4.177885512732386
4.177885512732386
4.177885512732386
4.177885512732386
4.177885512732386
4.177885512732386
4.177885512732386
4.177885512732386
4.177885512732386
4.177885512732386
4.177885512732386
4.177885512732386
4.177885512732386
4.177885512732386
4.177885512732386
4.177885512732386
4.177885512732386
4.177885512732386
4.177885512732386
4.177885512732386
4.177885512732386
4.177885512732386
4.177885512732386
4.177885512732386
4.177885512732386
4.177885512732386
4.177885512732386
4.177885512732386
4.177885512732386
4.177885512732386
4.177885512732386
4.177885512732386
4.177885512732386
4.177885512732386
4.177885512732386
4.177885512732386
4.177885512732386
4.177885512732386
4.177885512732386
4.177885512732386
4.177885512732386
4.177885512732386
4.177885512732386
4.177885512732386
4.177885512732386
4.177885512732386
4.177885512732386
4.177885512732386
3.9808917923226605
4.181384072995652
4.181384072995652
3.9841552923991976
3.9841552923991976
4.076774598472234
4.076774598472234
4.077482552638399
4.077482552638399
4.077482552638399
4.077482552638399
4.265257705245754
4.0282803685970485
4.0282803685970485
4.179232838049273
4.179232838049273
4.139286048719254
4.139286048719254
4.139286048719254
4.139812498739822
4.132267072972643
4.064092301143238
4.123371187882431
4.123371187882431
4.187513807038162
4.216889134104864
4.022872706060523
4.37954865669951
4.1891686654433755
4.229552664247084
3.903890049272322
3.8488998706098734
4.43449094742663
4.373976749303774
4.373976749303774
4.373976749303774
4.373976749303774
4.185270263271144
4.085195653453542
4.085195653453542
4.149854603337014
4.21037501105154
4.198508902593102
4.015465210842235
4.161743348276286
4.245796400802311
4.0894157125144766
4.0894157125144766
4.147380796785556
4.092971314521164
4.070235903196699
4.070235903196699
4.0196732787506075
4.197884714215361
4.131572149694231
4.381426067726944
4.098636951515153
4.231216692843775
4.448461778871454
4.42687010228178
4.313150099307739
4.393010907988496
4.119863705825512
4.150825963921356
4.197497466969901
3.853326037947932
4.320627574891379
4.472958686844004
4.320180551772745
3.867598440636611
4.3304346561426925
4.336800243187227
4.343196076915671
4.23681211776751
4.3459593015345686
4.426139717337631
4.354036026062699
4.279685936277483
4.029442530863628
4.029442530863628
4.422417728849488
4.422417728849488
4.422417728849488
4.422417728849488
4.422417728849488
4.422417728849488
4.260347662574155
4.351655508927943
4.663085546168597
4.368600702274419
4.368600702274419
4.368600702274419
4.244520338216301
4.319034622672879
4.231868259381558
4.301100757796722
4.304879943317084
4.454970328777291
4.454970328777291
4.432556720990671
4.1796572150923605
4.315662172852255
4.444984952446644
4.259024739697175
4.327409190540449
4.128351974307283
4.332904706788906
4.399783748503371
4.3848462946128475
4.441855854461377
4.435865270768355
4.39863399622055
4.39863399622055
4.321623423366446
4.242977606905869
4.617747251220802
3.9373165251470947
4.296168708494618
4.204824864548353
4.3649702338412375
4.393998685190445
4.458216061668913
4.458262725502317
4.692775957917638
4.161289453554543
4.518776364542917
4.595619841097188
4.140474791924504
4.236940579305972
4.857513512795881
3.833878090700667
4.875752791746793
4.239390868565121
4.297685685485266
5.076440995083869
3.7672191305047082
3.8367353364135646
4.028317098642034
4.058354395471282
4.104872303581631
3.990561765131222
3.9288010147259484
3.918589869015957
3.818644027020114
3.818644027020114
3.9407667150654344
4.09678102015013
4.09678102015013
3.8046729499217538
4.033744861404417
3.7556126846697655
4.714148701648603
4.041086129611064
3.9335629210330305
3.767257777507961
3.967123554517194
3.967123554517194
3.9954837355126687
4.216596981751993
3.7482976485480055
3.92952993333376
3.8527367871225984
3.6347470471631276
3.8159605308505054
3.924618399458774
3.849276773369124
4.075234951312286
3.8225642073021984
3.580188297292688
3.310061415063694
4.085480464968574
3.4476002840975646
3.8617014888648455
3.5675815758587834
3.820133430152513
3.410518411970953
3.951669116317479
3.331750170390004
3.380408482748967
3.380408482748967
3.7738627495755237
3.559326063181534
3.387814374690991
3.49869009625741
3.4219652997153336
3.6091098083990527
3.5366218035744827
3.5366218035744827
3.500995885885045
3.1918665504805013
3.6617690831242022
3.6617690831242022
3.411756505231633
3.8906093474235046
3.49234957092908
3.441894439548612
3.535589989394529
3.63808736496014
3.63808736496014
4.000777282248688
3.557266081248028
3.4909177293458207
3.570397976182363
3.344177430838357
3.4078784226887606
3.8365058561073155
3.3501598469402616
2.9271666094238675
3.326625280263679
2.8706301189988643
3.724735114710465
2.274174227856692
2.0396390628598606
2.0396390628598606
2.0396390628598606
3.921737299494449
4.526695775422901
4.586932521410726
1.192665672972261
3.6945488612010546
3.6797334251811087
4.774986953314793
3.6195766259211632
3.418707716299444
3.5526498131409747
3.592639045974649
2.8002358501919957
2.8002358501919957
3.2246690472306003
3.0440868102766157
3.3391180919702848
4.774121173471316
3.586182785351861
3.8543852167060155
3.6113852010767538
3.347162828376164
3.347162828376164
3.1638132405938526
2.7475679189493913
3.816052386258975
3.75987135980343
3.75987135980343
3.006787807865753
3.36553289826497
3.040964730942676
3.669121765103238
4.043614072795545
4.816420855519067
4.522695571218918
5.330127996532571
5.368033956230365
4.686617330248387
4.575977328060981
5.2833416043952734
4.700970116835643
4.691807785371951
3.924296634723131
5.373354334325213
4.314887105321866
4.013638400541859
4.013638400541859
4.709171177822462
5.178101421060159
5.56168103419051
3.9084805155637747
5.429284902041296
4.042169578851923
6.012700165972083
6.016040592835827
4.707204689954831
5.988995094120858
