[0.2660091]
[0.26612616]
[0.26612616]
[0.26598623]
[0.2661882]
[0.26643923]
[0.26596808]
[0.26596808]
[0.2659633]
[0.2659178]
[0.26589158]
[0.26647022]
[0.26647022]
[0.2659172]
[0.2659172]
[0.2659172]
[0.2659172]
[0.2659172]
[0.2659172]
[0.2659172]
[0.2666823]
[0.26592305]
[0.26627058]
[0.26656875]
[0.2668378]
[0.2661879]
[0.26702446]
[0.26611015]
[0.26621032]
[0.2666666]
[0.26636174]
[0.26636174]
[0.26636174]
[0.2661775]
[0.2656761]
[0.2656761]
[0.2661844]
[0.2661844]
[0.2661844]
[0.2661844]
[0.2664628]
[0.26628155]
[0.26614386]
[0.26614386]
[0.2658458]
[0.265972]
[0.26631114]
[0.26631114]
[0.26631114]
[0.26631114]
[0.26630262]
[0.26645556]
[0.270143]
[0.26606086]
[0.26632228]
[0.26632228]
[0.26632228]
[0.26632228]
[0.26632228]
[0.26652655]
[0.2707717]
[0.2662388]
[0.26716703]
[0.26631767]
[0.26715103]
[0.26715103]
[0.26670575]
[0.26610294]
[0.26646942]
[0.26646942]
[0.26740643]
[0.2665821]
[0.2665821]
[0.26618567]
[0.26691273]
[0.2667434]
[0.2669549]
[0.26704848]
[0.26621485]
[0.26621485]
[0.26621485]
[0.26621485]
[0.26621485]
[0.26621485]
[0.26692536]
[0.2730025]
[0.26648757]
[0.26622558]
[0.26622558]
[0.26634124]
[0.2669033]
[0.27280656]
[0.267016]
[0.2669446]
[0.26734582]
[0.26734582]
[0.26778427]
[0.26784348]
[0.26784348]
[0.26784348]
[0.26784348]
[0.26784348]
[0.26784348]
[0.26656312]
[0.2665537]
[0.2665537]
[0.26767972]
[0.26684242]
[0.26684242]
[0.26684242]
[0.26595253]
[0.2676282]
[0.2676282]
[0.26695415]
[0.26671916]
[0.26671916]
[0.26569864]
[0.26694176]
[0.26568404]
[0.26568404]
[0.26607868]
[0.26668173]
[0.26705736]
[0.26740125]
[0.2697007]
[0.2697007]
[0.26608682]
[0.26608682]
[0.26626065]
[0.26626065]
[0.26626065]
[0.26626065]
[0.26626065]
[0.26626065]
[0.26626065]
[0.26626065]
[0.26645374]
[0.27479386]
[0.26732615]
[0.266814]
[0.26700497]
[0.26581585]
[0.26681364]
[0.26903394]
[0.26784286]
[0.26683617]
[0.26683617]
[0.26683617]
[0.26683617]
[0.26657692]
[0.2672611]
[0.26840913]
[0.26784286]
[0.26741794]
[0.27186015]
[0.26699108]
[0.275866]
[0.26854718]
[0.2680314]
[0.2670658]
[0.2670658]
[0.27729142]
[0.2673733]
[0.26680952]
[0.26680952]
[0.26680952]
[0.26680952]
[0.26683557]
[0.26617137]
[0.26617137]
[0.26617137]
[0.26617137]
[0.26658607]
[0.26658607]
[0.26658607]
[0.27081522]
[0.26867983]
[0.27064785]
[0.26794305]
[0.26635242]
[0.26647073]
[0.26647073]
[0.26649326]
[0.26649326]
[0.26777366]
[0.27006984]
[0.2670631]
[0.2670631]
[0.2670631]
[0.26711842]
[0.26711842]
[0.26670563]
[0.26829475]
[0.26651028]
[0.26651028]
[0.26651028]
[0.26645494]
[0.26983505]
[0.2659289]
[0.2668066]
[0.26686522]
[0.29087886]
[0.2783078]
[0.26675597]
[0.26950467]
[0.26841548]
[0.26841548]
[0.26841548]
[0.26841548]
[0.2676021]
[0.26602778]
[0.26691347]
[0.2663711]
[0.2684879]
[0.2684879]
[0.2684733]
[0.26725736]
[0.26691255]
[0.26638874]
[0.26623794]
[0.26645198]
[0.26747787]
[0.26635683]
[0.30166847]
[0.27938205]
[0.26728323]
[0.2676426]
[0.2676426]
[0.26764315]
[0.27285585]
[0.27602187]
[0.26667732]
[0.26687503]
[0.26702535]
[0.2661837]
[0.26674235]
[0.26674235]
[0.26603094]
[0.26902625]
[0.2698818]
[0.2686995]
[0.26630732]
[0.26856434]
[0.26654902]
[0.2690291]
[0.26750675]
[0.26871315]
[0.27773613]
[0.26819637]
[0.2665626]
[0.27635673]
[0.26974696]
[0.27104986]
[0.27104986]
[0.27120927]
[0.2673353]
[0.31823507]
[0.27305663]
[0.26736814]
[0.26729918]
[0.27429062]
[0.2670347]
[0.2675607]
[0.26746175]
[0.3032937]
[0.3032937]
[0.3032937]
[0.3032937]
[0.26864496]
[0.2667948]
[0.26900816]
[0.26724553]
[0.2662115]
[0.2662115]
[0.2681871]
[0.2693659]
[0.2670371]
[0.2710069]
[0.26648563]
[0.2662754]
[0.2802169]
[0.2672359]
[0.2677569]
[0.27314785]
[0.268131]
[0.2763041]
[0.2684479]
[0.26751766]
[0.2683118]
[0.27128762]
[0.2701859]
[0.26643744]
[0.3186274]
[0.26571602]
[0.27772078]
[0.29110953]
[0.2683752]
[0.2678175]
[0.2675125]
[0.26984656]
[0.30616242]
[0.28094193]
[0.26589966]
[0.2666339]
[0.26590735]
[0.26674005]
[0.2682311]
[0.2662857]
[0.28707415]
[0.26840642]
[0.2689592]
[0.26951703]
[0.2757489]
[0.2680289]
[0.2675295]
[0.26590785]
[0.2667369]
[0.27511543]
[0.2661435]
[0.26710638]
[0.27228102]
[0.26630723]
[0.26888257]
[0.26622397]
[0.2748551]
[0.26762366]
[0.26858726]
[0.2659315]
[0.27152014]
[0.26815695]
[0.27181745]
[0.26612222]
[0.3278105]
[0.26914367]
[0.26896945]
[0.26858085]
[0.26633567]
[0.2827695]
[0.26584277]
[0.2746441]
[0.28077632]
[0.26701462]
[0.26607192]
[0.26785773]
[0.27480862]
[0.2688572]
[0.2707333]
[0.26668084]
[0.2720611]
[0.2695801]
[0.27022046]
[0.268062]
[0.2664006]
[0.26894072]
[0.26894072]
[0.27640146]
[0.26683152]
[0.26899254]
[0.27042115]
[0.2704588]
[0.2706608]
[0.267295]
[0.27281561]
[0.5996402]
[0.27654305]
[0.27433518]
[0.27420047]
[0.27618688]
[0.26995355]
[0.31153122]
[0.27713782]
[0.28400457]
[0.3590727]
[0.2666708]
[0.26889324]
[0.2975208]
[0.276016]
[0.278822]
[0.2666538]
[0.26782906]
[0.28965497]
[0.2894239]
[0.26770997]
[0.3245256]
[0.27873036]
[0.27873036]
[0.26718825]
[0.45770848]
[0.39237234]
[0.2954891]
[0.2954891]
[0.3865589]
[0.26602903]
[0.26680717]
[0.4087233]
[0.31695765]
[0.26686898]
[0.3359785]
[0.35236168]
[0.26857683]
[0.3645646]
[0.2989875]
[0.55773103]
[0.55773103]
[0.68565536]
[0.29682246]
[0.26630232]
[0.32459986]
[0.2800264]
[0.2675621]
[0.2684681]
[0.29991537]
[0.38378933]
[0.31444913]
[0.26965573]
[0.26804486]
[0.26637328]
[0.26675224]
[0.26759496]
[0.28653878]
[0.26856804]
[0.26582098]
[0.26597148]
[0.5007133]
[0.2658014]
[0.3438431]
[0.2724578]
[0.27023992]
[0.28607056]
[0.39107832]
[0.28527418]
[0.26610604]
[0.32645795]
[0.2699658]
[0.26884985]
[0.31861565]
[0.2661447]
[0.5976136]
[0.26648304]
[0.30709338]
[0.26704958]
[0.32742402]
[0.26665884]
[0.26690453]
[0.2781098]
[0.4004773]
[0.2679855]
[0.26728034]
[0.26624614]
[0.2701035]
[0.27010223]
[0.2994176]
[0.26749936]
[0.26600114]
[0.2660064]
[0.26669395]
[0.26592413]
[0.26626405]
[0.54983616]
[0.266194]
[0.266678]
[0.2660368]
[0.26748136]
[0.2665999]
[0.2665999]
[0.26944953]
[0.2675493]
[0.26765785]
[0.2665564]
[0.26678672]
[0.26680678]
[0.28170004]
[0.27308342]
[0.2670879]
[0.2803256]
[0.26673168]
[0.26815298]
[0.27028647]
[0.26805946]
[0.2662371]
[0.2704945]
[0.26659644]
[0.26856148]
[0.2661726]
[0.26641297]
[0.2692384]
[0.29882765]
[0.26666483]
[0.26819667]
[0.27607974]
[0.26891363]
[0.2673993]
[0.2705166]
[0.2669896]
[0.2677385]
[0.2753255]
[0.26789227]
[0.2674414]
[0.26714253]
[0.26917508]
