[0.00028729]
[0.00028729]
[0.00028729]
[0.00028729]
[0.00028729]
[0.00028729]
[0.00028729]
[0.00028729]
[0.00028729]
[0.00028729]
[0.00028729]
[0.00028729]
[0.00028729]
[0.00028729]
[0.00028729]
[0.00028729]
[0.00028729]
[0.00028729]
[0.00028729]
[0.00028729]
[0.00028729]
[0.00028729]
[0.00028729]
[0.00028729]
[0.00028729]
[0.00028729]
[0.00028729]
[0.00028729]
[0.00028729]
[0.00028729]
[0.00028729]
[0.00028729]
[0.00028729]
[0.00028729]
[0.00028729]
[0.00028729]
[0.00028729]
[0.00028729]
[0.00028729]
[0.00028729]
[0.00028729]
[0.00028729]
[0.00028729]
[0.00028729]
[0.00028729]
[0.00028729]
[0.00028729]
[0.00028729]
[0.00028729]
[0.00028729]
[0.00028729]
[0.00028729]
[0.00028729]
[0.00028729]
[0.00028729]
[0.00028729]
[0.00028729]
[0.00028729]
[0.00028729]
[0.00028729]
[0.00028729]
[0.00028729]
[0.00028729]
[0.00028729]
[0.00028729]
[0.00028729]
[0.00028729]
[0.00028729]
[0.00028729]
[0.00028729]
[0.00028729]
[0.00028729]
[0.00028729]
[0.00028729]
[0.00028729]
[0.00028729]
[0.00028729]
[0.00028729]
[0.00028729]
[0.00028729]
[0.00028729]
[0.00028729]
[0.00028729]
[0.00028729]
[0.00028729]
[0.00028729]
[0.00028729]
[0.00028729]
[0.00028729]
[0.00028729]
[0.00028729]
[0.00028729]
[0.00028729]
[0.00028729]
[0.00028729]
[0.00028729]
[0.00028729]
[0.00028729]
[0.00028729]
[0.00028729]
[0.00028729]
[0.00028729]
[0.00028729]
[0.00028729]
[0.00028729]
[0.00028729]
[0.00028729]
[0.00028729]
[0.00028729]
[0.00028729]
[0.00028729]
[0.00028729]
[0.00028729]
[0.00028729]
[0.00028729]
[0.00028729]
[0.00028729]
[0.00028729]
[0.00028729]
[0.00028729]
[0.00028729]
[0.00028729]
[0.00028729]
[0.00028729]
[0.00028729]
[0.00028729]
[0.00028729]
[0.00028729]
[0.00028729]
[0.00028729]
[0.00028729]
[0.00028729]
[0.00028729]
[0.00028729]
[0.00028729]
[0.00028729]
[0.00028729]
[0.00028729]
[0.00028729]
[0.00028729]
[0.00028729]
[0.00028729]
[0.00028729]
[0.00028729]
[0.00028729]
[0.00028729]
[0.00028729]
[0.00028729]
[0.00028729]
[0.00028729]
[0.00028729]
[0.00028729]
[0.00028729]
[0.00028729]
[0.00028729]
[0.00028729]
[0.00028729]
[0.00028729]
[0.00028729]
[0.00028729]
[0.00028729]
[0.00028729]
[0.00028729]
[0.00028729]
[0.00028729]
[0.00028729]
[0.00028729]
[0.00028729]
[0.00028729]
[0.00028729]
[0.00028729]
[0.00028729]
[0.00028729]
[0.00028729]
[0.00028729]
[0.00028729]
[0.00028729]
[0.00028729]
[0.00028729]
[0.00028729]
[0.00028729]
[0.00028729]
[0.00028729]
[0.00028729]
[0.00028729]
[0.00028729]
[0.00028729]
[0.00028729]
[0.00028729]
[0.00028729]
[0.00028729]
[0.00028729]
[0.00028729]
[0.00028729]
[0.00028729]
[0.00028729]
[0.00028729]
[0.00028729]
[0.00028729]
[0.00028729]
[0.00028729]
[0.00028729]
[0.00028729]
[0.00028729]
[0.00028729]
[0.00028729]
[0.00028729]
[0.00028729]
[0.00028729]
[0.00028729]
[0.00028729]
[0.00028729]
[0.00028729]
[0.00028729]
[0.00028729]
[0.00028729]
[0.00028729]
[0.00028729]
[0.00028729]
[0.00028729]
[0.00028729]
[0.00028729]
[0.00028729]
[0.00028729]
[0.00028729]
[0.00028729]
[0.00028729]
[0.00028729]
[0.00028729]
[0.00028729]
[0.00028729]
[0.00028729]
[0.00028729]
[0.00028729]
[0.00028729]
[0.00028729]
[0.00028729]
[0.00028729]
[0.00028729]
[0.00028729]
[0.00028729]
[0.00028729]
[0.00028729]
[0.00028729]
[0.00028729]
[0.00028729]
[0.00028729]
[0.00028729]
[0.00028729]
[0.00028729]
[0.00028729]
[0.00028729]
[0.00028729]
[0.00028729]
[0.00028729]
[0.00028729]
[0.00028729]
[0.00028729]
[0.00028729]
[0.00028729]
[0.00028729]
[0.00028729]
[0.00028729]
[0.00028729]
[0.00028729]
[0.00028729]
[0.00028729]
[0.00028729]
[0.00028729]
[0.00028729]
[0.00028729]
[0.00028729]
[0.00028729]
[0.00028729]
[0.00028729]
[0.00028729]
[0.00028729]
[0.00028729]
[0.00028729]
[0.00028729]
[0.00028729]
[0.00028729]
[0.00028729]
[0.00028729]
[0.00028729]
[0.00028729]
[0.00028729]
[0.00028729]
[0.00028729]
[0.00028729]
[0.00028729]
[0.00028729]
[0.00028729]
[0.00028729]
[0.00028729]
[0.00028729]
[0.00028729]
[0.00028729]
[0.00028729]
[0.00028729]
[0.00028729]
[0.00028729]
[0.00028729]
[0.00028729]
[0.00028729]
[0.00028729]
[0.00028729]
[0.00028729]
[0.00028729]
[0.00028729]
[0.00028729]
[0.00028729]
[0.00028729]
[0.00028729]
[0.00028729]
[0.00028729]
[0.00028729]
[0.00028729]
[0.00028729]
[0.00028729]
[0.00028729]
[0.00028729]
[0.00028729]
[0.00028729]
[0.00028729]
[0.00028729]
[0.00028729]
[0.00028729]
[0.00028729]
[0.00028729]
[0.00028729]
[0.00028729]
[0.00028729]
[0.00028729]
[0.00028729]
[0.00028729]
[0.00028729]
[0.00028729]
[0.00028729]
[0.00028729]
[0.00028729]
[0.00028729]
[0.00028729]
[0.00028729]
[0.00028729]
[0.00028729]
[0.00028729]
[0.00028729]
[0.00028729]
[0.00028729]
[0.00028729]
[0.00028729]
[0.00028729]
[0.00028729]
[0.00028729]
[0.00028729]
[0.00028729]
[0.00028729]
[0.00028729]
[0.00028729]
[0.00028729]
[0.00028729]
[0.00028729]
[0.00028729]
[0.00028729]
[0.00028729]
[0.00028729]
[0.00028729]
[0.00028729]
[0.00028729]
[0.00028729]
[0.00028729]
[0.00028729]
[0.00028729]
[0.00028729]
[0.00028729]
[0.00028729]
[0.00028729]
[0.00028729]
[0.00028729]
[0.00028729]
[0.00028729]
[0.00028729]
[0.00028729]
[0.00028731]
[0.00028731]
[0.00028731]
[0.00028731]
[0.00028731]
[0.00028731]
[0.00028731]
[0.00028732]
[0.00028731]
[0.00028735]
[0.00028731]
[0.00028731]
[0.00028731]
[0.00028735]
[0.00028728]
[0.00028729]
[0.00028731]
[0.00028723]
[0.00028733]
[0.00028733]
[0.00028733]
[0.00028733]
[0.00028733]
[0.00028733]
[0.00028733]
[0.00028733]
[0.00028733]
[0.00028729]
[0.00028731]
[0.00028738]
[0.00028738]
[0.00028731]
[0.00028731]
[0.00028731]
[0.00028736]
[0.00028736]
[0.00028736]
[0.00028736]
[0.00028736]
[0.00028736]
[0.00028736]
[0.00028736]
[0.00028746]
[0.00028733]
[0.00028719]
[0.00028717]
[0.00028736]
[0.0002876]
[0.00028753]
[0.00028756]
[0.00028769]
[0.00028763]
[0.00028756]
[0.01723413]
[0.01723413]
[0.01723413]
[0.01723413]
[0.01723413]
[0.01723413]
[0.01723413]
[0.01723413]
[0.00028748]
[0.00028748]
[0.00028752]
[0.00028748]
[0.00028819]
[0.00028791]
[0.00028874]
[0.00028874]
[0.00028865]
[0.00028872]
[0.00028847]
[0.00028847]
[0.00028847]
[0.00028837]
[0.00028932]
[0.0002918]
[0.0002918]
[0.00028896]
[0.00028896]
[0.00028896]
[0.00028839]
[0.00028873]
[0.00028827]
[0.00028922]
[0.00028837]
[0.00028909]
[0.0002894]
[0.00029431]
[0.00029321]
[0.00029321]
[0.00119556]
[0.00029447]
[0.00029447]
[0.00029447]
[0.00029757]
[0.00033894]
[0.00043311]
[0.00035019]
[0.00057538]
[0.00037309]
[0.00037309]
[0.00037309]
[0.00037309]
[0.00039253]
[0.00039253]
[0.00039253]
[0.00039253]
[0.0005677]
[0.00073631]
[0.00044241]
[0.0010547]
[0.0002877]
[0.00028993]
[0.00028952]
[0.00028769]
