[0.0002968]
[0.0002968]
[0.0002968]
[0.0002968]
[0.0002968]
[0.0002968]
[0.0002968]
[0.0002968]
[0.0002968]
[0.0002968]
[0.0002968]
[0.0002968]
[0.0002968]
[0.0002968]
[0.0002968]
[0.0002968]
[0.0002968]
[0.0002968]
[0.0002968]
[0.0002968]
[0.0002968]
[0.0002968]
[0.0002968]
[0.0002968]
[0.0002968]
[0.0002968]
[0.0002968]
[0.0002968]
[0.0002968]
[0.0002968]
[0.0002968]
[0.0002968]
[0.0002968]
[0.0002968]
[0.0002968]
[0.0002968]
[0.0002968]
[0.0002968]
[0.0002968]
[0.0002968]
[0.0002968]
[0.0002968]
[0.0002968]
[0.0002968]
[0.0002968]
[0.0002968]
[0.0002968]
[0.0002968]
[0.0002968]
[0.0002968]
[0.0002968]
[0.0002968]
[0.0002968]
[0.0002968]
[0.0002968]
[0.0002968]
[0.0002968]
[0.0002968]
[0.0002968]
[0.0002968]
[0.0002968]
[0.0002968]
[0.0002968]
[0.0002968]
[0.0002968]
[0.0002968]
[0.0002968]
[0.0002968]
[0.0002968]
[0.0002968]
[0.0002968]
[0.0002968]
[0.0002968]
[0.0002968]
[0.0002968]
[0.0002968]
[0.0002968]
[0.0002968]
[0.0002968]
[0.0002968]
[0.0002968]
[0.0002968]
[0.0002968]
[0.0002968]
[0.0002968]
[0.0002968]
[0.0002968]
[0.0002968]
[0.0002968]
[0.0002968]
[0.0002968]
[0.0002968]
[0.0002968]
[0.0002968]
[0.0002968]
[0.0002968]
[0.0002968]
[0.0002968]
[0.0002968]
[0.0002968]
[0.0002968]
[0.0002968]
[0.0002968]
[0.0002968]
[0.0002968]
[0.0002968]
[0.0002968]
[0.0002968]
[0.0002968]
[0.0002968]
[0.0002968]
[0.0002968]
[0.0002968]
[0.0002968]
[0.0002968]
[0.0002968]
[0.0002968]
[0.0002968]
[0.0002968]
[0.0002968]
[0.0002968]
[0.0002968]
[0.0002968]
[0.0002968]
[0.0002968]
[0.0002968]
[0.0002968]
[0.0002968]
[0.0002968]
[0.0002968]
[0.0002968]
[0.0002968]
[0.0002968]
[0.0002968]
[0.0002968]
[0.0002968]
[0.0002968]
[0.0002968]
[0.0002968]
[0.0002968]
[0.0002968]
[0.0002968]
[0.0002968]
[0.0002968]
[0.0002968]
[0.0002968]
[0.0002968]
[0.0002968]
[0.0002968]
[0.0002968]
[0.0002968]
[0.0002968]
[0.0002968]
[0.0002968]
[0.0002968]
[0.0002968]
[0.0002968]
[0.0002968]
[0.0002968]
[0.0002968]
[0.0002968]
[0.0002968]
[0.0002968]
[0.0002968]
[0.0002968]
[0.0002968]
[0.0002968]
[0.0002968]
[0.0002968]
[0.0002968]
[0.0002968]
[0.0002968]
[0.0002968]
[0.0002968]
[0.0002968]
[0.0002968]
[0.0002968]
[0.0002968]
[0.0002968]
[0.0002968]
[0.0002968]
[0.0002968]
[0.0002968]
[0.0002968]
[0.0002968]
[0.0002968]
[0.0002968]
[0.0002968]
[0.0002968]
[0.0002968]
[0.0002968]
[0.0002968]
[0.0002968]
[0.0002968]
[0.0002968]
[0.0002968]
[0.0002968]
[0.0002968]
[0.0002968]
[0.0002968]
[0.0002968]
[0.0002968]
[0.0002968]
[0.0002968]
[0.0002968]
[0.0002968]
[0.0002968]
[0.0002968]
[0.0002968]
[0.0002968]
[0.0002968]
[0.0002968]
[0.0002968]
[0.0002968]
[0.0002968]
[0.0002968]
[0.0002968]
[0.0002968]
[0.0002968]
[0.0002968]
[0.0002968]
[0.0002968]
[0.0002968]
[0.0002968]
[0.0002968]
[0.0002968]
[0.0002968]
[0.0002968]
[0.0002968]
[0.0002968]
[0.0002968]
[0.0002968]
[0.0002968]
[0.0002968]
[0.0002968]
[0.0002968]
[0.0002968]
[0.0002968]
[0.0002968]
[0.0002968]
[0.0002968]
[0.0002968]
[0.0002968]
[0.0002968]
[0.0002968]
[0.0002968]
[0.0002968]
[0.0002968]
[0.0002968]
[0.0002968]
[0.0002968]
[0.0002968]
[0.0002968]
[0.0002968]
[0.0002968]
[0.0002968]
[0.0002968]
[0.0002968]
[0.0002968]
[0.0002968]
[0.0002968]
[0.0002968]
[0.0002968]
[0.0002968]
[0.0002968]
[0.0002968]
[0.0002968]
[0.0002968]
[0.0002968]
[0.0002968]
[0.0002968]
[0.0002968]
[0.0002968]
[0.0002968]
[0.0002968]
[0.0002968]
[0.0002968]
[0.0002968]
[0.0002968]
[0.0002968]
[0.0002968]
[0.0002968]
[0.0002968]
[0.0002968]
[0.0002968]
[0.0002968]
[0.0002968]
[0.0002968]
[0.0002968]
[0.0002968]
[0.0002968]
[0.0002968]
[0.0002968]
[0.0002968]
[0.0002968]
[0.0002968]
[0.0002968]
[0.0002968]
[0.0002968]
[0.0002968]
[0.0002968]
[0.0002968]
[0.0002968]
[0.0002968]
[0.0002968]
[0.0002968]
[0.0002968]
[0.0002968]
[0.0002968]
[0.0002968]
[0.0002968]
[0.0002968]
[0.0002968]
[0.0002968]
[0.0002968]
[0.0002968]
[0.0002968]
[0.0002968]
[0.0002968]
[0.0002968]
[0.0002968]
[0.0002968]
[0.0002968]
[0.0002968]
[0.0002968]
[0.0002968]
[0.0002968]
[0.0002968]
[0.0002968]
[0.0002968]
[0.0002968]
[0.0002968]
[0.0002968]
[0.0002968]
[0.0002968]
[0.0002968]
[0.0002968]
[0.0002968]
[0.0002968]
[0.0002968]
[0.0002968]
[0.0002968]
[0.0002968]
[0.0002968]
[0.0002968]
[0.0002968]
[0.0002968]
[0.0002968]
[0.0002968]
[0.0002968]
[0.0002968]
[0.0002968]
[0.0002968]
[0.0002968]
[0.0002968]
[0.0002968]
[0.0002968]
[0.0002968]
[0.0002968]
[0.0002968]
[0.0002968]
[0.0002968]
[0.0002968]
[0.0002968]
[0.0002968]
[0.0002968]
[0.0002968]
[0.0002968]
[0.0002968]
[0.0002968]
[0.0002968]
[0.00029685]
[0.00029687]
[0.00029687]
[0.00029687]
[0.00029687]
[0.00029687]
[0.00029687]
[0.00029687]
[0.00029687]
[0.00029687]
[0.00029687]
[0.00029666]
[0.00029692]
[0.00029708]
[0.00029708]
[0.00029708]
[0.00029708]
[0.00029689]
[0.00029708]
[0.00029708]
[0.00029689]
[0.00029689]
[0.00029689]
[0.00029648]
[0.00029648]
[0.00029685]
[0.00029694]
[0.00029694]
[0.00029694]
[0.00029694]
[0.00029696]
[0.00029686]
[0.00029702]
[0.0002969]
[0.00029608]
[0.00029627]
[0.00029748]
[0.00029748]
[0.00029759]
[0.00029753]
[0.00029753]
[0.00029758]
[0.00029794]
[0.00029809]
[0.00029786]
[0.01883835]
[0.00029655]
[0.00029667]
[0.00029656]
[0.00029953]
[0.00029711]
[0.00029683]
[0.00029743]
[0.00029722]
[0.00029775]
[0.00029738]
[0.00029754]
[0.00029793]
[0.00029793]
[0.00029798]
[0.00029774]
[0.0002981]
[0.00029906]
[0.00029964]
[0.00029916]
[0.00029958]
[0.00029958]
[0.00029969]
[0.00029872]
[0.00029913]
[0.00029913]
[0.00029913]
[0.00029913]
[0.00029913]
[0.00030011]
[0.00029908]
[0.000301]
[0.00030036]
[0.00030034]
[0.00030034]
[0.00029951]
[0.00030015]
[0.00030067]
[0.00029824]
[0.00029998]
[0.00029847]
[0.00029847]
[0.00029803]
[0.00029943]
[0.00030671]
[0.00032027]
[0.00031275]
[0.00031275]
[0.00030971]
[0.00031522]
[0.00031522]
[0.00031024]
[0.00031024]
[0.00364894]
[0.00364894]
[0.00117282]
[0.00037668]
[0.00067308]
[0.00067308]
[0.00067308]
[0.00067308]
[0.00042719]
[0.00042719]
[0.0005295]
[0.0005295]
[0.0005295]
[0.0005295]
[0.0005295]
[0.0005295]
[0.0005295]
[0.00049241]
[0.00049241]
[0.00049241]
[0.00049241]
[0.00049241]
[0.00101478]
[0.00101478]
[0.00049141]
[0.00049141]
[0.00029948]
[0.00030118]
[0.00031]
[0.00029704]
[0.00029738]
