[0.02176831]
[0.02176831]
[0.02176831]
[0.02176831]
[0.02176831]
[0.02176831]
[0.02176831]
[0.02176831]
[0.02176831]
[0.02176831]
[0.02176831]
[0.02176831]
[0.02176831]
[0.02125436]
[0.02125436]
[0.02125436]
[0.02125436]
[0.02125436]
[0.02125436]
[0.02125436]
[0.02125436]
[0.02125436]
[0.02125436]
[0.02125436]
[0.02125436]
[0.02125436]
[0.02125436]
[0.02125436]
[0.02125436]
[0.02125436]
[0.02125436]
[0.02125436]
[0.02125436]
[0.02125436]
[0.02125436]
[0.02125436]
[0.02168644]
[0.02171813]
[0.02171813]
[0.02171813]
[0.02171813]
[0.02171813]
[0.02171813]
[0.02171813]
[0.02171813]
[0.02171813]
[0.02171813]
[0.02171813]
[0.02171813]
[0.02171813]
[0.02171813]
[0.02171813]
[0.02171813]
[0.02171813]
[0.02283754]
[0.02183403]
[0.02168572]
[0.02168572]
[0.02173369]
[0.02173369]
[0.02173369]
[0.02168572]
[0.02139269]
[0.02139269]
[0.02139269]
[0.02139269]
[0.02139269]
[0.02139269]
[0.02147658]
[0.02147658]
[0.02147658]
[0.02147658]
[0.02131142]
[0.02131142]
[0.02131142]
[0.02131142]
[0.02131142]
[0.02131142]
[0.02131142]
[0.02131142]
[0.02131142]
[0.02131142]
[0.02131142]
[0.02131142]
[0.02131142]
[0.02131142]
[0.02131142]
[0.02131142]
[0.02131142]
[0.02131142]
[0.02131142]
[0.02131142]
[0.02131142]
[0.02131142]
[0.02131142]
[0.02131142]
[0.02131142]
[0.02131142]
[0.02131142]
[0.02131142]
[0.02131142]
[0.02131142]
[0.02131142]
[0.02131142]
[0.02131142]
[0.02131142]
[0.02131142]
[0.02131142]
[0.02131142]
[0.02131142]
[0.02131142]
[0.02131142]
[0.02131142]
[0.02131142]
[0.02131142]
[0.02131142]
[0.02131142]
[0.02131142]
[0.02131142]
[0.02131142]
[0.02131142]
[0.02131142]
[0.02131142]
[0.02131142]
[0.02131142]
[0.02131142]
[0.02131142]
[0.02131142]
[0.02131142]
[0.02131142]
[0.02131142]
[0.02131142]
[0.02131142]
[0.02131142]
[0.02131142]
[0.02131142]
[0.02131142]
[0.02131142]
[0.02131142]
[0.02131142]
[0.02131142]
[0.02131142]
[0.02131142]
[0.02131142]
[0.02131142]
[0.02131142]
[0.02131142]
[0.02131142]
[0.02131142]
[0.02131142]
[0.02131142]
[0.02131142]
[0.02131142]
[0.02131142]
[0.02131142]
[0.02131142]
[0.02131142]
[0.02131142]
[0.02131142]
[0.02131142]
[0.02131142]
[0.02131142]
[0.02175792]
[0.02175792]
[0.02175792]
[0.02175792]
[0.02175792]
[0.02175792]
[0.02175792]
[0.02175792]
[0.02175792]
[0.02175792]
[0.02175792]
[0.02175792]
[0.02175792]
[0.02175792]
[0.02175792]
[0.02175792]
[0.02175792]
[0.02175792]
[0.02175792]
[0.02175792]
[0.02175792]
[0.02175792]
[0.02175792]
[0.02175792]
[0.02175792]
[0.02175792]
[0.02175792]
[0.02175792]
[0.02175792]
[0.02175792]
[0.02175792]
[0.02175792]
[0.02175792]
[0.02175792]
[0.02175792]
[0.02175792]
[0.02175792]
[0.02175792]
[0.02175792]
[0.02175792]
[0.02175792]
[0.02175792]
[0.02175792]
[0.02175792]
[0.02175792]
[0.02175792]
[0.02175792]
[0.02175792]
[0.02175792]
[0.02175792]
[0.02175792]
[0.02175792]
[0.02175792]
[0.02175792]
[0.02175792]
[0.02175792]
[0.02175792]
[0.02175792]
[0.02175792]
[0.02175792]
[0.02175792]
[0.02175792]
[0.02175792]
[0.02175792]
[0.02175792]
[0.02179654]
[0.02172973]
[0.0213042]
[0.02220215]
[0.02220215]
[0.02266448]
[0.02175678]
[0.02156305]
[0.02127755]
[0.02127755]
[0.0218982]
[0.02132105]
[0.02132105]
[0.02132105]
[0.02132105]
[0.02179425]
[0.02178825]
[0.02175792]
[0.02153267]
[0.02530214]
[0.02186635]
[0.02231728]
[0.02270054]
[0.02184723]
[0.02141986]
[0.02186409]
[0.02239766]
[0.02239766]
[0.02179443]
[0.02134835]
[0.02176831]
[0.02274018]
[0.02190087]
[0.02133424]
[0.02280388]
[0.02194403]
[0.02161263]
[0.02288255]
[0.02288255]
[0.02254802]
[0.0218386]
[0.0218386]
[0.02254802]
[0.02272829]
[0.02254802]
[0.02147858]
[0.02467689]
[0.02147858]
[0.02467689]
[0.02180513]
[0.02177982]
[0.02181863]
[0.02132211]
[0.02192519]
[0.02191095]
[0.02157021]
[0.02157021]
[0.02157021]
[0.02259439]
[0.02207172]
[0.02229623]
[0.0227907]
[0.0227907]
[0.02216946]
[0.02263038]
[0.02175786]
[0.02188234]
[0.02175055]
[0.02216881]
[0.02204153]
[0.02367947]
[0.0219692]
[0.0221557]
[0.0219692]
[0.02171497]
[0.02559084]
[0.02559084]
[0.02271352]
[0.02271352]
[0.02481569]
[0.0227395]
[0.02288553]
[0.02173265]
[0.03508911]
[0.02195616]
[0.02226674]
[0.02226674]
[0.02275113]
[0.0217343]
[0.02275517]
[0.0232127]
[0.02217928]
[0.02217928]
[0.02201831]
[0.02254416]
[0.0228872]
[0.02195051]
[0.02183668]
[0.02488743]
[0.02273642]
[0.02273642]
[0.02143105]
[0.02225896]
[0.02306106]
[0.02306106]
[0.02342894]
[0.02983166]
[0.0415559]
[0.02570629]
[0.02251246]
[0.022064]
[0.022064]
[0.02289671]
[0.02197575]
[0.02277915]
[0.02247701]
[0.02151358]
[0.02235259]
[0.02372984]
[0.02243631]
[0.02156215]
[0.02463209]
[0.02165066]
[0.02165153]
[0.02270409]
[0.02250878]
[0.02166417]
[0.02171865]
[0.02825527]
[0.02825527]
[0.02364371]
[0.02441613]
[0.02404268]
[0.03299423]
[0.02366837]
[0.02366837]
[0.02246528]
[0.02403552]
[0.02358261]
[0.02500971]
[0.02579032]
[0.02219847]
[0.02342289]
[0.02890435]
[0.0398434]
[0.0245366]
[0.02453398]
[0.02514609]
[0.02396931]
[0.02289177]
[0.02575539]
[0.02320735]
[0.34335935]
[0.02479505]
[0.02312996]
[0.02602137]
[0.02580252]
[0.04772734]
[0.03542862]
[0.02746291]
[0.02606316]
[0.02558338]
[0.0230146]
[0.0277585]
[0.04652186]
[0.02614073]
[0.17503887]
[0.05065748]
[0.1508836]
[0.02634634]
[0.02688823]
[0.04497856]
[0.25013855]
[0.07290878]
[0.02831568]
[0.03906628]
[0.03906628]
[0.03523984]
[0.2084079]
[0.20405258]
[0.12344692]
[0.08231511]
[0.04840972]
[0.0593055]
[0.03282328]
[0.03282328]
[0.03282328]
[0.08193418]
[0.06129602]
[0.02528919]
[0.02528919]
[0.02528919]
[0.03288343]
[0.03287877]
[0.22860357]
[0.04688023]
[0.08668818]
[0.08668818]
[0.03604601]
[0.03055423]
[0.03055423]
[0.03055423]
[0.04806552]
[0.04806552]
[0.04230348]
[0.14582378]
[0.0271763]
[0.04319486]
[0.12199269]
[0.07348256]
[0.11829022]
[0.10267552]
[0.1385817]
[0.1385817]
[0.07502086]
[0.2691989]
[0.21953472]
[0.20412515]
[0.06531883]
[0.10015967]
[0.19949476]
[0.03766745]
[0.09805953]
[0.15979847]
[0.04090337]
[0.04958665]
[0.07508419]
[0.07508419]
[0.14846848]
[0.14846848]
[0.10484222]
[0.10484222]
[0.10484222]
[0.04759215]
[0.12914658]
[0.10627079]
[0.09820297]
[0.03845025]
[0.08586072]
[0.09995259]
[0.11454827]
[0.11454827]
[0.11454827]
[0.06779605]
[0.05373703]
[0.05373703]
[0.05373703]
[0.03670974]
[0.02472162]
[0.0765297]
[0.0765297]
[0.02173914]
[0.02168814]
[0.47331062]
[0.47331062]
[0.03163224]
[0.02225032]
[0.02484941]
[0.21417011]
[0.02666856]
[0.02190057]
[0.02190057]
[0.0247209]
[0.03361623]
[0.02305044]
[0.05619638]
[0.02286655]
[0.02406712]
[0.02423047]
[0.02411313]
[0.02503747]
[0.02288251]
[0.02267727]
