[0.6508069]
[0.6573204]
[0.63524437]
[0.63524437]
[0.63524437]
[0.63524437]
[0.6278121]
[0.6278121]
[0.5746959]
[0.5746959]
[0.5746959]
[0.5746959]
[0.5746959]
[0.5746959]
[0.5746959]
[0.5746959]
[0.5746959]
[0.5746959]
[0.5746959]
[0.5746959]
[0.5746959]
[0.5745392]
[0.58375657]
[0.61334974]
[0.61334974]
[0.61334974]
[0.61334974]
[0.61334974]
[0.61334974]
[0.61334974]
[0.61334974]
[0.61334974]
[0.61334974]
[0.61334974]
[0.58868843]
[0.5609985]
[0.58432496]
[0.58432496]
[0.58432496]
[0.58432496]
[0.58432496]
[0.58432496]
[0.58432496]
[0.5991396]
[0.60318625]
[0.57453007]
[0.57453007]
[0.57453007]
[0.57453007]
[0.57453007]
[0.5926517]
[0.5694599]
[0.57076114]
[0.57444775]
[0.54133457]
[0.54133457]
[0.54133457]
[0.54133457]
[0.55432814]
[0.56628424]
[0.56628424]
[0.5488954]
[0.55864805]
[0.55864805]
[0.5198699]
[0.5198699]
[0.5198699]
[0.5198699]
[0.5198699]
[0.5198699]
[0.5198699]
[0.5198699]
[0.5198699]
[0.5198699]
[0.5198699]
[0.5198699]
[0.53471357]
[0.55348647]
[0.52531594]
[0.5555898]
[0.5555898]
[0.5547075]
[0.5547075]
[0.5474368]
[0.5474368]
[0.55304205]
[0.55189157]
[0.5297416]
[0.5286776]
[0.5286776]
[0.5286776]
[0.5286776]
[0.5286776]
[0.5210743]
[0.5210743]
[0.5210743]
[0.4997425]
[0.5096375]
[0.5096375]
[0.5096375]
[0.5096375]
[0.5096375]
[0.5096375]
[0.5096375]
[0.5081688]
[0.55557984]
[0.5282265]
[0.51777124]
[0.51777124]
[0.51777124]
[0.5295669]
[0.52008605]
[0.5298863]
[0.5125011]
[0.5125011]
[0.5125011]
[0.5125011]
[0.5125011]
[0.5125011]
[0.49255478]
[0.51732767]
[0.51732767]
[0.5092007]
[0.5092007]
[0.5092007]
[0.5092007]
[0.5092007]
[0.49748552]
[0.49748552]
[0.50929165]
[0.50929165]
[0.50929165]
[0.50929165]
[0.50929165]
[0.49748552]
[0.5092769]
[0.5095575]
[0.5106718]
[0.50184965]
[0.5062]
[0.5062]
[0.5062]
[0.5062]
[0.5018993]
[0.5018993]
[0.5018993]
[0.5018993]
[0.50612575]
[0.50612575]
[0.50612575]
[0.50612575]
[0.50612575]
[0.50612575]
[0.50612575]
[0.50612575]
[0.50612575]
[0.50612575]
[0.50612575]
[0.50612575]
[0.50612575]
[0.50612575]
[0.50612575]
[0.50612575]
[0.50612575]
[0.50612575]
[0.50612575]
[0.50612575]
[0.50612575]
[0.50612575]
[0.50612575]
[0.50612575]
[0.50612575]
[0.50612575]
[0.50612575]
[0.50612575]
[0.50612575]
[0.50612575]
[0.50612575]
[0.50612575]
[0.50612575]
[0.50612575]
[0.50612575]
[0.50612575]
[0.50612575]
[0.50612575]
[0.50612575]
[0.50612575]
[0.50612575]
[0.50612575]
[0.50612575]
[0.50612575]
[0.50612575]
[0.50612575]
[0.50612575]
[0.50612575]
[0.50612575]
[0.50612575]
[0.50612575]
[0.50612575]
[0.50612575]
[0.50612575]
[0.50612575]
[0.50612575]
[0.50612575]
[0.50612575]
[0.50612575]
[0.50612575]
[0.50612575]
[0.50612575]
[0.50612575]
[0.5133027]
[0.487224]
[0.49101016]
[0.5296172]
[0.49814534]
[0.49814534]
[0.49814534]
[0.5057502]
[0.48528492]
[0.51233757]
[0.51233757]
[0.4833281]
[0.48174813]
[0.50429595]
[0.5054671]
[0.5023945]
[0.5023945]
[0.5023945]
[0.5023945]
[0.5023945]
[0.5023945]
[0.5023945]
[0.5023945]
[0.5009918]
[0.5009918]
[0.5009918]
[0.5009918]
[0.5009918]
[0.5009918]
[0.5009918]
[0.5009113]
[0.5009113]
[0.5009113]
[0.5009113]
[0.5009113]
[0.5009113]
[0.5009113]
[0.5009113]
[0.5009113]
[0.5047259]
[0.5047259]
[0.5047259]
[0.5047259]
[0.5047259]
[0.5047259]
[0.5047259]
[0.5047259]
[0.5047259]
[0.5047259]
[0.5047259]
[0.5047259]
[0.5047259]
[0.5047259]
[0.5047259]
[0.5047259]
[0.5047259]
[0.5047259]
[0.5047259]
[0.5047259]
[0.5047259]
[0.5047259]
[0.5047259]
[0.5047259]
[0.5047259]
[0.5047259]
[0.5047259]
[0.5047259]
[0.5047259]
[0.5047259]
[0.5047259]
[0.5047259]
[0.5047259]
[0.5047259]
[0.5047259]
[0.5047259]
[0.5047259]
[0.5047259]
[0.5047259]
[0.5047259]
[0.5047259]
[0.5047259]
[0.5047259]
[0.5047259]
[0.5047259]
[0.5047259]
[0.5047259]
[0.5047259]
[0.48470348]
[0.49846205]
[0.48565668]
[0.48565668]
[0.48565668]
[0.48565668]
[0.50214934]
[0.5009883]
[0.5009883]
[0.50078064]
[0.50078064]
[0.50078064]
[0.50078064]
[0.49672464]
[0.51422864]
[0.51422864]
[0.51422864]
[0.51422864]
[0.45302218]
[0.4853396]
[0.4803035]
[0.5164628]
[0.5217113]
[0.48257673]
[0.48871207]
[0.48871207]
[0.48871207]
[0.5088314]
[0.5088314]
[0.5088314]
[0.5088314]
[0.5088314]
[0.5088314]
[0.5088314]
[0.5088314]
[0.4841635]
[0.47946438]
[0.49674898]
[0.47935638]
[0.48261836]
[0.4720843]
[0.5116245]
[0.48137516]
[0.5030926]
[0.5030926]
[0.5030926]
[0.48221275]
[0.48358408]
[0.48358408]
[0.47768843]
[0.43684104]
[0.45794246]
[0.49155095]
[0.47788304]
[0.48706052]
[0.5274045]
[0.41437772]
[0.47864425]
[0.6071419]
[0.48812076]
[0.48812076]
[0.47957548]
[0.47664452]
[0.46655208]
[0.46655208]
[0.46655208]
[0.46655208]
[0.46655208]
[0.5014393]
[0.4782989]
[0.48560932]
[0.48274684]
[0.48739472]
[0.54752505]
[0.5268662]
[0.43212697]
[0.46435282]
[0.44304365]
[0.44304365]
[0.44304365]
[0.39535412]
[0.39535412]
[0.4261449]
[0.42612812]
[0.4460093]
[0.46424747]
[0.46424747]
[0.45387104]
[0.39818597]
[0.41503173]
[0.40689668]
[0.40689668]
[0.40689668]
[0.41726953]
[0.38367316]
[0.38367316]
[0.41143876]
[0.41143876]
[0.41143876]
[0.41143876]
[0.4017409]
[0.40594298]
[0.3978137]
[0.39617074]
[0.42047757]
[0.41623014]
[0.39708668]
[0.37975758]
[0.4341572]
[0.3300765]
[0.40112504]
[0.3778025]
[0.37269795]
[0.3257117]
[0.37836313]
[0.38077897]
[0.3809326]
[0.4007046]
[0.5746662]
[0.33733305]
[0.36327013]
[0.372337]
[0.3163915]
[0.3131441]
[0.3618387]
[0.3367061]
[0.35834876]
[0.31567064]
[0.39929458]
[0.4131318]
[0.29434037]
[0.29421276]
[0.27538106]
[0.33034095]
[0.33034095]
[0.28932503]
[0.5333753]
[0.25385982]
[0.27784434]
[0.4166865]
[0.6181626]
[0.21747625]
[0.46457434]
[0.5063088]
[0.21337545]
[0.21337545]
[0.45091307]
[0.17684148]
[0.17684148]
[0.48657644]
[0.18788801]
[0.18150023]
[0.4039359]
[0.18272051]
[0.1401761]
[0.44943485]
[0.08425101]
[0.4041094]
[0.08044926]
[0.12850045]
[0.43771297]
[0.49234954]
[0.43752185]
[0.44792697]
[0.40721428]
[0.36634496]
[0.36634496]
[0.36634496]
[0.3626688]
[0.40199482]
[0.40199482]
[0.36156893]
[0.36156893]
[0.35969684]
[0.35969684]
[0.35969684]
[0.35658416]
[0.35658416]
[0.35658416]
[0.35658416]
[0.35658416]
[0.35658416]
[0.35658416]
[0.35658416]
[0.35433173]
[0.35433173]
[0.35433173]
[0.3349792]
[0.3328456]
[0.38989863]
[0.4138038]
[0.38532525]
[0.37569547]
[0.37923533]
[0.380245]
[0.36465248]
[0.35630712]
[0.3248274]
[0.22408329]
[0.3851966]
[0.30347574]
[0.3606144]
[0.3842942]
