23.812900000000045
23.671800000000047
23.671800000000047
23.671800000000047
23.671800000000047
23.671800000000047
23.671800000000047
23.781300000000048
23.469300000000043
23.775900000000043
23.705900000000046
23.469300000000043
23.729500000000044
23.729500000000044
23.729500000000044
23.84040000000005
23.465300000000042
23.465300000000042
23.465300000000042
23.465300000000042
23.465300000000042
23.465300000000042
23.32420000000004
23.646800000000045
23.646800000000045
23.646800000000045
23.646800000000045
23.646800000000045
23.646800000000045
23.646800000000045
23.624800000000043
23.582300000000046
22.998600000000035
23.860000000000046
23.817500000000045
23.817500000000045
23.817500000000045
23.817500000000045
23.16470000000004
23.16470000000004
23.16470000000004
23.16470000000004
23.16470000000004
23.16470000000004
23.16470000000004
23.16470000000004
23.16470000000004
23.16470000000004
23.16470000000004
23.16470000000004
23.16470000000004
23.16470000000004
23.16470000000004
23.16470000000004
23.16470000000004
23.16470000000004
23.16470000000004
23.16470000000004
23.16470000000004
23.16470000000004
23.16470000000004
23.16470000000004
23.16470000000004
23.16470000000004
23.16470000000004
23.50150000000004
23.50150000000004
23.42490000000004
23.42490000000004
23.42490000000004
23.42490000000004
23.42490000000004
23.42490000000004
23.42490000000004
23.42490000000004
23.42490000000004
23.42490000000004
23.42490000000004
23.42490000000004
23.42490000000004
23.42490000000004
23.42490000000004
23.25880000000004
23.433700000000044
22.906600000000033
23.13970000000004
23.291700000000038
23.38870000000004
23.38870000000004
23.38870000000004
23.38870000000004
23.207200000000036
22.998600000000035
22.998600000000035
22.998600000000035
22.998600000000035
22.998600000000035
22.998600000000035
23.15060000000004
23.07920000000004
23.291700000000034
23.121700000000036
23.121700000000036
23.121700000000036
23.121700000000036
23.121700000000036
23.24530000000004
23.24530000000004
23.24530000000004
23.24530000000004
23.24530000000004
23.24530000000004
23.24530000000004
23.24530000000004
23.24530000000004
23.24530000000004
23.24530000000004
23.24530000000004
23.24530000000004
23.24530000000004
23.24530000000004
23.24530000000004
23.24530000000004
23.24530000000004
23.24530000000004
23.24530000000004
23.24530000000004
23.24530000000004
23.24530000000004
23.24530000000004
23.24530000000004
23.24530000000004
23.24530000000004
23.24530000000004
23.24530000000004
23.24530000000004
23.24530000000004
23.24530000000004
23.24530000000004
23.24530000000004
23.24530000000004
23.24530000000004
23.24530000000004
23.24530000000004
23.24530000000004
23.24530000000004
23.24530000000004
23.24530000000004
23.24530000000004
23.24530000000004
23.24530000000004
23.24530000000004
23.24530000000004
23.24530000000004
22.959500000000038
23.379800000000042
23.16260000000004
23.16260000000004
23.16260000000004
23.25670000000004
23.075200000000038
22.768000000000036
23.14390000000004
23.198800000000038
23.198800000000038
23.198800000000038
23.198800000000038
23.198800000000038
23.198800000000038
23.198800000000038
23.198800000000038
23.198800000000038
23.198800000000038
23.198800000000038
23.198800000000038
23.198800000000038
23.198800000000038
23.198800000000038
23.198800000000038
23.198800000000038
23.198800000000038
23.198800000000038
23.198800000000038
23.198800000000038
23.198800000000038
23.198800000000038
23.198800000000038
23.198800000000038
23.198800000000038
23.198800000000038
23.198800000000038
23.198800000000038
23.198800000000038
23.198800000000038
23.198800000000038
23.198800000000038
23.198800000000038
23.198800000000038
23.198800000000038
23.198800000000038
23.198800000000038
23.198800000000038
23.198800000000038
22.909100000000038
23.05770000000004
23.05770000000004
23.05770000000004
23.25670000000004
22.866600000000037
22.866600000000037
22.680500000000034
22.955500000000036
22.911200000000033
22.866600000000037
23.125600000000034
22.998600000000035
23.133000000000038
22.940700000000035
22.774600000000035
23.26130000000004
22.901600000000034
22.760500000000036
22.774600000000035
22.774600000000035
22.731600000000032
22.731600000000032
22.91650000000004
23.03220000000004
22.817100000000032
22.817100000000032
22.855200000000035
22.731600000000032
22.681200000000032
22.719620000000035
22.855200000000035
23.15580000000004
22.837700000000034
22.911500000000036
22.532300000000035
22.893500000000042
22.650900000000032
23.006800000000034
22.689100000000035
22.731600000000032
22.731600000000032
22.864500000000035
23.080800000000036
22.940200000000036
22.785500000000035
22.684900000000034
22.642600000000034
22.642600000000034
22.731500000000032
22.731500000000032
22.816200000000038
23.114900000000038
22.956200000000035
22.70620000000003
22.70620000000003
23.241100000000042
23.03940000000004
22.55060000000003
22.685000000000034
22.537800000000033
22.988300000000034
22.883500000000033
23.141000000000037
22.681200000000032
22.685000000000034
22.384500000000028
22.225800000000028
22.47860000000003
22.051700000000032
22.774100000000036
22.50760000000003
23.053800000000038
22.55970000000003
22.655400000000032
22.642600000000037
22.218400000000027
22.032300000000028
22.35500000000003
22.46510000000003
22.557300000000033
22.29900000000003
22.819900000000032
22.679300000000033
22.756300000000028
22.746300000000033
22.29900000000003
22.703900000000036
22.29500000000003
22.65740000000003
23.15910000000004
22.719200000000033
22.61670000000003
22.62220000000003
23.15510000000004
22.608700000000034
22.63790000000003
22.591400000000032
22.591400000000032
22.670900000000035
22.358100000000025
22.358100000000025
22.155600000000025
21.589000000000024
22.20560000000003
22.279200000000028
22.496500000000033
23.114700000000035
22.765080000000033
22.153400000000026
22.911500000000032
22.246200000000027
22.948600000000038
22.075000000000028
22.66720000000004
22.48720000000003
22.18800000000002
22.155600000000025
22.33480000000003
22.892000000000035
22.765100000000032
22.31850000000003
23.21380000000004
22.208600000000025
22.115100000000034
22.27120000000002
22.361400000000028
22.06620000000003
21.974100000000018
22.52470000000003
22.40180000000003
22.091600000000025
22.29480000000003
22.193600000000032
21.521500000000017
22.378300000000024
21.88860000000002
22.054200000000026
22.059300000000025
22.421400000000034
22.291700000000027
22.67860000000003
22.545000000000034
22.894300000000033
22.951200000000032
21.417900000000014
22.369900000000023
22.498500000000035
22.846800000000034
22.621800000000032
21.163700000000023
21.378600000000016
22.29340000000003
22.50910000000003
22.273900000000033
22.46440000000003
21.618100000000016
21.618100000000016
22.39730000000003
22.54960000000003
22.63020000000003
22.427800000000037
22.523800000000037
22.28020000000003
22.58370000000003
19.97950000000001
20.235100000000006
22.423300000000026
20.828400000000016
22.455700000000032
22.496500000000033
22.40870000000003
22.108100000000025
21.608000000000022
18.834899999999994
19.122099999999996
19.216199999999997
21.808500000000024
19.3467
19.075599999999998
17.35579999999998
17.563499999999983
17.25629999999998
17.33559999999997
16.35909999999997
15.687199999999969
15.853299999999967
15.853299999999967
15.89489999999997
15.37769999999997
15.691899999999967
14.652599999999975
14.724599999999974
14.518099999999974
14.126799999999974
14.254499999999975
13.613099999999974
13.47769999999998
12.87939999999998
13.847199999999974
12.499099999999983
22.14010000000003
13.569899999999974
12.73329999999998
13.409199999999977
12.172499999999982
12.74559999999998
12.74559999999998
11.335999999999986
10.692999999999987
11.389299999999986
11.461299999999985
10.39859999999999
10.505499999999989
10.505499999999989
10.522399999999989
10.059099999999992
9.495499999999995
9.165099999999997
9.334419999999996
9.668999999999993
9.956499999999991
9.556599999999994
9.238099999999998
8.8385
4.966700000000003
6.179000000000004
8.8708
8.8708
6.863800000000003
8.666599999999999
6.191100000000003
5.860700000000002
7.1635000000000035
7.1635000000000035
7.596700000000004
7.596700000000004
7.183220000000004
6.874800000000003
8.424600000000002
6.920800000000003
5.701900000000003
6.364600000000003
5.721600000000002
5.659400000000002
5.659400000000002
5.5664000000000025
5.5664000000000025
23.100900000000035
2.901300000000001
2.901300000000001
5.844300000000002
2.2264000000000004
2.2264000000000004
5.752300000000003
3.061300000000001
5.196100000000002
3.8988000000000005
4.725500000000001
4.007800000000001
22.948900000000037
2.9529000000000014
23.19560000000004
23.149100000000043
2.0708
2.860000000000001
22.500900000000033
2.3463000000000003
1.7901
5.158700000000002
1.5756999999999999
1.2084
21.866600000000023
21.853100000000023
22.48950000000003
23.213100000000036
23.213100000000036
22.756000000000032
18.291499999999985
23.61280000000004
22.608200000000036
22.29260000000003
22.967600000000033
23.220100000000038
22.937000000000033
22.74710000000003
23.342400000000044
7.346620000000004
22.920000000000037
22.168500000000037
10.533799999999989
10.533799999999989
10.01999999999999
10.01999999999999
23.031900000000046
22.27300000000003
22.31250000000003
