[0.5926659]
[0.5416279]
[0.5416279]
[0.5402616]
[0.5402616]
[0.5402616]
[0.53102475]
[0.5924568]
[0.5345766]
[0.5334147]
[0.58838654]
[0.5467878]
[0.5344613]
[0.5315184]
[0.5300076]
[0.5300076]
[0.5300076]
[0.5300076]
[0.5300076]
[0.5340461]
[0.5531327]
[0.573146]
[0.5216502]
[0.5387843]
[0.5177839]
[0.5805353]
[0.5817545]
[0.5817545]
[0.51092076]
[0.5077141]
[0.5661366]
[0.5648963]
[0.5648963]
[0.5648963]
[0.5648963]
[0.5648963]
[0.5648963]
[0.5648963]
[0.5648963]
[0.5648963]
[0.5648963]
[0.5648963]
[0.5648963]
[0.5648963]
[0.5648963]
[0.5648963]
[0.50987124]
[0.5093504]
[0.5093504]
[0.5093504]
[0.5093504]
[0.52276975]
[0.5620813]
[0.5620813]
[0.5620813]
[0.5620813]
[0.5671422]
[0.54430676]
[0.5089339]
[0.57793975]
[0.5678642]
[0.5283744]
[0.5089925]
[0.56620526]
[0.5002386]
[0.4949624]
[0.56849223]
[0.54383504]
[0.54383504]
[0.54383504]
[0.54383504]
[0.54383504]
[0.53285974]
[0.54404634]
[0.54404634]
[0.54404634]
[0.54404634]
[0.55307907]
[0.55307907]
[0.55307907]
[0.55307907]
[0.55307907]
[0.55307907]
[0.5096622]
[0.53055346]
[0.5630363]
[0.5630363]
[0.5630363]
[0.5630363]
[0.5359821]
[0.48725027]
[0.5077092]
[0.52774435]
[0.45262027]
[0.60586244]
[0.543343]
[0.543343]
[0.5583954]
[0.5583954]
[0.5583954]
[0.5583954]
[0.5583954]
[0.44916898]
[0.554468]
[0.554468]
[0.554468]
[0.53582054]
[0.51006716]
[0.55708176]
[0.55708176]
[0.55708176]
[0.55708176]
[0.55708176]
[0.5357219]
[0.5357219]
[0.4917759]
[0.4917759]
[0.4917759]
[0.45159906]
[0.53212994]
[0.51086]
[0.48328078]
[0.507277]
[0.45545968]
[0.527577]
[0.527577]
[0.527577]
[0.5441796]
[0.5575883]
[0.53215456]
[0.53215456]
[0.53215456]
[0.53215456]
[0.53215456]
[0.45223016]
[0.502989]
[0.502989]
[0.502989]
[0.502989]
[0.502989]
[0.502989]
[0.502989]
[0.502989]
[0.502989]
[0.502989]
[0.5401689]
[0.5386757]
[0.51853293]
[0.51853293]
[0.51853293]
[0.51853293]
[0.51853293]
[0.50732774]
[0.50732774]
[0.4336552]
[0.45319462]
[0.5152344]
[0.4999649]
[0.505159]
[0.48060706]
[0.5253543]
[0.5097985]
[0.5044391]
[0.52497435]
[0.52497435]
[0.49039003]
[0.49039003]
[0.49039003]
[0.49039003]
[0.5213613]
[0.5213613]
[0.5213613]
[0.52497435]
[0.5570377]
[0.5570377]
[0.463703]
[0.506543]
[0.5361375]
[0.5179082]
[0.45122644]
[0.49157467]
[0.49157467]
[0.48163754]
[0.50696176]
[0.4828623]
[0.5072792]
[0.4559261]
[0.5259785]
[0.529124]
[0.50798637]
[0.5055966]
[0.41671574]
[0.4742387]
[0.48499689]
[0.48499689]
[0.48499689]
[0.48499689]
[0.48499689]
[0.48499689]
[0.48499689]
[0.48499689]
[0.48499689]
[0.50545967]
[0.50545967]
[0.50545967]
[0.50545967]
[0.5344672]
[0.5072122]
[0.5248099]
[0.5248099]
[0.5248099]
[0.50317156]
[0.49023917]
[0.5043328]
[0.5043328]
[0.5043328]
[0.5043328]
[0.5043328]
[0.5043328]
[0.5043328]
[0.5225345]
[0.5086189]
[0.470943]
[0.511618]
[0.511618]
[0.511618]
[0.53587496]
[0.53587496]
[0.53587496]
[0.5050212]
[0.5050212]
[0.5050212]
[0.5050212]
[0.5050212]
[0.5050212]
[0.5050212]
[0.5050212]
[0.51301]
[0.45590636]
[0.45590636]
[0.45590636]
[0.45590636]
[0.45590636]
[0.45590636]
[0.45590636]
[0.520267]
[0.49409834]
[0.50895244]
[0.50895244]
[0.50895244]
[0.50895244]
[0.50895244]
[0.50895244]
[0.50895244]
[0.50895244]
[0.50895244]
[0.4597911]
[0.5011376]
[0.51541805]
[0.51541805]
[0.47582558]
[0.51933867]
[0.45388436]
[0.4929828]
[0.5394229]
[0.4484002]
[0.49084008]
[0.40923178]
[0.49681675]
[0.47602463]
[0.48432058]
[0.53118545]
[0.4773707]
[0.4773707]
[0.4773707]
[0.52626044]
[0.52626044]
[0.5107037]
[0.5050505]
[0.49819514]
[0.5065092]
[0.5332185]
[0.45380878]
[0.5050157]
[0.5138656]
[0.44740555]
[0.49216548]
[0.40496436]
[0.51919645]
[0.4828208]
[0.49757293]
[0.48038885]
[0.48038885]
[0.48038885]
[0.4840842]
[0.4840842]
[0.4840842]
[0.4840842]
[0.4840842]
[0.4840842]
[0.4840842]
[0.4840842]
[0.48547253]
[0.50445974]
[0.45346975]
[0.4538191]
[0.46836275]
[0.5093825]
[0.48602962]
[0.48602962]
[0.48602962]
[0.5072356]
[0.44833648]
[0.5044791]
[0.5044791]
[0.5044791]
[0.5025778]
[0.4778113]
[0.51772875]
[0.5052647]
[0.5258181]
[0.52176154]
[0.52176154]
[0.52176154]
[0.52176154]
[0.52176154]
[0.52176154]
[0.52176154]
[0.52176154]
[0.52176154]
[0.52176154]
[0.52176154]
[0.52176154]
[0.52176154]
[0.52176154]
[0.52176154]
[0.52176154]
[0.500984]
[0.47049734]
[0.47049734]
[0.44561842]
[0.48583928]
[0.45392075]
[0.40597233]
[0.45189878]
[0.48385698]
[0.51422787]
[0.48585054]
[0.46839762]
[0.46839762]
[0.46839762]
[0.51840276]
[0.51840276]
[0.51840276]
[0.51840276]
[0.48706356]
[0.52475744]
[0.51397234]
[0.5175462]
[0.44560346]
[0.44560346]
[0.44560346]
[0.44560346]
[0.41361284]
[0.49037766]
[0.4832652]
[0.4832652]
[0.49814853]
[0.47704133]
[0.46388415]
[0.48717716]
[0.44530842]
[0.4722741]
[0.45531154]
[0.4842106]
[0.41818395]
[0.39589575]
[0.5032011]
[0.3995022]
[0.44988245]
[0.43604413]
[0.4701401]
[0.4754472]
[0.5008904]
[0.49501386]
[0.46623063]
[0.41614485]
[0.40586543]
[0.4416354]
[0.4113512]
[0.41480097]
[0.48194814]
[0.5042118]
[0.4446049]
[0.44340688]
[0.4750803]
[0.42854074]
[0.45629185]
[0.37357152]
[0.4942849]
[0.42358437]
[0.4651337]
[0.45651305]
[0.39881736]
[0.49297115]
[0.4392888]
[0.48250443]
[0.44657454]
[0.47498062]
[0.45040706]
[0.44288227]
[0.4627018]
[0.4627018]
[0.45707187]
[0.3466442]
[0.39886907]
[0.5087042]
[0.39984244]
[0.4705782]
[0.42050412]
[0.42181662]
[0.39684922]
[0.41321734]
[0.4336497]
[0.41723526]
[0.5889461]
[0.42845]
[0.440538]
[0.40490657]
[0.4375789]
[0.45637932]
[0.37907314]
[0.39259538]
[0.4424582]
[0.37646732]
[0.45818081]
[0.45046344]
[0.43068653]
[0.40558857]
[0.402052]
[0.34607983]
[0.41244337]
[0.36251435]
[0.33825713]
[0.39449605]
[0.342822]
[0.40582147]
[0.5227802]
[0.37686938]
[0.40897748]
[0.42471138]
[0.3661441]
[0.40475893]
[0.3773465]
[0.38369733]
[0.37591514]
[0.3388419]
[0.41821912]
[0.34243634]
[0.33412343]
[0.33412343]
[0.564358]
[0.47742513]
[0.48703212]
[0.32180625]
[0.33785623]
[0.4280496]
[0.30430266]
[0.31167927]
[0.45060933]
[0.5302944]
[0.3177141]
[0.45189354]
[0.459274]
[0.4335361]
[0.28733736]
[0.28672522]
[0.2695533]
[0.26376313]
[0.27820972]
[0.50505733]
[0.55072236]
[0.23573798]
[0.3997867]
[0.4811498]
[0.47179747]
[0.47179747]
[0.47179747]
[0.28856516]
[0.45105883]
[0.5266678]
[0.49048144]
[0.4296204]
[0.4971746]
[0.40954378]
[0.50802743]
[0.46356174]
[0.47702378]
[0.45795834]
[0.41700575]
