5.565420000000005
5.6951000000000045
6.364800000000006
6.364800000000006
5.797220000000005
6.003420000000005
6.003420000000005
6.1657000000000055
5.917920000000005
5.7534200000000055
3.783000000000002
6.324220000000006
5.309400000000005
6.675000000000006
5.572600000000004
5.572600000000004
5.661120000000005
5.661120000000005
5.661120000000005
5.661120000000005
5.603220000000005
4.995070000000004
4.911220000000004
4.911220000000004
4.860020000000004
4.104320000000003
4.133800000000003
4.004000000000002
5.539900000000005
4.329820000000003
4.172720000000003
4.172720000000003
4.172720000000003
5.069200000000004
4.405200000000003
5.0549000000000035
4.969400000000004
4.969400000000004
4.551600000000003
4.551600000000003
4.120000000000003
4.120000000000003
3.2259000000000024
4.2680200000000035
5.147320000000004
4.401600000000004
3.220600000000001
4.474700000000002
6.956620000000005
4.397420000000002
5.053720000000005
5.062400000000005
4.490820000000004
3.8256000000000023
4.3038200000000035
3.914800000000003
3.861900000000003
6.946800000000007
3.9655000000000022
2.5865000000000014
5.375120000000004
3.978900000000003
3.978900000000003
3.978900000000003
3.7314200000000026
4.893920000000004
5.029920000000004
4.447900000000003
4.526700000000004
3.5203000000000024
5.309400000000005
4.498700000000003
4.336420000000003
4.336420000000003
4.336420000000003
4.336420000000003
4.336420000000003
4.336420000000003
4.336420000000003
4.336420000000003
4.336420000000003
4.336420000000003
4.336420000000003
5.3316000000000034
3.996220000000002
4.449600000000003
4.449600000000003
4.3263000000000025
5.289620000000004
5.289620000000004
5.289620000000004
6.247600000000006
5.318800000000005
5.530500000000004
4.310500000000004
3.430200000000001
5.675500000000004
5.461600000000005
4.333000000000003
3.6346000000000016
3.8378000000000023
3.916000000000003
4.272600000000003
4.655900000000004
3.8930000000000025
4.663500000000003
3.9425000000000026
3.9425000000000026
3.3389000000000015
3.3389000000000015
3.3389000000000015
3.3389000000000015
4.596100000000003
4.047920000000003
4.047920000000003
5.873020000000006
3.9090000000000025
6.337800000000005
3.416500000000002
3.238500000000002
3.238500000000002
2.8207000000000004
4.9287000000000045
3.950720000000002
5.419200000000004
4.134500000000003
3.662020000000002
3.662020000000002
3.277400000000002
3.277400000000002
3.277400000000002
3.277400000000002
3.277400000000002
3.277400000000002
3.277400000000002
3.277400000000002
3.277400000000002
3.277400000000002
3.277400000000002
3.277400000000002
3.277400000000002
4.554800000000004
3.9791000000000025
4.392120000000003
4.999220000000003
2.9685000000000015
2.9685000000000015
2.9685000000000015
3.2442200000000003
3.2442200000000003
3.2442200000000003
3.2442200000000003
2.9179000000000013
3.9966000000000026
3.676800000000001
2.63922
4.501120000000003
3.353600000000001
3.353600000000001
2.6724000000000006
1.7894999999999999
3.6061200000000015
4.565000000000002
3.0592000000000015
4.734320000000003
4.734320000000003
4.469300000000004
3.7036200000000017
4.554400000000004
3.7418000000000022
3.8729000000000022
3.982820000000003
2.7486000000000006
2.7486000000000006
2.7486000000000006
2.7486000000000006
3.037300000000002
2.9358000000000013
3.4022000000000023
2.8484000000000007
4.406000000000002
2.4871
4.538600000000003
3.446320000000002
3.446320000000002
3.818100000000002
3.818100000000002
2.518
3.499900000000002
3.917600000000003
4.630000000000003
3.409200000000002
3.409200000000002
3.409200000000002
4.099700000000004
3.3327000000000018
4.280700000000003
3.879900000000003
4.398620000000003
3.666000000000002
4.154100000000003
3.2977000000000016
4.149400000000003
3.9982000000000024
3.9982000000000024
3.9982000000000024
3.9982000000000024
3.9982000000000024
3.9982000000000024
3.9982000000000024
5.519020000000004
3.666000000000002
3.6620000000000017
4.308400000000003
3.7912200000000027
2.797200000000001
3.8321000000000023
4.864600000000004
3.1082200000000024
3.148220000000002
2.839800000000001
2.839800000000001
2.839800000000001
2.839800000000001
4.769120000000004
3.6698200000000023
3.823000000000002
3.1552200000000017
4.163000000000002
3.892400000000003
2.0853
2.0853
4.544500000000002
3.8321000000000023
2.4123
3.4728200000000022
3.113620000000002
3.113620000000002
3.113620000000002
3.113620000000002
3.113620000000002
4.392300000000003
4.220520000000002
3.733100000000002
3.5843200000000017
3.5337000000000023
3.7504200000000028
3.7504200000000028
3.7504200000000028
4.061700000000003
3.364600000000002
3.7530000000000023
3.7530000000000023
3.1098000000000017
3.3614000000000024
4.152620000000002
3.5275000000000025
2.2348
4.924220000000004
3.2821000000000016
3.2821000000000016
4.547400000000003
2.595700000000001
3.275900000000002
3.275900000000002
3.275900000000002
3.275900000000002
3.275900000000002
3.275900000000002
2.2490000000000006
2.2490000000000006
2.2490000000000006
2.2490000000000006
2.2490000000000006
2.2490000000000006
3.3340000000000014
3.3340000000000014
3.442000000000002
3.442000000000002
3.442000000000002
3.442000000000002
5.1471000000000044
2.5574200000000005
2.5574200000000005
2.5574200000000005
2.30344
2.30344
4.393900000000003
2.7692000000000014
3.451720000000002
3.7245000000000026
4.307700000000003
3.929700000000002
3.587480000000002
4.750400000000004
3.279720000000002
3.5055000000000023
1.8666999999999998
3.0281200000000013
2.8581000000000003
4.5294000000000025
5.289620000000004
5.289620000000004
4.844020000000003
3.900120000000003
3.373500000000001
3.598700000000002
2.7197000000000005
2.7197000000000005
4.773000000000004
3.5923000000000025
3.653800000000002
4.392900000000003
3.1942200000000014
3.718600000000002
2.6092200000000005
5.117920000000003
2.4549000000000003
3.589920000000003
1.8256999999999999
1.9545999999999997
2.8858000000000006
2.8858000000000006
2.8858000000000006
2.8858000000000006
1.8312
3.532300000000002
2.741900000000001
3.973900000000003
1.644
2.6579000000000006
4.373200000000003
2.8429200000000012
1.9428
3.06822
1.6866
3.900800000000002
4.370900000000003
2.4852
3.0854000000000017
1.9842
3.7428200000000027
4.880100000000003
3.1004000000000014
1.3921999999999999
1.3921999999999999
2.4679999999999995
3.060670000000001
3.6411000000000033
4.5455200000000024
2.748000000000001
3.5767200000000017
3.4750000000000023
4.030700000000002
1.4990999999999999
3.347800000000002
2.4249
2.283720000000001
3.2863000000000016
2.7010000000000014
2.18709
3.512400000000002
1.5818999999999996
4.768200000000003
2.086
3.5435000000000025
2.2308000000000003
2.893020000000001
3.044600000000001
4.197300000000004
4.562920000000003
3.084900000000001
4.382700000000003
3.586900000000002
4.928000000000003
2.950500000000001
3.7271000000000027
3.084900000000002
3.8963000000000028
2.8686000000000007
3.727300000000003
2.4108
3.431000000000002
3.9136200000000025
3.252900000000002
4.523620000000004
1.756
1.6704999999999999
3.104300000000001
2.8388800000000005
3.595820000000002
3.2127000000000017
1.5436999999999999
3.5756000000000023
1.6714000000000002
3.591700000000002
3.3853000000000018
3.0667000000000018
2.704500000000001
1.1136
4.932100000000004
2.6763000000000012
0.016600000000000004
1.3659
3.723900000000002
2.1386000000000003
2.570100000000001
4.405600000000003
3.6343000000000023
1.0237
3.192800000000001
2.5951000000000004
3.0355000000000016
2.8389000000000015
3.130200000000001
3.130200000000001
1.8926
3.190800000000002
2.5645000000000007
2.5645000000000007
2.54482
2.4221000000000004
3.513700000000002
1.9634
2.6149000000000004
2.5287000000000006
1.4574999999999998
2.2118
1.9504
2.814700000000001
1.7485
1.7485
2.798300000000001
1.1419
1.3584
1.3942
0.37129999999999996
1.0865
0.9845000000000002
0.9845000000000002
1.3687
3.1491000000000016
2.6039000000000003
4.434000000000003
2.0265999999999997
4.317620000000004
2.1178000000000003
1.5025
3.239200000000001
3.852300000000003
4.267300000000003
4.378620000000002
1.1164
1.1164
0.6448
3.5139000000000014
1.7393999999999998
0.8022
3.4524000000000017
1.1088
0.0040000000000000036
-0.1849
-0.1849
3.849400000000002
3.0154000000000014
3.436600000000001
3.337200000000002
2.6235999999999997
3.8934000000000024
-0.17039999999999988
3.035020000000002
2.7266000000000012
4.782720000000003
4.147000000000002
3.819300000000002
4.625400000000003
3.5463000000000013
3.4380000000000024
3.7646000000000024
4.389600000000002
3.369600000000002
3.740700000000003
2.6872999999999996
3.3683000000000023
5.002820000000004
3.1849100000000012
5.309400000000005
4.703800000000003
5.1677200000000045
3.874100000000002
4.961800000000005
5.206500000000005
4.886400000000004
4.452500000000002
4.678800000000004
3.781900000000002
3.561200000000002
2.6236000000000015
4.863800000000003
5.261600000000003
