[5.435407e-05]
[5.435407e-05]
[5.435407e-05]
[5.435407e-05]
[5.435407e-05]
[5.435407e-05]
[5.435407e-05]
[5.435407e-05]
[5.435407e-05]
[5.435407e-05]
[5.443582e-05]
[5.443582e-05]
[5.443582e-05]
[5.443582e-05]
[5.443582e-05]
[5.443582e-05]
[5.443582e-05]
[5.443582e-05]
[5.443582e-05]
[5.443582e-05]
[5.443582e-05]
[5.443582e-05]
[5.443582e-05]
[5.443582e-05]
[5.443582e-05]
[5.443582e-05]
[5.443582e-05]
[5.443582e-05]
[5.443582e-05]
[5.443582e-05]
[5.443582e-05]
[5.443582e-05]
[5.443582e-05]
[5.443582e-05]
[5.443582e-05]
[5.443582e-05]
[5.443582e-05]
[5.443582e-05]
[5.443582e-05]
[5.443582e-05]
[5.443582e-05]
[5.443582e-05]
[5.443582e-05]
[5.443582e-05]
[5.443582e-05]
[5.443582e-05]
[5.443582e-05]
[5.443582e-05]
[5.443582e-05]
[5.443582e-05]
[5.443582e-05]
[5.443582e-05]
[5.443582e-05]
[5.443582e-05]
[5.443582e-05]
[5.443582e-05]
[5.443582e-05]
[5.443582e-05]
[5.443582e-05]
[5.443582e-05]
[5.443582e-05]
[5.443582e-05]
[5.443582e-05]
[5.443582e-05]
[5.443582e-05]
[5.443582e-05]
[5.443582e-05]
[5.443582e-05]
[5.443582e-05]
[5.443582e-05]
[5.443582e-05]
[5.443582e-05]
[5.443582e-05]
[5.443582e-05]
[5.443582e-05]
[5.443582e-05]
[5.443582e-05]
[5.443582e-05]
[5.443582e-05]
[5.443582e-05]
[5.443582e-05]
[5.443582e-05]
[5.443582e-05]
[5.443582e-05]
[5.443582e-05]
[5.443582e-05]
[5.443582e-05]
[5.443582e-05]
[5.443582e-05]
[5.443582e-05]
[5.443582e-05]
[5.443582e-05]
[5.443582e-05]
[5.443582e-05]
[5.443582e-05]
[5.4565335e-05]
[5.410563e-05]
[5.4392334e-05]
[5.4392334e-05]
[5.4392334e-05]
[5.4392334e-05]
[5.4392334e-05]
[5.4392334e-05]
[5.4507505e-05]
[5.4507505e-05]
[5.4507505e-05]
[5.4507505e-05]
[5.4507505e-05]
[5.4507505e-05]
[5.4507505e-05]
[5.4507505e-05]
[5.4507505e-05]
[5.4507505e-05]
[5.4507505e-05]
[5.4507505e-05]
[5.4507505e-05]
[5.4507505e-05]
[5.4507505e-05]
[5.4507505e-05]
[5.4507505e-05]
[5.4507505e-05]
[5.4507505e-05]
[5.4507505e-05]
[5.4507505e-05]
[5.4507505e-05]
[5.4507505e-05]
[5.4507505e-05]
[5.4507505e-05]
[5.4507505e-05]
[5.4507505e-05]
[5.4507505e-05]
[5.4507505e-05]
[5.4507505e-05]
[5.4507505e-05]
[5.4507505e-05]
[5.4507505e-05]
[5.4507505e-05]
[5.4507505e-05]
[5.4507505e-05]
[5.4507505e-05]
[5.4507505e-05]
[5.4507505e-05]
[5.4507505e-05]
[5.4507505e-05]
[5.4507505e-05]
[5.4507505e-05]
[5.4507505e-05]
[5.4507505e-05]
[5.4507505e-05]
[5.4507505e-05]
[5.4507505e-05]
[5.4507505e-05]
[5.4507505e-05]
[5.4507505e-05]
[5.4507505e-05]
[5.4507505e-05]
[5.4507505e-05]
[5.4507505e-05]
[5.4507505e-05]
[5.4507505e-05]
[5.4507505e-05]
[5.4507505e-05]
[5.4507505e-05]
[5.4507505e-05]
[5.4507505e-05]
[5.4507505e-05]
[5.4507505e-05]
[5.4507505e-05]
[5.4507505e-05]
[5.4507505e-05]
[5.4507505e-05]
[5.4507505e-05]
[5.4507505e-05]
[5.4507505e-05]
[5.4507505e-05]
[5.4507505e-05]
[5.4507505e-05]
[5.4507505e-05]
[5.4507505e-05]
[5.4507505e-05]
[5.4507505e-05]
[5.4507505e-05]
[5.4507505e-05]
[5.4507505e-05]
[5.4507505e-05]
[5.4507505e-05]
[5.4507505e-05]
[5.4507505e-05]
[5.4507505e-05]
[5.4507505e-05]
[5.4507505e-05]
[5.4507505e-05]
[5.4507505e-05]
[5.4507505e-05]
[5.4507505e-05]
[5.4507505e-05]
[5.4507505e-05]
[5.4507505e-05]
[5.4507505e-05]
[5.4507505e-05]
[5.4507505e-05]
[5.4507505e-05]
[5.4507505e-05]
[5.4507505e-05]
[5.4507505e-05]
[5.4507505e-05]
[5.4507505e-05]
[5.4507505e-05]
[5.4507505e-05]
[5.4507505e-05]
[5.4507505e-05]
[5.4507505e-05]
[5.4507505e-05]
[5.4507505e-05]
[5.4507505e-05]
[5.4507505e-05]
[5.4507505e-05]
[5.4507505e-05]
[5.4507505e-05]
[5.4507505e-05]
[5.4507505e-05]
[5.4507505e-05]
[5.4507505e-05]
[5.4507505e-05]
[5.4507505e-05]
[5.4507505e-05]
[5.4507505e-05]
[5.4507505e-05]
[5.4507505e-05]
[5.4507505e-05]
[5.4507505e-05]
[5.4507505e-05]
[5.4507505e-05]
[5.4507505e-05]
[5.4507505e-05]
[5.4507505e-05]
[5.4507505e-05]
[5.4507505e-05]
[5.4507505e-05]
[5.4507505e-05]
[5.4507505e-05]
[5.4507505e-05]
[5.4507505e-05]
[5.4507505e-05]
[5.4507505e-05]
[5.4507505e-05]
[5.4507505e-05]
[5.4507505e-05]
[5.4507505e-05]
[5.4507505e-05]
[5.4507505e-05]
[5.4507505e-05]
[5.4507505e-05]
[5.4507505e-05]
[5.4507505e-05]
[5.4507505e-05]
[5.4507505e-05]
[5.4507505e-05]
[5.4507505e-05]
[5.4507505e-05]
[5.4507505e-05]
[5.4507505e-05]
[5.4507505e-05]
[5.4507505e-05]
[5.4507505e-05]
[5.4507505e-05]
[5.4507505e-05]
[5.4507505e-05]
[5.4507505e-05]
[5.4507505e-05]
[5.4507505e-05]
[5.4507505e-05]
[5.4507505e-05]
[5.4507505e-05]
[5.4507505e-05]
[5.4507505e-05]
[5.4507505e-05]
[5.4507505e-05]
[5.4507505e-05]
[5.4507505e-05]
[5.4507505e-05]
[5.4507505e-05]
[5.4507505e-05]
[5.4507505e-05]
[5.4507505e-05]
[5.4507505e-05]
[5.4507505e-05]
[5.4507505e-05]
[5.4507505e-05]
[5.4507505e-05]
[5.4507505e-05]
[5.4507505e-05]
[5.4507505e-05]
[5.4507505e-05]
[5.4507505e-05]
[5.4507505e-05]
[5.4507505e-05]
[5.4507505e-05]
[5.4507505e-05]
[5.4507505e-05]
[5.4507505e-05]
[5.4507505e-05]
[5.4507505e-05]
[5.4507505e-05]
[5.4507505e-05]
[5.4507505e-05]
[5.4507505e-05]
[5.4507505e-05]
[5.4507505e-05]
[5.4507505e-05]
[5.4507505e-05]
[5.4507505e-05]
[5.4507505e-05]
[5.4507505e-05]
[5.4507505e-05]
[5.4507505e-05]
[5.4507505e-05]
[5.4507505e-05]
[5.4507505e-05]
[5.4507505e-05]
[5.4507505e-05]
[5.4507505e-05]
[5.4507505e-05]
[5.4507505e-05]
[5.4507505e-05]
[5.4507505e-05]
[5.4507505e-05]
[5.4507505e-05]
[5.4507505e-05]
[5.4507505e-05]
[5.4507505e-05]
[5.4507505e-05]
[5.390087e-05]
[5.390087e-05]
[5.390087e-05]
[5.302085e-05]
[5.302085e-05]
[5.4854478e-05]
[5.4854478e-05]
[5.4854478e-05]
[5.4616667e-05]
[5.3796834e-05]
[5.384025e-05]
[5.384025e-05]
[5.4989705e-05]
[5.4989705e-05]
[5.4989705e-05]
[5.4989705e-05]
[5.4989705e-05]
[5.4989705e-05]
[5.4989705e-05]
[5.4989705e-05]
[5.4989705e-05]
[5.4989705e-05]
[5.4989705e-05]
[5.4989705e-05]
[5.4989705e-05]
[5.4989705e-05]
[5.4989705e-05]
[5.4989705e-05]
[5.4989705e-05]
[5.4989705e-05]
[5.4989705e-05]
[5.4989705e-05]
[5.4989705e-05]
[5.4989705e-05]
[5.4989705e-05]
[5.4989705e-05]
[5.4989705e-05]
[5.4989705e-05]
[5.4989705e-05]
[5.4989705e-05]
[5.4989705e-05]
[5.4989705e-05]
[5.4989705e-05]
[5.4989705e-05]
[5.4989705e-05]
[5.4989705e-05]
[5.4989705e-05]
[5.4989705e-05]
[5.4989705e-05]
[5.4989705e-05]
[5.4989705e-05]
[5.4989705e-05]
[5.4989705e-05]
[5.4989705e-05]
[5.4989705e-05]
[5.4989705e-05]
[5.4989705e-05]
[5.4989705e-05]
[5.4989705e-05]
[5.4989705e-05]
[5.4989705e-05]
[5.4989705e-05]
[5.4989705e-05]
[5.4989705e-05]
[5.4989705e-05]
[5.4989705e-05]
[5.4989705e-05]
[5.4989705e-05]
[5.4989705e-05]
[5.4989705e-05]
[5.4989705e-05]
[5.4989705e-05]
[5.4989705e-05]
[5.4989705e-05]
[5.4989705e-05]
[5.4989705e-05]
[5.4989705e-05]
[5.4989705e-05]
[5.4989705e-05]
[5.4989705e-05]
[5.4989705e-05]
[5.4989705e-05]
[5.4989705e-05]
[5.4989705e-05]
[5.4989705e-05]
[5.4989705e-05]
[5.498971e-05]
[5.4989705e-05]
[5.4989705e-05]
[5.4989705e-05]
[5.4989705e-05]
[5.4989705e-05]
[5.4989705e-05]
[5.4989705e-05]
[5.4989705e-05]
[5.4989705e-05]
[5.4989705e-05]
[5.4989705e-05]
[5.4989705e-05]
[5.4989705e-05]
[5.4989705e-05]
[5.4989705e-05]
[5.4989705e-05]
[5.4989705e-05]
[5.4989705e-05]
[5.4989705e-05]
[5.4989705e-05]
[5.4989705e-05]
[5.4989705e-05]
[5.4989705e-05]
[5.4989705e-05]
[5.4989705e-05]
[5.4989705e-05]
[5.4989705e-05]
[5.4989705e-05]
[5.4989705e-05]
[5.4989705e-05]
[5.4989705e-05]
[5.4989705e-05]
[5.4989705e-05]
[5.4989705e-05]
[5.4989705e-05]
[5.4989705e-05]
[5.4989705e-05]
[5.4989705e-05]
[5.4989705e-05]
[5.4989705e-05]
[5.4989705e-05]
[5.4989705e-05]
[5.4989705e-05]
[5.4989705e-05]
[5.4989705e-05]
[5.4989705e-05]
[5.4989705e-05]
[5.4989705e-05]
[5.555177e-05]
[5.4460634e-05]
[6.051581e-05]
[5.3120446e-05]
[5.4460634e-05]
[5.387076e-05]
[5.662814e-05]
[5.521766e-05]
[6.0750797e-05]
[5.3495616e-05]
[5.3495616e-05]
[6.56505e-05]
[5.454057e-05]
[5.309948e-05]
[5.5957556e-05]
[5.882949e-05]
[5.882949e-05]
[6.063261e-05]
[0.00062266]
[0.00074277]
[0.00074751]
[0.00074751]
[0.00074751]
[6.8688554e-05]
[6.6087305e-05]
[5.6709097e-05]
[0.00090391]
[0.00022416]
[0.00303895]
[0.01022762]
[5.4331264e-05]
[5.7001227e-05]
[5.9598344e-05]
