4.670096286061598
4.579951566965061
4.504311939129279
4.602161165331296
4.75691709907124
4.446121062007419
4.697662220676585
4.700364886697159
4.506859414419819
4.506859414419819
4.506859414419819
4.506859414419819
4.506859414419819
4.506859414419819
4.506859414419819
4.506859414419819
4.506859414419819
4.506859414419819
4.83210624790389
4.4438920375428115
4.4438920375428115
4.680438306767797
4.680438306767797
4.680438306767797
4.680438306767797
4.680438306767797
4.680438306767797
4.680438306767797
4.680438306767797
4.680438306767797
4.680438306767797
4.680438306767797
4.680438306767797
4.680438306767797
4.680438306767797
4.680438306767797
4.680438306767797
4.577866951657512
4.577866951657512
4.577866951657512
4.734199616759481
4.661963718351453
4.661963718351453
4.661963718351453
4.661963718351453
4.746037398286391
4.746037398286391
4.746037398286391
4.746037398286391
4.746037398286391
4.746037398286391
4.746037398286391
4.746037398286391
4.746037398286391
4.746037398286391
4.746037398286391
4.530908704901448
4.530908704901448
4.994440178204061
4.675726790357318
4.675726790357318
4.675726790357318
4.675726790357318
4.63725799804916
4.63725799804916
4.63725799804916
4.63725799804916
4.63725799804916
4.63725799804916
4.63725799804916
4.63725799804916
4.63725799804916
4.63725799804916
4.63725799804916
4.63725799804916
4.63725799804916
4.63725799804916
4.63725799804916
4.63725799804916
4.63725799804916
4.63725799804916
4.63725799804916
4.63725799804916
4.63725799804916
4.63725799804916
4.63725799804916
4.63725799804916
4.63725799804916
4.63725799804916
4.63725799804916
4.923263007317831
4.923263007317831
4.923263007317831
4.923263007317831
4.923263007317831
4.923263007317831
4.923263007317831
4.923263007317831
4.923263007317831
4.923263007317831
4.524546348117127
4.524546348117127
4.524546348117127
4.524546348117127
4.524546348117127
4.462696485524586
4.462696485524586
4.462696485524586
4.462696485524586
4.462696485524586
4.462696485524586
4.462696485524586
4.462696485524586
4.462696485524586
4.462696485524586
4.462696485524586
4.462696485524586
4.462696485524586
4.462696485524586
4.462696485524586
4.462696485524586
4.462696485524586
4.462696485524586
4.462696485524586
4.462696485524586
4.462696485524586
4.462696485524586
4.462696485524586
4.462696485524586
4.462696485524586
4.462696485524586
4.462696485524586
4.462696485524586
4.462696485524586
4.462696485524586
4.462696485524586
4.462696485524586
4.462696485524586
4.462696485524586
4.462696485524586
4.462696485524586
4.462696485524586
4.462696485524586
4.462696485524586
4.462696485524586
4.462696485524586
4.462696485524586
4.462696485524586
4.462696485524586
5.010774583285326
4.920473637813468
4.694749322692241
4.583630282704473
4.583630282704473
4.663241730604687
4.702503637548146
4.8466870611666195
4.6965461101959765
4.8860040065008565
4.412453520025224
4.701235587590752
4.59362891638585
4.59362891638585
4.59362891638585
4.59362891638585
4.59362891638585
4.564112754750342
4.630847059568081
4.628698691271357
4.628698691271357
4.448907339352152
4.591286576866267
4.7280866068300575
4.707118212874816
4.707118212874816
4.707118212874816
4.707118212874816
4.462441018362496
4.462441018362496
4.462441018362496
4.680138650325929
4.78036599064799
4.709962180774831
4.657520988685358
4.396250569011341
4.396250569011341
4.396250569011341
4.416170240846844
4.346452247333021
4.368810340374146
4.368810340374146
4.368810340374146
4.370129099147826
4.692116745429927
4.8932811432167735
4.8932811432167735
4.8932811432167735
4.8932811432167735
4.8932811432167735
4.8932811432167735
4.687902013467266
4.650274707866698
4.616742908416148
4.509638043444066
4.752920501706274
4.74760570162046
4.6552892631334615
4.796894067648792
4.796894067648792
4.796894067648792
4.796894067648792
4.654486427159741
4.624621467581953
4.672187912565164
4.61629664827409
4.709023196877686
4.626011054390922
4.400838680899454
4.841449137780954
4.490072037577457
4.768435435776853
4.615676917194525
4.573938238282689
4.821019742733848
4.917254584514216
4.645577592589868
4.645577592589868
4.645577592589868
4.531560222904414
4.903293071113637
4.825624024414151
4.70800960342257
4.828223742702173
4.83159654661651
4.6141391975166055
4.54735239073658
4.601950681876218
4.340277327135452
4.666673344832011
4.450233317813984
4.936559879679175
4.466451919168522
4.336938409807263
4.842650122086904
4.597869323586682
4.80573002645207
4.806567356567649
4.846955808190531
4.708206927375519
4.77156591390428
4.7957337213943525
5.0181969361022585
5.045568291546887
4.544431362916864
4.544431362916864
4.780589346778427
5.047892083434903
4.606495650374111
4.232675900121139
4.935859556006694
4.708794191236755
4.468620335319576
4.537131153745442
4.658717756428322
4.444459147784882
4.444459147784882
4.444459147784882
4.888348256248435
4.619427092671351
4.76668840009801
4.600915988419105
5.00031150383541
4.6168396862459415
4.461641826068242
4.667416215556276
4.780605448736014
4.878768017939473
4.629321416018394
4.3697130963221325
4.961636767736811
4.654463604539588
4.798279621341793
4.641013200607773
4.922773177132358
5.2609846422089
4.787654608873526
4.673930224621046
4.69682734943134
4.402244426651035
4.3206977117067495
4.455147667023729
4.754380650261279
4.811059968628777
4.749228606390668
4.502091075356791
4.419137027980604
4.558608239747276
4.916025726699639
4.692017698525676
4.603652035759996
4.56594198092934
5.008680718026284
4.732350184506247
4.635785818538926
4.751170520795116
4.99852900064453
4.825349598209224
4.700621535655474
5.000061502843806
4.65320164451011
4.948357126574367
5.1679279136945855
4.635626992213517
4.992181398037553
4.7172053311460544
4.7172053311460544
4.537739902905089
4.510077220354657
4.6291302609328575
4.7756780704800175
4.7756780704800175
4.454392840506976
4.5987044834269195
4.7077177760195585
4.946762090749796
4.723369239999691
4.6732963327549015
5.016254586053143
4.647418267491356
5.15902802025641
4.735100693491259
4.618065212035649
4.9082778517071475
4.77979662396113
4.740912347204487
5.306203068218834
5.095842626241784
5.21372326089163
4.885392505024354
4.7991752023090815
5.239852234261029
5.250639472828912
5.616526822265769
4.455895702983957
4.30761234701435
5.396621589936222
5.377373377799122
4.835708509745405
4.526558599149242
5.316247033462506
4.592516447903411
5.402143351824802
4.788185576149264
5.354560687104774
5.609156237569185
5.609156237569185
4.783945888143638
5.733798148044231
5.387327990839397
4.736353445525799
4.736353445525799
4.447317296763937
6.020169007540414
4.4498126364696
4.194583669399272
4.109218225997493
4.428546761028146
3.9762294224426604
4.605580636837331
4.131620498543466
4.355459000047736
4.4218009131833735
3.8851219688119425
4.341006981348203
3.729095879788032
3.77795240582301
4.117029947230739
3.5008286057211055
3.7565636735897616
3.9159481720190765
3.9159481720190765
3.8701096195357074
3.7338264777732135
3.8401912707275914
4.14284094310891
3.989571172660943
3.892273631316197
3.8268662187525386
4.251045560366828
3.917907750982762
4.0599361401893255
3.8163749794344195
3.7512605626454585
3.3812821448954704
3.4835951303178643
4.055657436583525
3.5948447161166808
3.9290511963824146
5.868476923076923
4.024342965738452
3.8416401873622634
3.3482058367257332
6.667815384615385
3.5625641727785267
3.366085737878029
3.72876405225475
3.72876405225475
3.7859564343860743
2.812602999956411
3.789220179496918
3.5930767700822823
3.4793055855155526
3.736343738408073
3.6225685218318784
3.6267068907094115
3.9878131050479606
3.8348016755855525
3.1428579962203163
3.1428579962203163
2.97850598106783
3.280989475210763
3.280989475210763
3.72729926404873
3.72729926404873
3.2907431762267283
3.905139956240313
3.4659949904502394
3.6232045603917307
3.567697825731189
3.5999237078076325
3.3358632978542992
3.3358632978542992
3.437092511626707
3.3279535781927354
2.608737858935072
3.451360001151004
4.015052080540807
3.4195756540162314
3.2847488579130166
3.193645818583864
3.1047583745305305
2.7372143552493498
2.7372143552493498
3.2622515376797168
3.6384396929175837
2.4667574200326587
3.1158513756647013
2.3685959669871277
2.960842585842366
3.251073412468667
2.8968934190489932
3.108490026485133
2.7176109015664753
3.5849593499806467
2.4082640700666165
1.1518802358387852
1.5445545429082337
1.5445545429082337
2.738080115558061
2.5773981224938094
1.0
1.0
2.2285402039417743
2.477577379946455
2.1478777556520683
2.218841527364228
1.659109300809794
1.659109300809794
1.659109300809794
2.532134751290899
2.3384812616634267
3.493906146769959
3.040964730942676
3.1638132405938526
3.4521952464431074
4.92589143304704
4.119591547098136
4.736459859062153
5.72335487709531
5.627403705882953
4.64083522658885
6.060458711037135
5.806978673916668
4.560698410550443
5.573296605611163
4.801099568009169
5.155689173699786
4.5236507529212915
5.7608337568225245
5.817913526655898
3.7559111996427514
5.621397023235558
5.2331520102225015
5.211733923711088
3.7925066501650857
5.278444309127999
5.569243293037154
5.1459747900359565
5.289047771183485
4.705794837515922
