22.376000000000033
22.376000000000033
22.376000000000033
22.14720000000003
21.89180000000003
22.126100000000022
21.98590000000003
21.89180000000003
21.731920000000027
21.731920000000027
21.731920000000027
21.988400000000027
21.757100000000026
21.757100000000026
21.757100000000026
21.92070000000003
21.92070000000003
21.78500000000002
21.850500000000025
21.666900000000023
21.91220000000003
21.848100000000027
21.56410000000002
21.56410000000002
21.56410000000002
21.56410000000002
21.56410000000002
21.56410000000002
21.56410000000002
21.56410000000002
21.56410000000002
21.823500000000024
21.403100000000023
21.620100000000026
21.90860000000003
21.90860000000003
21.90860000000003
21.90860000000003
21.90860000000003
21.916900000000034
21.626500000000025
21.742500000000028
21.892500000000027
21.892500000000027
21.94770000000003
21.952200000000026
21.56130000000002
21.33140000000002
21.670700000000025
21.825400000000027
21.579100000000025
21.394900000000018
22.30070000000003
21.90810000000003
21.851800000000033
21.581000000000024
21.39100000000002
21.174000000000017
21.690900000000028
21.24390000000002
21.076900000000016
21.24050000000002
21.15210000000002
21.15210000000002
21.550400000000025
21.550400000000025
21.140000000000015
21.453700000000023
21.15210000000002
21.228400000000022
21.19150000000002
21.304000000000016
21.304000000000016
21.304000000000016
21.304000000000016
21.304000000000016
21.376100000000022
20.959100000000014
21.419800000000023
21.015100000000018
21.29460000000002
21.29460000000002
21.432100000000023
21.512700000000024
21.512700000000024
21.34660000000002
21.34660000000002
21.34660000000002
21.28400000000002
20.853800000000017
20.93530000000002
22.11380000000003
22.11380000000003
20.870500000000014
20.870500000000014
20.871600000000015
21.179500000000022
21.443300000000022
20.672200000000014
20.672200000000014
20.672200000000014
20.755600000000012
20.755600000000012
20.755600000000012
21.099500000000017
21.023100000000017
21.023100000000017
21.023100000000017
21.51220000000002
20.625000000000014
21.356600000000018
20.888220000000018
20.838700000000017
21.12260000000002
20.638900000000014
21.180070000000015
20.480500000000013
21.57610000000002
20.363600000000012
21.62170000000003
21.006400000000017
20.665800000000015
20.665800000000015
20.665800000000015
20.665800000000015
20.62380000000001
21.521600000000024
21.521600000000024
21.19080000000002
3.377100000000002
20.487100000000012
20.71480000000001
20.786300000000015
20.330900000000007
20.466900000000013
20.666400000000014
20.804900000000018
20.385420000000014
20.689600000000016
20.08610000000001
21.16750000000002
21.081400000000016
20.964200000000012
3.557800000000002
3.557800000000002
3.557800000000002
3.557800000000002
3.557800000000002
20.370000000000005
20.04050000000001
20.274600000000007
20.08760000000001
20.267100000000013
20.127900000000007
21.162400000000016
20.881900000000016
20.187200000000008
20.44080000000001
20.30040000000001
20.196300000000008
3.1591000000000014
19.946700000000007
20.239300000000007
2.5012999999999996
20.010700000000003
19.7475
20.915900000000015
2.996600000000001
2.996600000000001
2.996600000000001
2.996600000000001
2.996600000000001
2.996600000000001
2.996600000000001
2.996600000000001
2.996600000000001
2.996600000000001
2.996600000000001
2.996600000000001
2.996600000000001
2.996600000000001
2.996600000000001
3.1133000000000006
3.1133000000000006
3.1133000000000006
19.3964
18.550199999999993
3.7138000000000018
19.506999999999998
3.279600000000001
3.4819000000000013
3.4819000000000013
3.4819000000000013
3.4819000000000013
3.4819000000000013
3.4819000000000013
3.4819000000000013
3.4819000000000013
3.4819000000000013
3.4819000000000013
3.4819000000000013
3.4819000000000013
3.4819000000000013
3.4819000000000013
3.4819000000000013
3.4819000000000013
3.4819000000000013
3.4819000000000013
3.4819000000000013
3.4819000000000013
3.4819000000000013
3.4819000000000013
3.4819000000000013
3.4819000000000013
3.4819000000000013
3.4819000000000013
3.4819000000000013
3.4819000000000013
3.4819000000000013
3.4819000000000013
3.4819000000000013
3.4819000000000013
3.4819000000000013
3.4819000000000013
3.4819000000000013
3.4819000000000013
3.4819000000000013
3.4819000000000013
3.4819000000000013
3.4819000000000013
3.4819000000000013
3.4819000000000013
3.4819000000000013
3.4819000000000013
3.4819000000000013
3.4819000000000013
3.4819000000000013
3.4819000000000013
3.4819000000000013
3.4819000000000013
19.215
20.66930000000001
3.143600000000001
4.085700000000002
4.085700000000002
4.085700000000002
4.085700000000002
4.085700000000002
4.085700000000002
4.085700000000002
4.085700000000002
4.085700000000002
4.085700000000002
4.085700000000002
4.085700000000002
4.085700000000002
4.085700000000002
4.085700000000002
4.085700000000002
4.085700000000002
4.085700000000002
4.085700000000002
4.085700000000002
4.085700000000002
4.085700000000002
4.085700000000002
4.085700000000002
4.085700000000002
4.085700000000002
4.085700000000002
4.085700000000002
4.085700000000002
4.085700000000002
4.085700000000002
4.085700000000002
4.085700000000002
4.085700000000002
4.085700000000002
4.085700000000002
4.085700000000002
4.085700000000002
4.085700000000002
4.085700000000002
4.085700000000002
4.085700000000002
4.085700000000002
4.085700000000002
4.085700000000002
4.085700000000002
4.085700000000002
4.085700000000002
4.085700000000002
4.085700000000002
4.085700000000002
4.085700000000002
4.085700000000002
4.085700000000002
4.085700000000002
3.702600000000002
3.702600000000002
18.166699999999988
3.4179000000000013
3.4179000000000013
3.4179000000000013
3.4179000000000013
3.4179000000000013
3.4179000000000013
3.4179000000000013
3.4179000000000013
3.4179000000000013
3.4179000000000013
3.4179000000000013
3.4179000000000013
3.4179000000000013
3.4179000000000013
3.4179000000000013
3.4179000000000013
3.4179000000000013
3.4179000000000013
3.4179000000000013
3.4179000000000013
3.4179000000000013
3.4179000000000013
3.4179000000000013
3.4179000000000013
3.4179000000000013
3.4179000000000013
3.4179000000000013
3.4179000000000013
3.4179000000000013
3.4179000000000013
3.4179000000000013
3.4179000000000013
3.4179000000000013
3.4179000000000013
3.4179000000000013
3.4179000000000013
3.4179000000000013
3.4179000000000013
3.4179000000000013
3.4179000000000013
3.4179000000000013
3.4179000000000013
3.4179000000000013
3.4179000000000013
3.4179000000000013
3.4179000000000013
3.4179000000000013
3.4179000000000013
3.4179000000000013
3.4179000000000013
3.4179000000000013
3.4179000000000013
3.4179000000000013
3.4179000000000013
3.4179000000000013
3.4179000000000013
3.4179000000000013
3.4179000000000013
3.4179000000000013
3.4179000000000013
3.4179000000000013
3.4179000000000013
3.4179000000000013
3.4179000000000013
3.4179000000000013
3.4179000000000013
3.4179000000000013
3.4179000000000013
3.4053000000000013
3.709900000000002
3.095600000000001
3.778900000000002
16.55639999999997
3.6320000000000014
1.6313999999999997
3.6094000000000026
4.418400000000004
4.699700000000002
4.699700000000002
4.699700000000002
4.699700000000002
4.699700000000002
4.699700000000002
4.699700000000002
4.699700000000002
4.699700000000002
4.699700000000002
4.699700000000002
4.699700000000002
4.699700000000002
4.699700000000002
4.699700000000002
4.699700000000002
4.699700000000002
4.699700000000002
4.699700000000002
3.9055000000000026
3.2658000000000014
3.2658000000000014
3.2658000000000014
3.2658000000000014
3.2658000000000014
3.2658000000000014
4.191400000000002
4.191400000000002
15.649799999999964
4.094700000000002
4.094700000000002
4.094700000000002
4.094700000000002
15.282799999999966
3.0916000000000015
15.994599999999961
3.413500000000001
14.892699999999968
3.1480000000000015
15.113999999999969
3.273200000000001
3.273200000000001
3.150800000000001
5.072300000000004
13.915499999999968
13.856699999999973
3.3141000000000016
2.0375
2.2704999999999997
2.9225000000000003
5.934700000000005
5.544600000000004
4.128200000000002
2.5619000000000005
13.477099999999975
3.400900000000002
13.234299999999976
4.017300000000002
2.7735000000000007
14.845599999999969
12.834699999999977
4.706500000000003
3.5803000000000016
3.849700000000002
12.187699999999982
21.130000000000017
2.5551000000000004
3.004600000000001
21.70410000000002
11.798199999999982
12.494499999999977
10.219899999999992
10.219899999999992
9.636999999999995
6.375200000000005
4.0134000000000025
3.459600000000002
3.738100000000002
11.466899999999985
3.6956000000000016
3.625700000000001
9.887599999999994
1.8064
3.856900000000003
0.9758
2.6832000000000003
2.588400000000001
0.6499
20.238200000000006
2.2215999999999996
1.0262
4.186700000000003
3.0490000000000013
3.0490000000000013
3.076500000000002
4.306300000000003
2.5890000000000004
2.587300000000001
0.9360999999999999
3.501500000000002
10.43439999999999
1.9387999999999999
3.695500000000001
2.1943
0.546
10.085099999999992
2.6605
3.8781000000000025
20.605300000000014
21.31860000000002
21.36180000000002
3.0635000000000017
2.9039000000000015
20.603000000000005
20.874500000000015
19.95960000000001
4.094100000000004
3.202300000000002
21.232000000000024
20.843400000000017
10.189799999999991
21.061100000000017
