[0.00861436]
[0.00861436]
[0.00861436]
[0.00861436]
[0.00861611]
[0.00861611]
[0.00861611]
[0.00861611]
[0.00861611]
[0.00861611]
[0.00861611]
[0.00861611]
[0.00861611]
[0.00861611]
[0.00861611]
[0.00861611]
[0.00861611]
[0.00861611]
[0.00861611]
[0.00861611]
[0.00861611]
[0.00861611]
[0.00861611]
[0.00861611]
[0.00861611]
[0.00861611]
[0.00861611]
[0.00861611]
[0.00861611]
[0.00861611]
[0.00861611]
[0.00861611]
[0.00861611]
[0.00861611]
[0.00861611]
[0.00861611]
[0.00861611]
[0.00861462]
[0.00861825]
[0.00861441]
[0.00861462]
[0.00861846]
[0.00861846]
[0.00861846]
[0.00861846]
[0.00861846]
[0.00861846]
[0.00861846]
[0.00861846]
[0.00861846]
[0.00861846]
[0.00861846]
[0.00861846]
[0.00861846]
[0.00861846]
[0.00861846]
[0.00861846]
[0.00861846]
[0.00861846]
[0.00861846]
[0.00861846]
[0.00861846]
[0.00861846]
[0.00861846]
[0.00861846]
[0.00861846]
[0.00861846]
[0.00861846]
[0.00861846]
[0.00861846]
[0.00861846]
[0.00861367]
[0.00861367]
[0.00861367]
[0.00861367]
[0.00861658]
[0.00861436]
[0.00861436]
[0.00861436]
[0.00861436]
[0.00861436]
[0.00861436]
[0.00861436]
[0.00861436]
[0.00861436]
[0.00861436]
[0.00861436]
[0.00861617]
[0.00861617]
[0.00861617]
[0.00861617]
[0.00861617]
[0.00861617]
[0.00861617]
[0.00861617]
[0.00861617]
[0.00861617]
[0.00861617]
[0.00861617]
[0.00861617]
[0.00861617]
[0.00861617]
[0.00861617]
[0.00861617]
[0.00861617]
[0.00861617]
[0.00861617]
[0.00861617]
[0.00861617]
[0.00861617]
[0.00861617]
[0.00861617]
[0.00861617]
[0.00861617]
[0.00861617]
[0.00861617]
[0.00861617]
[0.00861617]
[0.00861617]
[0.00861617]
[0.00861617]
[0.00861617]
[0.00861617]
[0.00861617]
[0.00861617]
[0.00861617]
[0.00861617]
[0.00861617]
[0.00861617]
[0.00861617]
[0.00861617]
[0.00861617]
[0.00861617]
[0.00861617]
[0.00861617]
[0.00861617]
[0.00861617]
[0.00861617]
[0.00861617]
[0.00861617]
[0.00861617]
[0.00861617]
[0.00861617]
[0.00861617]
[0.00861617]
[0.00861617]
[0.00861617]
[0.00861617]
[0.00861617]
[0.00861617]
[0.00861617]
[0.00861617]
[0.00861617]
[0.00861617]
[0.00861617]
[0.00861617]
[0.00861617]
[0.00861617]
[0.00861617]
[0.00861617]
[0.00861617]
[0.00861617]
[0.00861617]
[0.00861617]
[0.00861617]
[0.00861617]
[0.00861617]
[0.00861617]
[0.00861617]
[0.00861617]
[0.00861617]
[0.00861617]
[0.00861617]
[0.00861617]
[0.00861617]
[0.00861617]
[0.00861617]
[0.00861617]
[0.00861617]
[0.00861617]
[0.00861617]
[0.00861617]
[0.00861617]
[0.00861617]
[0.00861617]
[0.00861617]
[0.00861617]
[0.00861617]
[0.00861617]
[0.00861617]
[0.00861617]
[0.00861617]
[0.00861617]
[0.00861617]
[0.00861617]
[0.00861617]
[0.00861617]
[0.00861617]
[0.00861617]
[0.00861617]
[0.00861617]
[0.00861617]
[0.00861617]
[0.00861617]
[0.00861617]
[0.00861617]
[0.00861617]
[0.00861617]
[0.00861617]
[0.00861617]
[0.00861617]
[0.00861617]
[0.00861617]
[0.00861617]
[0.00861617]
[0.00861617]
[0.00861617]
[0.00861617]
[0.00861617]
[0.00861617]
[0.00861617]
[0.00861617]
[0.00861617]
[0.00861617]
[0.00861617]
[0.00861617]
[0.00861617]
[0.00861617]
[0.00861617]
[0.00861617]
[0.00861617]
[0.00861617]
[0.00861617]
[0.00861617]
[0.00861617]
[0.00861617]
[0.00861617]
[0.00861617]
[0.00861617]
[0.00861617]
[0.00861617]
[0.00861617]
[0.00861617]
[0.00861617]
[0.00861617]
[0.00861617]
[0.00861617]
[0.00861617]
[0.00861617]
[0.00861617]
[0.00861617]
[0.00861617]
[0.00861617]
[0.00861617]
[0.00861617]
[0.00861617]
[0.00861617]
[0.00861617]
[0.00861617]
[0.00861617]
[0.00861617]
[0.00861617]
[0.00861617]
[0.00861675]
[0.0086178]
[0.00861846]
[0.00862225]
[0.00861675]
[0.00861675]
[0.00861675]
[0.00861675]
[0.00861675]
[0.00861675]
[0.00861675]
[0.00861846]
[0.00861563]
[0.00861483]
[0.00861916]
[0.00861916]
[0.00861916]
[0.00861778]
[0.00862267]
[0.0086199]
[0.00862037]
[0.00862426]
[0.00861534]
[0.00861735]
[0.00861735]
[0.00861735]
[0.00862426]
[0.00861859]
[0.00861613]
[0.00862037]
[0.00862318]
[0.00862318]
[0.008616]
[0.0086196]
[0.00861933]
[0.0086172]
[0.0086172]
[0.00862065]
[0.00861617]
[0.00861699]
[0.00861499]
[0.00861699]
[0.00861831]
[0.00861616]
[0.00861484]
[0.00861555]
[0.00861606]
[0.00861606]
[0.00861438]
[0.00861613]
[0.00861736]
[0.00861901]
[0.00861896]
[0.00862079]
[0.00861829]
[0.00861672]
[0.00861522]
[0.00861734]
[0.00861628]
[0.00861552]
[0.00862281]
[0.00861653]
[0.00861952]
[0.00861869]
[0.00862459]
[0.00862808]
[0.00861982]
[0.00862285]
[0.00862667]
[0.00862667]
[0.00862667]
[0.00862667]
[0.00862667]
[0.00862969]
[0.00862077]
[0.00862988]
[0.00874557]
[0.00862779]
[0.00863021]
[0.00862995]
[0.008631]
[0.00863236]
[0.00862896]
[0.00862968]
[0.00862744]
[0.00863158]
[0.00863158]
[0.00863158]
[0.00863158]
[0.00863158]
[0.00863158]
[0.00863688]
[0.00863797]
[0.00864154]
[0.0086345]
[0.00863209]
[0.00863209]
[0.00862925]
[0.00862925]
[0.0086341]
[0.00862768]
[0.00863099]
[0.00862639]
[0.00863539]
[0.00866705]
[0.00865039]
[0.00864065]
[0.00864124]
[0.00864795]
[0.00863708]
[0.00865141]
[0.00864317]
[0.00864525]
[0.00865258]
[0.00865258]
[0.00864169]
[0.00865881]
[0.01207158]
[0.01207158]
[0.01072735]
[0.01552903]
[0.00882971]
[0.01213392]
[0.00878666]
[0.00903004]
[0.00903004]
[0.01684838]
[0.01684838]
[0.01684838]
[0.01684838]
[0.01684838]
[0.01684838]
[0.0104699]
[0.0125554]
[0.0125554]
[0.01134663]
[0.01134663]
[0.01134663]
[0.01134663]
[0.01134663]
[0.01134663]
[0.01134663]
[0.01134663]
[0.01134663]
[0.01134663]
[0.01134663]
[0.01134663]
[0.01134663]
[0.01134663]
[0.01134663]
[0.01134663]
[0.01134663]
[0.01134663]
[0.01134663]
[0.01134663]
[0.01134663]
[0.01134663]
[0.01134663]
[0.01134663]
[0.01134663]
[0.01134663]
[0.01134663]
[0.01134663]
[0.01134663]
[0.01134663]
[0.01134663]
[0.01134663]
[0.01134663]
[0.01134663]
[0.01134663]
[0.01134663]
[0.01134663]
[0.01134663]
[0.01134663]
[0.01134663]
[0.01134663]
[0.01134663]
[0.01134663]
[0.01134663]
[0.01134663]
[0.01134663]
[0.01134663]
[0.01134663]
[0.01134663]
[0.01134663]
[0.04114523]
[0.04114523]
[0.04114523]
[0.04114523]
[0.04114523]
[0.04114523]
[0.04114523]
[0.04114523]
[0.04114523]
[0.04114523]
[0.04114523]
[0.04114523]
[0.04114523]
[0.04114523]
[0.00957661]
[0.00957661]
[0.00984008]
[0.01331546]
[0.01652147]
[0.01091664]
[0.02093136]
[0.01075782]
[0.01021973]
[0.01343985]
[0.11061152]
[0.01050879]
[0.00887243]
[0.00868615]
[0.01333844]
[0.01218759]
[0.01292806]
[0.0086177]
[0.06664234]
[0.00861621]
[0.0135197]
[0.04214166]
[0.02543596]
[0.00861658]
[0.15293805]
[0.01063441]
[0.9240965]
[0.01278956]
[0.01385965]
[0.00863072]
[0.03559995]
[0.01882349]
[0.0097576]
[0.00910228]
[0.0086282]
[0.00861647]
[0.00861708]
[0.00861646]
