[0.05700906]
[0.05696182]
[0.05696182]
[0.05696182]
[0.05696182]
[0.05712558]
[0.05700555]
[0.05700555]
[0.05700555]
[0.05700555]
[0.05700555]
[0.05700555]
[0.05700555]
[0.05700555]
[0.05700555]
[0.05700555]
[0.05700555]
[0.05700555]
[0.05700555]
[0.05700555]
[0.05700555]
[0.05700555]
[0.05700555]
[0.05700555]
[0.05700555]
[0.05700555]
[0.05700555]
[0.05700555]
[0.05700555]
[0.05700555]
[0.05700555]
[0.05700555]
[0.05700555]
[0.05700555]
[0.05700555]
[0.05700555]
[0.05700555]
[0.05700555]
[0.05700555]
[0.05700555]
[0.05700555]
[0.05700555]
[0.05700555]
[0.05700555]
[0.05700555]
[0.05700555]
[0.05700555]
[0.05700555]
[0.05700555]
[0.05700555]
[0.05700555]
[0.05700555]
[0.05700555]
[0.05700555]
[0.05700555]
[0.05700555]
[0.05700555]
[0.05700555]
[0.05700555]
[0.05700555]
[0.05700555]
[0.05700555]
[0.05700555]
[0.05700555]
[0.05700555]
[0.05700555]
[0.05700555]
[0.05700555]
[0.05700555]
[0.05700555]
[0.05700555]
[0.05700555]
[0.05700555]
[0.05700555]
[0.05700555]
[0.05700555]
[0.05700555]
[0.05700555]
[0.05700555]
[0.05700555]
[0.05700555]
[0.05700555]
[0.05700555]
[0.05700555]
[0.05700555]
[0.05700555]
[0.05700555]
[0.05700555]
[0.05700555]
[0.05700555]
[0.05700555]
[0.05700555]
[0.05700555]
[0.05700555]
[0.05700555]
[0.05700555]
[0.05700555]
[0.05700555]
[0.05700555]
[0.05700555]
[0.05700555]
[0.05700555]
[0.05700555]
[0.05700555]
[0.05700555]
[0.05700555]
[0.05700555]
[0.05700555]
[0.05700555]
[0.05700555]
[0.05700555]
[0.05700555]
[0.05700555]
[0.05700555]
[0.05700555]
[0.05700555]
[0.05700555]
[0.05700555]
[0.05700555]
[0.05700555]
[0.05700555]
[0.05700555]
[0.05700555]
[0.05700555]
[0.05700555]
[0.05700555]
[0.05700555]
[0.05700555]
[0.05691776]
[0.05691776]
[0.05691776]
[0.05691776]
[0.05691776]
[0.05691776]
[0.05691776]
[0.05691776]
[0.05691776]
[0.05691776]
[0.05691776]
[0.05693188]
[0.05693188]
[0.05700233]
[0.05693213]
[0.05693213]
[0.05693213]
[0.05693213]
[0.05693213]
[0.05693213]
[0.05693213]
[0.05693213]
[0.05693213]
[0.05693213]
[0.05693213]
[0.05693213]
[0.05693213]
[0.05693213]
[0.05695954]
[0.05695954]
[0.05695954]
[0.05695975]
[0.0569321]
[0.05695974]
[0.05695974]
[0.05695974]
[0.05710253]
[0.05695966]
[0.05695966]
[0.05695966]
[0.05695966]
[0.05695966]
[0.05695966]
[0.05695966]
[0.05695966]
[0.05695966]
[0.05695966]
[0.05695966]
[0.05695966]
[0.05695966]
[0.05695966]
[0.05695966]
[0.05695966]
[0.05695966]
[0.05695966]
[0.05695966]
[0.05695966]
[0.05695966]
[0.05695966]
[0.05695966]
[0.05695966]
[0.05695957]
[0.0569596]
[0.0569596]
[0.05695957]
[0.0569596]
[0.0569596]
[0.05695957]
[0.05695957]
[0.0569596]
[0.0569596]
[0.0569596]
[0.0569596]
[0.05710253]
[0.05690323]
[0.05690323]
[0.05690323]
[0.05716914]
[0.05696566]
[0.05695642]
[0.05696566]
[0.05690321]
[0.05690321]
[0.05696566]
[0.05691265]
[0.05691265]
[0.05693606]
[0.05696566]
[0.05729789]
[0.05729845]
[0.05690539]
[0.05715784]
[0.05733708]
[0.05733708]
[0.05697589]
[0.05718961]
[0.05744392]
[0.05714304]
[0.05718283]
[0.05700233]
[0.05700233]
[0.05744392]
[0.05744392]
[0.05699885]
[0.05693075]
[0.05744392]
[0.05710253]
[0.05697605]
[0.05697605]
[0.05734704]
[0.05744392]
[0.05710253]
[0.05710253]
[0.05710253]
[0.05710253]
[0.05710253]
[0.05710253]
[0.05710253]
[0.05710253]
[0.05710253]
[0.05710253]
[0.05744392]
[0.05744392]
[0.05744392]
[0.05744392]
[0.05744392]
[0.05733923]
[0.05733923]
[0.05692881]
[0.05701852]
[0.05711577]
[0.05711952]
[0.0569288]
[0.05691114]
[0.05706924]
[0.05696357]
[0.05699591]
[0.05722329]
[0.05722329]
[0.05722329]
[0.05722329]
[0.05722329]
[0.05722329]
[0.05729963]
[0.05729963]
[0.05698536]
[0.05691187]
[0.05692001]
[0.05705231]
[0.05699256]
[0.05702968]
[0.05701841]
[0.05782371]
[0.05728852]
[0.05712945]
[0.05712883]
[0.05782227]
[0.05714998]
[0.05733227]
[0.05733227]
[0.05733802]
[0.05699218]
[0.05714248]
[0.05701448]
[0.05769881]
[0.05725913]
[0.05730773]
[0.05708161]
[0.05705231]
[0.05719017]
[0.05727665]
[0.05743116]
[0.05728792]
[0.05741175]
[0.05741175]
[0.05712221]
[0.05697117]
[0.05758222]
[0.05758222]
[0.05701365]
[0.05739023]
[0.05704111]
[0.05692909]
[0.0569291]
[0.0569291]
[0.0569291]
[0.0569291]
[0.05763956]
[0.05763956]
[0.05724587]
[0.05764269]
[0.05701939]
[0.05689201]
[0.05689201]
[0.05730791]
[0.05713372]
[0.05689847]
[0.05739059]
[0.05808926]
[0.05738034]
[0.05762679]
[0.05762679]
[0.05735224]
[0.05712011]
[0.05714466]
[0.05713462]
[0.05713263]
[0.05696223]
[0.05740233]
[0.05716086]
[0.05705644]
[0.05713896]
[0.05755223]
[0.05755223]
[0.05727913]
[0.05771114]
[0.05761047]
[0.05722961]
[0.05703379]
[0.05763012]
[0.05763012]
[0.05785556]
[0.05728764]
[0.05725709]
[0.05859243]
[0.05744916]
[0.05710474]
[0.05709387]
[0.05781782]
[0.05719603]
[0.05698804]
[0.05710531]
[0.05748426]
[0.05818339]
[0.05853683]
[0.05836204]
[0.05697821]
[0.05812857]
[0.0583072]
[0.0583072]
[0.05865728]
[0.05828772]
[0.05923177]
[0.05722916]
[0.05859128]
[0.06062381]
[0.0575769]
[0.05799269]
[0.05951006]
[0.05724569]
[0.05836825]
[0.05831973]
[0.05773145]
[0.05718292]
[0.0576281]
[0.05767373]
[0.05845902]
[0.05758585]
[0.05758585]
[0.05846794]
[0.05846794]
[0.05826442]
[0.05826442]
[0.05972117]
[0.05806427]
[0.06661142]
[0.06661142]
[0.06104708]
[0.06484662]
[0.0661867]
[0.06912887]
[0.0577308]
[0.05954777]
[0.06701352]
[0.06635718]
[0.05992509]
[0.06819726]
[0.06145842]
[0.06663249]
[0.06453864]
[0.06025096]
[0.06129082]
[0.09599122]
[0.05819506]
[0.11212997]
[0.11555575]
[0.0640311]
[0.1010493]
[0.22242482]
[0.17728865]
[0.08909059]
[0.07928868]
[0.07928868]
[0.22731374]
[0.22731374]
[0.10209896]
[0.21737385]
[0.06827853]
[0.06827853]
[0.17427342]
[0.22057973]
[0.22057973]
[0.1387956]
[0.10629508]
[0.10922841]
[0.2602976]
[0.06378026]
[0.06378026]
[0.05704702]
[0.05704702]
[0.2503957]
[0.06586911]
[0.06556351]
[0.06556351]
[0.19336647]
[0.18512714]
[0.98137915]
[0.15438163]
[0.07519237]
[0.06439633]
[0.06439633]
[0.06439633]
[0.06439633]
[0.06697768]
[0.52252203]
[0.07174888]
[0.15286538]
[0.05756814]
[0.05756814]
[0.05756814]
[0.08892603]
[0.10739188]
[0.34252268]
[0.15700732]
[0.07314647]
[0.1554401]
[0.1113812]
[0.07309012]
[0.06396212]
[0.05714627]
[0.2918865]
[0.09192566]
[0.14777349]
[0.9737202]
[0.05721605]
[0.05721605]
[0.05887865]
[0.05782629]
[0.05727835]
[0.05738724]
[0.05715803]
[0.05715803]
[0.05715815]
[0.05841294]
[0.05754781]
[0.06349836]
[0.05732404]
[0.05725777]
[0.08976789]
[0.05738679]
[0.05697967]
[0.05714777]
[0.05740711]
[0.0612861]
[0.0612861]
[0.05755901]
[0.0583214]
[0.05797132]
[0.05733067]
[0.43874767]
[0.05796879]
[0.05775582]
