21.726400000000023
21.46340000000002
21.382800000000017
21.66120000000002
21.66120000000002
21.468300000000017
21.210200000000015
21.245520000000017
21.219300000000015
21.219300000000015
21.219300000000015
20.91210000000001
20.650500000000008
21.378800000000016
21.378800000000016
20.992700000000013
20.992700000000013
20.992700000000013
20.992700000000013
20.992700000000013
20.571600000000007
20.571600000000007
20.571600000000007
20.571600000000007
21.237700000000014
21.237700000000014
21.237700000000014
21.237700000000014
21.237700000000014
21.078200000000013
21.078200000000013
21.078200000000013
21.078200000000013
21.078200000000013
21.078200000000013
21.078200000000013
21.078200000000013
21.078200000000013
21.078200000000013
21.078200000000013
21.078200000000013
21.078200000000013
21.078200000000013
21.078200000000013
21.078200000000013
21.271100000000015
21.271100000000015
21.271100000000015
21.271100000000015
21.271100000000015
21.271100000000015
21.271100000000015
21.271100000000015
21.271100000000015
21.120700000000014
20.99760000000001
20.99760000000001
21.078200000000013
21.078200000000013
21.078200000000013
21.078200000000013
21.078200000000013
21.078200000000013
21.078200000000013
21.078200000000013
21.078200000000013
21.078200000000013
21.078200000000013
21.078200000000013
21.078200000000013
21.078200000000013
21.158800000000017
21.271100000000015
21.271100000000015
21.078200000000013
20.93890000000001
21.103200000000015
20.937100000000015
20.937100000000015
20.937100000000015
20.937100000000015
20.937100000000015
20.82010000000001
21.42620000000002
21.152500000000018
21.152500000000018
21.169300000000018
21.089600000000015
20.68150000000001
20.68150000000001
20.522000000000006
20.522000000000006
20.522000000000006
20.522000000000006
20.522000000000006
20.522000000000006
20.522000000000006
20.522000000000006
20.522000000000006
20.522000000000006
20.522000000000006
20.522000000000006
20.522000000000006
20.522000000000006
20.522000000000006
20.522000000000006
20.68150000000001
20.68150000000001
20.68150000000001
20.90980000000001
20.90980000000001
20.90980000000001
20.90980000000001
20.90980000000001
20.90980000000001
20.90980000000001
20.90980000000001
20.90980000000001
20.90980000000001
20.90980000000001
20.90980000000001
20.90980000000001
20.90980000000001
20.90980000000001
20.90980000000001
20.90980000000001
20.90980000000001
20.90980000000001
20.90980000000001
20.90980000000001
20.90980000000001
20.90980000000001
20.90980000000001
20.90980000000001
20.90980000000001
20.90980000000001
21.031200000000013
21.031200000000013
20.71930000000001
20.872000000000014
20.941100000000013
21.14520000000001
20.930100000000014
20.930100000000014
20.930100000000014
20.930100000000014
20.930100000000014
20.930100000000014
20.930100000000014
20.930100000000014
20.930100000000014
20.930100000000014
20.930100000000014
20.930100000000014
20.930100000000014
20.930100000000014
20.930100000000014
20.930100000000014
20.82940000000001
20.905100000000004
20.087400000000002
21.275000000000016
21.275000000000016
21.275000000000016
20.59400000000001
20.847600000000014
20.847600000000014
20.78690000000001
20.78690000000001
20.78690000000001
20.78690000000001
20.59400000000001
20.59400000000001
20.847600000000014
20.98570000000001
20.98570000000001
20.98570000000001
20.98570000000001
20.98570000000001
20.98570000000001
20.98570000000001
20.98570000000001
20.98570000000001
20.98570000000001
20.98570000000001
20.98570000000001
20.98570000000001
20.98570000000001
20.98570000000001
20.847600000000014
20.84460000000001
20.670600000000007
20.768700000000013
20.768700000000013
20.768700000000013
20.768700000000013
20.88100000000001
20.854200000000013
20.68810000000001
20.930100000000014
20.65170000000001
20.65170000000001
20.65170000000001
20.65170000000001
20.65170000000001
21.108900000000016
20.88100000000001
20.65170000000001
20.608800000000013
20.88100000000001
20.88100000000001
20.88100000000001
20.68810000000001
20.064500000000002
20.45290000000001
20.71490000000001
20.634300000000007
20.632000000000005
20.854200000000013
20.71310000000001
20.878700000000013
20.43000000000001
20.84320000000001
21.269600000000015
20.597900000000013
20.402700000000006
20.425600000000006
20.496100000000006
20.0149
20.207800000000002
20.288900000000005
20.33140000000001
20.298000000000005
20.64110000000001
20.1319
20.342700000000008
20.088900000000002
20.45750000000001
20.74320000000001
20.1679
20.398000000000007
20.2174
19.8738
20.58240000000001
20.125400000000003
20.67940000000001
20.305900000000005
20.203900000000004
20.439100000000007
20.58280000000001
20.429500000000004
20.429500000000004
20.42300000000001
20.4295
20.369700000000005
20.490900000000007
20.490900000000007
20.60110000000001
20.433500000000006
20.281900000000007
20.323000000000008
20.473200000000006
20.498200000000008
20.275400000000005
20.337500000000002
19.439199999999996
20.120500000000003
20.76040000000001
20.337500000000002
20.337500000000002
20.441600000000008
20.206000000000007
20.0035
20.31460000000001
20.465000000000003
20.37230000000001
20.54750000000001
19.820700000000002
20.631100000000007
20.049000000000003
20.049000000000003
20.300500000000007
20.026300000000003
19.813800000000004
20.548600000000004
20.301400000000005
19.8418
20.269099999999998
20.129600000000003
20.129600000000003
20.234100000000005
20.301400000000005
20.301400000000005
19.916999999999998
20.325100000000006
20.149900000000006
20.202700000000007
20.432900000000004
19.6498
19.790899999999997
19.9715
20.2055
20.094100000000008
19.6862
20.039399999999997
20.64830000000001
19.9329
19.715899999999998
19.715899999999998
19.715899999999998
20.231600000000004
20.46890000000001
19.962600000000005
20.367300000000004
19.887600000000003
20.337470000000003
20.73690000000001
20.172900000000006
19.5112
20.060000000000002
19.871
19.734799999999996
19.845100000000002
20.053600000000007
19.691799999999997
20.538200000000007
19.960400000000003
19.7662
19.14269999999999
19.978700000000003
19.756100000000004
19.626900000000003
20.888700000000014
19.368299999999994
19.777700000000003
19.831999999999997
19.441199999999995
20.465900000000005
18.982199999999988
19.165299999999995
19.4975
20.260800000000003
19.7512
20.031100000000006
20.156900000000004
19.519199999999998
19.6194
20.1869
19.623199999999994
19.6847
19.824199999999998
19.828099999999996
19.061599999999995
18.370799999999985
20.169600000000003
19.7733
18.59829999999999
18.73149999999999
19.511399999999995
18.66149999999999
20.031200000000005
18.702099999999984
18.92009999999999
18.63419999999999
18.75399999999999
19.8586
18.475599999999986
19.025999999999993
18.401499999999988
18.363899999999987
18.177499999999984
18.98319999999999
18.295699999999982
17.987799999999982
17.78739999999998
18.10159999999998
17.211499999999976
17.10419999999997
17.524899999999974
17.25739999999998
16.999899999999972
17.09399999999998
17.356499999999976
16.989199999999972
15.77511999999996
16.43129999999997
16.877799999999965
16.278299999999966
15.735499999999963
15.735499999999963
15.430299999999962
15.713099999999962
16.676399999999973
15.887999999999964
15.345399999999964
15.601699999999962
15.26569999999996
14.805299999999969
15.045499999999965
14.748299999999967
15.078099999999962
14.82719999999997
14.074899999999971
14.730299999999962
14.531799999999967
14.192099999999968
14.192099999999968
13.208299999999973
14.174099999999966
13.570299999999971
12.818199999999976
12.818199999999976
13.045999999999975
13.011099999999974
13.196299999999972
12.971399999999973
12.406699999999981
12.08049999999998
12.182699999999981
12.292599999999979
12.043399999999982
11.481799999999984
12.442199999999977
11.350699999999984
12.122799999999978
10.960599999999987
11.512399999999984
10.939999999999987
10.606299999999987
10.080199999999994
9.1603
8.346920000000006
7.872400000000008
8.627700000000003
8.461600000000004
7.968100000000007
8.071500000000006
7.844700000000008
8.327200000000003
8.237600000000006
8.403700000000004
8.863100000000001
7.059000000000006
9.407099999999996
9.225099999999996
7.6207000000000065
7.464900000000006
7.358700000000007
8.372500000000004
6.908700000000006
6.735100000000006
7.623500000000007
6.691300000000006
8.022370000000008
7.240900000000006
6.178900000000006
8.215270000000007
5.788800000000005
5.788800000000005
7.509100000000007
4.842500000000004
5.191800000000005
5.008600000000004
5.3483000000000045
5.341700000000004
6.103000000000006
4.958200000000004
4.577700000000004
20.264100000000003
5.160700000000005
3.7617000000000025
3.7617000000000025
4.421300000000004
3.308900000000002
4.328400000000004
19.501999999999995
3.814700000000003
1.9725
3.382100000000002
2.868400000000001
2.8259000000000016
2.654000000000001
1.5824
1.1515
1.5061
-0.1849
-0.1849
-0.1849
18.517499999999988
20.100800000000003
19.276599999999995
7.263100000000007
20.884300000000014
19.438799999999993
20.208500000000004
20.168800000000005
19.839000000000002
19.8697
19.066899999999993
15.661199999999965
