[0.00685372]
[0.00685372]
[0.00685272]
[0.00685272]
[0.00685272]
[0.00685272]
[0.00685272]
[0.00685272]
[0.0068528]
[0.0068528]
[0.0068536]
[0.0068536]
[0.0068536]
[0.0068536]
[0.0068536]
[0.0068536]
[0.0068536]
[0.00685372]
[0.00685372]
[0.00685372]
[0.00685372]
[0.00685372]
[0.00685372]
[0.00685372]
[0.00685372]
[0.00685372]
[0.00685372]
[0.00685372]
[0.00685372]
[0.00685372]
[0.00685372]
[0.00685372]
[0.00685372]
[0.00685372]
[0.00685372]
[0.00685372]
[0.00685372]
[0.00685372]
[0.00685372]
[0.00685372]
[0.00685372]
[0.00685372]
[0.00685372]
[0.00685372]
[0.00685372]
[0.00685372]
[0.00685372]
[0.00685372]
[0.00685372]
[0.00685372]
[0.00685372]
[0.00685372]
[0.00685372]
[0.00685372]
[0.00685372]
[0.00685372]
[0.00685372]
[0.00685372]
[0.00685372]
[0.00685372]
[0.00685372]
[0.00685372]
[0.00685372]
[0.00685372]
[0.00685372]
[0.00685372]
[0.00685372]
[0.00685372]
[0.00685372]
[0.00685372]
[0.00685372]
[0.00685372]
[0.00685372]
[0.00685372]
[0.00685372]
[0.00685372]
[0.00685372]
[0.00685372]
[0.00685372]
[0.00685372]
[0.00685372]
[0.00685372]
[0.00685372]
[0.00685372]
[0.00685372]
[0.00685372]
[0.00685372]
[0.00685372]
[0.00685372]
[0.00685372]
[0.00685372]
[0.00685478]
[0.00685478]
[0.00685478]
[0.00685478]
[0.00685478]
[0.00685478]
[0.00685478]
[0.00685478]
[0.00685478]
[0.00685478]
[0.00685478]
[0.00685478]
[0.00685478]
[0.00685478]
[0.00685478]
[0.00685478]
[0.00685478]
[0.00685478]
[0.00685478]
[0.00685478]
[0.00685478]
[0.00685478]
[0.00685478]
[0.00685478]
[0.00685478]
[0.00685478]
[0.00685478]
[0.00685478]
[0.00685478]
[0.00685478]
[0.00685478]
[0.00685478]
[0.00685478]
[0.00685478]
[0.00685478]
[0.00685478]
[0.00685478]
[0.00685478]
[0.00685478]
[0.00685478]
[0.00685478]
[0.00685478]
[0.00685478]
[0.00685478]
[0.00685478]
[0.00685478]
[0.00685478]
[0.00685478]
[0.00685478]
[0.00685478]
[0.00685478]
[0.00685478]
[0.00685478]
[0.00685478]
[0.00685478]
[0.00685478]
[0.00685478]
[0.00685478]
[0.00685478]
[0.00685478]
[0.00685478]
[0.00685478]
[0.00685478]
[0.00685478]
[0.00685478]
[0.00685478]
[0.00685478]
[0.00685478]
[0.00685478]
[0.00685478]
[0.00685478]
[0.00685478]
[0.00685478]
[0.00685478]
[0.00685478]
[0.00685478]
[0.00685478]
[0.00685478]
[0.00685478]
[0.00685478]
[0.00685478]
[0.00685478]
[0.00685478]
[0.00685478]
[0.00685478]
[0.00685478]
[0.00685478]
[0.00685478]
[0.00685478]
[0.00685478]
[0.00685478]
[0.00685478]
[0.00685478]
[0.00685478]
[0.00685478]
[0.00685478]
[0.00685478]
[0.00685478]
[0.00685478]
[0.00685478]
[0.00685478]
[0.00685478]
[0.00685478]
[0.00685478]
[0.00685478]
[0.00685478]
[0.00685478]
[0.00685478]
[0.00685478]
[0.00685478]
[0.00685478]
[0.00685478]
[0.00685478]
[0.00685478]
[0.00685478]
[0.00685478]
[0.00685478]
[0.00685478]
[0.00685478]
[0.00685478]
[0.00685478]
[0.00685478]
[0.00685478]
[0.00685478]
[0.00685478]
[0.00685478]
[0.00685478]
[0.00685478]
[0.00685478]
[0.00685478]
[0.00685478]
[0.00685478]
[0.00685478]
[0.00685478]
[0.00685478]
[0.00685478]
[0.00685478]
[0.00685478]
[0.00685478]
[0.00685478]
[0.00685478]
[0.00685478]
[0.00685478]
[0.00685478]
[0.00685478]
[0.00685478]
[0.00685478]
[0.00685478]
[0.00685478]
[0.00685478]
[0.00685478]
[0.00685478]
[0.00685499]
[0.00685499]
[0.00685624]
[0.00685334]
[0.0068531]
[0.00685572]
[0.00685406]
[0.00685408]
[0.00685408]
[0.00685519]
[0.00685624]
[0.0068554]
[0.00685463]
[0.00685585]
[0.00685672]
[0.00685672]
[0.00685672]
[0.00685672]
[0.00685672]
[0.00685672]
[0.00685624]
[0.00685264]
[0.00685624]
[0.00685513]
[0.00685513]
[0.00685572]
[0.0068559]
[0.006856]
[0.00685421]
[0.0068536]
[0.0068536]
[0.00685265]
[0.00685251]
[0.00685562]
[0.00685561]
[0.00685561]
[0.00685617]
[0.00685503]
[0.0068555]
[0.00685929]
[0.00685432]
[0.00685585]
[0.00685324]
[0.00685761]
[0.0068559]
[0.00685411]
[0.00685929]
[0.00685929]
[0.00685929]
[0.00685929]
[0.0068559]
[0.00685572]
[0.00685454]
[0.00685624]
[0.00685585]
[0.00685443]
[0.0068539]
[0.0068539]
[0.00686272]
[0.006855]
[0.006855]
[0.00685544]
[0.00685628]
[0.00686741]
[0.00685465]
[0.00685466]
[0.00686019]
[0.006874]
[0.00685428]
[0.00685813]
[0.00685466]
[0.00685466]
[0.0068589]
[0.00686033]
[0.00685932]
[0.00685932]
[0.00685684]
[0.00686459]
[0.00685932]
[0.00685537]
[0.00686261]
[0.00686205]
[0.00686205]
[0.00686205]
[0.00686132]
[0.00686366]
[0.00685722]
[0.00686013]
[0.00686448]
[0.00686448]
[0.00686064]
[0.00686266]
[0.00686521]
[0.00686521]
[0.00686521]
[0.00686521]
[0.00686521]
[0.00686521]
[0.00686347]
[0.00686182]
[0.00686365]
[0.00686276]
[0.00686276]
[0.00686952]
[0.00686636]
[0.00686547]
[0.00685418]
[0.00686799]
[0.00686182]
[0.00687019]
[0.00687199]
[0.00687625]
[0.00687625]
[0.00687625]
[0.00687279]
[0.00686995]
[0.00687363]
[0.00687887]
[0.00688622]
[0.00687058]
[0.00690772]
[0.00686635]
[0.0068669]
[0.00686242]
[0.00687411]
[0.00686859]
[0.00687549]
[0.00692385]
[0.00688631]
[0.00694503]
[0.00927278]
[0.00927278]
[0.00927278]
[0.00927278]
[0.00927278]
[0.00927278]
[0.00927278]
[0.00927278]
[0.00927278]
[0.00927278]
[0.00927278]
[0.00927278]
[0.00927278]
[0.00927278]
[0.00927278]
[0.00927278]
[0.00927278]
[0.00927278]
[0.00812367]
[0.00864789]
[0.00812367]
[0.00960207]
[0.00824547]
[0.00824547]
[0.00824547]
[0.00824547]
[0.00824547]
[0.00824547]
[0.00824547]
[0.00824547]
[0.00824547]
[0.00824547]
[0.00824547]
[0.00824547]
[0.00824547]
[0.00824547]
[0.00824547]
[0.00824547]
[0.00824547]
[0.00824547]
[0.00824547]
[0.00824547]
[0.00824547]
[0.00824547]
[0.00824547]
[0.00824547]
[0.00824547]
[0.00824547]
[0.00824547]
[0.00824547]
[0.00824547]
[0.00824547]
[0.00824547]
[0.00824547]
[0.00824547]
[0.00824547]
[0.00824547]
[0.00824547]
[0.00824547]
[0.00824547]
[0.00824547]
[0.00824547]
[0.00824547]
[0.00824547]
[0.00824547]
[0.00824547]
[0.00824547]
[0.00824547]
[0.00824547]
[0.00824547]
[0.00824547]
[0.00824547]
[0.00948918]
[0.00810871]
[0.00854113]
[0.00993196]
[0.00993196]
[0.00993196]
[0.0070748]
[0.00787352]
[0.00863572]
[0.00863572]
[0.00843879]
[0.00715787]
[0.00727264]
[0.00806401]
[0.01020421]
[0.00759978]
[0.00759978]
[0.00769666]
[0.0090939]
[0.010427]
[0.00966116]
[0.00828964]
[0.00878131]
[0.01476523]
[0.00842214]
[0.00942174]
[0.058024]
[0.00866044]
[0.01515569]
[0.01023908]
[0.01044026]
[0.04416004]
[0.02685575]
[0.03371137]
[0.05211937]
[0.05211937]
[0.06522689]
[0.00687347]
[0.00881271]
[0.02143809]
[0.02143809]
[0.02295048]
[0.01057464]
[0.0178464]
[0.01416352]
[0.01228535]
[0.00980711]
[0.00980711]
[0.01048405]
[0.00815684]
[0.01307608]
[0.00686266]
[0.00685341]
[0.00685442]
[0.00685274]
