4.84183928933726
4.9735302512115345
4.9735302512115345
4.9735302512115345
5.050342090793193
5.185218733201024
5.584256119495484
5.584256119495484
5.074565932200363
5.762793354157739
5.682870586932461
5.682870586932461
5.682870586932461
5.764740939898793
5.976668988679281
5.112349250261078
5.112349250261078
5.112349250261078
5.112349250261078
5.7785180763572335
5.7785180763572335
5.663535788114743
3.4907065908777266
3.4907065908777266
3.51220486591418
3.51220486591418
3.51220486591418
3.51220486591418
3.04697389081651
3.799357117604126
3.252709738943911
4.281369005047554
4.307940726913803
4.694078406536866
4.1377817630937095
4.1377817630937095
4.1377817630937095
4.1377817630937095
4.1377817630937095
4.1377817630937095
4.1377817630937095
4.1377817630937095
4.1377817630937095
4.1377817630937095
4.1377817630937095
4.1377817630937095
4.1377817630937095
4.1377817630937095
4.1377817630937095
4.1377817630937095
4.1377817630937095
4.1377817630937095
3.0392859038549807
3.0392859038549807
3.0392859038549807
3.0392859038549807
3.0392859038549807
3.0392859038549807
3.0392859038549807
3.0392859038549807
3.0392859038549807
3.0392859038549807
3.0392859038549807
3.0392859038549807
3.0392859038549807
3.0392859038549807
3.0392859038549807
3.0392859038549807
3.0392859038549807
3.0392859038549807
3.0392859038549807
3.0392859038549807
3.0392859038549807
3.0392859038549807
3.0392859038549807
3.0392859038549807
3.0392859038549807
3.0392859038549807
3.0392859038549807
3.0392859038549807
3.0392859038549807
3.0392859038549807
3.0392859038549807
3.0392859038549807
3.0392859038549807
3.0392859038549807
3.0392859038549807
3.0392859038549807
3.0392859038549807
3.0392859038549807
3.0392859038549807
3.0392859038549807
3.0392859038549807
3.0392859038549807
3.0392859038549807
3.0392859038549807
3.0392859038549807
3.0392859038549807
3.0392859038549807
3.0392859038549807
3.0392859038549807
3.0392859038549807
3.0392859038549807
3.0392859038549807
3.0392859038549807
3.0392859038549807
3.0392859038549807
3.0392859038549807
3.0392859038549807
3.0392859038549807
2.8461849180511933
2.8461849180511933
2.8461849180511933
2.8461849180511933
3.83706481390694
3.83706481390694
3.83706481390694
3.83706481390694
3.83706481390694
3.83706481390694
3.83706481390694
3.83706481390694
3.83706481390694
3.83706481390694
3.83706481390694
3.83706481390694
3.83706481390694
3.83706481390694
3.83706481390694
3.83706481390694
3.83706481390694
3.83706481390694
3.83706481390694
3.83706481390694
3.83706481390694
3.83706481390694
3.83706481390694
3.83706481390694
3.83706481390694
3.83706481390694
3.83706481390694
2.26960093166225
4.599385686432265
4.516952903064791
4.516952903064791
4.516952903064791
4.516952903064791
4.516952903064791
4.516952903064791
4.516952903064791
4.516952903064791
4.222276800314551
4.222276800314551
3.2367209020671783
3.2367209020671783
3.2367209020671783
3.2367209020671783
3.2367209020671783
3.2367209020671783
3.2367209020671783
3.2367209020671783
3.2367209020671783
3.2367209020671783
3.2367209020671783
3.2367209020671783
3.2367209020671783
3.2367209020671783
3.2367209020671783
3.2367209020671783
3.2367209020671783
3.2367209020671783
3.2367209020671783
3.2367209020671783
3.2367209020671783
3.2367209020671783
3.2367209020671783
3.2367209020671783
3.2367209020671783
3.2367209020671783
3.2367209020671783
3.2367209020671783
3.2367209020671783
3.2367209020671783
3.2367209020671783
3.2367209020671783
3.2367209020671783
3.2367209020671783
3.2367209020671783
3.2367209020671783
3.2367209020671783
3.2367209020671783
3.2367209020671783
3.2367209020671783
3.2367209020671783
3.2367209020671783
3.2367209020671783
3.2367209020671783
3.2367209020671783
3.2367209020671783
3.2367209020671783
3.2367209020671783
3.2367209020671783
3.2367209020671783
3.2367209020671783
3.2367209020671783
3.2367209020671783
3.2367209020671783
3.2367209020671783
3.2367209020671783
3.2367209020671783
3.2367209020671783
3.2367209020671783
3.2367209020671783
3.2367209020671783
3.2367209020671783
3.2367209020671783
3.2367209020671783
3.2367209020671783
3.2367209020671783
3.2367209020671783
3.2367209020671783
3.2367209020671783
3.2367209020671783
3.2367209020671783
3.2367209020671783
3.2367209020671783
3.2367209020671783
3.2367209020671783
3.2367209020671783
3.2367209020671783
3.2367209020671783
3.2367209020671783
3.2367209020671783
3.2367209020671783
3.2367209020671783
3.2367209020671783
3.2367209020671783
3.2367209020671783
3.2367209020671783
3.2367209020671783
3.2367209020671783
3.2367209020671783
3.2367209020671783
3.2367209020671783
3.2367209020671783
3.2367209020671783
3.2367209020671783
3.2367209020671783
3.2367209020671783
3.2367209020671783
3.2367209020671783
3.2367209020671783
3.2367209020671783
3.2367209020671783
3.2367209020671783
3.2367209020671783
3.2367209020671783
3.2367209020671783
3.2367209020671783
3.726280656761146
4.2360318054830906
4.2360318054830906
4.2360318054830906
4.2360318054830906
4.2360318054830906
4.2360318054830906
4.2360318054830906
4.2360318054830906
4.2360318054830906
4.2360318054830906
4.2360318054830906
4.2360318054830906
4.2360318054830906
4.2360318054830906
4.2360318054830906
4.2360318054830906
4.2360318054830906
4.2360318054830906
4.2360318054830906
4.2360318054830906
4.2360318054830906
4.2360318054830906
4.2360318054830906
4.2360318054830906
4.2360318054830906
4.2360318054830906
4.2360318054830906
4.2360318054830906
4.2360318054830906
4.2360318054830906
4.2360318054830906
4.2360318054830906
4.2360318054830906
4.2360318054830906
4.2360318054830906
4.2360318054830906
4.2360318054830906
4.2360318054830906
4.2360318054830906
4.2360318054830906
4.2360318054830906
4.2360318054830906
4.2360318054830906
4.2360318054830906
4.2360318054830906
4.2360318054830906
4.2360318054830906
4.2360318054830906
4.2360318054830906
4.2360318054830906
4.2360318054830906
4.2360318054830906
4.2360318054830906
4.2360318054830906
4.2360318054830906
4.2360318054830906
4.2360318054830906
4.2360318054830906
4.2360318054830906
4.2360318054830906
4.2360318054830906
4.2360318054830906
4.2360318054830906
4.2360318054830906
4.2360318054830906
4.2360318054830906
4.2360318054830906
4.2360318054830906
4.2360318054830906
4.2360318054830906
4.2360318054830906
4.2360318054830906
4.2360318054830906
4.2360318054830906
4.2360318054830906
4.2360318054830906
4.2360318054830906
4.2360318054830906
4.2360318054830906
4.2360318054830906
4.2360318054830906
4.2360318054830906
4.2360318054830906
4.2360318054830906
4.2360318054830906
4.2360318054830906
4.2360318054830906
4.2360318054830906
4.2360318054830906
4.2360318054830906
4.2360318054830906
4.2360318054830906
4.2360318054830906
4.2360318054830906
4.2360318054830906
4.2360318054830906
4.2360318054830906
4.2360318054830906
4.2360318054830906
4.2360318054830906
4.2360318054830906
3.278549224745392
4.442215258565115
3.5791238599637163
4.8237403574565025
4.88621155128692
4.88621155128692
4.88621155128692
4.88621155128692
3.7369110627609192
3.7369110627609192
3.7369110627609192
3.7369110627609192
3.7369110627609192
3.7369110627609192
3.7369110627609192
3.7369110627609192
3.7369110627609192
3.7369110627609192
3.7369110627609192
3.7369110627609192
3.7369110627609192
3.7369110627609192
3.7369110627609192
3.7369110627609192
3.7369110627609192
3.7369110627609192
3.7369110627609192
3.7369110627609192
3.7369110627609192
3.7369110627609192
3.7369110627609192
3.7369110627609192
3.7369110627609192
3.7369110627609192
3.7369110627609192
3.7369110627609192
3.7369110627609192
3.7369110627609192
3.7369110627609192
3.7369110627609192
3.7369110627609192
3.7369110627609192
3.7369110627609192
3.7369110627609192
3.1368051346242103
5.224514796555915
4.002430304545005
4.002430304545005
4.002430304545005
4.3935706422560745
3.8948673564672127
3.8948673564672127
4.7271917560579
4.7271917560579
4.7271917560579
4.7271917560579
4.7271917560579
4.7271917560579
4.7271917560579
5.322632075966913
4.563325495539411
4.78632557383435
4.78632557383435
4.78632557383435
3.5192369368867933
4.482392893349113
4.482392893349113
4.482392893349113
4.482392893349113
4.482392893349113
4.482392893349113
4.849766706769735
4.849766706769735
4.849766706769735
4.849766706769735
4.849766706769735
4.849766706769735
4.849766706769735
4.849766706769735
4.849766706769735
4.849766706769735
4.849766706769735
4.309822391987856
4.309822391987856
4.309822391987856
4.309822391987856
4.309822391987856
5.038309654818546
4.492266036932312
4.668031229958396
5.172619068144892
4.64591007829183
4.64591007829183
4.64591007829183
4.64591007829183
4.64591007829183
4.64591007829183
4.64591007829183
4.64591007829183
4.64591007829183
4.64591007829183
4.64591007829183
4.64591007829183
4.64591007829183
4.64591007829183
4.64591007829183
4.64591007829183
4.64591007829183
4.64591007829183
4.64591007829183
4.64591007829183
4.64591007829183
4.708197350463495
4.708197350463495
4.708197350463495
4.708197350463495
4.708197350463495
4.708197350463495
5.251777881526658
3.0710479627079437
5.060152650757426
5.141072107751732
3.523212997672979
3.523212997672979
5.719415176590068
4.933443413220306
3.669121765103238
6.328758536014037
5.52404723865588
4.054249346327292
3.152966470656599
5.965955955009163
6.717285018169
4.0182089807780565
4.793064425842266
4.943348384566469
4.007587538658944
5.133648745368894
6.85679525964386
