25.288000000000064
25.189400000000063
25.288000000000064
25.288000000000064
25.288000000000064
25.04740000000006
25.04740000000006
25.189400000000063
25.189400000000063
25.029900000000058
25.029900000000058
24.863800000000058
24.90630000000006
25.056500000000057
25.039000000000062
24.94822000000006
24.94822000000006
24.94822000000006
24.94822000000006
24.94822000000006
25.361200000000064
25.361200000000064
25.361200000000064
24.915400000000055
24.915400000000055
24.915400000000055
24.915400000000055
24.791800000000055
24.94040000000006
24.94040000000006
24.94040000000006
24.95790000000006
24.95790000000006
24.95790000000006
24.95790000000006
24.95790000000006
24.95790000000006
24.95790000000006
24.95790000000006
24.95790000000006
24.95790000000006
24.95790000000006
24.95790000000006
24.95790000000006
24.95790000000006
24.95790000000006
24.95790000000006
24.95790000000006
24.94040000000006
24.94040000000006
24.94040000000006
24.94040000000006
24.94040000000006
24.94040000000006
24.94040000000006
24.94040000000006
24.94040000000006
24.94040000000006
24.94040000000006
24.94040000000006
24.94040000000006
24.94040000000006
24.94040000000006
24.94040000000006
24.94040000000006
24.94040000000006
24.94040000000006
24.94040000000006
24.94040000000006
24.94040000000006
24.94040000000006
24.94040000000006
24.94040000000006
24.94040000000006
24.94040000000006
24.94040000000006
24.94040000000006
24.94040000000006
24.94040000000006
24.94040000000006
24.94040000000006
24.94040000000006
24.94040000000006
24.94040000000006
24.94040000000006
24.94040000000006
24.94040000000006
24.94040000000006
24.94040000000006
24.94040000000006
24.94040000000006
24.94040000000006
24.94040000000006
24.94040000000006
24.94040000000006
24.78090000000006
24.78090000000006
25.195100000000068
24.78090000000006
24.78090000000006
24.816800000000057
24.558700000000055
24.68230000000006
24.68230000000006
24.68230000000006
24.68230000000006
24.68230000000006
24.68230000000006
24.68230000000006
24.68230000000006
24.639800000000058
24.639800000000058
24.639800000000058
24.639800000000058
24.639800000000058
24.639800000000058
24.639800000000058
24.639800000000058
24.639800000000058
24.639800000000058
24.639800000000058
24.639800000000058
24.639800000000058
24.639800000000058
24.639800000000058
24.639800000000058
24.639800000000058
24.639800000000058
24.639800000000058
24.639800000000058
24.639800000000058
24.639800000000058
24.68230000000006
24.68230000000006
24.68230000000006
24.68230000000006
24.68230000000006
24.68230000000006
24.68230000000006
24.68230000000006
24.68230000000006
24.68230000000006
24.68230000000006
24.68230000000006
24.68230000000006
24.68230000000006
24.68230000000006
24.68230000000006
24.68230000000006
24.68230000000006
24.68230000000006
24.68230000000006
24.68230000000006
24.68230000000006
24.68230000000006
24.68230000000006
24.68230000000006
24.68230000000006
24.68230000000006
24.639800000000058
24.639800000000058
24.73512000000006
24.73512000000006
24.516200000000055
24.516200000000055
24.516200000000055
24.516200000000055
24.699800000000053
24.699800000000053
24.699800000000053
24.639800000000058
24.68230000000006
24.68230000000006
24.68230000000006
24.68230000000006
24.68230000000006
24.68230000000006
24.68230000000006
24.68230000000006
24.68230000000006
24.68230000000006
24.68230000000006
24.68230000000006
24.68230000000006
24.68230000000006
24.68230000000006
24.68230000000006
24.68230000000006
24.68230000000006
24.88380000000006
24.868400000000058
24.88380000000006
24.600620000000056
25.130000000000067
24.464020000000055
24.88380000000006
24.79880000000006
24.97110000000006
24.97110000000006
24.97110000000006
24.401700000000055
24.401700000000055
24.384200000000057
24.218100000000053
24.384200000000057
24.456200000000056
24.456200000000056
24.456200000000056
24.550300000000057
24.550300000000057
24.550300000000057
24.296700000000055
24.84130000000006
24.507800000000056
24.16860000000005
24.16860000000005
24.571400000000057
24.571400000000057
24.571400000000057
24.433300000000052
24.433300000000052
24.433300000000052
24.433300000000052
24.433300000000052
24.433300000000052
24.296700000000055
24.296700000000055
24.296700000000055
24.550300000000057
24.426700000000054
24.426700000000054
24.80540000000006
24.126100000000054
24.126100000000054
24.126100000000054
24.126100000000054
24.126100000000054
24.126100000000054
23.86800000000005
24.706800000000058
24.836600000000065
24.30970000000005
24.198100000000053
24.198100000000053
24.198100000000053
24.292200000000054
24.292200000000054
24.249700000000054
24.126100000000054
24.126100000000054
24.126100000000054
24.126100000000054
24.592800000000057
24.292200000000054
24.198100000000053
24.198100000000053
24.30970000000005
24.12190000000005
23.88110000000005
24.592300000000055
24.647900000000057
24.511120000000055
24.14270000000005
24.03410000000005
24.511100000000056
24.241800000000055
24.03410000000005
24.375100000000053
24.01160000000005
24.03410000000005
24.13520000000005
24.26020000000005
24.14270000000005
24.17770000000005
24.662600000000058
23.910500000000045
24.160200000000053
24.17770000000005
24.17770000000005
24.335400000000053
24.335400000000053
24.335400000000057
24.22810000000005
24.22810000000005
24.000700000000048
24.000700000000048
23.742600000000046
24.22380000000005
24.22380000000005
24.22380000000005
24.07910000000005
24.32630000000005
24.322900000000057
23.778500000000047
23.90210000000005
23.90210000000005
23.90210000000005
24.280400000000057
24.181300000000054
23.986500000000046
23.859600000000043
24.020800000000047
23.959600000000044
23.926200000000048
24.07730000000005
24.02570000000005
24.156800000000054
24.00210000000005
23.576500000000046
23.619000000000042
24.446700000000057
24.03480000000005
23.795100000000048
23.644000000000045
24.103600000000053
23.731500000000047
23.644000000000045
24.08160000000005
23.814300000000042
24.485700000000058
24.335500000000053
23.880500000000048
23.438720000000043
23.392900000000044
23.516500000000043
24.372100000000056
23.583400000000044
23.667600000000046
23.739400000000046
23.388400000000043
23.512000000000047
23.512000000000047
23.720000000000045
23.745100000000043
23.59310000000004
23.686100000000046
23.57990000000004
23.704300000000046
23.583700000000047
23.637300000000042
24.240180000000052
23.838400000000043
23.54790000000004
23.528600000000043
23.528600000000043
23.90810000000005
23.765100000000047
23.449200000000044
22.836300000000033
23.449200000000044
23.709600000000044
23.65000000000005
23.428700000000042
23.153100000000038
24.31970000000005
23.00700000000004
23.359700000000043
24.06160000000005
22.91500000000004
22.931700000000035
23.101600000000037
23.94860000000005
23.029000000000043
23.75800000000005
23.591900000000045
23.920500000000047
23.30070000000004
23.20180000000004
23.345900000000043
23.611300000000046
23.708000000000048
22.74540000000004
22.727900000000037
23.33050000000004
22.406700000000033
22.776100000000035
23.482200000000045
21.895000000000028
23.590800000000048
23.22410000000004
23.601000000000045
22.18830000000003
22.00560000000003
22.41350000000003
22.170800000000035
21.972700000000025
22.107600000000033
21.756600000000024
21.756600000000024
21.756600000000024
21.756600000000024
21.615500000000026
21.740800000000025
22.016600000000032
20.852800000000016
20.92670000000002
20.708300000000015
20.674300000000017
20.66860000000002
20.817300000000017
19.98700000000001
19.67
18.996799999999993
19.123199999999997
18.348599999999983
19.035899999999994
18.64579999999999
18.108399999999982
18.139999999999983
17.92099999999998
17.93479999999998
16.914399999999976
17.479479999999974
16.008099999999963
15.96109999999996
16.74649999999997
15.65709999999996
15.224499999999965
15.132499999999963
14.835299999999963
15.350899999999964
14.576299999999966
14.742399999999964
14.742399999999964
14.536599999999966
14.702699999999965
14.702699999999965
13.722899999999969
14.258899999999967
14.258899999999967
13.33279999999997
12.459699999999977
12.296399999999977
12.204999999999979
12.677899999999976
11.765399999999982
11.765399999999982
9.7348
9.846919999999995
9.846919999999995
9.538499999999997
10.64999999999999
9.634199999999996
9.510800000000001
9.510800000000001
9.510800000000001
9.892299999999993
8.954600000000005
9.078
9.959299999999995
9.37007
10.259899999999991
9.120700000000003
9.120700000000003
10.269499999999992
10.125399999999994
9.1256
9.703699999999996
9.880999999999995
8.333200000000005
9.765099999999999
9.013
8.156200000000005
9.310199999999998
9.765099999999999
9.2328
7.209900000000006
7.209900000000006
7.3760000000000066
7.117000000000006
7.715700000000007
9.13888
7.159500000000007
7.159500000000007
8.214800000000006
8.433200000000006
6.429700000000006
6.429700000000006
6.769400000000006
17.432399999999976
5.8231000000000055
6.388900000000006
6.379300000000006
6.379300000000006
5.599100000000005
5.259400000000005
5.608700000000005
5.209000000000005
4.818900000000005
1.3659
0.7684
21.390300000000025
22.891300000000037
23.530900000000045
11.302699999999987
23.12640000000004
23.386800000000044
22.99670000000004
23.77010000000005
24.046800000000054
