6.665950154371279
4.065402258515397
4.065402258515397
4.065402258515397
2.3851781610717104
2.3851781610717104
2.3851781610717104
2.3851781610717104
4.742663084148633
4.742663084148633
4.742663084148633
4.742663084148633
4.742663084148633
4.742663084148633
4.742663084148633
3.9208083683357344
3.9208083683357344
3.9208083683357344
3.9208083683357344
3.9208083683357344
3.8924189784153107
3.8924189784153107
3.8924189784153107
3.8924189784153107
3.8924189784153107
3.8924189784153107
3.8924189784153107
3.8924189784153107
3.8924189784153107
3.8924189784153107
3.8924189784153107
3.8924189784153107
3.8924189784153107
3.995365425991915
3.995365425991915
3.995365425991915
3.995365425991915
3.995365425991915
3.995365425991915
4.574386199563536
4.574386199563536
4.574386199563536
4.574386199563536
4.574386199563536
4.574386199563536
3.822924188279762
3.822924188279762
3.822924188279762
3.822924188279762
3.822924188279762
3.8512802188913238
3.8512802188913238
3.8512802188913238
3.8512802188913238
4.54804819045478
4.54804819045478
3.778292955466929
3.778292955466929
3.778292955466929
3.9782384419035157
3.9782384419035157
3.9782384419035157
3.9782384419035157
3.9782384419035157
3.9782384419035157
3.9782384419035157
3.9782384419035157
3.9782384419035157
4.0138798093227
4.01979868818016
4.01979868818016
4.01979868818016
4.01979868818016
4.01979868818016
4.01979868818016
4.01979868818016
4.01979868818016
5.002974984040447
5.002974984040447
5.002974984040447
5.002974984040447
5.002974984040447
5.002974984040447
5.002974984040447
5.002974984040447
5.002974984040447
5.002974984040447
5.002974984040447
5.002974984040447
5.002974984040447
5.002974984040447
5.002974984040447
5.002974984040447
5.002974984040447
5.002974984040447
5.002974984040447
5.002974984040447
5.002974984040447
5.002974984040447
5.002974984040447
5.002974984040447
5.002974984040447
5.002974984040447
5.002974984040447
5.002974984040447
5.002974984040447
5.002974984040447
5.002974984040447
5.002974984040447
5.002974984040447
5.002974984040447
5.002974984040447
5.002974984040447
5.002974984040447
5.002974984040447
5.002974984040447
5.002974984040447
5.002974984040447
5.002974984040447
5.002974984040447
5.002974984040447
5.002974984040447
5.002974984040447
5.002974984040447
5.002974984040447
5.002974984040447
5.002974984040447
5.002974984040447
5.002974984040447
5.002974984040447
5.002974984040447
5.002974984040447
5.002974984040447
5.002974984040447
5.002974984040447
5.002974984040447
5.002974984040447
5.002974984040447
5.002974984040447
5.002974984040447
5.002974984040447
5.002974984040447
5.002974984040447
5.002974984040447
5.002974984040447
5.002974984040447
5.002974984040447
5.002974984040447
5.002974984040447
5.002974984040447
5.002974984040447
5.002974984040447
5.002974984040447
5.002974984040447
5.002974984040447
5.002974984040447
5.002974984040447
5.002974984040447
5.002974984040447
5.002974984040447
5.002974984040447
5.002974984040447
5.002974984040447
5.002974984040447
5.002974984040447
5.002974984040447
5.002974984040447
5.002974984040447
5.002974984040447
5.002974984040447
5.002974984040447
5.002974984040447
5.002974984040447
5.002974984040447
5.002974984040447
5.002974984040447
5.002974984040447
5.002974984040447
5.002974984040447
5.002974984040447
5.002974984040447
5.002974984040447
5.002974984040447
5.002974984040447
5.002974984040447
5.002974984040447
5.002974984040447
5.002974984040447
5.002974984040447
5.002974984040447
5.002974984040447
5.002974984040447
5.002974984040447
5.002974984040447
5.002974984040447
5.002974984040447
5.002974984040447
5.002974984040447
5.002974984040447
5.002974984040447
5.002974984040447
5.002974984040447
5.002974984040447
5.002974984040447
5.002974984040447
5.002974984040447
5.002974984040447
5.002974984040447
5.002974984040447
5.002974984040447
5.002974984040447
5.002974984040447
5.002974984040447
5.002974984040447
5.002974984040447
5.002974984040447
5.002974984040447
5.002974984040447
5.002974984040447
5.002974984040447
5.002974984040447
5.002974984040447
5.002974984040447
5.002974984040447
5.002974984040447
5.002974984040447
5.002974984040447
5.002974984040447
5.002974984040447
5.002974984040447
5.002974984040447
5.002974984040447
5.002974984040447
5.002974984040447
5.002974984040447
5.002974984040447
5.002974984040447
5.002974984040447
5.002974984040447
5.002974984040447
5.002974984040447
5.002974984040447
5.002974984040447
5.002974984040447
5.002974984040447
5.002974984040447
5.002974984040447
5.002974984040447
5.002974984040447
5.002974984040447
5.002974984040447
5.002974984040447
5.002974984040447
5.002974984040447
5.002974984040447
5.002974984040447
5.002974984040447
5.002974984040447
5.002974984040447
5.002974984040447
5.002974984040447
5.002974984040447
5.002974984040447
5.002974984040447
5.002974984040447
5.002974984040447
5.002974984040447
5.002974984040447
5.002974984040447
5.002974984040447
5.002974984040447
5.002974984040447
5.002974984040447
5.002974984040447
5.002974984040447
5.002974984040447
5.002974984040447
5.002974984040447
5.002974984040447
5.002974984040447
5.002974984040447
5.002974984040447
5.002974984040447
5.002974984040447
5.002974984040447
5.002974984040447
5.002974984040447
5.002974984040447
5.002974984040447
5.002974984040447
5.002974984040447
5.002974984040447
5.002974984040447
5.002974984040447
5.002974984040447
5.002974984040447
5.002974984040447
5.002974984040447
5.002974984040447
5.002974984040447
5.002974984040447
5.002974984040447
5.002974984040447
5.002974984040447
5.002974984040447
5.002974984040447
5.002974984040447
5.002974984040447
5.002974984040447
5.002974984040447
5.002974984040447
5.002974984040447
5.002974984040447
5.002974984040447
5.002974984040447
5.002974984040447
5.002974984040447
5.002974984040447
5.002974984040447
5.002974984040447
5.002974984040447
5.002974984040447
5.002974984040447
5.002974984040447
5.002974984040447
5.002974984040447
5.002974984040447
5.002974984040447
5.002974984040447
5.002974984040447
5.002974984040447
5.002974984040447
5.002974984040447
5.002974984040447
5.002974984040447
5.002974984040447
5.002974984040447
5.002974984040447
5.002974984040447
5.002974984040447
5.002974984040447
5.002974984040447
5.002974984040447
5.002974984040447
5.002974984040447
5.002974984040447
5.002974984040447
5.002974984040447
5.002974984040447
5.002974984040447
5.002974984040447
5.002974984040447
5.002974984040447
5.002974984040447
5.002974984040447
5.0274926171765415
4.850037469247548
4.850037469247548
4.850037469247548
4.850037469247548
4.850037469247548
4.940731907117369
4.940731907117369
4.940731907117369
4.940731907117369
4.940731907117369
4.940731907117369
4.940731907117369
4.940731907117369
4.940731907117369
4.940731907117369
4.940731907117369
4.940731907117369
4.940731907117369
4.940731907117369
4.940731907117369
4.940731907117369
4.940731907117369
4.940731907117369
4.940731907117369
4.940731907117369
4.940731907117369
4.940731907117369
4.940731907117369
4.940731907117369
4.940731907117369
4.940731907117369
4.940731907117369
4.940731907117369
4.940731907117369
4.940731907117369
4.940731907117369
4.940731907117369
4.940731907117369
4.940731907117369
4.940731907117369
4.940731907117369
4.940731907117369
4.940731907117369
4.940731907117369
4.940731907117369
4.940731907117369
4.940731907117369
4.940731907117369
4.940731907117369
4.940731907117369
4.940731907117369
4.940731907117369
4.940731907117369
4.940731907117369
5.095597232561156
5.064388001791926
4.965809776939855
4.932799688252237
4.875527092098392
4.875527092098392
4.993734303636853
4.993734303636853
4.993734303636853
4.930902558004943
4.937335694099618
4.937335694099618
4.937335694099618
4.94258516155524
4.999494273981275
4.999494273981275
4.894750605342222
4.920882582814691
4.928330013626246
4.930445120944546
4.930445120944546
4.930518678636853
4.930518678636853
4.938028774790699
4.8566635351956435
4.892844096466481
4.843469640175315
4.843469640175315
5.180954495944546
5.003677232561158
4.981982084632161
4.9854628025949115
5.123544853876963
5.1415983337304425
5.084929345527777
5.074168055205195
5.074168055205195
4.872283315415425
5.010041492916185
5.047803859780091
5.069751788774173
4.995902084632162
3.788255970307522
5.392355827531885
4.811170040316858
4.811170040316858
5.040097587590742
5.0598990077090855
4.986245989957606
5.031436947867623
4.971677484485592
4.962977853212093
5.6302882477126435
5.6302882477126435
5.040155773211788
4.969220280769417
4.971614374161691
5.055935940110075
4.9759627247463385
5.056754683715953
5.005011187212455
5.005011187212455
4.935462412152052
5.030146737543895
3.8797287312978073
4.806858504475012
4.683077177083985
4.780554127804732
4.705091290743733
4.146452154632568
5.010938461689319
5.029109241592408
3.924608980778057
4.200514486501313
4.383756791358881
4.103946430363645
4.103946430363645
4.103946430363645
4.059312524642306
4.059312524642306
5.3349652775084575
4.12327888217621
3.193056911979612
3.5317963660739053
5.4268701902427825
4.667076892621826
4.743583303564777
6.635276923076923
6.635276923076923
5.5678518528985865
