4.184953159399985
4.609141463767237
4.054447286072692
4.054447286072692
4.054447286072692
4.054447286072692
4.481305213739384
4.076411137116208
4.027037287943063
3.092792427994402
3.092792427994402
3.092792427994402
3.092792427994402
4.160038167063942
4.160038167063942
4.160038167063942
4.160038167063942
4.24521162917086
4.24521162917086
4.1109502549760295
4.1109502549760295
4.1109502549760295
4.1109502549760295
4.1109502549760295
4.1109502549760295
4.1109502549760295
4.1109502549760295
4.10710087998849
4.10710087998849
4.676793086698809
4.571295571550763
4.571295571550763
4.571295571550763
4.147347837393612
4.429286578796724
3.9716441011298755
4.351856026250678
4.23872960089327
4.256487186323987
4.060986738492513
4.060986738492513
4.060986738492513
4.060986738492513
4.060986738492513
4.060986738492513
4.060986738492513
4.060986738492513
4.060986738492513
4.060986738492513
4.060986738492513
4.060986738492513
4.060986738492513
4.060986738492513
4.060986738492513
4.060986738492513
4.060986738492513
4.060986738492513
4.060986738492513
4.060986738492513
4.060986738492513
4.060986738492513
4.060986738492513
4.060986738492513
4.060986738492513
4.060986738492513
4.060986738492513
4.077800714495572
4.064537287943062
4.064537287943062
4.064537287943062
4.064537287943062
4.064537287943062
4.064537287943062
4.064537287943062
4.064537287943062
4.064537287943062
4.064537287943062
4.064537287943062
4.064537287943062
4.064537287943062
4.064537287943062
4.064537287943062
4.064537287943062
4.064537287943062
4.064537287943062
4.064537287943062
4.270544267560508
4.270544267560508
4.270544267560508
4.270544267560508
4.415940442932342
4.067115309921084
4.163984320910096
4.163984320910096
4.185606524929307
4.1884948067409535
4.1884948067409535
4.1884948067409535
4.1884948067409535
4.1884948067409535
4.019366600783197
4.019366600783197
4.019366600783197
4.019366600783197
4.019366600783197
4.019366600783197
4.019366600783197
4.0229686074721585
4.0229686074721585
4.0229686074721585
4.0229686074721585
4.0229686074721585
4.0229686074721585
4.030715095766473
4.030715095766473
4.030715095766473
4.082827470348414
4.077107617613391
4.158886298932074
2.668839137566504
4.108363002228778
4.123495246185675
4.1253374997068
4.4423852459342195
4.203551528523844
4.203551528523844
4.120136189041963
4.12940981541559
4.13367690435922
4.338971302523701
4.331630240768556
4.331630240768556
4.331630240768556
4.14829926596504
3.942315764662796
3.970787336569151
4.0824410242067986
4.0824410242067986
4.0824410242067986
4.203848509113348
3.9796863332246675
4.031061584060788
4.330728451600766
4.032139844930354
4.032139844930354
4.0334308148300195
4.034663590749751
4.034663590749751
4.035741851619317
4.035741851619317
4.035741851619317
4.035741851619317
4.035741851619317
4.035741851619317
4.035741851619317
4.035741851619317
4.035741851619317
4.059581683547458
4.310649375855151
4.103887776160304
4.1631605807163075
3.879123653754956
4.063132232998007
3.9334853070270572
4.161481613759426
4.161481613759426
4.161481613759426
4.161481613759426
4.161481613759426
4.161481613759426
4.161481613759426
4.161481613759426
4.161481613759426
4.161481613759426
4.161481613759426
4.161481613759426
4.161481613759426
4.161481613759426
4.161481613759426
4.161481613759426
4.161481613759426
4.161481613759426
4.161481613759426
4.161481613759426
4.161481613759426
4.161481613759426
4.161481613759426
4.161481613759426
4.161481613759426
4.161481613759426
4.161481613759426
4.161481613759426
4.078822562668337
4.181940489284843
4.16755685984036
4.074805396769818
4.074805396769818
4.074805396769818
4.074805396769818
4.074805396769818
4.074805396769818
3.98957465218077
3.9906687698278285
4.067335059420591
4.262729809165916
4.021175090140865
4.206736143908458
4.025006065666141
4.180582081874013
4.180582081874013
4.180582081874013
4.279036772344917
4.279036772344917
4.279036772344917
4.279036772344917
4.279036772344917
4.279036772344917
4.279036772344917
4.279036772344917
4.279036772344917
3.921561249612629
4.035560172542761
4.035560172542761
3.994323747203394
3.984649543927011
3.984649543927011
4.001090036796155
4.067576688379866
4.114093644382832
4.138212856923845
4.300762562668337
4.0859037245290155
4.181071032271269
4.162803087791172
4.162803087791172
3.985951897153348
4.099165390646046
3.931997050370815
3.931997050370815
3.931997050370815
4.101650212823332
4.217730248868918
3.977920446937043
4.2292656395914126
4.3089765345367335
4.08994687077729
4.1983318181745
4.1983318181745
4.019308247810391
4.084250761881686
4.021782319104952
4.237188576938427
4.237188576938427
4.237188576938427
4.190754835497244
4.054974504754686
4.214061903327678
4.289700469660314
4.305866959873078
4.140634159311626
4.225060246268146
4.036121683547457
4.036121683547457
4.2251082998695235
4.228664259646073
4.352546824126471
4.346520038841453
4.0480201450859195
4.18993938906353
4.066103055632697
4.479853906869158
4.24044419275644
4.127097247325563
3.9151745716710877
3.8523979553481915
4.023897682369997
4.071640144004189
4.025325583645289
3.840790263040498
4.018073294714706
4.111776915727841
3.896769448560862
4.13182065860084
4.324106505729507
4.029889055482866
4.172369035802887
4.162169674805204
4.162169674805204
4.606942511478749
3.993509417245197
4.13730531044189
4.160226818434223
4.255017507723282
4.255017507723282
3.892002027746381
3.892002027746381
3.892002027746381
4.180481403467928
4.067844433945019
4.284077290233749
4.402386667672828
4.807224534686597
4.297305731217978
4.585606977257552
4.306270611275046
4.118173711160237
4.208086958272732
3.9051809870223995
4.881419464117354
1.5990075374085677
4.104242782448557
4.104242782448557
3.9632126911774286
4.085822782448557
3.7204520007379234
3.9905472766151595
4.67071582554871
4.557658718575241
4.825149111258355
4.063249543927009
4.279442711910464
3.7678784183933036
3.7678784183933036
3.7678784183933036
4.237889990062305
4.744356131422657
4.505034876610319
4.811642655226825
3.956850501990189
4.474044192756441
5.732852384019078
4.663297096451718
3.5699924988333454
1.475692124153678
3.8701441105118635
3.661600753868507
5.046333718583267
3.8522504046160346
1.6148340977787043
4.310468554915564
4.822022776444838
4.072012208741857
3.708997695426411
4.696484001102045
4.834461429767447
4.509473576140598
2.0076266554555637
2.0076266554555637
3.632454273981275
1.8054171387171642
1.8054171387171642
3.587880192222828
4.335981985398579
4.626859249556212
5.025491013672627
3.498635052723806
3.5172824525231103
3.5819371142179612
4.4447949189673555
4.845399414249576
2.292774181021141
2.292774181021141
2.3005481886054024
4.9564594468274805
3.4348333459387526
5.326791401128863
5.427785388939812
4.4681769673813125
3.7284727651753142
2.831324366837702
3.5514833154154255
3.68352314972092
3.2425203097786692
1.676655480163486
3.198904130028259
3.085949661743472
2.1282891878060184
1.9583261888094992
2.6088627243926634
2.339950015499941
3.6024302786100684
5.817941267985518
2.0569377063837067
3.720537218409399
3.241797137301413
3.4608197763622623
1.405027910734498
5.469408510178032
2.7136034372096756
3.3965296168862364
1.7564299468471614
3.3580739801083404
2.5826064563428375
2.706762929093939
3.0859656962167312
2.9952825581627334
3.1598188968438308
3.638920014070102
3.0900185202135315
2.853900324914708
3.005826147602235
2.385817209746362
3.010864089390176
2.998340804566892
2.9722013375970686
3.2585941216190566
2.893005544519049
2.8174132603995474
2.8174132603995474
2.9698453877956332
1.8271504687640174
2.1229569960784254
2.4330750930441685
3.078257857882792
2.776819595241177
3.258751464276399
2.939063475002019
2.5717404592171995
6.120446479637027
2.6938304028904376
1.3756519655025397
2.9870186537499386
1.8298340365734056
2.949102484220335
2.70595437348023
2.0897716903102292
2.0897716903102292
2.5582647670039265
1.192665672972261
2.5979448627566057
2.3873188172249638
3.3455399002171218
4.500571134096907
2.358051375664701
3.0209213734725697
4.800354294477928
3.665788201908695
2.544037591204482
2.7501560130741787
3.0553831801326456
4.944731113159298
2.6573157953914386
2.637754876272357
2.637754876272357
2.4776527604225134
4.999100009394419
2.2285402039417743
5.9946254452623915
5.937879885712967
2.737125724303766
3.5165315620238324
3.7780887373179493
4.79900957469776
4.433197276615159
3.040964730942676
3.669121765103238
3.4814508674954636
3.4814508674954636
3.737584584929518
3.737584584929518
3.737584584929518
5.508173974553451
5.023590043225954
3.0237000625806676
3.119323046467981
3.119323046467981
1.4873862672128446
4.043614072795545
4.043614072795545
4.863481495084688
4.937938431083365
5.363215942320416
5.4770041180368025
7.3284153846153846
4.682431528533016
5.220097763521753
5.311430145933699
5.172679735182538
5.362611986276459
5.330087061180615
5.668814567541531
4.661174232658865
5.594328043943672
4.69377178743385
5.262223127843903
5.704557457428893
5.384360337924809
6.571201480008564
5.960177310344236
4.817098731473745
6.233597648055307
6.090004252182886
4.977947837514787
6.365749966953025
5.108915038319295
6.457169465281997
5.7215847688857195
6.463261207190562
6.609806100055806
6.45717286038826
