5.810283302425717
5.609554498515254
5.667982831284867
5.667982831284867
5.667982831284867
5.667982831284867
5.8371556788513095
5.8371556788513095
5.771959053736569
5.9103417524756665
5.9103417524756665
5.9103417524756665
5.9103417524756665
5.9103417524756665
5.731146347199355
5.731146347199355
5.687195963921357
5.902248490957236
5.726295366585731
5.726295366585731
5.726295366585731
5.985170536594774
5.9513932055253145
5.928489891433483
5.897262188252237
5.841558530585567
5.841558530585567
5.8324087314331745
5.8324087314331745
5.8324087314331745
5.8324087314331745
5.8324087314331745
5.8324087314331745
5.8324087314331745
5.8324087314331745
5.8324087314331745
5.8324087314331745
5.847221021935967
5.847221021935967
5.847221021935967
5.847221021935967
5.847221021935967
5.847221021935967
5.847221021935967
5.847221021935967
5.847221021935967
5.847221021935967
5.847221021935967
5.847221021935967
5.847221021935967
5.847221021935967
6.013829097388818
6.013829097388818
6.013829097388818
6.013829097388818
6.013829097388818
6.013829097388818
5.859835718970777
5.859835718970777
5.640642594776535
5.899971000449074
5.7794559639213565
5.772657549654059
5.772657549654059
5.899448729306529
5.925235288900781
5.925235288900781
5.925235288900781
5.795532324041682
5.795532324041682
5.795532324041682
5.795532324041682
5.795532324041682
5.920604435139158
5.920604435139158
5.920604435139158
5.920604435139158
5.920604435139158
5.705776537578573
5.705776537578573
5.705776537578573
5.705776537578573
5.705776537578573
5.705776537578573
5.705776537578573
5.8563666498475255
5.8563666498475255
5.8563666498475255
5.880397583741176
5.880397583741176
5.880397583741176
5.825107816373308
5.825107816373308
5.825107816373308
5.825107816373308
5.825107816373308
5.825107816373308
5.825107816373308
5.722290037836268
5.722290037836268
5.722290037836268
5.722290037836268
5.722290037836268
5.722290037836268
5.860977116430124
5.860977116430124
5.860977116430124
5.860977116430124
5.860977116430124
5.688683617998153
5.551055909511932
5.551055909511932
5.551055909511932
5.551055909511932
5.834754165610452
5.834754165610452
5.834754165610452
5.834754165610452
5.834754165610452
5.834754165610452
5.834754165610452
5.834754165610452
5.853240579305972
5.853240579305972
5.853240579305972
5.868937740295539
5.932086913765989
5.839833268347805
5.839833268347805
5.839833268347805
5.839833268347805
5.788435203285344
5.928873419030559
5.928873419030559
5.748627040135019
5.748627040135019
5.748627040135019
5.748627040135019
5.8832568889520935
5.840602084904273
5.840602084904273
5.840602084904273
6.024606120213226
5.818053111005147
5.818053111005147
6.277123566920731
5.605597179591556
5.605597179591556
5.84288790632182
5.979011231383856
5.850896658300612
5.826734128940695
5.826734128940695
5.826734128940695
5.826734128940695
5.826734128940695
5.826734128940695
5.826734128940695
5.826734128940695
5.893117541059302
5.893117541059302
5.893117541059302
5.893117541059302
5.893117541059302
5.893117541059302
5.893117541059302
5.893117541059302
5.893117541059302
5.893117541059302
5.893117541059302
5.893117541059302
5.893117541059302
5.893117541059302
5.893117541059302
5.893117541059302
5.893117541059302
5.893117541059302
5.893117541059302
5.893117541059302
5.893117541059302
5.893117541059302
5.893117541059302
5.893117541059302
5.893117541059302
5.893117541059302
5.893117541059302
5.893117541059302
5.893117541059302
5.893117541059302
5.893117541059302
5.893117541059302
5.893117541059302
5.893117541059302
5.893117541059302
5.893117541059302
5.893117541059302
5.893117541059302
5.893117541059302
5.893117541059302
5.893117541059302
5.893117541059302
5.893117541059302
5.893117541059302
5.893117541059302
5.893117541059302
5.893117541059302
5.893117541059302
5.893117541059302
5.893117541059302
5.893117541059302
5.893117541059302
5.893117541059302
5.893117541059302
5.893117541059302
5.893117541059302
5.893117541059302
5.893117541059302
5.893117541059302
5.7274819587645025
5.748593862503221
5.800599876739414
5.800599876739414
5.800599876739414
5.800599876739414
5.800599876739414
5.800599876739414
5.800599876739414
5.800599876739414
5.800599876739414
5.800599876739414
5.800599876739414
5.800599876739414
5.800599876739414
5.800599876739414
5.800599876739414
5.800599876739414
5.800599876739414
5.800599876739414
5.800599876739414
5.800599876739414
5.800599876739414
5.800599876739414
5.800599876739414
5.763406153006015
5.763406153006015
5.763406153006015
5.782639999117036
5.782639999117036
5.782639999117036
5.782639999117036
5.782639999117036
5.782639999117036
5.782639999117036
5.782639999117036
5.782639999117036
5.782639999117036
5.782639999117036
5.782639999117036
5.782639999117036
5.782639999117036
5.782639999117036
5.782639999117036
5.782639999117036
5.782639999117036
5.782639999117036
5.782639999117036
5.782639999117036
5.782639999117036
5.782639999117036
5.782639999117036
5.782639999117036
5.782639999117036
5.782639999117036
5.782639999117036
5.782639999117036
5.782639999117036
5.782639999117036
5.782639999117036
5.782639999117036
5.782639999117036
5.782639999117036
5.782639999117036
5.782639999117036
5.782639999117036
5.782639999117036
5.782639999117036
5.782639999117036
5.782639999117036
5.782639999117036
5.782639999117036
5.782639999117036
5.782639999117036
5.782639999117036
5.782639999117036
5.782639999117036
5.782639999117036
5.782639999117036
5.782639999117036
5.782639999117036
5.782639999117036
5.782639999117036
5.782639999117036
5.782639999117036
5.782639999117036
5.782639999117036
5.782639999117036
5.782639999117036
5.782639999117036
5.782639999117036
5.782639999117036
5.782639999117036
5.782639999117036
5.782639999117036
5.782639999117036
5.782639999117036
5.782639999117036
5.782639999117036
5.782639999117036
5.782639999117036
5.782639999117036
5.782639999117036
5.782639999117036
5.782639999117036
5.782639999117036
5.782639999117036
5.782639999117036
5.782639999117036
5.782639999117036
5.782639999117036
5.782639999117036
5.782639999117036
5.782639999117036
5.782639999117036
5.782639999117036
5.782639999117036
5.782639999117036
5.782639999117036
5.782639999117036
5.880697841732564
5.687077149466686
5.587912006633539
5.798644107508644
5.846872934269444
5.846872934269444
5.846872934269444
5.846872934269444
5.846872934269444
5.780684229886266
5.8830757292926705
6.106458238342664
6.272784556477984
6.272784556477984
5.7369421844317205
5.8556694963665645
5.733689577781601
5.9024548592568955
5.888479512394815
5.852103635480671
6.246183936098496
5.9051532858303215
5.773394047693933
5.879806170445706
5.794327351384462
5.898934472730983
5.7261077750117
5.968275995651846
5.960249177438714
5.6903299397725515
6.031774754957056
5.791704733075774
5.843039911704448
5.73276080331284
5.717177862722835
5.862675488627524
5.869014578841609
5.777173128487664
5.83125540096476
5.831137051158142
5.792837376739413
5.7245891566312395
5.773127848767384
6.220636164441988
5.857327167187365
5.858417841875804
5.89078239422193
6.100933613255263
5.8938725045315845
5.876213630444777
5.876213630444777
5.876213630444777
5.911373578876234
5.831892788158571
5.831892788158571
6.24971996737187
5.940321510371617
5.870467863362697
5.994438689757073
5.66210333343771
6.114430419414698
5.804605809215727
5.871936409816563
5.987028111005147
5.803612278018522
6.197183617998154
5.648907948822325
6.155541404962781
5.945362247464859
5.76273872848936
6.016088401311013
6.080502155481531
5.813092383211465
5.9218717298862655
5.941781743895572
6.080011206740877
5.9711465589822215
5.987961870045483
5.981723907524913
5.876732142919508
5.931992891390048
6.146183598927204
6.124826374795638
5.997148115804272
5.974447340130954
5.737901844159674
5.501514510222501
5.893989117805143
5.725495872499755
5.597434408075564
5.89857301458676
5.433092264186898
5.433092264186898
5.210453155492045
5.53410298404149
5.5218389886222194
5.549075876227033
5.535840205803516
5.482696612012986
5.62341777750796
5.47302336786583
5.860125445579952
5.417614397918042
5.357451495693664
5.346920786794721
5.07978525797448
5.382474632948567
5.09694567883937
5.09694567883937
5.233201380551985
5.177818071734817
6.415297623967657
4.749745736997473
6.708894150022247
4.88822724626917
5.025806779792973
5.1309766307334055
5.331969410782735
5.118953886422124
5.36686604539812
5.150779105123954
5.332457229213533
5.05544808894204
5.24531052591683
4.988092258694429
5.2650792072355115
1.0
1.0
5.331764423376484
5.499086869924084
5.475564232561447
5.679539668070483
5.762197661473236
5.7155281203020945
5.752057495796295
5.665085264645991
5.428758662615215
5.884421133115188
5.685889884460264
5.655260846889785
5.738128467641126
5.761815130133927
6.005994955072996
6.005994955072996
5.556543872498775
5.912906739538292
5.88116332271947
5.939307532327007
6.061994091950238
3.5133525343340075
5.139815354160288
4.743583303564777
6.689081454587601
6.194403209896533
5.868476923076923
6.635276923076923
6.635276923076923
6.963984615384615
7.3284153846153846
5.492116360568073
6.75603825355697
6.665752718357462
