0.01739999999999997
0.01739999999999997
0.01739999999999997
0.01739999999999997
0.01739999999999997
0.01739999999999997
0.01739999999999997
0.01739999999999997
0.01739999999999997
0.01739999999999997
0.01739999999999997
0.01739999999999997
0.01739999999999997
0.01739999999999997
0.01739999999999997
0.01739999999999997
0.01739999999999997
0.01739999999999997
0.01739999999999997
0.01739999999999997
0.01739999999999997
0.01739999999999997
0.01739999999999997
0.01739999999999997
0.01739999999999997
0.01739999999999997
0.01739999999999997
0.01739999999999997
0.01739999999999997
0.01739999999999997
0.01739999999999997
0.01739999999999997
0.01739999999999997
0.01739999999999997
0.01739999999999997
0.01739999999999997
0.01739999999999997
0.01739999999999997
-0.8247
1.9208
4.363700000000003
0.9402000000000001
3.947700000000003
3.947700000000003
3.947700000000003
3.947700000000003
3.947700000000003
4.016100000000003
4.016100000000003
4.016100000000003
4.016100000000003
4.016100000000003
4.016100000000003
4.016100000000003
4.016100000000003
4.016100000000003
4.016100000000003
4.016100000000003
4.016100000000003
4.016100000000003
4.016100000000003
4.016100000000003
4.016100000000003
4.016100000000003
4.016100000000003
4.016100000000003
4.523200000000003
4.523200000000003
3.3169000000000013
5.123600000000003
4.103870000000002
3.9840000000000027
3.9840000000000027
3.1782700000000013
4.096200000000002
3.698970000000002
3.698970000000002
4.146370000000004
2.0285
4.883570000000003
5.366500000000005
4.493470000000003
4.493470000000003
4.268270000000003
4.268270000000003
5.141370000000005
5.141370000000005
4.361170000000003
4.361170000000003
4.700870000000003
4.700870000000003
4.700870000000003
3.217200000000002
4.310770000000002
4.310770000000002
4.310770000000002
4.310770000000002
4.310770000000002
4.310770000000002
4.310770000000002
4.310770000000002
4.310770000000002
4.310770000000002
4.310770000000002
4.310770000000002
4.310770000000002
4.310770000000002
4.310770000000002
4.310770000000002
4.310770000000002
4.310770000000002
4.310770000000002
4.310770000000002
4.310770000000002
4.310770000000002
4.310770000000002
4.310770000000002
4.310770000000002
4.310770000000002
4.310770000000002
4.310770000000002
4.310770000000002
4.2699700000000025
4.2699700000000025
4.242370000000002
3.6595200000000023
4.013570000000002
4.876200000000004
3.945020000000003
3.6343000000000023
3.6343000000000023
3.6343000000000023
3.6343000000000023
3.6343000000000023
3.6343000000000023
3.6343000000000023
4.154300000000003
3.894770000000002
3.7661000000000016
3.706000000000003
3.7642000000000024
4.353270000000003
4.353270000000003
4.353270000000003
4.353270000000003
3.821500000000003
4.359270000000002
3.1179000000000023
4.333500000000003
4.333500000000003
4.333500000000003
4.333500000000003
4.333500000000003
4.333500000000003
4.333500000000003
3.879400000000003
3.879400000000003
3.879400000000003
4.211400000000003
4.781470000000003
5.989170000000003
4.254300000000002
4.245400000000003
4.245400000000003
4.245400000000003
4.245400000000003
4.635500000000003
3.442100000000001
5.075200000000005
5.389400000000005
4.816500000000004
4.794000000000004
4.426400000000004
3.386800000000001
5.585100000000004
5.585100000000004
5.585100000000004
5.585100000000004
4.254000000000004
4.254000000000004
4.254000000000004
4.780770000000003
4.766100000000004
3.9844000000000035
3.794000000000003
3.9219000000000026
3.9219000000000026
4.376000000000003
4.376000000000003
4.376000000000003
4.376000000000003
4.376000000000003
4.376000000000003
4.376000000000003
4.376000000000003
4.376000000000003
4.376000000000003
4.376000000000003
4.376000000000003
4.376000000000003
4.376000000000003
4.376000000000003
4.376000000000003
4.376000000000003
4.376000000000003
4.376000000000003
4.376000000000003
4.376000000000003
4.376000000000003
4.376000000000003
4.376000000000003
4.376000000000003
4.376000000000003
4.376000000000003
4.376000000000003
4.444100000000004
4.297600000000003
4.297600000000003
4.848670000000004
3.7970700000000024
5.347000000000005
2.9312000000000014
3.9075000000000024
4.468900000000003
4.468900000000003
4.468900000000003
4.468900000000003
4.468900000000003
4.468900000000003
4.468900000000003
4.468900000000003
4.468900000000003
4.468900000000003
4.468900000000003
4.468900000000003
4.468900000000003
4.176670000000002
3.620300000000003
0.8736
4.078800000000003
4.078800000000003
4.078800000000003
4.078800000000003
4.078800000000003
4.078800000000003
4.078800000000003
4.078800000000003
4.078800000000003
4.078800000000003
4.078800000000003
4.078800000000003
4.078800000000003
4.078800000000003
4.078800000000003
3.9600000000000026
3.9600000000000026
3.9600000000000026
3.9600000000000026
5.919300000000007
3.9514700000000014
3.7500000000000018
4.5035000000000025
4.148100000000003
4.148100000000003
4.148100000000003
5.372800000000003
4.271670000000002
4.050320000000003
4.050320000000003
4.461500000000004
3.4905000000000017
4.148100000000003
4.148100000000003
5.782670000000004
5.330300000000003
5.908800000000005
5.908800000000005
5.908800000000005
5.908800000000005
5.908800000000005
4.0622000000000025
6.000700000000005
6.000700000000005
6.816900000000005
4.968600000000004
6.850000000000005
6.850000000000005
6.850000000000005
2.8376
5.785000000000006
5.785000000000006
5.785000000000006
6.801300000000005
6.430500000000005
6.430500000000005
6.430500000000005
4.520700000000003
5.9062000000000054
4.846700000000004
4.559900000000004
4.775000000000004
4.909200000000004
6.2656000000000045
3.8403000000000027
4.230400000000003
5.997900000000004
12.24639999999998
3.3107000000000015
5.4878000000000045
5.4878000000000045
5.4878000000000045
5.877900000000005
4.799800000000004
5.332970000000003
5.332970000000003
5.233900000000004
5.473000000000005
4.897700000000004
5.075600000000003
5.877900000000006
2.727800000000001
4.722900000000004
3.1513000000000018
0.10580000000000006
0.10580000000000006
0.10580000000000006
0.10580000000000006
3.3938000000000015
5.035770000000003
6.463600000000005
6.397400000000005
6.397400000000005
6.397400000000005
6.397400000000005
6.787500000000005
6.787500000000005
6.787500000000005
6.787500000000005
6.787500000000005
6.787500000000005
6.787500000000005
6.787500000000005
6.787500000000005
4.087900000000004
6.266800000000004
6.266800000000004
3.528900000000002
6.430500000000005
6.430500000000005
6.430500000000005
6.430500000000005
6.430500000000005
6.430500000000005
6.430500000000005
6.430500000000005
6.430500000000005
6.430500000000005
6.430500000000005
6.430500000000005
6.430500000000005
6.430500000000005
6.430500000000005
6.430500000000005
6.430500000000005
5.425870000000004
6.7522000000000055
11.826899999999982
11.826899999999982
3.605100000000002
3.2043000000000017
1.8929
4.642400000000004
7.045670000000006
6.504900000000005
5.562500000000004
6.265470000000005
7.301200000000005
7.523500000000006
4.636000000000004
3.741500000000003
5.445700000000005
5.6067000000000045
5.6067000000000045
5.589300000000003
6.182600000000005
5.944500000000005
6.043000000000006
4.355770000000003
7.129000000000007
7.129000000000007
5.143700000000003
4.5191000000000034
5.921000000000005
7.047870000000006
4.141600000000003
5.648100000000005
6.108900000000005
3.231700000000002
5.644770000000005
5.355100000000004
3.8339700000000017
5.775200000000004
5.463900000000005
7.466170000000006
11.786099999999983
6.821200000000005
4.154500000000003
3.733100000000002
3.524700000000002
6.443400000000006
3.6494000000000026
5.729700000000005
6.493500000000005
4.505670000000003
4.796300000000004
5.084500000000005
5.127300000000004
6.534400000000005
4.0515000000000025
5.147700000000004
4.737200000000004
6.147500000000005
3.635600000000003
5.019000000000004
4.648800000000003
5.249200000000004
4.796900000000004
4.0736000000000026
5.814800000000004
4.794700000000003
4.1948700000000025
0.9420000000000001
4.138300000000003
3.492200000000002
5.6528700000000045
11.17989999999999
4.234600000000003
7.112500000000006
7.689600000000006
3.883600000000003
4.573900000000004
2.2952000000000004
4.095100000000003
4.650200000000003
5.8849000000000045
3.952900000000003
5.007500000000004
3.5755000000000026
4.541900000000004
2.9604000000000017
0.6023000000000001
1.6801
0.3383
0.3383
0.3383
0.3383
2.8763000000000005
-0.29919999999999997
6.640900000000006
5.562700000000005
2.2193000000000005
2.2193000000000005
2.2193000000000005
1.1295
1.3659
1.3155000000000001
1.3155000000000001
0.5449
0.043899999999999995
0.3605
0.3605
0.3605
0.3605
0.3605
0.3605
0.3605
0.3605
0.3605
0.9758
3.431400000000002
5.101500000000006
-0.1849
-0.1849
-0.1849
-0.6701999999999999
0.0040000000000000036
-0.17039999999999988
0.8007
0.8007
3.8973700000000036
0.15250000000000002
3.962600000000003
4.6974000000000045
3.3937000000000026
3.6902000000000026
5.018000000000005
4.786700000000004
4.969200000000005
4.3331000000000035
6.076300000000005
