10.69869999999999
9.593399999999995
8.9028
9.150019999999998
9.595699999999997
9.491699999999998
8.8902
10.132299999999992
10.132299999999992
9.138099999999998
10.036299999999994
9.382899999999998
8.830620000000001
9.302299999999997
9.302299999999997
8.7504
8.483300000000003
10.912399999999987
6.687600000000005
10.636299999999991
9.241699999999998
7.764600000000006
7.764600000000006
7.764600000000006
7.764600000000006
8.407600000000004
10.47401999999999
10.829199999999988
9.876899999999996
10.186699999999991
9.2615
9.2615
9.1174
7.688400000000006
10.165599999999994
8.137300000000005
7.6642000000000055
6.826700000000005
6.826700000000005
6.826700000000005
6.826700000000005
6.826700000000005
6.826700000000005
8.472900000000005
9.630499999999994
10.213299999999991
7.8863000000000065
8.532600000000002
10.65009999999999
8.652500000000002
8.785900000000002
7.191000000000006
7.5568200000000045
9.720299999999996
6.611400000000005
10.48639999999999
7.072620000000005
7.483020000000006
7.483020000000006
7.483020000000006
7.483020000000006
7.483020000000006
7.250800000000005
10.540999999999991
9.621699999999997
9.690099999999996
6.764200000000005
6.764200000000005
7.248400000000005
7.817600000000007
7.824700000000006
7.824700000000006
7.6401000000000066
9.380519999999995
9.768899999999995
9.768899999999995
9.768899999999995
9.768899999999995
9.663699999999995
7.114800000000006
7.795800000000006
6.7362000000000055
8.739900000000004
7.1596000000000055
7.1596000000000055
7.592900000000007
7.592900000000007
7.325100000000005
7.975400000000005
9.0721
7.961900000000006
6.5323000000000055
8.200100000000004
7.997100000000006
7.491200000000005
9.915799999999992
9.216119999999997
9.969899999999992
6.816800000000005
6.816800000000005
7.252220000000005
7.491200000000006
9.699699999999996
7.715900000000006
7.715900000000006
7.715900000000006
7.715900000000006
7.715900000000006
8.344200000000004
7.360900000000005
6.768020000000004
6.768020000000004
6.890220000000004
6.890220000000004
6.890220000000004
8.368500000000004
8.368500000000004
10.775499999999989
6.7451400000000055
6.9474200000000055
7.511800000000006
7.511800000000006
9.664799999999996
9.664799999999996
8.275000000000004
7.079720000000005
5.146200000000003
5.146200000000003
5.146200000000003
8.9295
9.255099999999997
6.406020000000005
7.050800000000005
7.639700000000006
7.639700000000006
7.658600000000008
7.054500000000006
8.032000000000005
8.032000000000005
6.740600000000005
6.740600000000006
6.740600000000006
10.059999999999995
5.0206000000000035
5.0206000000000035
5.0206000000000035
5.0206000000000035
5.0206000000000035
5.0206000000000035
5.0206000000000035
5.0206000000000035
5.0206000000000035
5.0206000000000035
5.0206000000000035
5.0206000000000035
5.0206000000000035
5.0206000000000035
5.0206000000000035
5.0206000000000035
5.0206000000000035
5.0206000000000035
5.0206000000000035
5.0206000000000035
5.0206000000000035
5.0206000000000035
5.0206000000000035
5.0206000000000035
7.406900000000006
10.628999999999989
7.079100000000006
8.181920000000005
6.471820000000005
7.424200000000006
6.974600000000006
6.944820000000005
6.944820000000005
7.021420000000005
9.1851
10.272099999999991
8.074900000000007
6.721500000000005
7.225300000000007
7.873500000000006
7.089900000000006
7.246500000000006
8.77552
6.636400000000005
6.776000000000005
6.776000000000005
6.388620000000005
5.329020000000003
5.329020000000003
6.407600000000005
7.603100000000006
7.719400000000006
7.039700000000005
7.345300000000006
8.044300000000005
7.658700000000006
6.754600000000006
8.772800000000002
6.215020000000004
6.477200000000005
7.120300000000005
7.120300000000005
7.120300000000005
7.184200000000008
9.748599999999996
5.504800000000004
9.0377
5.1597000000000035
5.663600000000004
6.429700000000005
4.868200000000004
7.230500000000007
7.6142000000000065
6.967600000000005
6.211800000000005
5.9882200000000045
6.634120000000005
4.944400000000004
4.944400000000004
4.944400000000004
4.944400000000004
4.944400000000004
6.981120000000004
6.7035000000000045
6.239520000000004
6.851100000000006
5.422620000000004
5.069200000000004
7.139200000000005
5.589900000000005
7.614800000000006
4.815220000000004
7.114900000000007
4.506800000000003
4.506800000000003
4.506800000000003
4.8895000000000035
5.879600000000004
7.953500000000007
6.502420000000005
7.200200000000006
7.103100000000007
6.9210000000000065
7.167100000000006
7.200400000000006
8.703520000000001
7.006200000000006
7.316400000000006
7.156900000000006
6.929700000000006
7.857200000000006
4.726200000000003
4.726200000000003
4.726200000000003
9.829799999999997
6.505920000000004
7.643500000000007
5.1498000000000035
7.158000000000007
7.9618000000000055
7.445000000000006
6.870600000000006
7.694500000000006
6.308020000000005
6.589500000000006
8.230700000000004
5.393900000000003
7.012800000000007
6.644200000000006
6.714800000000006
7.210120000000007
7.0834000000000055
6.824200000000005
4.924800000000004
7.3254000000000055
6.675000000000006
6.675000000000006
7.490600000000008
4.415600000000003
4.415600000000003
10.088599999999994
4.415600000000003
6.462320000000006
7.083020000000006
5.8117000000000045
4.541200000000003
9.330199999999996
6.872820000000004
7.225300000000005
6.101390000000006
3.353600000000001
3.353600000000001
6.496600000000005
5.087000000000004
7.053500000000006
4.413200000000003
4.413200000000003
6.609900000000005
7.819900000000006
7.205500000000006
7.360100000000005
6.913300000000007
6.630900000000006
3.3340000000000014
3.3340000000000014
4.386700000000004
4.386700000000004
3.492700000000002
8.422700000000004
6.839500000000005
5.9447000000000045
6.830100000000006
6.9664000000000055
6.790300000000006
5.1090000000000035
5.1090000000000035
5.1090000000000035
5.904900000000004
6.0594000000000054
5.519600000000005
6.411800000000005
7.923800000000006
5.949800000000005
6.829800000000008
7.708600000000007
6.166670000000004
6.3536000000000055
6.256500000000005
5.406200000000004
5.406200000000004
6.927100000000007
7.161000000000006
7.287700000000006
7.499900000000008
6.517520000000005
5.9432000000000045
5.253100000000003
6.747300000000005
5.113500000000004
5.756500000000005
4.863000000000003
7.963200000000007
5.887100000000005
8.718100000000003
5.353400000000004
4.850000000000003
4.638300000000004
7.715300000000006
5.063900000000004
6.7526000000000055
5.2641000000000036
4.313000000000003
8.370100000000003
4.465200000000003
6.119800000000004
5.669200000000004
3.7189000000000023
6.509020000000005
6.3567200000000055
4.989120000000004
6.210200000000005
7.072000000000006
4.953300000000004
5.969600000000005
5.389900000000004
6.593500000000005
5.405500000000004
7.556200000000006
7.556200000000006
6.629400000000006
6.8631000000000055
4.449720000000004
4.7184000000000035
4.154600000000003
4.426800000000004
5.665200000000004
6.203400000000005
7.552500000000006
4.367600000000003
6.318420000000006
5.018100000000003
5.018100000000003
6.991600000000006
1.6866
4.274100000000003
3.7143000000000024
3.8401000000000023
2.1561000000000003
3.442000000000002
5.046400000000004
2.8858000000000006
4.785820000000004
5.649280000000004
4.532000000000003
4.617000000000003
4.617000000000003
4.350600000000003
4.495700000000003
3.7584000000000026
2.778900000000001
2.8686000000000007
1.4990999999999999
1.4990999999999999
4.316400000000003
4.853600000000003
4.243300000000002
2.6693000000000007
2.6268000000000002
6.243200000000004
3.922900000000002
2.1704
3.7562000000000024
2.452300000000001
4.239500000000003
3.850800000000002
3.752200000000002
4.957600000000004
2.0876
2.0876
4.215800000000002
2.2711000000000006
2.3047000000000004
7.598700000000006
1.1923
5.077600000000003
1.7485
1.7485
1.9145999999999999
1.9145999999999999
6.675000000000006
1.3881999999999999
1.1419
1.1419
8.077100000000005
6.9951200000000044
0.9275
6.689200000000005
1.6556
4.676020000000003
4.825200000000003
0.8022
5.018100000000003
5.018100000000003
4.158400000000003
1.1164
1.6159
5.088600000000004
4.490200000000002
-0.1849
4.376300000000003
2.812100000000001
3.3192000000000013
7.867500000000007
7.479100000000006
6.477200000000005
9.464799999999997
4.7013000000000025
4.864600000000004
4.091600000000002
4.998200000000002
4.180900000000003
7.078120000000005
7.9808000000000066
6.206020000000005
6.368300000000005
5.897600000000004
4.479100000000003
5.339900000000004
5.506000000000005
4.949800000000003
6.927300000000006
4.876100000000004
4.671020000000004
6.923500000000004
8.105500000000005
7.121020000000005
6.438500000000004
5.0690000000000035
5.966900000000005
5.981100000000003
10.23519999999999
9.780299999999997
6.138100000000005
5.542400000000003
7.300500000000006
6.763600000000006
9.514219999999996
9.772499999999992
8.129500000000005
7.124400000000007
10.208899999999993
10.53149999999999
9.546499999999998
7.984800000000005
7.900400000000006
6.913900000000004
9.843699999999997
