2.4237570823304893
2.4237570823304893
2.1887792378567763
3.0300235211765862
3.160543335968743
3.061635430064946
2.7371036700599607
2.2419367878992063
2.2419367878992063
2.3378030033284105
2.3671121067845284
1.9764088889325038
3.2407065150552814
1.999354087014769
2.6660764212063004
2.7554380900459368
2.7554380900459368
2.7554380900459368
2.1699774138656736
2.1699774138656736
1.9852502138387642
2.1783219370684126
1.4752716155892944
1.6148340977787043
2.5952978446234205
3.3622449137319634
2.718840904195554
2.1749636508439867
1.742218088713809
2.3792967601893515
2.3792967601893515
3.1837556802091047
2.173815332590978
2.197375781021501
1.375853801824114
1.375853801824114
1.375853801824114
1.6230782830406394
2.1430960951843563
3.593086928484336
2.4978104498894815
2.0563428769739946
3.7462262639377197
1.7757525872492153
1.6318734892188917
1.6318734892188917
1.6318734892188917
1.6318734892188917
2.1909905739209083
2.6229332841838584
2.320767680741655
1.707378589914617
2.4066728900640513
2.4066728900640513
2.4066728900640513
2.4066728900640513
2.4066728900640513
2.4066728900640513
2.079816839734148
2.3741500424256152
2.3741500424256152
2.3741500424256152
3.9248160065434377
2.601158917116175
2.3368580965289247
2.3368580965289247
2.3368580965289247
2.3368580965289247
3.6053401523157262
2.064279576935311
3.730212539879065
2.429448686638123
2.3827222951728686
2.2096480575077457
2.2096480575077457
1.4959915803423787
1.4959915803423787
1.4959915803423787
1.999850569281687
3.8000263782458354
2.356844822645396
2.437315030532279
1.905891812609788
2.7418069664559415
2.7418069664559415
2.7418069664559415
2.7418069664559415
2.201178147885406
1.9534976587636343
3.14757560698739
3.874099367751281
1.3049394975120254
1.3049394975120254
1.7407213120060643
1.7407213120060643
2.477900767065936
2.6470297458477603
2.6156096578102304
2.250539197225171
2.725762029250289
2.725762029250289
3.5863420532644064
2.0097754264962244
2.197350744736484
1.0865509153624693
2.3389981193486946
2.7653422490305104
2.3100241956553145
3.78791293782721
1.264311220354946
2.2093302741482486
1.0843462778324717
1.0843462778324717
1.0843462778324717
2.304135481986055
2.304135481986055
2.304135481986055
4.779876482186756
2.5652441242167665
1.3726374020928276
1.3726374020928276
1.889864070066615
1.268055389767774
3.0754944631277725
1.6677061957269945
1.6677061957269945
2.4051209542243104
2.4051209542243104
3.92734177783651
3.2965287396013823
2.3157185818405566
2.760205043379017
2.5005416210870237
3.154874597589548
2.3300080094585827
1.9630320698528685
1.9630320698528685
1.2760584468553642
2.6403118141372026
2.6403118141372026
3.3895003372345176
2.201255366820318
2.1876146960841183
2.1876146960841183
2.1876146960841183
2.1876146960841183
1.7247422560357286
3.1666405221859257
3.046560120302095
3.046560120302095
3.046560120302095
3.046560120302095
3.90432064682122
2.5076099107524374
2.582563275497538
2.716777935250132
2.502807338224587
2.5799928995684738
1.0284255677733025
1.0284255677733025
1.0284255677733025
1.0284255677733025
1.0284255677733025
1.0284255677733025
1.0284255677733025
4.530421100431226
1.3016096663675611
1.1818243653934424
2.9688748967530145
3.4926458960414726
2.4215818094700694
3.2700769429080605
2.178505121202365
4.671490076897242
3.656939013454587
3.399803837267749
2.5280747271955253
2.6587330907329463
2.6587330907329463
1.0
1.0
1.0
1.0
1.0
1.0
1.0
1.0
3.8218110718554854
3.2865370515361825
3.79841890416483
3.79841890416483
2.283663662615215
2.0514339288030055
2.278033090732949
2.278033090732949
3.2464988579445775
3.579755911798597
1.6126829932520703
2.850717378785321
3.285827789678364
4.647454469490905
3.4911359545426315
3.4911359545426315
1.700291574703126
3.227805959951781
2.016374047230599
4.5667189194267355
2.7628963549229084
2.5688324218366265
2.0473770209641824
4.3587250274406015
2.7396550709623284
3.4334667237733996
2.640728922999722
2.271769250600368
3.5101128984252545
1.0766195634868012
3.3189787483370594
3.3189787483370594
2.7814090433790177
2.7814090433790177
3.563951796038105
3.213702112382448
2.7366809168199033
2.359449065992326
2.0226560410458454
2.0226560410458454
2.0226560410458454
2.0226560410458454
2.1952525087690606
2.8502554987597026
3.2571340840919287
1.384694968001245
1.6361641021756554
3.39472558688116
3.39472558688116
2.544114619517167
3.2890450341196367
4.216192940784815
2.632391079447924
2.5430381643827022
3.120469211134285
2.8157416949627283
3.406862814179645
2.614239737766349
1.3424871184298794
3.532416925671882
3.6107648533226984
2.6785019917913946
1.3638407952469418
1.3638407952469418
3.5204134190489924
2.5362278933844458
3.7880037424516058
2.033795970307523
2.033795970307523
1.0
1.0
2.7409518165244595
2.255286249394258
2.255286249394258
2.255286249394258
2.1456659703075225
2.7374568950276945
1.2285144216205701
1.2285144216205701
1.2285144216205701
2.0983761325452086
2.0983761325452086
3.1289286335390845
2.7944787148437946
1.5571695670664596
3.3304574766600226
3.2541256085281542
3.733644768196533
2.488919047230601
3.957368524242808
1.9389303611111242
2.3707872713349545
3.0930377356867105
3.0930377356867105
2.5130340132582987
1.7096023214088927
1.973438918407993
2.581977237890138
2.581977237890138
4.228979812109344
2.4361222887689546
4.37035655025227
4.151167265331235
3.687584328139902
4.3833979052263174
3.0142168809859573
2.3859915718711733
3.3403409984501122
4.066186466715896
2.0895314515177272
3.6881721876603004
2.98795731967415
3.4529305858724477
3.2811422764998976
3.2917198638617373
2.4059909703075224
2.2600685034193013
3.3490616356519496
1.1430120072255576
1.360634776456326
1.360634776456326
3.1303871241536774
3.029870519239596
3.5454453450676073
2.448050942164933
2.8871496288441083
2.638712930882006
2.034355624758769
2.034355624758769
2.034355624758769
2.632387523288177
5.215111968477567
3.8176856957501712
4.161537539454371
3.5522340266645394
3.9595255972678647
2.489178211547287
2.489178211547287
1.7817184504411507
3.682225898943204
1.0
2.5612817811880575
2.695901739538293
2.312325724303765
4.254007241181216
1.8040646383309138
2.3160070559133317
3.559732116848229
3.6544046751545434
2.429809093117534
3.251394657265455
3.343758163526636
1.8547462897524358
1.8547462897524358
1.8547462897524358
1.8547462897524358
1.8547462897524358
2.6581421632203064
3.7797811964758594
2.3819800229462995
3.818103113344975
1.955239696345842
1.955239696345842
2.4772395833858596
2.2363761767924526
2.2363761767924526
2.8125261767924528
4.691073609197246
2.6660063539599985
4.90397649597207
1.56833398206013
2.730466958954045
4.734068428655676
1.0
1.9914608822029365
4.406260530927392
4.40191524746065
3.4233677879506237
1.528193280147697
2.685018959988037
2.6380046632203076
1.5527732132580638
3.7613042543311916
2.2042035523580648
2.385817209746362
3.4734261766865098
2.3651575478356914
2.231624374758768
4.228533143849974
3.8923454695332795
4.67394521899956
1.8316429930491385
3.185222779767317
4.048596108298869
3.1834706634732095
2.04923158629723
2.04923158629723
4.159505828308374
2.410330374633073
1.8796550430680856
2.053303220912614
2.053303220912614
4.310944828272221
4.646671154365238
3.8622346777902514
3.6350275087690607
2.471691976729474
2.3697164202133134
1.41771602262261
4.145137124153676
2.5776338691001452
3.895443873016589
3.895443873016589
3.5615485031405436
3.1241191022355466
3.339882057701134
2.1875847512908972
2.6923638630964266
4.327386131163813
1.7058664687640182
2.4990877152539905
3.892927806330352
3.58387673568671
3.7178273312542673
2.3048931402674526
4.196114118891922
4.732409643500533
3.807295193938085
3.4253071933978205
1.7549570386349824
2.1962604324510764
2.221657683307857
5.461730118998864
3.3723915718711748
4.512248475348333
4.181640114298377
3.8175538659849826
3.2379473886535353
3.8492643840383582
3.537601880186342
2.6475585093741536
2.6475585093741536
3.5944279156893
3.9663333329448864
2.6991903881435118
3.325180578411193
2.3384812616634267
3.3588523246348876
1.8078097858877324
4.318970399919363
3.0584023337084805
5.62306856391232
3.5797758446833825
5.530493608314407
4.571738577038296
3.1876805482861617
3.7748096663675605
3.740459678802484
5.043617942853865
3.961350057340658
5.1237675254011315
3.8751195833858603
3.7808206226101735
2.7475679189493913
3.8197569460232224
4.777127781852076
3.5623230568445763
3.006787807865753
3.006787807865753
3.006787807865753
3.798283902074231
3.5919964296256417
4.279348622610171
3.523816299074687
3.524015354160288
3.6395999695449035
3.040964730942676
5.2345070360490915
3.7899031924811366
3.7899031924811366
3.669121765103238
3.7337331485783736
3.898492277237211
3.943353605039416
2.608902563714116
4.034590371662624
5.6870328058393955
2.6219805784111934
4.029466184136854
4.286602323176595
3.931224121518526
5.55976131751693
3.370773477819478
3.487121245032797
2.815063528629942
2.9863985818405556
7.3284153846153846
7.3284153846153846
7.3284153846153846
2.9668453656920306
3.855675703760089
2.0172647144193103
3.196406492840362
3.3511190568561426
2.9970008090938656
3.922147503907869
4.32962004440015
5.711160681841802
3.0234023435694297
3.563726334356847
4.706899850649123
4.550524123910632
5.032262213286485
