[0.8449257]
[0.8457781]
[0.8457781]
[0.8457781]
[0.8457781]
[0.8457781]
[0.06001959]
[0.06111107]
[0.06172579]
[0.05696211]
[0.05570083]
[0.0626452]
[0.06028123]
[0.05523864]
[0.05523864]
[0.05523864]
[0.06396031]
[0.06396031]
[0.06396031]
[0.06396031]
[0.06396031]
[0.8471327]
[0.8471327]
[0.85018784]
[0.85018784]
[0.85018784]
[0.05586158]
[0.05870014]
[0.05450627]
[0.05999202]
[0.05641984]
[0.05641984]
[0.05641984]
[0.05641984]
[0.05641984]
[0.0564197]
[0.0564197]
[0.06217312]
[0.06217312]
[0.06217312]
[0.05620663]
[0.05620663]
[0.05620663]
[0.0546541]
[0.0546541]
[0.0546541]
[0.0546541]
[0.0546541]
[0.0546541]
[0.0546541]
[0.0546541]
[0.0546541]
[0.0546541]
[0.0546541]
[0.0546541]
[0.0546541]
[0.0546541]
[0.0546541]
[0.0546541]
[0.05306101]
[0.05511178]
[0.05746498]
[0.05746498]
[0.05746498]
[0.06019237]
[0.05717645]
[0.05717645]
[0.0621081]
[0.05658345]
[0.05658345]
[0.05658345]
[0.05658345]
[0.05658345]
[0.05437696]
[0.05724595]
[0.05402012]
[0.05576546]
[0.8513467]
[0.05537435]
[0.0572302]
[0.0572302]
[0.05570442]
[0.05683759]
[0.05570433]
[0.05570433]
[0.05570433]
[0.05570433]
[0.05545719]
[0.05545719]
[0.05545719]
[0.05698142]
[0.05503245]
[0.05415343]
[0.05415343]
[0.05415343]
[0.05415343]
[0.05415343]
[0.05414233]
[0.05462733]
[0.0634529]
[0.06471349]
[0.05569586]
[0.84882647]
[0.05601099]
[0.05770212]
[0.05950443]
[0.05839287]
[0.06195887]
[0.06195887]
[0.06195887]
[0.06405544]
[0.05793843]
[0.0546404]
[0.0546404]
[0.0546404]
[0.0546404]
[0.0546404]
[0.0546404]
[0.05354989]
[0.0545642]
[0.0545642]
[0.05383686]
[0.0631009]
[0.07136048]
[0.07136048]
[0.05513431]
[0.05724639]
[0.05724639]
[0.05724639]
[0.05724639]
[0.05724639]
[0.05724639]
[0.05724639]
[0.05724639]
[0.06002461]
[0.06002461]
[0.05783024]
[0.05963315]
[0.05523057]
[0.06171806]
[0.06171806]
[0.05571636]
[0.05571636]
[0.05570773]
[0.05344116]
[0.05440366]
[0.05440366]
[0.05440366]
[0.05440366]
[0.05440366]
[0.05440366]
[0.05440366]
[0.05602496]
[0.05602496]
[0.05602496]
[0.05602496]
[0.05602496]
[0.05602496]
[0.05602496]
[0.05602496]
[0.05602496]
[0.05627003]
[0.05627003]
[0.06700173]
[0.06050131]
[0.06050131]
[0.06050131]
[0.11122454]
[0.11122454]
[0.11122454]
[0.11122454]
[0.11122454]
[0.06173233]
[0.0619957]
[0.0619957]
[0.0619957]
[0.0594046]
[0.06636747]
[0.06636747]
[0.06636747]
[0.05631581]
[0.05679805]
[0.06345222]
[0.06345222]
[0.06345222]
[0.06345222]
[0.05555291]
[0.06216023]
[0.06216023]
[0.06216023]
[0.05649557]
[0.05649557]
[0.05649557]
[0.05649557]
[0.05849451]
[0.056424]
[0.056424]
[0.056424]
[0.056424]
[0.056424]
[0.056424]
[0.056424]
[0.056424]
[0.056424]
[0.056424]
[0.056424]
[0.056424]
[0.056424]
[0.056424]
[0.056424]
[0.056424]
[0.056424]
[0.056424]
[0.05494532]
[0.06475692]
[0.05747074]
[0.05668902]
[0.05397577]
[0.05397577]
[0.06509098]
[0.05672121]
[0.06467883]
[0.05671248]
[0.05671248]
[0.05647342]
[0.05788972]
[0.05748187]
[0.06194163]
[0.06194163]
[0.05470352]
[0.05470352]
[0.07849278]
[0.06150377]
[0.05663297]
[0.05933062]
[0.05933062]
[0.05595835]
[0.05530881]
[0.05824791]
[0.05569839]
[0.07511628]
[0.05475298]
[0.06394354]
[0.07109513]
[0.07109513]
[0.07109513]
[0.07109513]
[0.0578301]
[0.0578301]
[0.05530496]
[0.0559593]
[0.05489806]
[0.0568249]
[0.05478112]
[0.05701835]
[0.05700263]
[0.05652998]
[0.06142378]
[0.0599274]
[0.06097399]
[0.06097399]
[0.05730096]
[0.05455456]
[0.05628469]
[0.06244117]
[0.05825102]
[0.05794413]
[0.05794413]
[0.05722122]
[0.07609286]
[0.09782182]
[0.0551516]
[0.05589478]
[0.05588306]
[0.05875593]
[0.05509142]
[0.056927]
[0.0641641]
[0.05985706]
[0.06105983]
[0.06442106]
[0.05389484]
[0.05789194]
[0.05979557]
[0.05979557]
[0.05615341]
[0.05998928]
[0.05881366]
[0.05832668]
[0.05752213]
[0.05406478]
[0.05488333]
[0.0560097]
[0.07174802]
[0.06374178]
[0.05950044]
[0.05842161]
[0.05619454]
[0.06293675]
[0.07250094]
[0.05768275]
[0.05574045]
[0.05575415]
[0.06239919]
[0.05798835]
[0.05804831]
[0.0685012]
[0.0629527]
[0.05871911]
[0.0577567]
[0.08964029]
[0.06125515]
[0.08939697]
[0.05730454]
[0.05868535]
[0.05820724]
[0.05837531]
[0.05957496]
[0.05977485]
[0.06403024]
[0.06029122]
[0.05939519]
[0.05773615]
[0.05475291]
[0.05622362]
[0.05699358]
[0.05456223]
[0.05462937]
[0.05495939]
[0.06286972]
[0.05462972]
[0.05810956]
[0.05530062]
[0.05705671]
[0.09298553]
[0.0604924]
[0.05600876]
[0.05524395]
[0.06031995]
[0.05676977]
[0.07042176]
[0.0639807]
[0.09078283]
[0.05721281]
[0.05609728]
[0.05603746]
[0.05736377]
[0.05982769]
[0.05845353]
[0.05821265]
[0.06253617]
[0.06349404]
[0.05599691]
[0.05827576]
[0.05347406]
[0.05676535]
[0.05775871]
[0.06448278]
[0.05873621]
[0.05743824]
[0.05771591]
[0.05510469]
[0.06161489]
[0.05872986]
[0.05603399]
[0.05856636]
[0.05779913]
[0.06178053]
[0.06105311]
[0.06119138]
[0.13642909]
[0.05786983]
[0.06175634]
[0.06630277]
[0.05554802]
[0.06658752]
[0.06490889]
[0.06281386]
[0.05850644]
[0.0590495]
[0.06295298]
[0.05741234]
[0.05818258]
[0.05947432]
[0.07828572]
[0.26603988]
[0.25451726]
[0.0613672]
[0.5491617]
[0.10245359]
[0.06111431]
[0.14950587]
[0.42155844]
[0.36803254]
[0.10848922]
[0.5207812]
[0.15239184]
[0.06120279]
[0.5191095]
[0.11119426]
[0.33940893]
[0.33515897]
[0.08082684]
[0.36188936]
[0.12599783]
[0.82210773]
[0.07066873]
[0.08099758]
[0.08060051]
[0.4134066]
[0.07348411]
[0.30635405]
[0.0821854]
[0.40110493]
[0.06990117]
[0.09607197]
[0.21688668]
[0.11739109]
[0.07485576]
[0.26664165]
[0.31363133]
[0.06243519]
[0.4374514]
[0.09988299]
[0.30405492]
[0.09288086]
[0.0687978]
[0.22573009]
[0.1004042]
[0.12824968]
[0.55291694]
[0.10008182]
[0.11932855]
[0.34040275]
[0.08551229]
[0.09565437]
[0.12027831]
[0.16555516]
[0.14321744]
[0.16691168]
[0.10949972]
[0.06818287]
[0.38971952]
[0.05594974]
[0.0652609]
[0.38338366]
[0.06461029]
[0.29424167]
[0.2852269]
[0.06055897]
[0.07758915]
[0.06151998]
[0.31266105]
[0.45642185]
[0.30865395]
[0.18885148]
[0.5119076]
[0.4314625]
[0.38717964]
[0.20956148]
[0.44993153]
[0.44722795]
[0.05639758]
[0.20347223]
[0.0678094]
[0.23766635]
[0.06948609]
[0.06079969]
[0.14364025]
[0.05667849]
[0.05565273]
[0.06091379]
[0.3095589]
[0.06290717]
[0.07658567]
[0.06611986]
[0.07108244]
[0.07930447]
[0.05856691]
[0.05463137]
[0.05540088]
[0.06253475]
[0.05697824]
[0.05935224]
[0.06123832]
[0.06374692]
[0.1598557]
[0.06926923]
[0.15475476]
[0.12888259]
[0.06419871]
[0.05791784]
[0.0586289]
[0.05473243]
[0.05726502]
[0.06705356]
[0.05724955]
[0.0587166]
[0.06264976]
[0.05653359]
