7.3284153846153846
1.0
1.0
1.0
1.0
1.0
1.0
1.0
1.0
1.0
1.0
1.0
1.0
1.0
1.0
1.4173518085757895
1.0
1.0
1.0
1.3717690098246216
1.0
1.5745383321927537
1.0
1.0
1.1765612788317714
1.0
1.268055389767774
1.0
1.0
1.8231709656678579
1.0
1.787727174747971
1.5527732132580638
1.1818243653934424
1.0766195634868012
1.5532658770480428
1.877613888034686
1.0766195634868012
1.1818243653934424
1.0
1.0
1.5559458942163857
1.0
1.0
1.1765612788317714
1.0
1.3717690098246216
1.986579233324953
1.528193280147697
1.3424871184298794
2.0633832467028803
1.3717690098246216
1.8581451249856187
1.2924684844847594
1.8137894125102108
1.7397391582928492
1.5559458942163857
1.3717690098246216
1.874766139163059
1.874766139163059
1.5559458942163857
1.5559458942163857
2.1469599679853744
1.5183041224784617
1.5183041224784617
1.740154438030011
1.3717690098246216
2.2637370928567258
1.4811454180250205
1.6618989435245162
2.2849871005529145
2.2614750002995585
2.2614750002995585
2.2614750002995585
2.4446017559271613
2.373707544662663
2.408709156003326
2.2849871005529145
2.5815452287444796
1.3717690098246216
1.0
2.2605884098818834
1.8581451249856187
1.3717690098246216
2.2544597270669424
1.3717690098246216
1.8581451249856187
2.2544597270669424
1.9166536482511987
2.638500120302094
2.437716703932985
1.3717690098246216
1.3717690098246216
2.2812887356867098
2.187303613854187
1.0
1.0
1.1765612788317714
1.1765612788317714
1.0
