2.6052053071608814
2.6052053071608814
2.6052053071608814
2.6052053071608814
2.6052053071608814
2.6052053071608814
2.840534537930113
2.840534537930113
2.840534537930113
2.840534537930113
2.840534537930113
2.840534537930113
2.840534537930113
2.8101821083887852
2.110973224512211
2.110973224512211
2.110973224512211
2.110973224512211
3.496269260945713
3.496269260945713
3.496269260945713
3.496269260945713
3.496269260945713
3.496269260945713
4.269630656151513
4.269630656151513
4.269630656151513
4.573137797155969
3.4008811283515623
4.085958512683919
4.085958512683919
4.659638771495002
4.542260536115654
4.7478233852403395
4.7478233852403395
5.00372257037303
4.559632786288808
4.559632786288808
4.4435834312059574
4.8764561246365705
3.317912234985382
3.317912234985382
3.317912234985382
3.317912234985382
3.317912234985382
4.124155147151555
4.950540750932863
3.1464439549508096
3.1464439549508096
4.275025492429106
4.275025492429106
3.199478285542197
3.2228031597909137
4.581356378697298
4.161127555779263
3.2107536513960016
4.27095812542847
3.943795081762227
4.344235741102886
4.344235741102886
4.344235741102886
3.8351818338316725
3.366677144233437
3.054097300769884
3.054097300769884
3.054097300769884
3.054097300769884
3.054097300769884
3.054097300769884
3.054097300769884
3.054097300769884
3.054097300769884
3.054097300769884
3.054097300769884
3.054097300769884
3.054097300769884
3.054097300769884
3.054097300769884
3.5700818114763067
3.5700818114763067
4.083872389899112
3.844516966654213
3.844516966654213
3.844516966654213
3.844516966654213
3.844516966654213
3.844516966654213
4.179820582271439
3.04951468089992
3.5754201120798434
4.166031948148279
4.166031948148279
4.166031948148279
4.166031948148279
4.166031948148279
4.166031948148279
4.695535240265452
4.20018748802125
4.243041256966662
4.243041256966662
4.243041256966662
4.243041256966662
3.714382766571749
2.9224169978600685
2.9224169978600685
4.783923338693949
3.589946804673752
3.589946804673752
3.589946804673752
3.3124488213423344
4.135550713630359
4.003518357649079
2.9681831544187602
4.012278202360683
4.090369315365966
3.578140990780149
2.1742795704576103
3.6262511493826883
4.114732317257724
4.380371947810007
4.380371947810007
4.259748730317212
4.259748730317212
4.259748730317212
4.259748730317212
4.259748730317212
4.075271157186117
4.232216172675253
3.4584213016117236
3.4584213016117236
3.4584213016117236
3.4584213016117236
3.4584213016117236
3.4584213016117236
3.4584213016117236
4.147800300625706
4.147800300625706
4.147800300625706
4.147800300625706
4.147800300625706
4.147800300625706
4.147800300625706
4.147800300625706
4.147800300625706
4.147800300625706
4.147800300625706
4.147800300625706
4.147800300625706
4.147800300625706
4.147800300625706
4.147800300625706
4.147800300625706
4.147800300625706
4.147800300625706
4.147800300625706
4.147800300625706
4.147800300625706
4.147800300625706
4.147800300625706
4.147800300625706
4.147800300625706
4.147800300625706
4.147800300625706
4.147800300625706
4.147800300625706
4.147800300625706
4.147800300625706
4.147800300625706
4.147800300625706
4.147800300625706
4.147800300625706
4.147800300625706
4.147800300625706
4.147800300625706
4.147800300625706
4.147800300625706
4.147800300625706
4.147800300625706
4.147800300625706
4.147800300625706
4.147800300625706
4.147800300625706
4.147800300625706
4.147800300625706
4.147800300625706
4.147800300625706
4.147800300625706
4.147800300625706
4.147800300625706
4.147800300625706
4.147800300625706
4.147800300625706
4.147800300625706
4.147800300625706
4.147800300625706
4.147800300625706
4.147800300625706
4.147800300625706
4.147800300625706
4.147800300625706
4.147800300625706
4.147800300625706
4.147800300625706
4.147800300625706
4.147800300625706
4.147800300625706
4.147800300625706
4.147800300625706
4.147800300625706
4.147800300625706
4.147800300625706
4.147800300625706
4.147800300625706
4.147800300625706
4.147800300625706
4.147800300625706
4.147800300625706
4.147800300625706
4.147800300625706
4.147800300625706
4.147800300625706
4.147800300625706
4.147800300625706
4.147800300625706
4.147800300625706
4.147800300625706
4.147800300625706
4.147800300625706
4.147800300625706
4.147800300625706
4.147800300625706
4.147800300625706
4.147800300625706
4.147800300625706
4.147800300625706
4.147800300625706
4.147800300625706
4.147800300625706
4.147800300625706
4.147800300625706
4.147800300625706
4.147800300625706
4.147800300625706
4.147800300625706
4.147800300625706
4.147800300625706
4.147800300625706
4.147800300625706
4.147800300625706
4.147800300625706
4.147800300625706
4.147800300625706
4.147800300625706
4.147800300625706
4.147800300625706
4.147800300625706
4.147800300625706
4.147800300625706
4.147800300625706
4.147800300625706
4.147800300625706
4.147800300625706
4.147800300625706
4.147800300625706
4.147800300625706
4.147800300625706
4.147800300625706
4.147800300625706
4.147800300625706
4.147800300625706
4.147800300625706
4.147800300625706
4.147800300625706
4.147800300625706
4.147800300625706
4.147800300625706
4.147800300625706
4.147800300625706
4.147800300625706
4.147800300625706
4.147800300625706
4.147800300625706
4.449383592001608
4.26252947814122
4.5748946666936225
4.326627636707282
4.288274023876617
5.145172482071251
4.863104533228697
5.043656715486133
4.2763618390872455
4.8666121509375575
4.8666121509375575
3.2294040986231938
4.222979785568143
4.6580672683071125
4.09427066347321
4.949343681906886
3.172540559725425
4.34767469417076
4.862669823120282
4.862669823120282
4.862669823120282
3.939435083869255
3.685379452318612
4.9096721696006025
4.9096721696006025
4.9096721696006025
4.9096721696006025
5.210236664804459
5.210236664804459
4.896354827589497
4.896354827589497
4.896354827589497
4.896354827589497
4.896354827589497
4.896354827589497
4.896354827589497
4.896354827589497
2.5912316528428327
4.907810440152134
4.907810440152134
4.907810440152134
4.907810440152134
4.907810440152134
4.907810440152134
4.907810440152134
4.907810440152134
4.907810440152134
4.907810440152134
4.907810440152134
4.907810440152134
4.907810440152134
4.907810440152134
4.907810440152134
4.907810440152134
4.907810440152134
4.907810440152134
4.907810440152134
4.907810440152134
4.907810440152134
4.907810440152134
4.907810440152134
4.907810440152134
4.907810440152134
4.907810440152134
4.907810440152134
4.907810440152134
4.907810440152134
4.907810440152134
4.907810440152134
4.907810440152134
4.907810440152134
4.907810440152134
4.907810440152134
4.907810440152134
4.907810440152134
4.907810440152134
4.907810440152134
4.907810440152134
4.907810440152134
4.907810440152134
5.084909872742529
5.084909872742529
5.084909872742529
5.084909872742529
5.084909872742529
5.084909872742529
5.5594654409065445
4.572892560734255
3.30415553948251
3.260264921521225
4.228425972068856
5.062990273831968
4.597549410814765
4.5144989279160725
4.281825456550862
4.210567697656055
5.0245460195688665
5.574220049581007
2.277068305667557
2.995875611257084
5.453713532042938
5.036931383754856
4.11409801372342
3.982693514224329
3.8058481537689524
4.870588610630305
3.9951421651408587
4.1304438611463095
4.477453781745443
4.62081547072607
5.278593982861127
4.578935851561258
4.892981571282428
4.264094071616368
4.6206580492997436
4.556520419362113
5.293841441085986
4.528591984617391
5.42562082552193
4.7022712917641964
4.543724557213715
4.53517454045785
5.264440807694098
5.034425664451071
4.410747758832069
4.678659217762249
4.365968550402721
4.39634017877435
4.819609909044081
4.35852091436559
5.010226103637876
5.151110320440766
3.683848570303689
4.834169949004121
5.565999971816443
4.288832307991868
4.333379818222703
5.78209401603571
5.2906155498128395
4.774782985643517
4.774782985643517
5.078068250303839
4.329232633368283
5.6093281447124905
5.591199814526785
4.437395553913644
5.140425456550863
4.188721298546705
5.032564452341667
5.01240980198815
5.01240980198815
2.7475679189493913
3.14581500029956
5.188459666102881
3.564982349573147
5.563116948082787
5.237661007486414
5.818635866632356
5.151160710074212
3.3725797790553917
5.641870222720682
5.251611018668374
5.5871738262345785
5.5871738262345785
5.5871738262345785
5.112925567376026
4.296567868193275
3.7412656731723075
5.779793498510262
5.573989916743924
3.0479581847403505
6.347109771817589
4.326586036653961
5.216000314813214
4.972368207789804
6.046567518356791
5.821269192762024
5.839684152508257
3.2426518152544883
3.3633812788317705
4.388552783849677
3.324965961947224
4.348464231068791
3.5568922772372105
6.225192884316988
4.795274161071712
5.477968625801209
7.3284153846153846
7.3284153846153846
7.3284153846153846
7.3284153846153846
7.3284153846153846
5.031235355978469
4.069935674436167
6.667815384615385
6.667815384615385
6.667815384615385
6.667815384615385
4.08999868818016
4.759747749044963
5.015106380487852
6.34664072891104
5.002689397597214
5.838090114922084
5.114288538497096
6.219916331568924
6.28013070403856
6.28013070403856
6.28013070403856
6.28013070403856
6.421598315374592
5.153933926260813
6.039931485656892
5.27703064348446
4.701335135758133
5.235071874669561
6.282325697715104
5.611006725065073
