5.548600000000004
6.799800000000005
6.907700000000004
7.0148000000000055
4.668700000000003
5.169100000000004
5.169100000000004
5.169100000000004
4.533400000000004
6.704900000000005
6.857700000000005
6.857700000000005
6.857700000000005
6.857700000000005
6.857700000000005
8.001300000000004
8.001300000000004
8.001300000000004
8.001300000000004
8.001300000000004
8.001300000000004
8.001300000000004
8.001300000000004
8.001300000000004
8.001300000000004
8.001300000000004
8.001300000000004
8.001300000000004
8.001300000000004
8.001300000000004
8.001300000000004
8.001300000000004
8.001300000000004
8.001300000000004
8.001300000000004
8.001300000000004
8.001300000000004
8.001300000000004
8.001300000000004
8.001300000000004
8.001300000000004
8.001300000000004
8.001300000000004
8.001300000000004
8.001300000000004
8.001300000000004
8.001300000000004
8.001300000000004
8.001300000000004
8.001300000000004
8.001300000000004
8.001300000000004
8.001300000000004
8.001300000000004
8.001300000000004
8.001300000000004
8.001300000000004
8.001300000000004
8.001300000000004
8.001300000000004
8.001300000000004
8.001300000000004
8.001300000000004
8.001300000000004
8.001300000000004
8.001300000000004
8.001300000000004
8.001300000000004
8.001300000000004
8.001300000000004
8.001300000000004
8.001300000000004
8.001300000000004
8.001300000000004
8.001300000000004
8.001300000000004
8.001300000000004
8.001300000000004
8.001300000000004
8.001300000000004
8.001300000000004
8.001300000000004
8.001300000000004
8.001300000000004
8.001300000000004
8.001300000000004
8.001300000000004
8.001300000000004
8.001300000000004
8.001300000000004
8.001300000000004
3.9592000000000027
5.349200000000002
6.768200000000004
5.151090000000004
6.942900000000005
6.942900000000005
6.942900000000005
6.8018000000000045
6.8018000000000045
6.8018000000000045
6.8018000000000045
6.8018000000000045
6.8018000000000045
6.8018000000000045
6.8018000000000045
6.8018000000000045
6.8018000000000045
6.8018000000000045
6.8018000000000045
6.8018000000000045
6.8018000000000045
6.8018000000000045
6.8018000000000045
6.8018000000000045
6.8018000000000045
6.8018000000000045
6.8018000000000045
6.8018000000000045
6.8018000000000045
6.8018000000000045
6.8018000000000045
6.8018000000000045
6.8018000000000045
6.8018000000000045
6.8018000000000045
6.8018000000000045
6.8018000000000045
6.8018000000000045
6.8018000000000045
6.8018000000000045
6.8018000000000045
6.8018000000000045
6.8018000000000045
6.8018000000000045
6.8018000000000045
6.8018000000000045
6.8018000000000045
6.8018000000000045
6.8018000000000045
6.8018000000000045
6.8018000000000045
6.8018000000000045
6.8018000000000045
6.8018000000000045
6.8018000000000045
6.8018000000000045
6.8018000000000045
6.8018000000000045
6.8018000000000045
6.8018000000000045
6.8018000000000045
6.8018000000000045
6.8018000000000045
6.8018000000000045
6.8018000000000045
6.8018000000000045
6.8018000000000045
6.8018000000000045
6.8018000000000045
6.8018000000000045
6.8018000000000045
6.8018000000000045
6.8018000000000045
6.8018000000000045
6.8018000000000045
6.8018000000000045
6.8018000000000045
6.8018000000000045
6.8018000000000045
6.8018000000000045
6.8018000000000045
6.8018000000000045
6.8018000000000045
6.8018000000000045
6.8018000000000045
3.818100000000002
3.818100000000002
3.818100000000002
3.818100000000002
3.818100000000002
3.818100000000002
3.818100000000002
3.818100000000002
3.818100000000002
3.818100000000002
3.818100000000002
3.818100000000002
3.818100000000002
3.818100000000002
3.818100000000002
28.843500000000024
28.843500000000024
28.843500000000024
28.843500000000024
28.843500000000024
28.843500000000024
28.843500000000024
28.843500000000024
28.843500000000024
28.843500000000024
28.843500000000024
28.843500000000024
28.843500000000024
28.843500000000024
28.843500000000024
28.843500000000024
28.843500000000024
28.843500000000024
28.843500000000024
28.843500000000024
28.843500000000024
28.843500000000024
28.843500000000024
28.843500000000024
28.843500000000024
28.843500000000024
28.843500000000024
28.843500000000024
28.843500000000024
28.843500000000024
28.843500000000024
28.843500000000024
28.843500000000024
28.843500000000024
28.843500000000024
28.843500000000024
28.843500000000024
28.843500000000024
28.843500000000024
28.843500000000024
28.843500000000024
28.843500000000024
28.843500000000024
28.843500000000024
28.843500000000024
28.843500000000024
28.843500000000024
28.843500000000024
28.843500000000024
28.843500000000024
28.843500000000024
28.843500000000024
28.843500000000024
28.843500000000024
28.843500000000024
28.843500000000024
28.843500000000024
28.843500000000024
28.843500000000024
28.843500000000024
28.843500000000024
28.843500000000024
28.843500000000024
28.843500000000024
28.843500000000024
28.843500000000024
28.843500000000024
28.843500000000024
28.843500000000024
28.843500000000024
28.843500000000024
28.843500000000024
28.843500000000024
28.843500000000024
28.843500000000024
28.843500000000024
28.843500000000024
28.843500000000024
28.843500000000024
28.843500000000024
28.843500000000024
28.843500000000024
28.843500000000024
28.843500000000024
28.843500000000024
28.843500000000024
28.843500000000024
28.843500000000024
28.843500000000024
28.843500000000024
28.843500000000024
28.843500000000024
28.843500000000024
28.843500000000024
28.843500000000024
28.843500000000024
28.843500000000024
28.843500000000024
28.843500000000024
28.843500000000024
28.843500000000024
28.843500000000024
28.843500000000024
28.843500000000024
28.843500000000024
28.843500000000024
28.843500000000024
28.843500000000024
28.843500000000024
28.843500000000024
28.843500000000024
28.843500000000024
28.843500000000024
28.843500000000024
28.843500000000024
28.843500000000024
28.843500000000024
28.843500000000024
28.843500000000024
28.843500000000024
28.843500000000024
28.843500000000024
28.843500000000024
28.843500000000024
28.843500000000024
28.843500000000024
28.843500000000024
28.843500000000024
28.843500000000024
28.843500000000024
28.843500000000024
28.843500000000024
28.843500000000024
28.843500000000024
28.843500000000024
28.843500000000024
28.843500000000024
28.843500000000024
28.843500000000024
28.843500000000024
28.843500000000024
28.843500000000024
28.843500000000024
28.843500000000024
28.843500000000024
28.843500000000024
28.843500000000024
28.843500000000024
28.843500000000024
28.843500000000024
28.843500000000024
28.843500000000024
28.843500000000024
28.843500000000024
28.843500000000024
28.843500000000024
28.843500000000024
28.843500000000024
28.843500000000024
28.843500000000024
28.843500000000024
28.843500000000024
28.843500000000024
28.843500000000024
28.843500000000024
28.843500000000024
28.843500000000024
28.843500000000024
28.843500000000024
28.843500000000024
28.843500000000024
28.843500000000024
28.843500000000024
28.843500000000024
28.843500000000024
28.452800000000007
28.23780000000003
28.13020000000002
27.58690000000002
26.717700000000022
4.814400000000002
5.524100000000005
5.524100000000005
5.524100000000005
5.524100000000005
5.524100000000005
5.524100000000005
5.524100000000005
5.524100000000005
5.524100000000005
8.137900000000004
8.137900000000004
8.137900000000004
10.596699999999988
10.596699999999988
10.596699999999988
5.463500000000003
3.2619000000000016
5.7595000000000045
5.7595000000000045
5.7595000000000045
5.7595000000000045
5.7595000000000045
5.7595000000000045
5.7595000000000045
5.7595000000000045
5.7595000000000045
5.7595000000000045
5.7595000000000045
5.7595000000000045
5.7595000000000045
5.7595000000000045
5.7595000000000045
5.7595000000000045
5.7595000000000045
5.7595000000000045
5.7595000000000045
5.7595000000000045
5.073400000000002
5.073400000000002
5.073400000000002
5.073400000000002
5.073400000000002
5.073400000000002
5.073400000000002
5.073400000000002
5.073400000000002
5.073400000000002
5.073400000000002
5.073400000000002
5.073400000000002
5.073400000000002
5.073400000000002
5.073400000000002
5.073400000000002
5.073400000000002
5.073400000000002
5.073400000000002
13.802299999999985
9.262399999999996
5.600300000000004
5.600300000000004
5.600300000000004
5.600300000000004
5.600300000000004
5.600300000000004
5.600300000000004
5.600300000000004
5.600300000000004
5.600300000000004
5.600300000000004
5.600300000000004
5.600300000000004
5.600300000000004
5.600300000000004
5.600300000000004
5.600300000000004
5.600300000000004
5.600300000000004
5.600300000000004
5.600300000000004
5.600300000000004
5.600300000000004
5.600300000000004
5.600300000000004
5.600300000000004
5.600300000000004
5.600300000000004
5.600300000000004
5.600300000000004
5.600300000000004
5.600300000000004
5.600300000000004
5.600300000000004
5.600300000000004
5.600300000000004
5.600300000000004
5.600300000000004
5.600300000000004
5.600300000000004
5.600300000000004
5.600300000000004
5.600300000000004
5.600300000000004
5.600300000000004
5.600300000000004
5.600300000000004
5.600300000000004
5.600300000000004
5.600300000000004
5.600300000000004
5.600300000000004
5.600300000000004
5.600300000000004
5.600300000000004
5.600300000000004
5.600300000000004
5.600300000000004
5.600300000000004
5.600300000000004
5.600300000000004
5.600300000000004
5.600300000000004
5.600300000000004
5.600300000000004
5.600300000000004
5.600300000000004
5.600300000000004
10.16959999999999
