6.166900000000003
4.758500000000003
4.758500000000003
4.758500000000003
6.3194000000000035
5.4677000000000024
6.276300000000004
5.443000000000003
7.076800000000005
6.063000000000004
6.022200000000003
6.022200000000003
6.022200000000003
6.022200000000003
6.022200000000003
6.022200000000003
6.022200000000003
6.022200000000003
6.022200000000003
6.022200000000003
6.022200000000003
6.022200000000003
6.022200000000003
6.022200000000003
6.022200000000003
6.022200000000003
6.022200000000003
6.022200000000003
6.022200000000003
6.022200000000003
6.938300000000005
6.938300000000005
6.296600000000004
6.296600000000004
6.296600000000004
6.296600000000004
6.296600000000004
6.2797000000000045
7.612600000000006
7.612600000000006
22.415600000000033
22.23810000000003
22.23810000000003
22.23810000000003
22.23810000000003
22.23810000000003
22.02090000000003
22.02090000000003
22.02090000000003
22.02090000000003
22.02090000000003
22.02090000000003
21.656300000000027
21.656300000000027
21.65630000000003
21.65630000000003
7.242900000000005
7.242900000000005
5.417200000000002
5.2474000000000025
21.600700000000028
21.600700000000028
21.698800000000027
22.09750000000003
22.09750000000003
21.492300000000025
21.72600000000003
22.074100000000033
22.074100000000033
22.074100000000033
22.074100000000033
21.675900000000023
21.675900000000023
21.675900000000023
21.675900000000023
21.675900000000023
21.675900000000023
21.675900000000023
21.675900000000023
21.675900000000023
21.675900000000023
21.675900000000023
21.675900000000023
21.675900000000023
21.675900000000023
21.675900000000023
21.675900000000023
21.675900000000023
21.675900000000023
21.675900000000023
21.675900000000023
21.675900000000023
21.675900000000023
21.675900000000023
21.675900000000023
21.675900000000023
21.675900000000023
21.675900000000023
21.675900000000023
21.675900000000023
21.675900000000023
21.675900000000023
21.675900000000023
21.675900000000023
21.675900000000023
21.675900000000023
21.675900000000023
21.675900000000023
5.526800000000002
5.526800000000002
21.675900000000027
21.675900000000027
21.675900000000027
21.675900000000027
21.675900000000027
21.675900000000027
21.675900000000027
21.675900000000027
21.675900000000027
21.675900000000027
21.675900000000027
21.801200000000026
21.73940000000002
21.398200000000024
21.398200000000024
21.398200000000024
21.398200000000024
21.398200000000024
21.398200000000024
21.59830000000002
21.59830000000002
21.59830000000002
21.59830000000002
21.59830000000002
21.64080000000002
21.523500000000023
21.587700000000027
21.587700000000027
21.752500000000023
21.752500000000023
21.752500000000023
21.752500000000023
21.752500000000023
21.752500000000023
21.752500000000023
21.752500000000023
21.752500000000023
4.368800000000003
21.41780000000002
21.68380000000002
3.9757000000000016
21.51380000000002
21.877800000000025
21.372700000000023
21.372700000000023
21.372700000000023
21.372700000000023
21.372700000000023
21.372700000000023
21.372700000000023
21.372700000000023
21.372700000000023
21.372700000000023
21.372700000000023
21.372700000000023
21.372700000000023
21.372700000000023
21.372700000000023
21.372700000000023
21.372700000000023
21.372700000000023
21.630200000000027
21.415200000000024
21.415200000000024
21.415200000000024
21.713000000000026
21.589900000000025
21.589900000000025
21.599700000000023
21.599700000000023
21.599700000000023
21.00810000000002
21.00810000000002
21.00810000000002
21.00810000000002
21.00810000000002
21.00810000000002
21.00810000000002
21.00810000000002
21.00810000000002
21.00810000000002
21.00810000000002
21.00810000000002
21.00810000000002
21.816500000000026
21.816500000000026
21.816500000000026
21.816500000000026
21.816500000000026
21.149200000000018
21.498000000000022
21.691500000000026
21.675400000000025
21.675400000000025
6.965300000000006
21.149200000000018
21.149200000000018
21.008100000000017
21.19170000000002
22.229200000000034
21.59200000000002
21.340200000000017
21.458200000000023
21.458200000000023
21.458200000000023
21.05060000000002
21.19170000000002
21.19170000000002
21.19170000000002
21.19170000000002
21.19170000000002
21.19170000000002
21.19170000000002
21.19170000000002
21.19170000000002
21.19170000000002
21.19170000000002
20.95250000000002
21.050600000000017
21.050600000000017
21.14250000000002
21.42590000000002
21.09360000000002
21.52210000000002
21.65100000000003
21.34160000000002
21.12460000000002
21.55840000000002
21.168800000000015
21.168800000000015
21.168800000000015
21.449300000000022
22.01310000000003
21.976700000000026
21.976700000000026
21.976700000000026
21.976700000000026
21.976700000000026
21.976700000000026
21.976700000000026
21.976700000000026
21.976700000000026
21.976700000000026
21.976700000000026
22.02250000000003
21.365000000000023
21.304300000000023
21.31020000000002
21.170900000000024
21.672800000000027
21.672800000000027
21.896100000000025
21.111900000000023
22.053300000000025
21.03150000000002
5.572700000000004
21.127600000000015
20.750000000000014
6.371600000000004
21.11970000000002
21.20520000000003
3.884500000000001
20.724500000000013
20.724500000000013
21.329800000000024
21.716200000000025
20.912200000000016
20.912200000000016
21.06480000000002
21.163400000000017
21.04472000000002
20.865600000000015
20.691500000000012
20.691500000000012
21.16390000000002
20.93950000000002
21.23870000000002
21.661500000000025
21.80320000000003
4.341100000000003
21.23870000000002
21.49250000000002
20.34790000000001
21.49250000000002
21.49250000000002
21.19920000000002
21.940900000000028
20.99530000000002
20.85890000000002
20.54620000000001
20.54350000000001
21.176900000000018
21.176900000000018
20.961700000000015
21.070900000000016
21.507300000000022
21.507300000000022
21.219400000000018
20.494300000000013
20.68920000000001
21.56910000000002
21.420500000000022
21.219400000000018
20.686100000000017
20.419200000000007
21.154000000000018
20.677900000000015
21.07090000000002
20.783000000000015
19.846200000000007
21.147500000000015
20.677900000000015
21.46290000000002
5.545900000000003
21.014900000000015
21.014900000000015
21.004000000000012
21.32850000000002
20.737200000000016
20.847600000000014
21.10100000000002
20.515200000000007
20.515200000000007
7.026900000000006
20.810200000000016
21.10100000000002
20.908800000000014
20.65210000000001
20.916200000000014
20.692700000000013
20.475100000000012
20.403100000000013
20.600700000000007
20.810200000000016
21.139200000000017
5.363200000000003
21.089300000000016
20.61060000000002
6.055500000000006
20.53230000000001
20.40310000000001
20.44150000000001
20.821500000000015
20.52980000000001
20.58560000000001
20.755300000000013
20.704700000000013
20.58670000000001
20.34710000000001
20.936300000000013
20.612900000000018
21.118200000000016
20.486200000000007
20.274200000000004
20.320100000000007
20.973080000000017
19.719700000000003
21.06780000000002
21.245000000000015
20.22910000000001
20.22910000000001
20.271600000000007
21.49980000000002
20.124500000000005
19.753300000000003
20.913200000000014
20.64750000000001
6.790000000000006
20.374700000000008
19.518700000000003
3.983100000000002
20.312400000000007
20.955200000000016
20.277900000000002
19.01119999999999
20.61400000000001
20.18950000000001
7.7960000000000065
4.5393000000000026
21.246000000000016
20.967700000000015
20.066400000000005
20.566400000000012
20.283600000000003
18.454519999999988
20.40650000000001
18.457599999999985
4.807000000000002
20.280300000000008
3.814400000000002
20.026500000000002
20.026500000000006
4.695700000000002
17.32459999999998
17.180099999999975
16.81089999999997
20.239900000000006
16.893699999999974
16.53529999999997
15.743899999999964
15.893499999999964
17.16909999999998
15.620299999999963
15.512299999999966
15.330899999999966
6.696500000000005
15.778699999999962
15.485999999999965
15.362199999999964
15.096199999999966
15.98629999999996
14.75139999999997
15.744999999999964
13.93779999999997
15.205179999999965
13.747099999999971
14.39479999999997
6.0404000000000035
13.223499999999976
14.022379999999972
12.605299999999978
13.061899999999975
0.7202999999999999
12.913799999999977
12.287199999999979
21.17670000000002
12.35759999999998
21.519000000000027
7.835900000000006
9.913399999999994
0.16199999999999998
11.122999999999987
10.382099999999992
4.990000000000006
10.41629999999999
8.305300000000004
9.658699999999996
10.280099999999992
9.375199999999998
3.7817000000000025
10.44859999999999
2.6693000000000007
9.842899999999995
7.9656000000000065
5.648800000000004
4.295400000000003
3.1830000000000016
6.415800000000004
1.8987
7.559200000000006
4.510100000000004
4.990800000000005
2.7197000000000005
2.7197000000000005
4.388300000000004
7.075400000000006
4.554400000000004
2.3296
2.3296
2.3296
21.55710000000003
3.200000000000001
2.0876
1.6981
0.6361
4.280800000000002
2.2118
1.0994
20.906100000000016
20.786400000000015
4.393600000000003
4.393600000000003
4.393600000000003
19.644500000000004
21.164900000000017
20.638700000000018
18.499599999999994
10.78879999999999
21.427200000000024
20.039900000000006
18.094099999999987
6.588600000000005
22.330800000000032
21.358700000000024
21.78910000000003
21.33690000000002
11.232399999999986
13.259099999999977
13.259099999999979
21.763800000000032
