4.357276821176554
4.2917723354662565
4.2917723354662565
4.2917723354662565
4.2917723354662565
4.2681378514624075
4.3129780210849855
4.3129780210849855
4.363973898712755
4.363973898712755
4.363973898712755
4.363973898712755
4.363973898712755
4.363973898712755
4.363973898712755
4.363973898712755
4.363973898712755
4.363973898712755
4.363973898712755
4.363973898712755
4.363973898712755
4.363973898712755
4.363973898712755
4.363973898712755
4.363973898712755
4.363973898712755
4.363973898712755
4.363973898712755
4.363973898712755
4.363973898712755
4.363973898712755
4.363973898712755
4.363973898712755
4.363973898712755
4.363973898712755
4.363973898712755
4.363973898712755
4.363973898712755
4.363973898712755
4.363973898712755
4.363973898712755
4.363973898712755
4.363973898712755
4.363973898712755
4.363973898712755
4.363973898712755
4.363973898712755
4.363973898712755
4.363973898712755
4.363973898712755
4.363973898712755
4.363973898712755
4.363973898712755
4.363973898712755
4.363973898712755
4.363973898712755
4.363973898712755
4.363973898712755
4.363973898712755
4.363973898712755
4.363973898712755
4.363973898712755
4.363973898712755
4.363973898712755
4.36503186726354
4.36503186726354
4.36503186726354
4.36503186726354
4.36503186726354
4.36503186726354
4.36503186726354
4.36503186726354
4.36503186726354
4.36503186726354
4.36503186726354
4.36503186726354
4.36503186726354
4.36503186726354
4.36503186726354
4.36503186726354
4.36503186726354
4.36503186726354
4.36503186726354
4.36503186726354
4.36503186726354
4.36503186726354
4.36503186726354
4.231756783626791
4.231756783626791
4.231756783626791
4.236284626436156
4.236284626436156
4.236284626436156
4.236284626436156
4.236284626436156
4.236284626436156
4.236284626436156
4.236284626436156
4.236284626436156
4.236284626436156
4.236284626436156
4.236284626436156
4.236284626436156
4.236284626436156
4.236284626436156
4.236284626436156
4.236284626436156
4.236284626436156
4.236284626436156
4.236284626436156
4.236284626436156
4.236284626436156
4.236284626436156
4.236284626436156
4.236284626436156
4.236284626436156
4.236284626436156
4.236284626436156
4.236284626436156
4.236284626436156
4.236284626436156
4.236284626436156
4.236284626436156
4.236284626436156
4.291470260319871
4.397110213577878
4.397110213577878
4.397110213577878
4.397110213577878
4.397110213577878
4.397110213577878
4.397110213577878
4.397110213577878
4.397110213577878
4.397110213577878
4.397110213577878
4.397110213577878
4.397110213577878
4.397110213577878
4.397110213577878
4.397110213577878
4.397110213577878
4.397110213577878
4.397110213577878
4.397110213577878
4.397110213577878
4.397110213577878
4.397110213577878
4.397110213577878
4.397110213577878
4.397110213577878
4.397110213577878
4.397110213577878
4.401595296450806
4.401595296450806
4.401595296450806
4.401595296450806
4.401595296450806
4.401595296450806
4.401595296450806
4.401595296450806
4.401595296450806
4.401595296450806
4.401595296450806
4.401595296450806
4.401595296450806
4.401595296450806
4.401595296450806
4.401595296450806
4.401595296450806
4.401595296450806
4.290271395285573
4.290271395285573
4.290271395285573
4.290271395285573
4.290271395285573
4.290271395285573
4.290271395285573
4.290271395285573
4.290271395285573
4.290271395285573
4.290271395285573
4.290271395285573
4.290271395285573
4.290271395285573
4.290271395285573
4.290271395285573
4.290271395285573
4.290271395285573
4.290271395285573
4.290271395285573
4.290271395285573
4.290271395285573
4.290271395285573
4.290271395285573
4.290271395285573
4.290271395285573
4.290271395285573
4.290271395285573
4.290271395285573
4.290271395285573
4.290271395285573
4.290271395285573
4.290271395285573
4.290271395285573
4.290271395285573
4.290271395285573
4.290271395285573
4.310226342401663
4.2183297769378285
4.324762419284398
4.331441548869973
4.331441548869973
4.331441548869973
4.331441548869973
4.331441548869973
4.331441548869973
4.331441548869973
4.331441548869973
4.331441548869973
4.331441548869973
4.331441548869973
4.331441548869973
4.331441548869973
4.331441548869973
4.331441548869973
4.331441548869973
4.331441548869973
4.331441548869973
4.331441548869973
4.331441548869973
4.331441548869973
4.331441548869973
4.331441548869973
4.331441548869973
4.331441548869973
4.331441548869973
4.331441548869973
4.331441548869973
4.331441548869973
4.331441548869973
4.36162467660338
4.286295024694837
4.286295024694837
4.286295024694837
4.286295024694837
4.286295024694837
4.286295024694837
4.286295024694837
4.286295024694837
4.178163052089156
4.280946654692927
4.280946654692927
4.280946654692927
4.280946654692927
4.280946654692927
4.280946654692927
4.280946654692927
4.280946654692927
4.280946654692927
4.280946654692927
4.280946654692927
4.280946654692927
4.280946654692927
4.280946654692927
4.280946654692927
4.280946654692927
4.280946654692927
4.280946654692927
4.280946654692927
4.280946654692927
4.280946654692927
4.280946654692927
4.280946654692927
4.280946654692927
4.280946654692927
4.280946654692927
4.280946654692927
4.280946654692927
4.280946654692927
4.280946654692927
4.280946654692927
4.280946654692927
4.280946654692927
4.280946654692927
4.280946654692927
4.280946654692927
4.168089414835085
4.168089414835085
4.168089414835085
4.168089414835085
4.444651013025332
4.216143983470869
4.216143983470869
4.216143983470869
4.216143983470869
4.216143983470869
4.216143983470869
4.216143983470869
4.216143983470869
4.216143983470869
4.216143983470869
4.216143983470869
4.216143983470869
4.216143983470869
4.413578310450933
4.277810295332477
4.229887629879709
4.229887629879709
4.229887629879709
4.229887629879709
4.229887629879709
4.229887629879709
4.229887629879709
4.316878960096452
4.205749385132916
4.235272498920603
4.598313207650075
4.39178144917863
4.16950891315797
4.240423466759992
4.381120663225453
4.301848359936654
4.301848359936654
4.301848359936654
4.301848359936654
4.5525575023828955
4.323299786038643
4.523656768583525
4.327860460195946
4.137751084596243
4.324976766904383
4.560482067801823
4.197649854149644
4.29689153978196
4.392348913347622
4.394651505782811
4.228942113517617
4.4962577956255645
4.25134622254081
4.185609145420171
4.288554764227978
4.410259396612168
4.295710409310223
4.146100156656127
4.276564141486324
4.210625567200637
4.210625567200637
4.210625567200637
4.210625567200637
4.210625567200637
4.3576796235177255
4.558097188899549
4.626069300994933
4.292268760351446
4.2425567932951544
4.264462493277176
4.481964892948131
4.453790647304272
4.156166026271553
4.260377598315591
4.361413851724162
4.527568462858883
4.480135430657791
4.26479634827513
4.255322155932516
4.34954366491198
4.510727518569878
4.226483755385858
4.080858324331148
4.1405849826355965
4.470311939271974
4.481235866173802
4.074425804690786
5.056107808387932
4.379429151341672
4.380453881713179
3.9560276504380116
4.423101909522717
4.622160748990693
4.550591327287273
4.541005920277838
4.136930711840494
4.472123868988511
4.936099692937513
3.9976462335290677
4.764785982066671
5.218976640489412
5.072364069060839
5.071542003126774
5.079605920999673
5.030965371049988
4.503865456008379
4.503865456008379
5.096612040891994
4.023938477263411
5.134006589489237
5.371756547117739
4.019175375279392
5.304342683074806
5.243877656241173
4.987788238514703
3.885769058417446
4.071905626148828
5.2483744362053955
4.9792591687472605
4.085980513506602
3.8581858037791044
3.8569698066458944
3.7091293549647606
3.6437133184565207
4.1964772645478154
3.95690055218859
4.016827330673262
4.032116460385014
3.866162105653654
3.5363771645034134
3.447245013463558
3.5834317929258397
4.00350341194177
3.8929097306230878
3.7189738088684923
3.9451047855681427
5.287684420307528
3.5329525442085883
3.841034791622059
3.22020401549994
3.234418158378392
3.670681545996592
3.5226101875677864
3.5226101875677864
3.9512171281059354
3.755471562363203
3.35180624716498
3.6897110956752535
3.5347429305709994
3.5347429305709994
3.2164851574798554
3.22670473496363
3.1339317472893056
3.6334863884264124
3.1443375866296535
3.3312333356175072
3.3312333356175072
3.7308766551158126
3.9388737709908934
3.4940350454006435
3.9112543973989817
3.9112543973989817
3.8943591776163924
3.635725520648295
3.224862479741571
3.9738980772226373
4.135600378911226
3.724473412468667
3.758134174494449
3.758134174494449
4.143922554043526
4.143922554043526
3.803309414879065
3.3940553179378563
3.298328663804236
3.026858917116175
3.622982732186757
3.5314736203251247
3.5066553770909508
3.5066553770909508
3.7475180687252188
3.7475180687252188
3.7475180687252188
3.7475180687252188
3.7475180687252188
3.7475180687252188
4.277262591007153
4.197416117007977
4.083317792855821
4.083317792855821
4.057213552905415
5.402092149844732
4.464652014443876
4.438282509958084
5.51520968830627
4.057921765103237
4.645783303564777
5.317743366679142
5.258384422135313
4.075251699750389
4.859233029740842
4.888642843318124
5.15583286441009
6.143916320789667
5.723866947949137
5.723866947949137
4.671901747109954
5.617689009823453
4.936631058171854
4.9746303948067165
5.811482268250418
4.672414312531457
4.769555613678858
