[0.81048423]
[0.5888368]
[0.5888368]
[0.5888368]
[0.47669566]
[0.50972646]
[0.50972646]
[0.50972646]
[0.50972646]
[0.50972646]
[0.50972646]
[0.6993535]
[0.6993535]
[0.6993535]
[0.6993535]
[0.6993535]
[0.6993535]
[0.57843524]
[0.5385519]
[0.5385519]
[0.5385519]
[0.5385519]
[0.5385519]
[0.52719337]
[0.46156916]
[0.46156916]
[0.46156916]
[0.46156916]
[0.46156916]
[0.46156916]
[0.46156916]
[0.46156916]
[0.4658662]
[0.4658662]
[0.4658662]
[0.4658662]
[0.4658662]
[0.4658662]
[0.4658662]
[0.4658662]
[0.4658662]
[0.4658662]
[0.4658662]
[0.4658662]
[0.4658662]
[0.4658662]
[0.4658662]
[0.4658662]
[0.4658662]
[0.4658662]
[0.4658662]
[0.4658662]
[0.4658662]
[0.4658662]
[0.4658662]
[0.4658662]
[0.4658662]
[0.4658662]
[0.4658662]
[0.4658662]
[0.4417717]
[0.4417717]
[0.5023507]
[0.4399321]
[0.4399321]
[0.5508554]
[0.5508554]
[0.5508554]
[0.5508554]
[0.5508554]
[0.5508554]
[0.5508554]
[0.5508554]
[0.5508554]
[0.5508554]
[0.5508554]
[0.5508554]
[0.5508554]
[0.5627172]
[0.41997603]
[0.4205755]
[0.4469481]
[0.5125378]
[0.5084152]
[0.5084152]
[0.5084152]
[0.5084152]
[0.5084152]
[0.41058218]
[0.41058218]
[0.41058218]
[0.41058218]
[0.40213907]
[0.45576856]
[0.40789068]
[0.41578826]
[0.41578826]
[0.41578826]
[0.41578826]
[0.41578826]
[0.41578826]
[0.41578826]
[0.41578826]
[0.41578826]
[0.41578826]
[0.41578826]
[0.41578826]
[0.41578826]
[0.41578826]
[0.41578826]
[0.41578826]
[0.41578826]
[0.41578826]
[0.41578826]
[0.41578826]
[0.41578826]
[0.41578826]
[0.41578826]
[0.41578826]
[0.41578826]
[0.41578826]
[0.41578826]
[0.41578826]
[0.41578826]
[0.41578826]
[0.41578826]
[0.41578826]
[0.41578826]
[0.41578826]
[0.41578826]
[0.3984719]
[0.3984719]
[0.3984719]
[0.4004543]
[0.43152225]
[0.39562154]
[0.40591606]
[0.40885794]
[0.42571938]
[0.40669882]
[0.40669882]
[0.40669882]
[0.40669882]
[0.40669882]
[0.40669882]
[0.40669882]
[0.40669882]
[0.40669882]
[0.40669882]
[0.40669882]
[0.36226717]
[0.36226717]
[0.36226717]
[0.4169139]
[0.4169139]
[0.4169139]
[0.4169139]
[0.4169139]
[0.4169139]
[0.4169139]
[0.4169139]
[0.4169139]
[0.4169139]
[0.4169139]
[0.4169139]
[0.4169139]
[0.4169139]
[0.4169139]
[0.4169139]
[0.4169139]
[0.4169139]
[0.4169139]
[0.4169139]
[0.4169139]
[0.4169139]
[0.4169139]
[0.4169139]
[0.4169139]
[0.4169139]
[0.4169139]
[0.4169139]
[0.4169139]
[0.4169139]
[0.4169139]
[0.4169139]
[0.4169139]
[0.4169139]
[0.4169139]
[0.4169139]
[0.4169139]
[0.4169139]
[0.4169139]
[0.4169139]
[0.4169139]
[0.4169139]
[0.4169139]
[0.4169139]
[0.4169139]
[0.4169139]
[0.4169139]
[0.4169139]
[0.4169139]
[0.4169139]
[0.4169139]
[0.4169139]
[0.4169139]
[0.4169139]
[0.4169139]
[0.4169139]
[0.4169139]
[0.4169139]
[0.4169139]
[0.4169139]
[0.4169139]
[0.4169139]
[0.4169139]
[0.4169139]
[0.4169139]
[0.4169139]
[0.4169139]
[0.4169139]
[0.4169139]
[0.4169139]
[0.4169139]
[0.4169139]
[0.4169139]
[0.4169139]
[0.4169139]
[0.4169139]
[0.4169139]
[0.4169139]
[0.4169139]
[0.4169139]
[0.4169139]
[0.4169139]
[0.4169139]
[0.4169139]
[0.4169139]
[0.4169139]
[0.4169139]
[0.36608273]
[0.3194392]
[0.34986603]
[0.35458803]
[0.35458803]
[0.35458803]
[0.35458803]
[0.35458803]
[0.35458803]
[0.35458803]
[0.35458803]
[0.35458803]
[0.35458803]
[0.35458803]
[0.35458803]
[0.35458803]
[0.35458803]
[0.35458803]
[0.35458803]
[0.3054217]
[0.3438546]
[0.3486158]
[0.3486158]
[0.3486158]
[0.3486158]
[0.3486158]
[0.3486158]
[0.3225096]
[0.3952818]
[0.3952818]
[0.3580873]
[0.3580873]
[0.3580873]
[0.5399096]
[0.38275206]
[0.36723548]
[0.3365685]
[0.3365685]
[0.3365685]
[0.3365685]
[0.3365685]
[0.3365685]
[0.3365685]
[0.3365685]
[0.3365685]
[0.3384283]
[0.3384283]
[0.3384283]
[0.4063095]
[0.3337207]
[0.3337207]
[0.3337207]
[0.33034775]
[0.33034775]
[0.33034775]
[0.33034775]
[0.33034775]
[0.33034775]
[0.33034775]
[0.33034775]
[0.33034775]
[0.33034775]
[0.33034775]
[0.33034775]
[0.33034775]
[0.33034775]
[0.33034775]
[0.33034775]
[0.33034775]
[0.33034775]
[0.33034775]
[0.33034775]
[0.33034775]
[0.33034775]
[0.33034775]
[0.33034775]
[0.33034775]
[0.33034775]
[0.33034775]
[0.33034775]
[0.33034775]
[0.33034775]
[0.33034775]
[0.33034775]
[0.33034775]
[0.33034775]
[0.33034775]
[0.33034775]
[0.33034775]
[0.33034775]
[0.33034775]
[0.33034775]
[0.33034775]
[0.33034775]
[0.33034775]
[0.33034775]
[0.33034775]
[0.30212668]
[0.30212668]
[0.30212668]
[0.30212668]
[0.30212668]
[0.30212668]
[0.30212668]
[0.30212668]
[0.30212668]
[0.30212668]
[0.30212668]
[0.30212668]
[0.30212668]
[0.30212668]
[0.30212668]
[0.30212668]
[0.30212668]
[0.30212668]
[0.30212668]
[0.30212668]
[0.30212668]
[0.30212668]
[0.30212668]
[0.30212668]
[0.30212668]
[0.30212668]
[0.30212668]
[0.30212668]
[0.30212668]
[0.30212668]
[0.30212668]
[0.30212668]
[0.30212668]
[0.30212668]
[0.30212668]
[0.30212668]
[0.30212668]
[0.30212668]
[0.30212668]
[0.30212668]
[0.30212668]
[0.30212668]
[0.30212668]
[0.30212668]
[0.30212668]
[0.30212668]
[0.30212668]
[0.30212668]
[0.30212668]
[0.30212668]
[0.30212668]
[0.30212668]
[0.30212668]
[0.42961657]
[0.28955528]
[0.28955528]
[0.28955528]
[0.32753602]
[0.34132612]
[0.34132612]
[0.34132612]
[0.34132612]
[0.38192716]
[0.33518502]
[0.33518502]
[0.32187724]
[0.3061154]
[0.28288084]
[0.3111708]
[0.31678495]
[0.34596285]
[0.28157195]
[0.28157195]
[0.33870676]
[0.29780462]
[0.31535372]
[0.3049371]
[0.25954205]
[0.3440424]
[0.46086457]
[0.31059217]
[0.29667875]
[0.3038376]
[0.34296134]
[0.258603]
[0.29420525]
[0.29420525]
[0.39617088]
[0.2928429]
[0.30314508]
[0.36176577]
[0.3948221]
[0.38725862]
[0.22192109]
[0.32280836]
[0.29612857]
[0.33608344]
[0.22273277]
[0.2233071]
[0.21797134]
[0.21797134]
[0.32224604]
[0.27753443]
[0.29887104]
[0.30690682]
[0.2280333]
[0.31028077]
[0.30817133]
[0.30466393]
[0.25443876]
[0.29952908]
[0.34782535]
[0.23894931]
[0.32503408]
[0.1847572]
[0.2416833]
[0.24890393]
[0.20487595]
[0.17768514]
[0.24277912]
[0.2640633]
[0.2594952]
[0.28225195]
[0.3072626]
[0.1905366]
[0.27662733]
[0.27662733]
[0.3994316]
[0.19066294]
[0.1475107]
[0.28026152]
[0.28026152]
[0.18851025]
[0.19495417]
[0.19901781]
[0.18906264]
[0.12534112]
[0.13144411]
[0.12252903]
[0.21262592]
[0.07716864]
[0.13057771]
[0.11462082]
[0.12116229]
[0.10219683]
[0.09581513]
[0.08940701]
[0.14794351]
[0.55966854]
[0.55966854]
[0.58333623]
[0.08638147]
[0.07535517]
[0.11109296]
[0.11109296]
[0.10664413]
[0.49807256]
[0.37812087]
[0.5426605]
[0.3016795]
[0.3016795]
[0.2537679]
[0.20085312]
