[0.08835694]
[0.08815546]
[0.08789505]
[0.08788987]
[0.08788987]
[0.08788987]
[0.08808438]
[0.08792239]
[0.08803126]
[0.0879874]
[0.08798736]
[0.08798736]
[0.08791287]
[0.08819365]
[0.08819365]
[0.08827001]
[0.08950444]
[0.08798533]
[0.08818449]
[0.08850457]
[0.08829741]
[0.08869827]
[0.08837359]
[0.0880171]
[0.08795568]
[0.08871417]
[0.08784835]
[0.08836424]
[0.08837892]
[0.08969496]
[0.08816447]
[0.08816447]
[0.08816447]
[0.08820929]
[0.09123137]
[0.08786874]
[0.08877534]
[0.08855971]
[0.08855971]
[0.08855971]
[0.08855971]
[0.08778672]
[0.08778672]
[0.0961682]
[0.08905303]
[0.08900826]
[0.08806547]
[0.08806547]
[0.09067653]
[0.09067653]
[0.09067653]
[0.08819969]
[0.08824208]
[0.08784434]
[0.08784434]
[0.08784434]
[0.08784434]
[0.08784434]
[0.08784434]
[0.0881735]
[0.0881735]
[0.08816648]
[0.08810764]
[0.08810764]
[0.08810764]
[0.08810764]
[0.08817077]
[0.08819718]
[0.08832607]
[0.08808536]
[0.08808536]
[0.08808536]
[0.08808536]
[0.08808536]
[0.08810716]
[0.09178641]
[0.09018443]
[0.0886564]
[0.0886564]
[0.0886564]
[0.0886564]
[0.08807438]
[0.08816286]
[0.08816287]
[0.08816287]
[0.08836927]
[0.08819394]
[0.08819394]
[0.08892197]
[0.08822779]
[0.08894315]
[0.08852372]
[0.08876961]
[0.08865436]
[0.08811723]
[0.08858688]
[0.08976894]
[0.08817323]
[0.08827906]
[0.08827906]
[0.08827906]
[0.08827906]
[0.0916554]
[0.09030434]
[0.08817979]
[0.16753115]
[0.16753115]
[0.09107374]
[0.08817273]
[0.08782931]
[0.08818083]
[0.08818083]
[0.08818144]
[0.0884283]
[0.08901151]
[0.08793145]
[0.08793145]
[0.08793145]
[0.08815238]
[0.08815238]
[0.08815238]
[0.08815238]
[0.08815238]
[0.08815238]
[0.08815238]
[0.08815238]
[0.08815238]
[0.08815238]
[0.08815238]
[0.08815238]
[0.08815238]
[0.08815238]
[0.08815238]
[0.08815238]
[0.08815238]
[0.08833477]
[0.08833477]
[0.08973636]
[0.0882154]
[0.0882154]
[0.08876501]
[0.08821601]
[0.08821601]
[0.10336649]
[0.10336649]
[0.08814669]
[0.08814669]
[0.08814669]
[0.08814669]
[0.08814669]
[0.08850893]
[0.08795962]
[0.10539135]
[0.08947314]
[0.08849449]
[0.09650182]
[0.08829779]
[0.08904485]
[0.09165169]
[0.08858986]
[0.09202412]
[0.09202412]
[0.09202412]
[0.09202412]
[0.09202412]
[0.09202412]
[0.09202412]
[0.09202412]
[0.08848079]
[0.08886904]
[0.0887598]
[0.08887045]
[0.08887045]
[0.0908052]
[0.08901112]
[0.08822326]
[0.09922773]
[0.08817912]
[0.0929356]
[0.09207564]
[0.08853817]
[0.08873977]
[0.08839896]
[0.08830925]
[0.08830925]
[0.08830925]
[0.08830925]
[0.09151953]
[0.10263]
[0.08882552]
[0.08876784]
[0.08876784]
[0.0904012]
[0.0904012]
[0.08827173]
[0.08839995]
[0.09193572]
[0.08841138]
[0.08841138]
[0.08841138]
[0.08841138]
[0.08841138]
[0.08841138]
[0.08841138]
[0.08841138]
[0.08841138]
[0.08841138]
[0.08841138]
[0.08841138]
[0.08841138]
[0.08841138]
[0.0885753]
[0.09112091]
[0.08945049]
[0.08886267]
[0.09200615]
[0.08886273]
[0.09029923]
[0.08911988]
[0.08911988]
[0.08911988]
[0.08911988]
[0.08795819]
[0.09194675]
[0.0884796]
[0.08920275]
[0.08920275]
[0.08834331]
[0.09130286]
[0.09080826]
[0.08839127]
[0.09167196]
[0.08807897]
[0.08873809]
[0.08880989]
[0.13519911]
[0.08835067]
[0.08906844]
[0.08831088]
[0.08889544]
[0.08886364]
[0.08892723]
[0.08888617]
[0.08931573]
[0.08863883]
[0.08829545]
[0.08851582]
[0.08836211]
[0.08794914]
[0.08846684]
[0.08833465]
[0.08833465]
[0.08842182]
[0.08829075]
[0.08885908]
[0.09073406]
[0.10696328]
[0.09068587]
[0.08905901]
[0.09169451]
[0.08988395]
[0.08979256]
[0.08815759]
[0.08877436]
[0.08828734]
[0.08909771]
[0.08829138]
[0.08829138]
[0.08829138]
[0.08965812]
[0.08825281]
[0.08845892]
[0.51413006]
[0.0886226]
[0.09194816]
[0.08846351]
[0.09734553]
[0.08873238]
[0.09737642]
[0.08907159]
[0.08879217]
[0.09061437]
[0.0880568]
[0.08854364]
[0.08887269]
[0.09111412]
[0.17120416]
[0.09121621]
[0.08968038]
[0.09088119]
[0.09137175]
[0.08989286]
[0.10163923]
[0.08803691]
[0.08955541]
[0.09312818]
[0.08996141]
[0.08923583]
[0.08828466]
[0.09127427]
[0.089143]
[0.08832186]
[0.08805134]
[0.0883714]
[0.08901419]
[0.1069523]
[0.1069523]
[0.08978778]
[0.08930815]
[0.10608724]
[0.08784776]
[0.08844219]
[0.09086874]
[0.09065375]
[0.09005241]
[0.09142366]
[0.09001873]
[0.0887476]
[0.08905596]
[0.09054607]
[0.08928839]
[0.1355151]
[0.09065375]
[0.09065375]
[0.09116583]
[0.08951873]
[0.08969744]
[0.08938268]
[0.09010967]
[0.09262073]
[0.0892978]
[0.09388259]
[0.08961514]
[0.09913319]
[0.08907355]
[0.10274]
[0.08910249]
[0.08897143]
[0.08905772]
[0.08956269]
[0.08927473]
[0.12990773]
[0.0892204]
[0.08964898]
[0.08930084]
[0.08796779]
[0.09952784]
[0.09119926]
[0.08797998]
[0.08810167]
[0.09353945]
[0.11819341]
[0.08971503]
[0.08834083]
[0.09672876]
[0.12882465]
[0.08935819]
[0.08868095]
[0.09491525]
[0.08914805]
[0.09944537]
[0.08998039]
[0.08993274]
[0.09000038]
[0.08775488]
[0.08879797]
[0.08862088]
[0.09105339]
[0.09249093]
[0.09054241]
[0.09215582]
[0.09010053]
[0.09943453]
[0.09228801]
[0.09671773]
[0.3476804]
[0.09016214]
[0.09322441]
[0.08864892]
[0.08844376]
[0.09058546]
[0.09696465]
[0.09062103]
[0.08946721]
[0.0976383]
[0.09554825]
[0.09671221]
[0.09274077]
[0.11070713]
[0.08913556]
[0.08867888]
[0.09292659]
[0.09526547]
[0.12266038]
[0.08847754]
[0.11625937]
[0.0882938]
[0.12934752]
[0.09082528]
[0.09647355]
[0.11020902]
[0.08948929]
[0.13765538]
[0.20178594]
[0.10888352]
[0.09774481]
[0.17565364]
[0.12043379]
[0.09015042]
[0.10000169]
[0.2881638]
[0.11487402]
[0.09992456]
[0.1133076]
[0.30982503]
[0.11227842]
[0.09069924]
[0.1467729]
[0.1467729]
[0.10933175]
[0.08956029]
[0.14931373]
[0.0881604]
[0.14709571]
[0.64549553]
[0.251054]
[0.08838702]
[0.52731836]
[0.11852108]
[0.12520741]
[0.08834777]
[0.14994039]
[0.12365067]
[0.30469573]
[0.17492302]
[0.09024569]
[0.09024569]
[0.08828136]
[0.09158622]
[0.09150025]
[0.08828712]
[0.2321778]
[0.25729415]
[0.08871131]
[0.24115038]
[0.09049939]
[0.08919063]
[0.09883498]
[0.526664]
[0.23345199]
[0.08788005]
[0.09396809]
[0.08841313]
[0.08893948]
[0.08837656]
[0.11503556]
[0.08948696]
[0.08847938]
[0.08848372]
[0.08798108]
[0.08830612]
[0.08848491]
[0.09513704]
[0.08828177]
[0.08828048]
[0.08845796]
[0.14861381]
[0.14861381]
[0.09205139]
[0.08783362]
[0.08831486]
[0.08942176]
[0.1073078]
[0.088591]
[0.09087841]
[0.08840632]
[0.09701482]
[0.09032207]
[0.08874948]
[0.09513216]
[0.08837936]
[0.09382381]
[0.08848259]
[0.08885748]
[0.09525154]
[0.10191991]
[0.08937806]
[0.09022526]
[0.08929612]
[0.09247585]
[0.09025174]
[0.08899469]
[0.18872736]
[0.08816832]
[0.08861765]
[0.09168594]
[0.09395047]
[0.08899973]
[0.08941043]
[0.0893748]
