[0.5271928]
[0.55299383]
[0.47354397]
[0.50431836]
[0.52824235]
[0.50150394]
[0.52767724]
[0.49292248]
[0.49292248]
[0.52246785]
[0.504591]
[0.51073426]
[0.51591355]
[0.51591355]
[0.49617368]
[0.49617368]
[0.49617368]
[0.465592]
[0.465592]
[0.465592]
[0.465592]
[0.465592]
[0.46253058]
[0.52216464]
[0.45010033]
[0.5250026]
[0.45234194]
[0.50193214]
[0.47932547]
[0.47932547]
[0.5183074]
[0.50833786]
[0.50815666]
[0.4438187]
[0.4438187]
[0.44845495]
[0.47774577]
[0.4901407]
[0.5122861]
[0.4973354]
[0.5392798]
[0.4828675]
[0.49071383]
[0.49071383]
[0.49071383]
[0.45314923]
[0.45314923]
[0.5044529]
[0.46752894]
[0.44796735]
[0.5196102]
[0.5196102]
[0.5196102]
[0.54517776]
[0.51402915]
[0.48298782]
[0.5365101]
[0.5051567]
[0.45479533]
[0.45437226]
[0.45437226]
[0.45437226]
[0.46860307]
[0.46549824]
[0.5092257]
[0.47392687]
[0.5030498]
[0.4820516]
[0.4879747]
[0.4879747]
[0.51418114]
[0.4835734]
[0.47688347]
[0.4595723]
[0.42697012]
[0.45171764]
[0.4874058]
[0.48379502]
[0.42446]
[0.43826735]
[0.43826735]
[0.43826735]
[0.43826735]
[0.48819774]
[0.48838955]
[0.5304777]
[0.5148865]
[0.44309926]
[0.51623803]
[0.4855828]
[0.44358915]
[0.44957042]
[0.48415104]
[0.48409945]
[0.5108251]
[0.44172636]
[0.44172636]
[0.47844332]
[0.42240945]
[0.42956164]
[0.42956164]
[0.42956164]
[0.42956164]
[0.44728127]
[0.5053821]
[0.47406605]
[0.47406605]
[0.43496186]
[0.43496186]
[0.4643416]
[0.49874222]
[0.45682243]
[0.4687035]
[0.4821186]
[0.4775755]
[0.4653045]
[0.4930947]
[0.48404017]
[0.51288354]
[0.43359846]
[0.43359846]
[0.47004205]
[0.4763266]
[0.46943456]
[0.502487]
[0.43212637]
[0.43212637]
[0.43212637]
[0.43212637]
[0.50234467]
[0.42112637]
[0.42112637]
[0.42112637]
[0.42112637]
[0.42112637]
[0.42112637]
[0.42112637]
[0.42112637]
[0.5050959]
[0.47352067]
[0.47352067]
[0.42435274]
[0.42520952]
[0.45904496]
[0.44587967]
[0.5028579]
[0.43401575]
[0.5089654]
[0.50897425]
[0.45817962]
[0.45555586]
[0.47735196]
[0.4140626]
[0.4140626]
[0.4140626]
[0.4140626]
[0.49177295]
[0.49177295]
[0.49342233]
[0.47737744]
[0.46165407]
[0.46613654]
[0.42507088]
[0.42507088]
[0.42507088]
[0.42507088]
[0.4466452]
[0.51217514]
[0.49175704]
[0.50110245]
[0.50110245]
[0.50110245]
[0.48466852]
[0.4842072]
[0.5283412]
[0.44744006]
[0.46415785]
[0.45583364]
[0.47030276]
[0.43916342]
[0.5115822]
[0.44238794]
[0.4543447]
[0.4795426]
[0.4578721]
[0.44250593]
[0.44481194]
[0.43405274]
[0.4565068]
[0.4734934]
[0.42361143]
[0.42361143]
[0.42361143]
[0.42361143]
[0.4677863]
[0.43013296]
[0.43013296]
[0.44535127]
[0.48355848]
[0.482498]
[0.4925622]
[0.4553131]
[0.4902799]
[0.4809066]
[0.4809066]
[0.47278962]
[0.4404661]
[0.49011537]
[0.43441403]
[0.48901886]
[0.4327458]
[0.45662546]
[0.45578283]
[0.4621515]
[0.45858845]
[0.46786025]
[0.49228165]
[0.45413935]
[0.5142624]
[0.4200582]
[0.4685679]
[0.4740372]
[0.4740372]
[0.45517513]
[0.4148351]
[0.4148351]
[0.43680376]
[0.46832147]
[0.4661242]
[0.46767762]
[0.45350122]
[0.44417098]
[0.44417098]
[0.4161552]
[0.4161552]
[0.4161552]
[0.4161552]
[0.4588421]
[0.4362562]
[0.45670292]
[0.43827197]
[0.43827197]
[0.47153872]
[0.41618755]
[0.41618755]
[0.41618755]
[0.41618755]
[0.44098884]
[0.4349358]
[0.45225155]
[0.46415094]
[0.44034216]
[0.45885935]
[0.4530991]
[0.45321614]
[0.46371028]
[0.49327308]
[0.45641404]
[0.44080064]
[0.43619046]
[0.43619046]
[0.41056186]
[0.41056186]
[0.44587812]
[0.44175008]
[0.44602153]
[0.40834752]
[0.505531]
[0.43367243]
[0.44000274]
[0.44000274]
[0.41681743]
[0.45392263]
[0.42620474]
[0.42620474]
[0.42620474]
[0.42905408]
[0.42905408]
[0.42905408]
[0.4700606]
[0.4398465]
[0.4679152]
[0.4661927]
[0.4191342]
[0.45914307]
[0.47328225]
[0.46306235]
[0.45301053]
[0.44459823]
[0.4371358]
[0.41168505]
[0.4282768]
[0.42385828]
[0.437473]
[0.4723127]
[0.44087788]
[0.45324257]
[0.40236506]
[0.40236506]
[0.40236506]
[0.40236506]
[0.40236506]
[0.40236506]
[0.40236506]
[0.40236506]
[0.40756053]
[0.4648702]
[0.40549612]
[0.40549612]
[0.40549612]
[0.5077846]
[0.46847996]
[0.47516966]
[0.42957062]
[0.42957062]
[0.4156944]
[0.44740984]
[0.40540338]
[0.46488756]
[0.41667384]
[0.45789716]
[0.43028092]
[0.4306447]
[0.45461604]
[0.42493948]
[0.45405942]
[0.43547332]
[0.41889942]
[0.41889942]
[0.40028074]
[0.43014285]
[0.44751358]
[0.45586842]
[0.46711594]
[0.45462492]
[0.44305864]
[0.45551908]
[0.4494293]
[0.4351957]
[0.44918102]
[0.4348582]
[0.5135585]
[0.41427925]
[0.41842952]
[0.4574838]
[0.45021135]
[0.41826612]
[0.45914719]
[0.41500816]
[0.46395758]
[0.42314002]
[0.41506672]
[0.4278423]
[0.47236824]
[0.4185653]
[0.4639276]
[0.4639276]
[0.46127677]
[0.43826464]
[0.41841862]
[0.4673414]
[0.49271333]
[0.4267521]
[0.42923367]
[0.41245452]
[0.45225644]
[0.42845634]
[0.443237]
[0.443237]
[0.4229238]
[0.4340048]
[0.40307233]
[0.42123586]
[0.49749988]
[0.43301013]
[0.40976936]
[0.42348439]
[0.41924062]
[0.4461656]
[0.45135704]
[0.45050952]
[0.43571267]
[0.431614]
[0.42188373]
[0.4351615]
[0.46209875]
[0.39490536]
[0.39490536]
[0.41932833]
[0.47148338]
[0.39832574]
[0.43804926]
[0.45106563]
[0.42849898]
[0.40515688]
[0.43750116]
[0.4256474]
[0.43143463]
[0.45817807]
[0.43374145]
[0.44292977]
[0.42626825]
[0.45247507]
[0.4136089]
[0.43429983]
[0.46355867]
[0.4164962]
[0.40320143]
[0.4220899]
[0.40986624]
[0.4061414]
[0.41533577]
[0.39385796]
[0.42144483]
[0.4922922]
[0.4011238]
[0.4011238]
[0.41780668]
[0.41069338]
[0.43858805]
[0.44392523]
[0.45055646]
[0.46007332]
[0.41554758]
[0.40832463]
[0.40944982]
[0.4047516]
[0.4067402]
[0.4067402]
[0.4249438]
[0.4024992]
[0.41447723]
[0.42304754]
[0.4116082]
[0.4116082]
[0.42230272]
[0.4088681]
[0.43682626]
[0.4342192]
[0.43464664]
[0.41659755]
[0.43448788]
[0.41721168]
[0.41976118]
[0.41976118]
[0.43310702]
[0.4090404]
[0.42442146]
[0.40778953]
[0.40778953]
[0.41190252]
[0.4726623]
[0.40905488]
[0.40153453]
[0.430519]
[0.41414005]
[0.43292502]
[0.42026842]
[0.42026842]
[0.39802268]
[0.42072624]
[0.39560995]
[0.4108655]
[0.36813995]
[0.45971826]
[0.39408487]
[0.39804837]
[0.39804837]
[0.39804837]
[0.3982439]
[0.43915284]
[0.38907853]
[0.36401293]
[0.45622623]
[0.48134542]
[0.42849976]
[0.50441396]
[0.44898388]
[0.42766047]
[0.4251622]
[0.36427742]
[0.41512227]
[0.4537431]
[0.4724028]
[0.43460828]
[0.42941165]
[0.451012]
[0.4659993]
[0.428022]
[0.40364465]
[0.46960306]
[0.43977502]
[0.4670814]
[0.45509812]
[0.49329618]
[0.4572886]
[0.4572886]
[0.50123864]
[0.48817104]
[0.48505753]
