[0.06996837]
[0.06996914]
[0.06996914]
[0.06996914]
[0.06996914]
[0.06996914]
[0.06996914]
[0.06996914]
[0.06996914]
[0.06996914]
[0.06996914]
[0.06996914]
[0.07004984]
[0.07004984]
[0.07004984]
[0.07004984]
[0.07004984]
[0.06996883]
[0.06991772]
[0.06991772]
[0.06991772]
[0.06991772]
[0.06991772]
[0.06991772]
[0.06991772]
[0.06991772]
[0.06991772]
[0.06991772]
[0.06991772]
[0.0699029]
[0.0699029]
[0.0699029]
[0.0699029]
[0.0699029]
[0.0699029]
[0.06991776]
[0.06991776]
[0.06991776]
[0.06991776]
[0.06995632]
[0.06995632]
[0.06995632]
[0.06995632]
[0.06995632]
[0.06995632]
[0.06990071]
[0.06990071]
[0.06990071]
[0.06990071]
[0.06992114]
[0.06992114]
[0.06992114]
[0.06992114]
[0.06992114]
[0.06991798]
[0.06991798]
[0.06991798]
[0.06991798]
[0.06991798]
[0.06991798]
[0.06991798]
[0.06991798]
[0.06991798]
[0.06991798]
[0.06991798]
[0.06991798]
[0.06991798]
[0.06991798]
[0.06991798]
[0.06991798]
[0.06991798]
[0.06991798]
[0.06991798]
[0.06991798]
[0.06991798]
[0.06991798]
[0.06991798]
[0.06991798]
[0.06991798]
[0.06991798]
[0.06991798]
[0.06991798]
[0.06991798]
[0.06991798]
[0.06991798]
[0.06991798]
[0.06991798]
[0.06991798]
[0.06991798]
[0.06991798]
[0.07018317]
[0.06995676]
[0.06995676]
[0.06995676]
[0.06995676]
[0.06995676]
[0.06995676]
[0.06995676]
[0.06995676]
[0.06995676]
[0.06995676]
[0.06995676]
[0.06995676]
[0.06992102]
[0.06992139]
[0.0700165]
[0.06992475]
[0.06992475]
[0.06992475]
[0.06992475]
[0.06992475]
[0.06992475]
[0.06992475]
[0.06992129]
[0.06988337]
[0.06988337]
[0.06989738]
[0.06989738]
[0.06989738]
[0.06989738]
[0.06989738]
[0.06989738]
[0.06989738]
[0.06989738]
[0.06989738]
[0.06989738]
[0.06989738]
[0.06989738]
[0.06989738]
[0.06989738]
[0.06989738]
[0.06989738]
[0.06989738]
[0.06989738]
[0.06989738]
[0.06989738]
[0.06989738]
[0.06989738]
[0.06989738]
[0.06989738]
[0.06989738]
[0.06989738]
[0.06989738]
[0.06989738]
[0.06989738]
[0.06989738]
[0.06989738]
[0.06989738]
[0.06989738]
[0.06989738]
[0.06989738]
[0.06989738]
[0.06989738]
[0.06989738]
[0.06989738]
[0.06989738]
[0.06989738]
[0.06989738]
[0.06989738]
[0.06989738]
[0.06989738]
[0.06989738]
[0.06989738]
[0.06989738]
[0.06989738]
[0.06989738]
[0.06989738]
[0.06989738]
[0.06989738]
[0.06989742]
[0.06989742]
[0.06989742]
[0.06989742]
[0.06989742]
[0.06989742]
[0.06989742]
[0.06989742]
[0.06989742]
[0.06989742]
[0.06989742]
[0.06989742]
[0.06989742]
[0.06989742]
[0.06989742]
[0.06989742]
[0.06989742]
[0.06989742]
[0.06989742]
[0.06989742]
[0.06993136]
[0.06989145]
[0.06989145]
[0.06988212]
[0.06988212]
[0.06997266]
[0.06997266]
[0.06992117]
[0.06992121]
[0.06992121]
[0.06992121]
[0.06992121]
[0.06992121]
[0.06992121]
[0.06992121]
[0.06989154]
[0.06988214]
[0.06988214]
[0.06988214]
[0.06988214]
[0.06991151]
[0.06992494]
[0.06989152]
[0.06989152]
[0.06989152]
[0.06989152]
[0.06989152]
[0.06989152]
[0.06989152]
[0.06989152]
[0.06989152]
[0.06989152]
[0.06989152]
[0.06989152]
[0.06989152]
[0.06989152]
[0.06989152]
[0.0698997]
[0.06989531]
[0.06989531]
[0.06989531]
[0.06989531]
[0.06989531]
[0.06989531]
[0.06989531]
[0.06989969]
[0.0701871]
[0.06996047]
[0.06991173]
[0.07001682]
[0.07001682]
[0.0699621]
[0.06989522]
[0.06991185]
[0.06989524]
[0.06989524]
[0.06988051]
[0.06995685]
[0.06988043]
[0.06988046]
[0.06996585]
[0.06989347]
[0.0698932]
[0.0698932]
[0.06989325]
[0.06996813]
[0.06996813]
[0.07009673]
[0.07003797]
[0.0699755]
[0.06991221]
[0.06989329]
[0.07000443]
[0.06991216]
[0.06991216]
[0.06998277]
[0.06987337]
[0.07000831]
[0.0698818]
[0.07003012]
[0.06994624]
[0.07022821]
[0.0698929]
[0.07001852]
[0.0698988]
[0.06990425]
[0.0701101]
[0.07005988]
[0.06997576]
[0.06994174]
[0.06994174]
[0.07000952]
[0.07001421]
[0.06998292]
[0.06991692]
[0.07001952]
[0.06991796]
[0.06993374]
[0.06993384]
[0.0699338]
[0.06998122]
[0.06998135]
[0.07001272]
[0.06991782]
[0.06998765]
[0.06998122]
[0.07012394]
[0.07001283]
[0.07013326]
[0.06994826]
[0.06994826]
[0.07003245]
[0.06995434]
[0.06993077]
[0.06989489]
[0.06995451]
[0.06990425]
[0.07000843]
[0.07000843]
[0.07003084]
[0.06993838]
[0.07014006]
[0.06994851]
[0.07019682]
[0.06995026]
[0.06997395]
[0.06997395]
[0.06992776]
[0.06994848]
[0.06994877]
[0.06995443]
[0.07027049]
[0.0702873]
[0.06994904]
[0.07007125]
[0.07020319]
[0.06991134]
[0.07000462]
[0.06994691]
[0.07046348]
[0.07000042]
[0.07120508]
[0.06998182]
[0.07001253]
[0.07011064]
[0.07009335]
[0.0699795]
[0.06992997]
[0.06992997]
[0.06989089]
[0.06993004]
[0.06999535]
[0.07012645]
[0.07008816]
[0.07039616]
[0.07027171]
[0.07030304]
[0.07012777]
[0.07005601]
[0.06999101]
[0.07010937]
[0.06997599]
[0.0698766]
[0.06995123]
[0.07014466]
[0.07087176]
[0.06996515]
[0.07002298]
[0.06998511]
[0.0699619]
[0.07026471]
[0.07016301]
[0.06999014]
[0.07004082]
[0.07005033]
[0.0716526]
[0.07025423]
[0.07013302]
[0.07240962]
[0.07142626]
[0.071914]
[0.07087319]
[0.07007178]
[0.07157321]
[0.07046067]
[0.07005862]
[0.07043216]
[0.0704335]
[0.0714329]
[0.07004767]
[0.07049157]
[0.07212546]
[0.07212546]
[0.07000533]
[0.07372549]
[0.07211465]
[0.07057826]
[0.07227919]
[0.07173864]
[0.07096836]
[0.07196645]
[0.07183104]
[0.07028887]
[0.07269133]
[0.0700539]
[0.11804504]
[0.07006247]
[0.06993215]
[0.07384355]
[0.07658626]
[0.0698993]
[0.06989954]
[0.07024508]
[0.06992429]
[0.07451645]
[0.07087832]
[0.07277565]
[0.08802197]
[0.07130297]
[0.07594766]
[0.07671461]
[0.07046667]
[0.07023475]
[0.08813966]
[0.07022808]
[0.07035994]
[0.07407089]
[0.15907726]
[0.0710761]
[0.07109121]
[0.07326826]
[0.86793166]
[0.3830757]
[0.09773518]
[0.07518353]
[0.07067691]
[0.07076377]
[0.23470202]
[0.23470205]
[0.07145137]
[0.07090928]
[0.17647304]
[0.15085319]
[0.12404988]
[0.08024061]
[0.18514065]
[0.15941015]
[0.07456173]
[0.07589508]
[0.07589508]
[0.07589508]
[0.07534257]
[0.11510185]
[0.10833933]
[0.07662093]
[0.07662093]
[0.08347756]
[0.07601763]
[0.07601763]
[0.13923363]
[0.13923363]
[0.0946397]
[0.10083501]
[0.44257316]
[0.23332776]
[0.10063545]
[0.14826523]
[0.11325087]
[0.11325087]
[0.10329717]
[0.27287447]
[0.20229015]
[0.06993893]
[0.12973979]
[0.06983507]
[0.43562013]
[0.08373607]
[0.17326981]
[0.17326981]
[0.17326981]
[0.06988079]
[0.06987102]
[0.06992058]
[0.07284097]
[0.0699552]
[0.07007357]
[0.06991997]
[0.07023329]
[0.07025871]
[0.07004874]
[0.07000653]
[0.07014041]
[0.06994471]
[0.07014027]
[0.07000986]
[0.06994741]
[0.06997308]
[0.07031917]
[0.07037079]
[0.07007904]
[0.07346451]
[0.07012579]
[0.06990468]
[0.07002972]
[0.07670783]
[0.0714009]
[0.07022795]
[0.06997083]
[0.07003272]
[0.07003439]
[0.07049787]
