5.377691136317926
5.377691136317926
5.377691136317926
5.377691136317926
5.377691136317926
5.377691136317926
5.377691136317926
5.37306750943629
5.376425382976361
5.376425382976361
5.376425382976361
5.376425382976361
5.399893591309743
5.399893591309743
5.399893591309743
5.399893591309743
5.399893591309743
5.399893591309743
5.399893591309743
5.399893591309743
5.399893591309743
5.399893591309743
5.399893591309743
5.399893591309743
5.399893591309743
5.399893591309743
5.399893591309743
5.399893591309743
5.399893591309743
5.399893591309743
5.399893591309743
5.399893591309743
5.393077306530692
5.393077306530692
5.393077306530692
5.393077306530692
5.393077306530692
5.393077306530692
5.393077306530692
5.393077306530692
5.393077306530692
5.393077306530692
5.393077306530692
5.393077306530692
5.393077306530692
5.393077306530692
5.393077306530692
5.393077306530692
5.393077306530692
5.393077306530692
5.393077306530692
5.393077306530692
5.393077306530692
5.393077306530692
5.393077306530692
5.393077306530692
5.393077306530692
5.393077306530692
5.393077306530692
5.393077306530692
5.393077306530692
5.393077306530692
5.393077306530692
5.393077306530692
5.393077306530692
5.393077306530692
5.393077306530692
5.393077306530692
5.393077306530692
5.393077306530692
5.393077306530692
5.393077306530692
5.393077306530692
5.393077306530692
5.393077306530692
5.393077306530692
5.393077306530692
5.393077306530692
5.393077306530692
5.393077306530692
5.393077306530692
5.393077306530692
5.393077306530692
5.393077306530692
5.393077306530692
5.393077306530692
5.393077306530692
5.393077306530692
5.393077306530692
5.393077306530692
5.393077306530692
5.393077306530692
5.393077306530692
5.393077306530692
5.393077306530692
5.393077306530692
5.393077306530692
5.393077306530692
5.393077306530692
5.393077306530692
5.393077306530692
5.393077306530692
5.393077306530692
5.393077306530692
5.393077306530692
5.393077306530692
5.393077306530692
5.393077306530692
5.393077306530692
5.393077306530692
5.393077306530692
5.393077306530692
5.393077306530692
5.393077306530692
5.393077306530692
5.393077306530692
5.393077306530692
5.393077306530692
5.393077306530692
5.393077306530692
5.393077306530692
5.393077306530692
5.393077306530692
5.393077306530692
5.393077306530692
5.393077306530692
5.393077306530692
5.393077306530692
5.393077306530692
5.393077306530692
5.393077306530692
5.393077306530692
5.393077306530692
5.393077306530692
5.393077306530692
5.393077306530692
5.393077306530692
5.393077306530692
5.393077306530692
5.393077306530692
5.393077306530692
5.393077306530692
5.393077306530692
5.393077306530692
5.393077306530692
5.393077306530692
5.393077306530692
5.393077306530692
5.415279761522508
5.415279761522508
5.415279761522508
5.415279761522508
5.415279761522508
5.415279761522508
5.415279761522508
5.415279761522508
5.415279761522508
5.415279761522508
5.415279761522508
5.415279761522508
5.415279761522508
5.415279761522508
5.415279761522508
5.415279761522508
5.415279761522508
5.415279761522508
5.415279761522508
5.415279761522508
5.415279761522508
5.415279761522508
5.415279761522508
5.415279761522508
5.415279761522508
5.415279761522508
5.415279761522508
5.415279761522508
5.415279761522508
5.415279761522508
5.415279761522508
5.415279761522508
5.415279761522508
5.415279761522508
5.415279761522508
5.415279761522508
5.415279761522508
5.415279761522508
5.415279761522508
5.415279761522508
5.415279761522508
5.415279761522508
5.415279761522508
5.415279761522508
5.415279761522508
5.415279761522508
5.415279761522508
5.415279761522508
5.415279761522508
5.415279761522508
5.415279761522508
5.415279761522508
5.415279761522508
5.415279761522508
5.415279761522508
5.415279761522508
5.415279761522508
5.415279761522508
5.415279761522508
5.415279761522508
5.415279761522508
5.415279761522508
5.415279761522508
5.415279761522508
5.415279761522508
5.415279761522508
5.415279761522508
5.415279761522508
5.415279761522508
5.415279761522508
5.415279761522508
5.415279761522508
5.415279761522508
5.415279761522508
5.415279761522508
5.415279761522508
5.415279761522508
5.415279761522508
5.415279761522508
5.415279761522508
5.415279761522508
5.415279761522508
5.415279761522508
5.415279761522508
5.415279761522508
5.415279761522508
5.415279761522508
5.415279761522508
5.415279761522508
5.415279761522508
5.415279761522508
5.415279761522508
5.415279761522508
5.415279761522508
5.415279761522508
5.415279761522508
5.415279761522508
5.415279761522508
5.415279761522508
5.415279761522508
5.415279761522508
5.415279761522508
5.415279761522508
5.415279761522508
5.415279761522508
5.415279761522508
5.415279761522508
5.415279761522508
5.415279761522508
5.415279761522508
5.415279761522508
5.415279761522508
5.415279761522508
5.415279761522508
5.415279761522508
5.415279761522508
5.415279761522508
5.415279761522508
5.415279761522508
5.415279761522508
5.415279761522508
5.415279761522508
5.415279761522508
5.415279761522508
5.415279761522508
5.415279761522508
5.415279761522508
5.415279761522508
5.415279761522508
5.415279761522508
5.415279761522508
5.415279761522508
5.415279761522508
5.415279761522508
5.415279761522508
5.415279761522508
5.415279761522508
5.415279761522508
5.415279761522508
5.415279761522508
5.415279761522508
5.415279761522508
5.415279761522508
5.415279761522508
5.415279761522508
5.415279761522508
5.415279761522508
5.415279761522508
5.415279761522508
5.415279761522508
5.415279761522508
5.415279761522508
5.415279761522508
5.415279761522508
5.415279761522508
5.415279761522508
5.415279761522508
5.415279761522508
5.415279761522508
5.415279761522508
5.415279761522508
5.415279761522508
5.415279761522508
5.415279761522508
5.415279761522508
5.415279761522508
5.415279761522508
5.415279761522508
5.415279761522508
5.415279761522508
5.415279761522508
5.415279761522508
5.415279761522508
5.415279761522508
5.415279761522508
5.415279761522508
5.415279761522508
5.415279761522508
5.415279761522508
5.415279761522508
5.415279761522508
5.415279761522508
5.415279761522508
5.415279761522508
5.415279761522508
5.415279761522508
5.415279761522508
5.415279761522508
5.415279761522508
5.415279761522508
5.415279761522508
5.415279761522508
5.415279761522508
5.415279761522508
5.415279761522508
5.415279761522508
5.415279761522508
5.415279761522508
5.415279761522508
5.415279761522508
5.415279761522508
5.415279761522508
5.415279761522508
5.415279761522508
5.415279761522508
5.415279761522508
5.415279761522508
5.415279761522508
5.415279761522508
5.415279761522508
5.415279761522508
5.415279761522508
5.415279761522508
5.415279761522508
5.415279761522508
5.415279761522508
5.415279761522508
5.415279761522508
5.415279761522508
5.415279761522508
5.415279761522508
5.415279761522508
5.415279761522508
5.415279761522508
5.415279761522508
5.415279761522508
5.415279761522508
5.415279761522508
5.415279761522508
5.415279761522508
5.415279761522508
5.415279761522508
5.415279761522508
5.415279761522508
5.415279761522508
5.415279761522508
5.415279761522508
5.415279761522508
5.415279761522508
5.415279761522508
5.415279761522508
5.415279761522508
5.415279761522508
5.415279761522508
5.415279761522508
5.415279761522508
5.415279761522508
5.415279761522508
5.415279761522508
5.415279761522508
5.415279761522508
5.415279761522508
5.415279761522508
5.415279761522508
5.415279761522508
5.415279761522508
5.415279761522508
5.415279761522508
5.415279761522508
5.415279761522508
5.415279761522508
5.415279761522508
5.415279761522508
5.415279761522508
5.415279761522508
5.415279761522508
5.415279761522508
5.415279761522508
5.415279761522508
5.415279761522508
5.415279761522508
5.305405375270462
5.305405375270462
5.448857440970723
5.448857440970723
5.319135206972348
5.319135206972348
5.319135206972348
5.319135206972348
5.319135206972348
5.319135206972348
5.319135206972348
5.319135206972348
5.319135206972348
5.319135206972348
5.319135206972348
5.319135206972348
5.319135206972348
5.319135206972348
5.319135206972348
5.319135206972348
5.319135206972348
5.319135206972348
5.319135206972348
5.319135206972348
5.319135206972348
5.319135206972348
5.319135206972348
5.319135206972348
5.319135206972348
5.319135206972348
5.319135206972348
5.319135206972348
5.319135206972348
5.319135206972348
5.319135206972348
5.319135206972348
5.319135206972348
5.319135206972348
5.319135206972348
5.319135206972348
5.319135206972348
5.319135206972348
5.319135206972348
5.319135206972348
5.319135206972348
5.319135206972348
5.433550056121527
5.341697701774842
5.334770882648023
5.334770882648023
5.334770882648023
5.407274769705815
5.499398802227269
5.3776498924554055
5.357333377450518
5.34668156871871
5.515655538936585
5.39119776479583
5.572975056401909
5.64851233108061
5.444128370360479
5.296599656036797
5.275845348072378
6.003095268233215
5.516253339679001
6.061252747746176
5.400234589673082
6.122077030490458
5.445858276274198
5.410180260798549
5.22316487548737
5.747027009334671
5.264783640549132
5.003023152442235
5.6866246276933134
4.903808742307878
4.818196830195337
3.942529344171268
3.6283038502324754
6.667815384615385
6.332880357890532
