4.1924516684907305
3.510207189812048
3.922900366964326
4.989198459141847
3.814699084516106
3.5031428167076912
2.865772028813188
2.865772028813188
3.936567201768865
4.128764131263532
5.548961396319558
3.8065904047953474
4.705304766208254
4.705304766208254
4.705304766208254
5.068184431404056
4.243015932626726
2.837690596452445
3.9361370155505897
2.7548714983092104
3.339949287506502
3.339949287506502
4.0380481043636784
4.551261527115649
4.551261527115649
4.532686852614999
4.532686852614999
4.2755222302378035
3.026007807065209
2.652603613854188
3.621263768699343
3.563386617672605
3.783296267283344
3.6678053668203168
3.690064601757486
3.3564664564825506
3.06121049035165
4.464918783139581
3.597605715815841
3.597605715815841
5.109345511983242
3.8330460062011245
5.881235158786663
4.645582429063833
4.477149799494448
3.079151600867174
2.973814834275938
3.6017137418021417
3.4594275361766247
3.6724036076466238
4.50141968514297
2.8600425858423666
2.8600425858423666
4.804209377255991
3.740957370839519
4.552620304675257
3.8205622144895806
3.8205622144895806
3.8205622144895806
4.813354792507752
4.504357242499087
3.324472719748293
3.387253698769272
2.4236894541508374
3.5842173510713256
4.41802885194086
3.216829155715324
5.55804942118879
4.739228582909986
2.4142644279944037
3.8095571134964823
2.7124931742937495
5.581141259582419
5.581141259582419
4.660734667090429
4.506281955867227
2.8700973351329093
2.6591200478356907
4.963811644386004
3.370823838916367
4.293174637801895
4.293174637801895
2.8301725798881545
4.24785886759073
4.405019013454588
5.9929040067775095
3.7430800567372717
3.7294567978258737
3.7674103291333054
3.8161099598476715
3.7671243266112366
2.697222939473784
3.4867062898790646
3.4867062898790646
4.161232358920619
4.161232358920619
3.8721757768003915
3.851762964707474
3.95604614632172
3.483049043379018
3.685753779862468
3.8203851116823264
4.716675485163513
4.716675485163513
3.24897250516811
4.195841757352862
4.23826956800375
3.399900928950494
3.9299663135658793
4.085406985482559
3.165513838629412
3.165513838629412
3.165513838629412
2.291435873057006
4.381139502828434
5.37665904892951
3.8415697971559695
2.9029954813664958
3.4011096945956814
3.9026055372039217
3.7454993581370877
4.448122426691172
4.926692803990018
4.009940114144318
3.1995750368136786
3.358631402323275
3.2165658666014405
3.2165658666014405
3.5273541183496917
3.5629571134964824
2.100324957109418
2.100324957109418
2.100324957109418
3.432480782128838
4.010786882924593
4.010786882924593
4.010786882924593
5.215935377090951
4.7030770656447505
3.570212151666741
5.046674946585072
3.3427374631065385
3.3427374631065385
2.9164169326423384
3.4621004907887514
3.9058387786893523
2.3041697826853564
4.728057251417526
3.78834656590214
3.7020496785318286
3.7020496785318286
4.625333978489552
3.6668508146803305
2.456027479196356
2.456027479196356
4.617972638923108
4.207865771022985
5.027769727066941
3.7825043895558945
2.2856396680704822
3.8453914136225853
3.8127208654881795
3.637853007179922
4.023630581840557
4.861637633151135
4.91731104574826
2.44299856208659
5.159531989723421
4.008580971496546
5.422414776008279
5.422414776008279
5.422414776008279
2.3008592931748684
3.853377372650918
3.047829712755287
3.3477833430046786
2.8205080094585835
2.4357821083887856
3.632127130289822
2.1193049066868976
2.477794316268401
2.477794316268401
4.411075880913096
4.411075880913096
4.411075880913096
4.411075880913096
4.411075880913096
4.411075880913096
3.6849370433790183
5.4622927686344624
3.834082491802141
2.3288198126097868
2.3288198126097868
2.3288198126097868
2.3288198126097868
3.5116473603781753
3.5116473603781753
2.7669334190489945
2.7669334190489945
2.692455662678304
4.508619912992069
3.0948545622317765
3.0948545622317765
3.0948545622317765
3.116400928950494
4.170678925364912
3.2687117591965666
4.539869963161825
2.464870967805231
3.4497608499302714
5.828064425842266
3.836366445148437
5.185366839618701
2.388552400165974
4.279845351071325
3.4448806247587678
3.215855317937856
1.782893004446695
4.3748494786928145
4.3748494786928145
4.3748494786928145
3.4814622837360787
3.4814622837360787
3.1751571747017824
2.628763982186756
4.338747378654636
4.105821251216824
4.027995977515863
3.6201545889071545
4.3079982662286
4.3079982662286
2.3106586212581863
2.3106586212581863
2.3106586212581863
3.876737642920583
5.5329631653627676
3.531786352420615
3.531786352420615
2.1880615798380685
3.9252571093687827
2.4773719995851167
3.331632440028013
5.214037319483039
3.092648588913705
4.766833441209581
4.96270852148321
3.6605497843523294
3.107483473329193
3.3540169052818545
3.3540169052818545
3.3540169052818545
2.222556356876053
2.3887811738065796
2.72899199624001
4.549069917632529
3.298995604187466
3.743054847571372
3.743054847571372
2.4294598526154267
3.6325553179378556
3.6648154180349337
3.5518139784895535
3.5967013007685082
4.974785549913935
3.8777512361766435
2.7285232224471407
4.641739147311009
5.30656247974157
4.43091382837896
3.6101425879559876
3.6101425879559876
2.1544688457893155
2.1544688457893155
4.376029120349715
4.580735764767304
4.754186882924595
3.355244377052598
4.468054782011997
4.468054782011997
4.468054782011997
4.468054782011997
3.414480947039989
3.414480947039989
5.202851018063503
5.202851018063503
4.23169703809606
2.8243571710005053
3.2460104819860556
5.8566157961633465
3.424149799494449
3.424149799494449
3.424149799494449
3.3532376391548535
3.9330336880140173
2.983379727049609
2.142753306978852
3.5213959533451575
4.030605981067831
2.5135927184683613
4.179663038073377
3.7137448610057557
4.155120795715902
4.155120795715902
4.155120795715902
3.5460396820311146
5.39608459574967
4.068535952532575
4.197218384571796
4.231890819964322
3.5308131393287123
3.585665111682326
4.53752162606073
3.127099896238649
5.005507664124136
4.645878104848276
3.715329057990907
3.153074946585072
4.787342568580049
1.9975328596084339
3.7469788895328637
2.8585768710525183
2.8585768710525183
3.157849627366458
3.816773002525486
3.816773002525486
2.5482876797882543
2.5482876797882543
2.369446195222684
2.369446195222684
3.416072555615889
4.386963741802141
4.139811580887153
3.973286362060337
2.539941986224136
4.3290190279252
4.235886346453405
4.235886346453405
2.077276674177691
3.4218819201643846
4.818794882043869
4.130379295925469
2.5630223700979435
3.930168309109833
3.493964867009476
3.821423118299607
5.53329044923299
3.329487911879773
4.9843951855025646
3.8158214894636604
3.0972632925633174
5.715907405062979
3.4301827121242363
3.3055534490322795
3.8840689762877716
3.402489535444487
4.840996735686709
4.9525570349116
2.8630819664559404
3.4638182967615574
2.5200223118248584
4.003846402815479
4.4049892701925
5.584165676943452
3.9279981360006815
3.0932500128980687
4.296591511251028
4.278052023761781
1.7340418600626588
4.084901650272448
4.591550857951802
4.941992585832617
5.0328478764175255
4.70447824123462
4.104065184109834
3.2108254262174665
3.900255502020906
4.251199666209999
4.083594816412814
4.750022399427991
3.6985782775579015
5.189887000003417
4.535789658763632
3.770997618217242
3.8965440474109077
2.90687870951953
5.063252306029367
3.440182108388785
3.58573020920519
3.8964769117310345
4.082106049494449
4.920624226557729
4.541473837955987
3.097788609127596
3.331622996185584
2.868778669752645
4.430568207789804
4.835384525453845
4.239529292457105
2.602575485163513
4.111183177471206
2.875285585692138
4.105555070842157
4.106142403835764
5.307959031465709
5.307959031465709
3.7468744160810923
3.5046311510042747
4.930371613157322
5.108238622362727
2.5867594318459854
4.001285556664648
4.234998298495514
4.7770340657259265
3.946418978415311
4.522305176610667
1.667797853379403
5.394462314933971
2.9119121241536767
2.662999343741399
5.408302503954365
3.015999237373185
2.984481330050407
4.160763020648295
4.169440551916127
4.541004067245929
4.897702292097999
4.859349449660554
3.2375839238128616
1.659109300809794
4.111434431845985
3.698982034759249
3.6096608822029372
3.231484201840348
5.398062466382587
3.6555140253615104
4.003213834587809
3.1285874330714227
4.039552693617329
4.1237494786928135
3.528178161071711
4.95030802954221
3.537995163670777
4.138231105527998
3.457492277237211
3.5919964296256417
3.5919964296256417
4.076467311220435
3.7020997790553922
4.244992529935308
3.599188240593853
5.565546691351528
4.1425666634471545
3.6395999695449035
3.6395999695449035
3.7899031924811366
3.9860613175169313
4.699410255746267
3.669121765103238
4.82072492429876
4.235677853379403
3.212844163292351
4.516371016618893
4.043614072795545
4.22063235892062
5.141829740370232
4.949474944458247
4.144534550192406
5.879842158341431
3.9777666264175267
7.3284153846153846
5.628846499175523
3.127771470997044
6.667815384615385
2.90367020175006
5.1465008713779445
4.6121990472306
2.8480744258422668
4.368807966567655
4.854626343956987
4.815303872829701
4.497483092985927
4.452377067896845
4.545903923112481
4.887834963734882
4.104191518256243
5.807845074415635
5.789118035752896
5.26130987274253
4.597368496911274
4.792843614428451
6.54990317247869
5.472651608784591
4.537431513985786
4.084660174506975
4.4864303454274275
5.125487719723523
4.9445317851485315
5.852170542204603
5.8080036643876864
4.866838007702096
