3.571839220163759
3.5326368129553467
4.67752900224619
3.9205072117413824
3.202340758625299
3.4425103849149448
3.625721282636663
4.201888598775401
3.5984060437245766
1.052922015068658
1.052922015068658
1.052922015068658
1.052922015068658
1.052922015068658
1.052922015068658
3.8477470897043045
2.614974784730709
3.51894403026368
3.8106212884732606
3.4909909618380217
3.7932290990723496
3.0403828074055594
4.979956984881417
2.7203507302501873
2.2540267805254732
2.2540267805254732
2.9292839048878037
1.3970267671149248
1.3970267671149248
3.646736217701396
2.394944252517396
2.412406438752214
3.137792934000853
4.0019771387019105
2.471221715237096
4.487511291048088
2.2798349661867654
2.2798349661867654
2.2798349661867654
3.689328980780953
3.689328980780953
4.735342465653819
2.278614869855499
2.278614869855499
2.4328593942178003
2.923209805209737
2.296637202361703
2.296637202361703
2.296637202361703
2.535495791585241
3.7581059139313204
1.6998098146034533
3.937911223582547
1.7105372007192585
1.7105372007192585
4.4566892315114295
3.9020400665243766
3.9020400665243766
3.9020400665243766
3.9020400665243766
1.4038788821190806
1.4038788821190806
2.588627167497151
2.588627167497151
2.588627167497151
2.588627167497151
3.753927743453149
2.6999549767941353
1.8732148507269102
1.8732148507269102
1.8732148507269102
3.0681189446697807
2.2868355711997292
2.6143639042712934
2.6143639042712934
1.2606302146641344
1.904404594316654
1.904404594316654
3.5139900962574107
1.5329599684496067
1.5329599684496067
1.9513054490175108
2.26263203027454
2.4228175072412164
2.6929377940103336
3.193593274695992
4.74433070737271
2.098668533673653
2.6589639260461126
3.096448449332832
4.035472894670081
2.6284014703517773
1.7961332347729737
1.7303040253712645
3.68277016662738
4.374173963112866
4.374173963112866
4.533880927192281
3.7468774410431056
3.7468774410431056
3.7468774410431056
1.6339781777192641
3.6649824039497174
2.6776147414676643
1.7460462655284807
1.452647262446515
1.452647262446515
3.4351286541457142
3.9627428798296727
2.985892332364939
2.1347328193879385
3.6253179531954336
3.102625653394136
3.9929695072867215
3.118015183691483
3.118015183691483
1.8576801592535652
2.460477653616717
2.8440688469127817
3.201291437862799
3.0953541310599055
1.8923380054074102
1.8923380054074102
2.216743375577547
2.216743375577547
2.216743375577547
3.5886321613402306
2.8253652420639366
5.680601860266886
3.250253133310208
3.0423321067684066
3.1666960112947065
4.342383132970928
3.368784636927389
2.3001230772226364
2.8175336234619124
3.6211675691088114
2.590594894996027
3.036683876509283
3.5640337249754195
3.0036403061366093
3.72520049341777
3.037630270711391
2.6726640174581604
3.769048837955988
3.655188911894614
3.2468612410355115
3.1519730117308677
3.104683302264606
3.0007692122872607
1.6144006425390494
2.053057585769645
4.489126188771518
4.489126188771518
5.149189269323294
2.0813857908978495
4.274558648141996
1.972138365203305
2.411586346453406
2.1787108413659606
1.8371784711038774
3.9505411404742983
2.881693156815343
2.881693156815343
4.419196863570226
2.994693909082109
2.994693909082109
2.994693909082109
2.994693909082109
2.033898144014559
3.1717719470061194
3.1717719470061194
3.346880630836665
2.3520409618380214
2.972305132334686
1.837397676713385
1.837397676713385
2.8703726869524413
2.892667693458696
3.1890154092880163
3.6784707483820984
3.6784707483820984
2.220687248091764
2.766773479973855
2.6553289246473977
3.258197257944218
3.000401725045883
3.0821553941808
3.0821553941808
1.7774740054074112
1.7891245137324177
2.3178526662868375
2.3178526662868375
2.3178526662868375
2.4900919846173917
2.4900919846173917
3.0232696403930515
5.616057543752525
4.451511561307884
2.922230395582048
2.2954524664866387
2.029491809172928
2.029491809172928
4.5611576044146975
2.6401305582351657
3.101431863853427
4.344907566351733
2.432212906047077
2.167130620792028
2.167130620792028
2.167130620792028
2.167130620792028
2.167130620792028
1.989351759553621
2.856935926819988
2.462141464866871
1.8441083348467444
1.8441083348467444
2.7683436701575808
2.7683436701575808
2.7683436701575808
1.3901129111358532
2.3035936478190546
2.3035936478190546
2.3035936478190546
3.3888175258659032
1.5997096415452834
2.590357874743555
2.3296106207920264
2.3296106207920264
5.1473461088618535
4.6789244781496775
4.646590038404539
4.808595246523678
1.769527739538871
5.2850830695529165
2.9616172026899115
3.783930955815114
3.2233368995432032
3.3203966183965496
2.2158427122681186
2.2158427122681186
1.9567237194621292
2.7161987202328923
3.029153280696411
4.2980305828573595
3.462783616557733
2.4369266554555633
1.5332404368516723
3.712056272849516
3.555272857798264
3.843154081276748
1.7670216424101906
3.0758453726971977
2.409875111682325
2.126563916627317
2.126563916627317
2.9034467865484945
2.9034467865484945
5.091661369829426
2.094292419374634
2.094292419374634
3.5179744489428266
3.520096512966946
3.2140498088825815
4.405535268745881
2.3562926089737672
2.614089071789561
2.5192568494822556
4.288289956191889
4.288289956191889
4.553794751417526
2.7313704062824673
2.3414900289242
1.945921958585357
3.4265220880536607
3.0346443390539033
2.98916122868601
3.2498551225165624
3.042519815324047
3.264992537349295
4.228916149347684
2.7897134055475767
3.7964471678471003
2.612479039913211
3.6263941215264346
4.198483167670469
3.4504584225578814
3.4504584225578814
2.7073218614114705
2.6508253474518266
2.7172384377928367
2.7172384377928367
2.9435586978145043
3.2828656119151827
3.747929851444833
4.607243166659053
3.203732983999421
3.7134061442798485
2.9765972846487188
3.4726476606142835
2.843064712243585
4.156027175859548
4.0678551213643726
3.396885095832401
2.8976624897176073
2.466115309849478
3.740769106204051
3.5771690376601297
1.8841019281689828
3.6146923475713724
3.396573357025897
3.5554584814496693
3.8187238476590952
3.015728812923941
3.8238661151810964
3.919681814979029
4.009319067376142
2.432354620792026
4.319383195926438
3.0498777527731127
2.485793889731136
4.690483990728781
4.690483990728781
3.1172936253277976
3.1172936253277976
2.9147887686344625
3.9400061541457143
4.221993072424608
2.884450791238807
1.9564639166273174
3.7691034432099535
3.6565385732207876
2.902797378910414
3.194859059893232
4.517742704148215
2.5610294894636603
3.275956074379743
2.524509082330489
2.7374151123403507
3.976174795482512
2.796303876579401
3.6108196301229416
3.5495280212202633
2.422787764100695
2.978337896081026
1.5614558460766457
5.2588343652329055
5.105947129798842
3.4357610946226576
3.36852956692462
2.543994687320094
2.81718354386895
2.7613650823304887
4.031412409469141
3.065066767570169
2.8105904962977117
3.3082806014503783
2.6443046589619055
4.051966001490358
3.0828105617825425
3.3896341168652366
2.7633135732207865
2.752238623458947
4.184761698735062
2.3727711638564877
4.261787593168039
1.7680247437607708
4.081692134323246
3.12266676757017
4.256964747753544
3.593504167551969
2.884753957836173
3.365644881466217
2.585583331245413
2.6231247557881563
5.832430242790823
3.7162676364533533
3.141734784168955
3.6878703629957696
2.898831264611591
3.2728927686344633
2.1006933510713264
2.898207646277001
2.948680012930472
5.273371939167513
2.9138813900227962
1.3148931913043747
1.8332589929297924
4.669053535469755
3.7112979555043424
2.1582476570177267
2.9497291315186107
5.6595448460485205
3.9484595222486796
4.340230473318266
2.7715979669537667
3.901708399259962
2.986411737984371
2.1369176587636343
3.7776488430082775
2.8706722329264025
3.796862856097027
2.871792419374634
3.391307211741383
1.5445545429082337
3.89259335683105
3.986181409256327
3.642915203749375
2.940373980501363
4.23722280101444
2.9098890914524915
3.2166738852493193
4.435946033893913
1.0
4.993230290404874
3.487445371703995
3.2116454873642724
1.0
4.306032436653373
3.7083595946536487
3.154775795391437
5.226318841592205
3.464045097370672
3.635992126826297
3.3970884305226017
1.1765612788317714
1.5527732132580638
2.247547715253992
3.405625196834369
2.489178211547287
3.2703254550888543
1.4390300694453533
4.140143211270594
3.8121028835291453
3.0336387132095117
2.895888363559161
2.491295407561685
3.5258812824666457
2.808120721668745
2.808120721668745
4.110331180006822
4.854455078934897
3.8758816088656447
3.7725907861733505
3.006787807865753
4.056251387967231
3.040964730942676
3.524015354160288
3.5919964296256417
2.7384416105967286
4.340826825390474
3.347310883546239
3.669121765103238
3.083144907300026
2.739363754874285
2.901237072949133
5.1891666459895225
3.898492277237211
4.427933707981568
4.731066252110849
2.6595948915519667
7.3284153846153846
2.9232636999899775
3.3238785271202147
3.547651944998405
2.3838270811763405
5.024083529884214
3.2174944318361263
3.100512867676267
3.5879037660596786
3.702581208930198
3.954317227598141
3.9263982897223944
3.8968539961737063
2.9970008090938656
1.77594018174433
3.940463925657288
3.1821442861030143
3.4538882088754574
4.562926638136428
4.0245272053207275
2.9963978469591908
3.101333384019078
5.151089381391122
5.69526731344776
4.625448843008277
4.413043840478336
3.874035447792533
4.316824527457397
5.294064607299605
4.872847790252628
3.02679504299988
3.105181856186693
5.816751259524762
4.85403074215909
3.3418270067891207
5.714077060344586
5.183837175767636
4.917759113832593
