[0.39801407]
[0.5219203]
[0.42771026]
[0.44001412]
[0.4958829]
[0.47360125]
[0.46623135]
[0.47340673]
[0.5216817]
[0.46363238]
[0.50147575]
[0.398944]
[0.39387813]
[0.39387813]
[0.38468164]
[0.43684196]
[0.40935886]
[0.42615116]
[0.4526058]
[0.43310454]
[0.39378455]
[0.44492638]
[0.37287366]
[0.37287366]
[0.38480884]
[0.39969894]
[0.40660873]
[0.47262788]
[0.41245264]
[0.45322067]
[0.45398945]
[0.3754745]
[0.3754745]
[0.36728355]
[0.4389485]
[0.3795907]
[0.3795907]
[0.4533444]
[0.35935074]
[0.35935074]
[0.47001344]
[0.4789164]
[0.40964717]
[0.40964717]
[0.42698643]
[0.42698643]
[0.41058242]
[0.41058242]
[0.40409592]
[0.3936298]
[0.3936298]
[0.3936298]
[0.43980563]
[0.50975776]
[0.3933286]
[0.3994741]
[0.3994741]
[0.3927235]
[0.38103873]
[0.37794328]
[0.37794328]
[0.37794328]
[0.37794328]
[0.37794328]
[0.37794328]
[0.4067514]
[0.4067514]
[0.38387263]
[0.38387263]
[0.40609187]
[0.368137]
[0.368137]
[0.40693915]
[0.3593648]
[0.3593648]
[0.42271072]
[0.3893724]
[0.35941142]
[0.38027564]
[0.38027564]
[0.4216439]
[0.4397114]
[0.4041638]
[0.48294556]
[0.3712604]
[0.3712604]
[0.3712604]
[0.3712604]
[0.3712604]
[0.3631282]
[0.39498308]
[0.39770544]
[0.39770544]
[0.39770544]
[0.39770544]
[0.35247377]
[0.35247377]
[0.35247377]
[0.35247377]
[0.35247377]
[0.35247377]
[0.35247377]
[0.35247377]
[0.35247377]
[0.35247377]
[0.35247377]
[0.35247377]
[0.35247377]
[0.35247377]
[0.35247377]
[0.35247377]
[0.35247377]
[0.35247377]
[0.43266958]
[0.4873592]
[0.3754745]
[0.37961715]
[0.38304582]
[0.41500503]
[0.41500503]
[0.42835203]
[0.50665414]
[0.42117956]
[0.37586725]
[0.37586725]
[0.4192078]
[0.38704666]
[0.38704666]
[0.48454466]
[0.41902894]
[0.4377642]
[0.41927612]
[0.4853003]
[0.5199816]
[0.47843415]
[0.5586641]
[0.40981382]
[0.40581733]
[0.42078862]
[0.42078862]
[0.42078862]
[0.37767917]
[0.45879045]
[0.46123296]
[0.50530344]
[0.48613244]
[0.45458245]
[0.38289005]
[0.38289005]
[0.38289005]
[0.36030042]
[0.44963837]
[0.38142872]
[0.47155377]
[0.40826958]
[0.43565384]
[0.45729867]
[0.47053823]
[0.42364508]
[0.36248988]
[0.34465402]
[0.34465402]
[0.34465402]
[0.34465402]
[0.34465402]
[0.34465402]
[0.34465402]
[0.34465402]
[0.34465402]
[0.34465402]
[0.34465402]
[0.34465402]
[0.34465402]
[0.34465402]
[0.34465402]
[0.34465402]
[0.34465402]
[0.34465402]
[0.34465402]
[0.34465402]
[0.34465402]
[0.34465402]
[0.35882515]
[0.35882515]
[0.42225358]
[0.41768897]
[0.39345092]
[0.38862878]
[0.3936298]
[0.41776395]
[0.41776395]
[0.41776395]
[0.38552332]
[0.36404952]
[0.44280577]
[0.39230195]
[0.39230195]
[0.38552332]
[0.5084237]
[0.3976169]
[0.42358348]
[0.40787172]
[0.5244444]
[0.48278958]
[0.46725103]
[0.42746878]
[0.40993795]
[0.34141606]
[0.34141606]
[0.43311688]
[0.36677325]
[0.37665477]
[0.43361512]
[0.43241322]
[0.4101578]
[0.37910455]
[0.35823733]
[0.4289772]
[0.3685681]
[0.39471537]
[0.42602175]
[0.5124482]
[0.42603123]
[0.42603123]
[0.42253932]
[0.42253932]
[0.35358304]
[0.35358304]
[0.35358304]
[0.35358304]
[0.35358304]
[0.35358304]
[0.35358304]
[0.35358304]
[0.35358304]
[0.35358304]
[0.42188093]
[0.3625249]
[0.41319764]
[0.35095826]
[0.43685234]
[0.37334704]
[0.38314706]
[0.38314706]
[0.38314706]
[0.39244327]
[0.39244327]
[0.39244327]
[0.40984654]
[0.43068767]
[0.5164236]
[0.4314474]
[0.37574008]
[0.38890636]
[0.3449676]
[0.3449676]
[0.3449676]
[0.3449676]
[0.36597276]
[0.38682228]
[0.41529262]
[0.43018317]
[0.37408435]
[0.37408435]
[0.37408435]
[0.35092655]
[0.35092655]
[0.35092655]
[0.35092655]
[0.3752591]
[0.4191272]
[0.41411605]
[0.408014]
[0.408014]
[0.35791907]
[0.49675864]
[0.40426007]
[0.3835946]
[0.38779992]
[0.42256954]
[0.4763992]
[0.38034]
[0.38034]
[0.3725186]
[0.33394194]
[0.40059748]
[0.34155586]
[0.40472484]
[0.415634]
[0.46673483]
[0.36133084]
[0.42713997]
[0.37033445]
[0.45410663]
[0.44096732]
[0.3904081]
[0.39698052]
[0.39576006]
[0.39576006]
[0.36058918]
[0.36058918]
[0.39727297]
[0.34910345]
[0.34910345]
[0.36347407]
[0.4023795]
[0.3940572]
[0.36470896]
[0.36470896]
[0.35733306]
[0.39017645]
[0.45757064]
[0.43668258]
[0.375703]
[0.4280655]
[0.3595539]
[0.38541916]
[0.37593523]
[0.4960968]
[0.42412505]
[0.36541834]
[0.36409923]
[0.38363802]
[0.4399605]
[0.39179513]
[0.45016778]
[0.4437714]
[0.3595868]
[0.3595868]
[0.3855413]
[0.38991654]
[0.43208265]
[0.44825748]
[0.41246507]
[0.40069786]
[0.3655892]
[0.3655892]
[0.39854243]
[0.39449486]
[0.3733478]
[0.43870977]
[0.39322552]
[0.39876497]
[0.49346894]
[0.4399372]
[0.39373678]
[0.38634214]
[0.48124194]
[0.35391232]
[0.35391232]
[0.3996333]
[0.46270594]
[0.3666266]
[0.39982384]
[0.35483864]
[0.3842206]
[0.3962259]
[0.3408017]
[0.3408017]
[0.43393064]
[0.3970651]
[0.3970651]
[0.41969818]
[0.34749606]
[0.3367732]
[0.47270292]
[0.44447514]
[0.3994627]
[0.38550043]
[0.38207984]
[0.45453086]
[0.3995927]
[0.41615298]
[0.43526608]
[0.3652955]
[0.40779653]
[0.35173717]
[0.4898178]
[0.43786207]
[0.43458652]
[0.49212188]
[0.45266742]
[0.4944195]
[0.33753356]
[0.45649844]
[0.4094831]
[0.38271984]
[0.4457065]
[0.40250772]
[0.3957131]
[0.35078454]
[0.4816383]
[0.37463933]
[0.3661598]
[0.38830957]
[0.45342946]
[0.38298607]
[0.44783896]
[0.4035661]
[0.40964633]
[0.39702725]
[0.3703286]
[0.40081772]
[0.34721524]
[0.39392948]
[0.37557825]
[0.41129214]
[0.3487905]
[0.4169726]
[0.36977905]
[0.35980695]
[0.3885851]
[0.38776353]
[0.34658647]
[0.45152843]
[0.40268508]
[0.3632833]
[0.44589165]
[0.44589165]
[0.3717085]
[0.36147094]
[0.35261166]
[0.39958888]
[0.4034507]
[0.40534028]
[0.3992408]
[0.3462532]
[0.3462532]
[0.3462532]
[0.3462532]
[0.3617499]
[0.3591874]
[0.3591874]
[0.3591874]
[0.405832]
[0.3786541]
[0.3754326]
[0.35666767]
[0.36652687]
[0.3614526]
[0.37633857]
[0.37633857]
[0.35297757]
[0.3263905]
[0.3653489]
[0.3653489]
[0.37522906]
[0.4055998]
[0.38379303]
[0.42495468]
[0.3577651]
[0.3577651]
[0.36651152]
[0.35533157]
[0.43548715]
[0.5146345]
[0.40159023]
[0.37006712]
[0.3459835]
[0.3459835]
[0.48864108]
[0.35947278]
[0.42367765]
[0.31953683]
[0.43801245]
[0.48109046]
[0.34566006]
[0.35204014]
[0.35204014]
[0.35771474]
[0.3581475]
[0.47925285]
[0.39644995]
[0.36123478]
[0.40036088]
[0.46487293]
[0.3414198]
[0.38640106]
[0.3805609]
[0.35669667]
[0.40799528]
[0.36408982]
[0.40815306]
[0.382564]
[0.359592]
[0.359592]
[0.40296045]
[0.41407403]
[0.4078005]
[0.3622129]
[0.36582893]
[0.3596284]
[0.32624832]
[0.39578924]
[0.38438296]
[0.38303205]
[0.39842105]
[0.3987778]
[0.36290467]
[0.33681712]
