3.166166448369526
3.2724916255301224
3.368099103147655
3.2833423119912917
3.1428597552807425
3.1428597552807425
3.0429159140922835
3.0429159140922835
3.0429159140922835
3.0429159140922835
3.0429159140922835
3.024696928536363
3.024696928536363
3.024696928536363
3.024696928536363
3.133351683452461
3.1877788674007634
3.1877788674007634
3.1877788674007634
3.1877788674007634
3.1877788674007634
3.1877788674007634
3.1877788674007634
3.1877788674007634
3.1877788674007634
3.1877788674007634
3.1877788674007634
3.1877788674007634
3.1877788674007634
3.2920514642763994
3.285732156536781
2.9308314465741567
3.5259178805047062
2.7531657165948538
2.825688547165873
2.922625385198282
2.825277338660925
2.825277338660925
3.6233387847091985
3.1400562521030686
3.5117999146566987
3.5117999146566987
3.5117999146566987
3.5117999146566987
3.5117999146566987
3.4714017565199953
3.0875965103572813
3.6524724684167955
3.244787055577482
3.244787055577482
3.244787055577482
3.244787055577482
3.601343337167405
3.3136364745098934
3.3180557238485893
3.223911465522117
3.223911465522117
3.370274209763064
3.370274209763064
3.370274209763064
3.370274209763064
3.0978154913321294
3.192204357803087
3.3942627916586936
3.3942627916586936
3.4857072433854155
3.5981221406588393
3.752979226658552
3.1270054766301127
3.4179966191215536
3.3348993691662994
3.475903760810544
3.4588260670929376
2.904869830965401
3.3500949951036496
3.4800151210810455
3.3365973617300195
3.236070461727831
3.2831380628011013
3.2831380628011013
3.642403418693549
3.095760852415628
3.550609972913951
3.7024150178461923
3.379630600868861
3.2735393758676334
3.215343938168574
3.215343938168574
3.318351923172342
3.2940436365146564
2.700872276430893
2.700872276430893
2.700872276430893
3.535639042022501
3.1899990167239514
3.2630896899217214
3.0433980127407345
3.0433980127407345
3.0433980127407345
3.5430777380026726
3.452427761943369
3.2589384772634116
3.2589384772634116
3.2589384772634116
3.158856829222275
3.5582868019093894
2.959650595148167
3.3170644512893865
3.2393810808321177
3.2393810808321177
3.539296516623372
3.249294376807664
3.1381926316193667
3.1526988420431685
3.605053957911796
3.5429357258974994
3.5429357258974994
3.5429357258974994
3.5429357258974994
2.658850202622226
3.3112063198604975
3.4533385236686183
3.2171240323534835
3.672650136174849
3.441905380373635
3.172350509118713
3.172350509118713
3.2449807072914485
3.2449807072914485
3.460053070423484
3.3836466763491835
3.4950706369149636
3.281984618782614
3.5481368949726653
3.3535614170521884
3.5522761951248683
3.1002567372262675
3.8277793744742956
3.8277793744742956
3.0152064951606397
3.0152064951606397
3.711230901288271
3.552462829833919
3.288250052867401
3.0744796527722595
3.466721594146528
3.0896141021694623
3.4563301383970684
3.319625255296552
3.086785192186287
3.589906501032589
3.169928406354276
3.047169807570902
3.047169807570902
3.047169807570902
3.047169807570902
3.047169807570902
3.047169807570902
3.096857670994498
3.029573851778519
3.1289521351282232
3.1289521351282232
3.1289521351282232
3.1289521351282232
3.84434283397929
3.082608216516207
3.598316424975648
3.314747810385308
2.972152613000766
3.2251948967986843
3.2251948967986843
3.3348003088559253
3.9162657794535836
3.841184418966245
3.9616875796795643
3.6167874566710996
3.6167874566710996
3.137081666911225
3.559409668252017
3.5163805087802817
3.315872480678695
3.315872480678695
3.1388511166704802
3.794927891254826
3.794927891254826
3.794927891254826
3.794927891254826
3.794927891254826
3.794927891254826
3.6717302148107205
2.9755184105475276
3.3814808362042115
3.7679043797480247
3.3700126499743686
3.2297782917337994
3.6925239734335173
3.779926670396039
3.4980766729079553
3.4587861507502122
3.465112506639443
3.0249131159782614
3.969083795444175
2.9348368938506812
3.340317897842832
3.6919265370536083
3.8606436129471584
3.591645573954887
2.972431830923796
4.005456668878088
3.5497908562460134
3.574814247278173
3.439919464943264
4.305186218596662
3.510695765120092
3.579887661918945
3.1924213838844615
3.1924213838844615
3.1924213838844615
2.9976507507162555
2.9976507507162555
3.774318913260445
3.6679101365718445
3.1035774346933582
3.636313985951258
3.1058434507668373
3.1058434507668373
2.798188112075678
3.2061457091230006
3.2061457091230006
3.565597987342314
3.661342368656875
4.029368321409544
3.475686993742837
3.6057251980982654
3.2559090299047613
3.2824380033608405
3.680416758908911
4.014282812258071
3.9699674223086445
3.8012655214184345
3.676102593147527
3.344325003172763
3.56783728297383
3.765918048923245
3.802993265120092
3.432227279588049
4.036361519905152
3.7575952288713443
3.424235480260414
3.5133338080884666
3.3726461852641094
3.379401780319812
4.264359244723382
3.9676175708605665
3.9676175708605665
4.0335836279538695
3.5807803912772007
3.695935538295184
3.2035894532155407
3.7007590949335256
3.7942476881970144
3.5599784407053754
3.361849120575208
3.619776621710547
4.0268497659747
4.006827761943368
3.5734307411128547
2.965959021348688
3.83567651038622
3.5583429678471594
2.9711134684640736
3.729995594136815
3.3804861507502135
3.8848230630580147
4.141833356374579
2.8563165253672977
3.866633709772837
3.6108788903074096
3.3883232624116184
2.997529819110502
3.23226480608049
3.3596022343030816
3.8677270598799725
3.3088959695837854
3.173484896771707
3.259868131782879
2.951947000808836
3.467003291733799
4.16970535515572
4.16970535515572
4.16970535515572
4.335824345332728
3.9410996346298326
3.7461035464459744
3.218893263928236
4.010779006565536
3.725962952787887
4.121398952536215
3.711332123171111
4.133374057167379
3.0777142856546007
2.873118934648721
3.1091987052635846
3.9638151588657413
4.098200192943416
3.99341446250033
3.3284510077675096
2.9774092689208675
3.501106385999279
3.9336425785689695
3.326943800083134
3.3660970814973803
3.252778008746173
3.5097979269781376
4.209211240828543
3.96198932704365
4.439536100996715
3.515177713614859
3.934557036002774
3.2058410295750734
4.220704080327877
2.6535910413409045
3.729975337189659
2.994151166165871
2.994151166165871
3.8659691465940806
4.4145724871771295
3.5703305011673105
3.8818036965920975
4.436247105270219
4.477906867914212
3.5582581426911712
4.074438311976713
4.173469260241166
4.050219454858964
4.125420083512234
3.57975536661879
4.436868306475652
4.559536653077875
4.184482368656875
3.531427971760963
2.6286508410134193
3.577655198174096
4.318021492556365
4.0263571280780255
4.503373416314639
3.941469109359881
3.4340814272769142
2.8698387258381413
3.7249712409917315
3.2254823420257113
3.9104099743890846
4.7571829582569
3.326104759607251
4.397165764324264
4.269649640625372
4.9727105828064975
4.616652771211485
3.905143014007896
4.006809137370308
2.9618590810451515
3.459256377117919
3.8803946943855667
3.134035873269708
3.714187911382954
4.8747604886212725
4.62485691162904
3.5958533841973273
2.897859322242075
4.6056435513051515
4.1880251106607265
4.630923397315773
3.9308894608365987
2.3962477957905843
4.4589467414552395
2.672413175215363
4.207358005729585
2.1888205252422974
4.284562229237245
4.546189765455633
4.965528845936191
5.117429359298223
3.108658784855793
2.925343727268036
3.9526266808060697
3.6675330285357814
2.7811747136769007
2.3853146808999206
1.0
2.4286084618380226
3.0741152889195904
3.948958257969042
3.4314718916909754
1.916413528629942
3.757785916382324
1.4053380007165828
2.6546517639240594
2.0771491571745635
1.7194865818405578
1.7174179664559404
1.0
3.5205351103336824
1.0766195634868012
1.1818243653934424
1.6970440563630635
3.8743907006167877
2.0369764160519903
2.0369764160519903
3.0610512361766427
4.253927011206676
1.741345856690394
2.1245207960935115
3.2799395102225013
3.2799395102225013
3.7738642967031817
2.8901164419570815
2.6460605150785295
3.000415425991914
1.5527732132580638
3.807948310918288
2.008682098771004
2.008682098771004
3.1520678126097863
2.632387523288177
2.685607039725909
2.221657683307857
1.4390300694453533
2.4772395833858596
2.4772395833858596
1.9328242738373174
4.837781607985315
2.4934598176038953
3.477992784482481
2.808120721668745
4.804720554715365
5.603894486065783
3.6945576336458927
3.476066761882019
3.5507109306165088
3.578641508072791
4.076467311220435
3.8875410813015883
3.3759275341343438
3.768964967457574
4.052917398342332
4.491911918680388
4.178680513506601
4.441168660864744
4.411135440641226
3.923697414148892
4.225926569220981
4.351081896994218
5.113455683208506
5.42786747103567
4.215532445179902
4.545413576313252
4.196213865840569
5.045131845032137
4.9317816385434945
4.553330225463378
3.7430545983929466
4.150701219780105
4.386012345722311
4.8334991765189645
4.06116206993982
5.117836636463707
5.050044991392179
4.9347716230777685
4.78632112764476
5.244557180302365
3.720296209449307
4.4132771958858585
4.196622123825259
5.352854796669178
4.3432448550431015
4.276403640310057
3.8207400496812713
4.431708085826161
4.346512411698196
4.001506423052101
4.768290786727384
3.784779880729584
3.933268053942001
4.671850569592933
5.251647837322623
4.25026416922942
5.4751063716724175
5.971338154682331
4.959383687199371
4.534320126518503
4.170600744538199
5.060445118076185
5.366792044519787
3.815883976721972
4.493183860470122
6.143280037161727
4.520538054670396
5.171299567374076
3.7507202118225447
4.668411189353641
