4.548130861296663
4.540813805895505
4.5342494496231405
4.551680809172806
4.4537434122320425
4.429907242265282
4.366564653875184
4.366564653875184
4.366564653875184
4.4669451771329625
4.30282640349076
4.5763645945985205
4.536002850095283
4.536002850095283
4.536002850095283
4.536002850095283
4.536002850095283
4.457760887750233
4.416659544182595
4.437487436541488
4.437487436541488
4.437487436541488
4.437487436541488
4.469334260084162
4.469334260084162
4.469334260084162
4.433679855191793
4.433679855191793
4.433679855191793
4.433679855191793
4.433679855191793
4.433679855191793
4.433679855191793
4.433679855191793
4.418079298066912
4.418079298066912
4.521006111200976
4.560518320453772
4.433338634186706
4.392260565078077
4.621914152120643
4.369947984370048
4.541778724309087
4.519686838698513
4.519686838698513
4.519686838698513
4.402251566142477
4.6297388006421025
4.536425691438874
4.536425691438874
4.536425691438874
4.536425691438874
4.536425691438874
4.536425691438874
4.536425691438874
4.536425691438874
4.536425691438874
4.3386156541934655
4.3386156541934655
4.3386156541934655
4.3386156541934655
4.3386156541934655
4.3386156541934655
4.3386156541934655
4.3386156541934655
4.3386156541934655
4.3386156541934655
4.3386156541934655
4.3386156541934655
4.3386156541934655
4.3386156541934655
4.3386156541934655
4.43962171927674
4.443313936314874
4.443313936314874
4.443313936314874
4.443313936314874
4.443313936314874
4.374110613669506
4.374110613669506
4.374110613669506
4.374110613669506
4.374110613669506
4.572234833911301
4.572234833911301
4.572234833911301
4.572234833911301
4.572234833911301
4.504360734512166
4.504360734512166
4.504360734512166
4.504360734512166
4.352059868928057
4.352059868928057
4.352059868928057
4.352059868928057
4.158685965004359
4.158685965004359
4.279915794536354
4.279915794536354
4.32586734511057
4.5530563585749775
4.451970929120548
4.433074827325013
4.433074827325013
4.433074827325013
4.433074827325013
4.42597165058831
4.42597165058831
4.42597165058831
4.42597165058831
4.42597165058831
4.42597165058831
4.655033907488756
4.729881076882816
4.280984705087805
4.280984705087805
4.522585361757427
4.490969937684064
4.450019706391268
4.450019706391268
4.450019706391268
4.623071988222399
4.650414044207072
4.658024490374605
4.4973399565688705
4.435777164327866
4.435777164327866
4.435777164327866
4.435777164327866
4.435777164327866
4.435777164327866
4.435777164327866
4.435777164327866
4.435777164327866
4.435777164327866
4.435777164327866
4.435777164327866
4.435777164327866
4.435777164327866
4.435777164327866
4.435777164327866
4.435777164327866
4.435777164327866
4.435777164327866
4.435777164327866
4.435777164327866
4.435777164327866
4.435777164327866
4.435777164327866
4.435777164327866
4.435777164327866
4.435777164327866
4.435777164327866
4.435777164327866
4.435777164327866
4.435777164327866
4.435777164327866
4.435777164327866
4.435777164327866
4.435777164327866
4.435777164327866
4.435777164327866
4.435777164327866
4.557717974699516
4.446563877514798
4.441653594053998
4.441653594053998
4.382347446829164
4.633430180878988
4.633430180878988
4.633430180878988
4.633430180878988
4.518823583169015
4.518823583169015
4.518823583169015
4.518823583169015
4.473199920866252
4.6354723973077165
4.426046285303553
4.426046285303553
4.418078937088662
4.418078937088662
4.418078937088662
4.418078937088662
4.418078937088662
4.418078937088662
4.418078937088662
4.418078937088662
4.418078937088662
4.418078937088662
4.381554126122394
4.563884978545053
4.360421177410457
4.236261355252979
4.236261355252979
4.236261355252979
4.236261355252979
4.236261355252979
4.236261355252979
4.236261355252979
4.236261355252979
4.236261355252979
4.236261355252979
4.236261355252979
4.236261355252979
4.479862915123158
4.378215984983548
4.378215984983548
4.378215984983548
4.378215984983548
4.378215984983548
4.378215984983548
4.378215984983548
4.500813448717711
4.500813448717711
4.543309115492823
4.6115630720968825
4.6115630720968825
4.6115630720968825
4.6115630720968825
4.420749532042437
4.507390312150478
4.394452951880487
4.378732085799743
4.511001897359209
4.742928421254104
4.768385686074486
4.324680613095439
4.324680613095439
4.324680613095439
4.471302537425203
4.5779924859526115
4.554863482926211
4.778156638278092
4.585578796858039
4.7397530486182635
4.7397530486182635
4.7397530486182635
4.442096095545653
4.240775325998564
4.447926911114877
4.240254477242676
4.240254477242676
4.635115122605915
4.60488198154707
4.094083709821309
4.55422569021848
4.416206095229336
4.2880531391607395
4.41724446473606
4.714964316805217
4.714964316805217
4.507437274150066
4.430517835911065
4.430517835911065
4.374356222241524
4.531780163099116
4.350394312166356
4.415587418506851
4.415587418506851
4.415587418506851
4.517944170545163
4.6646361643693375
4.6646361643693375
4.352395562746066
4.32779277942762
4.476074484088842
4.651542807351119
4.657860298414215
4.490228731437542
4.329758214666471
4.390476884655021
4.457448606910882
4.467443658842528
4.467443658842528
4.467443658842528
4.444248501875772
4.391176836480878
4.424941743921661
4.347397583342017
4.465573531974593
4.550939626311183
4.314169003543442
4.594159474230921
4.253451375281412
4.631187670429045
4.455196646000708
4.455530906197604
4.326128079411432
4.258397706700578
4.837742631612277
4.583228515463057
4.623648597321461
4.724448276579746
4.1560707626762206
4.625977044795933
4.483154544664687
4.526241274808783
4.519553292919708
4.406332424398033
4.751447935776852
4.430791947085249
4.296171676590047
4.296171676590047
4.296171676590047
4.296171676590047
4.5579574421669715
4.47214788608429
4.6630817575303825
4.827264023853794
4.547096861146834
4.429238643593462
4.633844380996652
4.52298058274606
4.532561883179238
4.589789982122773
4.50003410936219
4.5766471583919
4.297094308434135
4.6511956006120165
4.812408507393295
4.618883018457797
4.552183221952264
4.2981967805162595
4.326386548352806
4.7240644584514815
4.211082368801699
4.409816210198938
4.658448894924205
4.848095583270851
4.55434341451608
4.639890226384038
4.590018203996996
4.541501037730646
4.6965055171518255
4.325814355381067
4.586384117358897
4.421593533240222
4.347209671254104
4.343378507997693
4.44543491552219
5.044023788386083
4.876128574334924
4.746352941334658
4.908103125369458
4.793389033635345
4.471526568684897
4.6203220006683114
4.462800886719228
4.545171756107049
4.458202714454263
4.689524562194374
4.541167341878138
4.2024281031755
5.2094752764180114
4.5062031473786135
4.828108743534414
5.058099898179375
4.816150982545402
5.080387777631625
4.736573163969151
4.464047716683
4.589389162990295
4.479784103159471
4.778532261864708
4.4557853679620045
5.2703902120932735
5.149653966432982
4.645833690813735
4.773337164714283
4.72293152216308
4.5287012840763445
4.76516855985948
4.906054973609352
5.102891695057868
4.776540811469372
4.447949712462895
5.150574034439165
5.285702837228746
5.187464514941778
5.008810179333861
5.136157056329512
4.915108931467949
5.041321299876349
5.058023541086859
4.639022782825922
4.847681680782445
4.4893962858155945
4.493446175922143
4.286751622541246
5.28106106717857
5.483619060220515
4.354832018583689
4.308347028479524
5.298238554828533
4.571556538132624
4.490470574264425
5.753230404858691
4.240135333923233
4.607447093960575
4.374174258543178
4.171487560643881
4.4376189909846495
5.221853822259179
5.233844791860992
4.406429916322547
4.262950199888561
4.32684285561592
4.203005057031417
4.231515097718617
4.1750376881970155
4.416248326880909
4.1512058612739375
4.25499457484279
3.961412476548797
4.251085350722953
4.136680380504708
4.11855863640101
4.131033042115865
3.2966155518001337
3.8085177296402524
3.5207358403770357
3.9276935771416284
3.0499375328489267
3.9237753432765654
3.7311505149332485
3.5806665071087984
3.8420263170457876
3.8970380888977463
3.6924286982508914
3.7354352475772696
3.89912576404251
3.8904724382127203
3.7436442276119344
3.914527360992315
4.079080168578308
3.0363170615448736
3.5913136146937337
3.609815715804695
3.429690784730708
3.4056813874570047
3.7567736830878413
3.528522638513641
3.549369468606624
3.453526306388742
3.2290942667915967
3.045936100693316
3.4491557812497327
3.5745366253380855
3.3810120805567783
3.2040240783406038
3.147715499372901
3.147715499372901
3.25311214464936
3.328293309109834
3.119766609423868
1.8551494318459838
1.8551494318459838
2.892231698181263
1.8837694318459839
2.8217978220289393
2.8217978220289393
2.2270465356196603
2.2459545857091054
3.1718707129559887
2.428060489108031
3.362448916775172
2.074957853379404
2.808245497587553
3.0925262364953134
3.2473631910673957
3.0746705206838563
2.5762488897554796
2.9484489715329616
1.7549570386349824
3.4458388614578244
2.4471923149178636
3.1300236995332487
3.271078212991549
2.505318323116766
2.7475679189493913
2.734983411874161
2.734983411874161
2.738080115558061
5.753914528672038
1.4623905460874376
5.645872790739186
6.102010528911956
2.746051322952477
5.007654055104153
4.8234915891770935
5.379115904868948
5.327058980419116
5.6119798030315025
5.63682737207863
5.257795009130603
5.795688839714933
3.432647134972175
4.845215531790702
