4.051307878694072
4.051307878694072
4.249518192443071
4.079351900952759
4.079351900952759
4.249301144426417
4.276224626207792
3.869419088217782
4.465127945569869
4.154389252312004
3.6600347017410053
4.402739252312005
4.402739252312005
3.8069905160567092
5.272498512736042
5.292210026171707
5.292210026171707
4.36350398899886
3.664355521739399
3.1735342442327887
5.020113379615543
5.020113379615543
5.78097018434927
4.383116163621885
5.695996149844732
4.90299982024874
4.748130299180261
3.688875553961479
5.273071842152424
5.273071842152424
5.0844728717104
5.13955065772205
3.94175871480064
3.757886718475044
4.503473513916712
2.672001014000948
5.1880768923668255
4.006495466945872
4.95531981976563
3.4224187677930624
4.744016163621886
4.627734562231776
4.6884311433789705
3.1665776036851945
3.1665776036851945
4.412147715602834
4.274881789998261
5.70673083396869
4.05391625869443
5.33206684661128
5.009335951002122
5.009335951002122
4.707729624473356
4.76484102320755
4.76484102320755
4.76484102320755
4.065650160059146
4.44329291982698
3.39262601549994
3.39262601549994
3.5823959855721146
4.297776973320668
3.893888083704555
3.893888083704555
3.6783254916241326
3.4328214001153246
3.519575861653786
5.282266214366812
5.282266214366812
3.41754984793579
4.8915877746381815
2.5981401718984554
4.316939088217782
3.3602852959928864
3.290250878863623
3.6292453378375864
4.019916065223656
4.029192566386738
3.9245615461813177
3.9245615461813177
4.808168660680631
4.984591620792027
4.1597877641006935
4.1597877641006935
4.3434523984397
3.7206598272216755
2.6040305772226358
2.6040305772226358
2.6040305772226358
3.9858574665860154
5.599778054492677
4.742139391392893
4.742139391392893
4.742139391392893
5.9545945037028565
4.503725506288248
4.503725506288248
4.503725506288248
4.503725506288248
4.7342402422216265
4.900099691795838
4.988997132712077
4.951092768634462
4.2879340752730295
4.2879340752730295
4.2879340752730295
4.666187990004572
3.189574483388702
2.6985666707962253
3.7428743309531676
3.472582015499941
4.956345254915007
3.559092351269596
3.853552809393456
3.853552809393456
4.273552211023969
3.950531461623237
3.950531461623237
3.950531461623237
4.592416667084926
4.317046325565205
4.317046325565205
5.265861554000594
3.648606670796225
5.176321497383148
5.244170212204881
5.134737163296063
5.134737163296063
5.134737163296063
5.134737163296063
5.134737163296063
5.134737163296063
5.134737163296063
5.134737163296063
5.1916109817968765
5.7144514280835725
4.905904424212416
4.905904424212416
4.905904424212416
4.905904424212416
4.905904424212416
4.905904424212416
4.785522247852191
4.482475899693915
5.0845742569640855
4.662987013824315
4.881328351160496
4.881328351160496
4.881328351160496
4.881328351160496
4.881328351160496
4.881328351160496
4.561830819964322
3.666431717582041
4.42193535210591
4.9897709562003225
4.9897709562003225
4.9897709562003225
3.6843621651408593
4.194884989532817
3.628134935568646
3.628134935568646
3.628134935568646
3.628134935568646
3.628134935568646
3.628134935568646
3.628134935568646
3.628134935568646
3.628134935568646
3.628134935568646
3.628134935568646
3.628134935568646
3.628134935568646
3.628134935568646
3.628134935568646
4.946938319006314
5.59423144092108
5.59423144092108
5.01687981289434
4.553489414831553
5.106913745512979
4.948721122148626
4.638257435124244
4.3953460431098215
3.860596920520182
3.860596920520182
3.860596920520182
3.860596920520182
3.860596920520182
4.1968263829653365
4.1968263829653365
4.1968263829653365
4.1968263829653365
4.1968263829653365
6.128636144819049
6.128636144819049
4.083018543868951
4.639780843119317
4.851249218249792
2.9124183102584738
2.9124183102584738
4.910189619391231
4.093124131629577
4.54178104949445
4.54178104949445
4.382050374148202
4.740568446648646
4.740568446648646
4.740568446648646
4.764855013812825
5.001325430030993
5.001325430030993
4.2506817161843085
4.880048722269869
5.788016299535924
4.805756534250037
4.136489341419788
4.136489341419788
4.136489341419788
3.92088479539812
5.325403410585448
4.808057659826514
5.984045071993412
4.764561753875492
4.5233500424256174
4.5233500424256174
4.844608000624956
4.4930939751149115
4.4207376579916815
4.216466823491643
4.578970419439613
4.635702839962833
3.8775979628639305
3.8775979628639305
4.59775952636295
4.9048148301159245
5.438251386293951
4.146196766322172
3.089457646277001
5.184152615289906
4.0650679003520604
4.0650679003520604
4.0650679003520604
4.801486396067781
4.801486396067781
4.801486396067781
4.801486396067781
4.820525515593717
4.820525515593717
4.820525515593717
4.820525515593717
4.820525515593717
5.540067007440925
4.720202149259963
5.930141688182941
4.107548244223818
4.107548244223818
4.107548244223818
4.37760438966294
4.09807159472682
4.09807159472682
4.09807159472682
5.755108574746159
4.990274531608462
4.990274531608462
6.061494292880333
3.6743190822140646
5.438334358201168
6.089980835236844
5.116758951832454
5.116758951832454
5.116758951832454
4.417786108139955
3.8630373068627133
4.944144721119341
4.299395643309813
3.7966244287349165
4.873888234315315
3.5026355498142623
4.5191130564260185
4.833269200059132
4.833269200059132
4.833269200059132
4.101691580208051
5.355211281278089
4.606951993581399
4.682274003171582
4.8694824683159705
4.037649078413435
4.037649078413435
4.242310720232892
6.17898911102664
4.560793289127959
2.9505063995884964
3.3461222507906667
4.559003306606069
4.756008229813067
4.460026154145713
4.910035525098426
4.618360495605691
4.618360495605691
4.805019088217782
3.587476674177692
3.966885026160668
4.883239027854694
6.328325003085022
3.39440653026368
5.222714177332161
5.322004987064197
4.042137447796751
4.042137447796751
4.284880050733554
3.2799355833697543
5.272994445891839
4.786015556334437
3.8151097270669414
4.215226380421981
4.215226380421981
2.587307361344859
2.587307361344859
2.587307361344859
2.587307361344859
3.9616332042983196
3.696738161375097
3.8788440724865634
4.221688384083958
3.996592399059261
4.949492606363846
3.8184757423410405
5.616757588865406
4.990304307096002
2.915240831636405
4.183832210660873
3.7247323972291433
6.29724445573215
3.9835825322778016
4.226334784730709
4.150130469067405
4.492729817410525
5.856788136944332
3.866177333852976
3.933632454179068
4.385419058358756
4.849078949416043
5.685248896067781
4.695842450260135
4.558726965502538
4.078398338389498
4.900572752328947
3.934941092423017
5.517611435019252
6.6630422648504135
3.8514029079035623
3.9266701494211436
3.9705868556124297
4.730945372321196
3.9250171216513845
2.750874629221954
4.135517199458484
4.225089383217409
3.8675534052636795
6.00639736301588
3.284567587955988
5.1626482194909045
2.876650191695891
3.6211521542780982
3.232727655876751
4.672382698063144
4.257710637512727
4.022486176792453
2.4056338691001464
2.4056338691001464
3.4227632851372594
2.943798462178881
5.521563137673979
3.7394003929508717
5.358140767567828
5.332408000624955
5.293164122058239
5.958510707857993
4.788259859897918
4.9533680264638225
5.413582758097055
4.518984422275514
5.189329825722243
5.203154412540584
7.212844393540124
4.803184273247036
4.383467193633162
5.671351386293951
6.396262777670927
5.918628037689172
5.244340743836387
6.129567027549457
3.672791600867175
5.199068467727653
4.8725236903003655
5.911980981883249
3.3944746156841754
4.365485960737052
6.197260591793482
3.785845489463661
5.760982110087642
4.834644718054905
5.536936890963007
4.604073821447466
3.857228957486033
3.244753195921942
4.945656588375474
4.456470102748888
5.814354631798178
3.1595478327112323
5.352279816019442
5.209327094795975
4.144388445944154
5.767846972990857
4.975048629670973
4.470234829223378
4.470234829223378
1.579315688174452
3.5808152694406754
4.371067163220307
4.049952873625032
5.19807500534416
4.476194455772508
4.934000537505374
3.416045124985617
6.042643975298935
4.439904120302095
4.946674681333082
6.667815384615385
4.594814433287012
5.746996245979036
3.673006798237971
4.89650202633912
3.8202507990362564
3.1564660064615806
3.7635716491068063
5.6622831723233995
3.772290245796392
3.6635402866694378
3.934612622610171
3.737584584929518
5.167716673085749
5.729862597282309
3.7020997790553922
5.228494366597575
5.72296296786185
4.303953815698749
4.303953815698749
5.038359618912743
4.39179308472923
7.3284153846153846
4.780644842026316
5.872481184264333
5.555493402119814
3.760803192481137
4.8845177092502725
7.26432199123145
5.153848889755478
4.964476892621827
6.639209128661174
6.4795721378372955
3.574210041880839
5.577354082399239
4.472733788125721
6.214329130128363
6.644927583380793
6.165285704032723
7.89796608656685
5.501114830640788
6.6747435984680665
4.826985561741237
6.720894578376169
6.07234698576527
6.07234698576527
4.8150589885172
5.25217938496817
4.977958943412325
5.796956264317574
5.213351693081482
6.719350361045107
6.0435399161625005
5.138374157096342
6.433192186420291
4.354340365030188
6.458590160357713
5.0188516004312795
6.80704651926159
4.667256616909841
4.6169601498722095
5.345973875949789
6.399360873843797
4.840469882102752
5.3835196323525025
6.743019737456991
6.67345408972629
5.679098826102937
5.339433993399974
4.536917760281152
