2.7474024054131956
2.7474024054131956
3.0992482763552616
2.9494573615529145
2.9652122486737458
3.040239376364311
3.040239376364311
2.645454907024698
3.1324277879527225
2.9071216379934715
2.9071216379934715
3.554839023600742
2.88134194445451
2.88134194445451
2.88134194445451
3.6552391191573586
3.2969197563855097
3.6938886156204376
4.142284843246227
2.667707476974277
2.667707476974277
2.667707476974277
2.667707476974277
2.667707476974277
2.760890555706755
2.9232193075768276
3.4760597934230804
3.163544226362978
3.073773780761538
2.57904876606813
4.009387745577499
2.8173874299720154
2.913488516891686
3.591133768051802
3.3552437282998895
3.3552437282998895
3.1127372079959255
3.6654578523839403
2.6054236723322894
3.4341888330827395
3.362292317121141
2.4986874805530004
2.6960018084008226
2.6691113844777448
3.295944249656502
2.6431102439962935
2.6431102439962935
3.4425626050941673
2.8848745099413104
2.8848745099413104
3.2053845173002706
3.2053845173002706
3.2053845173002706
2.7722660178918286
3.228373300667668
3.165047342240644
2.8467922452559318
3.1121799762246276
3.1121799762246276
3.315887485730774
2.800788037856597
3.7378369163976783
3.7378369163976783
3.124805775892586
2.7518964011563796
2.7518964011563796
2.423407199688061
3.361457637208833
3.0315104323452484
3.4789259611173957
1.9574632405689663
3.4150398707647502
3.0867647858343297
3.630284221880723
3.521861915438995
2.9946769325057563
3.8902573658306636
2.686024816458284
2.686024816458284
3.427361165259728
3.0453150066618155
3.1401899442170196
3.3973639414309265
3.3973639414309265
2.50992512766274
3.408967785286423
3.194537973694782
3.27019410375945
3.27019410375945
3.27019410375945
2.890371899609889
3.815724477719792
3.213922930073622
3.1170042152949087
3.1170042152949087
3.0202711648751768
4.0714892870166945
2.7337166344508415
2.7036607014715663
3.191447689262043
3.191447689262043
3.191447689262043
3.191447689262043
3.516413057828741
3.516413057828741
3.516413057828741
3.2332747752882796
3.1005688350240224
2.968016119005087
3.9943652997153336
3.2071473267317874
3.2071473267317874
3.2071473267317874
3.2071473267317874
2.8382996463486876
3.3789643462892265
2.8944598626948412
3.609755802070019
3.127996655992174
3.6221492927526473
5.3956477849790705
2.6529750777805106
3.35932898748038
3.276482139863142
2.0183014647507296
2.9406684640194563
2.9327241102484187
3.496063589312425
3.220725688250237
2.7318253832686423
3.7080091698866813
3.7080091698866813
3.3092233732953265
3.868346876463212
3.2967753488394633
3.087815220819232
3.295194122917497
3.90439170995852
2.9764593819256113
4.04224048560793
2.9453628663471
5.476357327096206
3.6802774639192295
3.2547695998060977
3.619302811874263
4.007198262805984
2.904076449233303
3.4194816000684094
3.79987181805057
3.79987181805057
4.824007453897854
3.9718802481678797
3.093451249103169
3.2146207107876386
3.9572900321498707
3.11157061950669
3.7104215524760225
3.838610325014841
3.838610325014841
3.209131016540997
3.4521143019154987
3.8669031887775844
3.914622101776093
3.1940176277043317
3.7076556660024753
4.00747326953033
3.415857863804673
3.8451814150735473
3.554536426089294
3.568983658473563
5.4675544451339375
4.206659466928103
3.4148332521842537
3.7100173518458703
4.088879042041235
4.244782841617929
3.396947966165871
3.505124017650827
4.2620893916212665
4.2620893916212665
4.244862032813229
4.484050079864919
4.484050079864919
4.196407911382954
3.605435433996666
4.272133846453407
3.5104266755547755
4.1733853571916
4.046992732035108
3.678485897087822
3.8408807606033495
4.297206234747748
4.802953933867286
4.365522655818843
3.484757254266232
4.1402280731827314
3.7464282695303286
3.7464282695303286
3.7464282695303286
3.7464282695303286
3.7464282695303286
3.7464282695303286
3.7464282695303286
3.7464282695303286
3.7464282695303286
3.7464282695303286
3.7464282695303286
3.695123514357518
3.416459556445207
3.9420237652538965
3.42255358675599
3.3246570614877466
4.10577750029956
4.656524193158773
3.7828971624915617
3.6726647309877816
3.4527045169208597
4.016873902891117
4.016873902891117
4.016873902891117
3.4820772079829814
3.4820772079829814
3.9370629232210526
3.849497162491563
3.849497162491563
3.849497162491563
3.8823161541457143
3.623404153718371
3.623404153718371
3.623404153718371
3.623404153718371
3.389119362008616
4.830090245706293
3.5728234428007957
3.5728234428007957
4.49418340125897
4.046083881930452
4.095636264383707
4.181953761253693
3.835689287016695
3.835689287016695
3.835689287016695
3.835689287016695
3.835689287016695
3.780437884914944
5.335826757988491
4.465018796031723
4.465018796031723
4.465018796031723
4.453123737705813
4.453123737705813
4.301064883355104
3.5583426544241847
3.932799656125736
3.521490809919313
4.185142723802963
3.7168615387610977
4.214072505504648
4.267135046724205
4.023545623031895
4.023545623031895
4.199100828308923
3.723009529342211
3.6683678681932745
3.6683678681932745
3.6683678681932745
3.0355406308845563
5.010089285820254
4.3780722467064175
4.454125758186332
3.6739197991539703
3.6739197991539703
4.204870580366477
4.459487199244274
2.830181571282427
5.036657300025648
3.6087526722567826
3.801172326868409
3.430926600695532
3.430926600695532
3.430926600695532
3.230569872408477
4.646237752804088
3.7102110610967074
3.4989578557562604
4.210952479189289
3.208836062486304
3.1789513015368076
4.764439223531753
3.513731538761098
4.319614229939636
4.3716603166531804
4.32083139591009
4.313987861653787
4.516641464959234
4.977203885149324
4.1325285883530976
3.963904778637792
4.943761742395937
3.8655450002995604
3.8655450002995604
3.8655450002995604
3.8655450002995604
4.333228243636632
3.59055344728195
3.59055344728195
3.59055344728195
3.59055344728195
3.59055344728195
3.59055344728195
3.59055344728195
3.59055344728195
3.59055344728195
3.59055344728195
3.59055344728195
3.59055344728195
3.59055344728195
4.670372720946299
4.52309855300602
3.880678954438518
4.468647115684176
3.425068357038768
3.9308741051995124
4.096328312269476
4.235284038761099
2.701055636992093
3.2745444468327065
3.2745444468327065
4.768787612639036
4.536130246161293
4.330303716477129
3.5827091960026056
3.5827091960026056
3.5827091960026056
4.261131609355061
4.538292759765663
4.025379880047758
4.279702793155781
4.1188703871903485
4.739474630884555
4.739474630884555
4.739474630884555
3.9247167611323883
4.885429506936581
4.398860630884554
4.745791246269171
4.138256430013504
4.265203050119154
4.130484056755626
3.713536963765467
4.264680865374227
4.657627246269171
5.245022828979949
3.1747144595137105
4.422066129139774
3.3669333567587634
3.2086491676260485
3.5585617675331287
3.5585617675331287
5.030371333859657
2.4318213099384973
3.6820149081122784
4.501170730381068
3.635295791585241
3.635295791585241
3.1478242628542024
3.429527616645876
3.9295226230867124
3.9295226230867124
3.9295226230867124
3.9295226230867124
2.1271194109828837
3.561514829727164
4.813010708260427
4.847495777737702
4.30630653773216
3.2608107270137685
4.494858497525821
5.201446009496221
4.960748256936581
3.9860179379680023
3.1527559769773967
5.009847138316313
4.958248450443083
4.576052076232196
3.2424030536781663
5.240338160782736
2.6979915049174803
4.904118566217277
2.449708077244942
3.5945777412119124
3.7472288188347367
3.0630139821867566
5.428755553961477
4.276726813761263
4.248674656105102
2.523870812808058
2.523870812808058
3.9189545889071535
5.019607951002122
2.9300698499403666
2.948300761032911
5.051733059001172
3.3711390374992707
5.1840397948012455
4.659299586455734
3.042370232186757
4.66738073491816
3.7978768926218267
3.503604715538537
4.387978826888787
4.289113101913034
5.900621128697042
4.6026008232272915
2.747109850143749
5.3819507085056655
4.14615728136387
3.5381890223580985
3.2450551929356424
4.767516416030151
2.6507054505638514
3.6136522593741525
4.259913965157207
4.662706537732161
3.002054406818228
2.9848605856921377
3.5762929684313507
4.7851284672064125
5.779508109328931
2.8373079412770164
3.9277729789437767
3.5919788947995217
2.1579946179403375
3.710909640490044
3.8755772047278096
2.523487432677925
4.730318083838881
5.749765929997959
3.955400392950871
3.5527878078657524
4.650300201076754
5.201620347657682
3.119323046467981
3.4521952464431074
1.594769082946728
4.711663707776657
4.148784584929518
4.510834421400383
4.224179861578303
4.899552642643392
4.899552642643392
4.310892277237211
4.758516002950174
4.874589565051911
3.2302042136563793
3.899840192607252
5.732130548286161
4.580182929078367
4.565462559766341
4.23539236603917
6.236022231510253
4.93461984548701
4.705456009496222
4.154645726114023
3.6051151095162757
4.960083256812352
6.266717909379993
4.385692956292849
4.8694546944256105
5.065186226732804
5.502058327960696
4.704955769350988
4.390215058693932
4.032863242416338
4.435580789505575
4.203139426022576
4.6373066833714525
4.748380241306508
4.687130726766265
5.348867593948017
5.155298642138277
5.571496226883431
5.739158727378854
6.193334630884555
4.677692479189288
4.685871389906371
5.764450875100032
5.02093343525523
5.45793913909451
5.145866400533147
4.079770406282465
4.4581868828136955
5.132432841028178
4.803683277602653
4.807156330258112
4.661660228388681
5.708401130489378
5.643299751110385
4.478006783477962
6.019335594157328
