[0.00132746]
[0.00132746]
[0.00132746]
[0.00132746]
[0.00132753]
[0.00132753]
[0.00132753]
[0.00132753]
[0.00132753]
[0.00132753]
[0.00132753]
[0.00132753]
[0.00132753]
[0.00132753]
[0.00132753]
[0.00132753]
[0.00132753]
[0.00132753]
[0.00132753]
[0.00132753]
[0.00132753]
[0.00132753]
[0.00132753]
[0.00132753]
[0.00132753]
[0.00132753]
[0.00132753]
[0.00132753]
[0.00132753]
[0.00132753]
[0.00132753]
[0.00132753]
[0.00132753]
[0.00132753]
[0.00132753]
[0.00132753]
[0.00132753]
[0.00132753]
[0.00132753]
[0.00132753]
[0.00132753]
[0.00132753]
[0.00132753]
[0.00132753]
[0.00132753]
[0.00132753]
[0.00132753]
[0.00132753]
[0.00132753]
[0.00132753]
[0.00132753]
[0.00132753]
[0.00132753]
[0.00132753]
[0.00132753]
[0.00132753]
[0.00132753]
[0.00132753]
[0.00132753]
[0.00132753]
[0.00132753]
[0.00132753]
[0.00132753]
[0.00132753]
[0.00132753]
[0.00132753]
[0.00132753]
[0.00132753]
[0.00132753]
[0.00132753]
[0.00132753]
[0.00132753]
[0.00132753]
[0.00132753]
[0.00132753]
[0.00132753]
[0.00132753]
[0.00132753]
[0.00132753]
[0.00132753]
[0.00132753]
[0.00132753]
[0.00132753]
[0.00132753]
[0.00132753]
[0.00132753]
[0.00132753]
[0.00132753]
[0.00132753]
[0.00132753]
[0.00132753]
[0.00132753]
[0.00132753]
[0.00132753]
[0.00132753]
[0.00132753]
[0.00132753]
[0.00132753]
[0.00132753]
[0.00132753]
[0.00132753]
[0.00132753]
[0.00132753]
[0.00132753]
[0.00132753]
[0.00132753]
[0.00132753]
[0.00132753]
[0.00132753]
[0.00132753]
[0.00132753]
[0.00132753]
[0.00132753]
[0.00132753]
[0.00132753]
[0.00132753]
[0.00132753]
[0.00132753]
[0.00132753]
[0.00132753]
[0.00132753]
[0.00132753]
[0.00132753]
[0.00132753]
[0.00132753]
[0.00132753]
[0.00132753]
[0.00132753]
[0.00132753]
[0.00132753]
[0.00132753]
[0.00132753]
[0.00132753]
[0.00132753]
[0.00132753]
[0.00132753]
[0.00132753]
[0.00132753]
[0.00132753]
[0.00132753]
[0.00132753]
[0.00132753]
[0.00132753]
[0.00132753]
[0.00132753]
[0.00132753]
[0.00132753]
[0.00132753]
[0.00132753]
[0.00132753]
[0.00132753]
[0.00132753]
[0.00132753]
[0.00132753]
[0.00132753]
[0.00132753]
[0.00132753]
[0.00132753]
[0.00132753]
[0.00132753]
[0.00132753]
[0.00132753]
[0.00132753]
[0.00132753]
[0.00132753]
[0.00132753]
[0.00132753]
[0.00132753]
[0.00132753]
[0.00132753]
[0.00132753]
[0.00132753]
[0.00132753]
[0.00132753]
[0.00132753]
[0.00132753]
[0.00132753]
[0.00132753]
[0.00132753]
[0.00132753]
[0.00132753]
[0.00132753]
[0.00132753]
[0.00132753]
[0.00132753]
[0.00132753]
[0.00132753]
[0.00132753]
[0.00132753]
[0.00132753]
[0.00132753]
[0.00132753]
[0.00132753]
[0.00132753]
[0.00132753]
[0.00132753]
[0.00132753]
[0.00132753]
[0.00132753]
[0.00132753]
[0.00132753]
[0.00132753]
[0.00132753]
[0.00132753]
[0.00132753]
[0.00132753]
[0.00132753]
[0.00132753]
[0.00132753]
[0.00132753]
[0.00132753]
[0.00132753]
[0.00132753]
[0.00132753]
[0.00132753]
[0.00132753]
[0.00132753]
[0.00132753]
[0.00132753]
[0.00132753]
[0.00132753]
[0.00132753]
[0.00132753]
[0.00132753]
[0.00132753]
[0.00132753]
[0.00132753]
[0.00132753]
[0.00132753]
[0.00132753]
[0.00132753]
[0.00132753]
[0.00132753]
[0.00132753]
[0.00132753]
[0.00132753]
[0.00132753]
[0.00132753]
[0.00132753]
[0.00132753]
[0.00132753]
[0.00132753]
[0.00132753]
[0.00132753]
[0.00132753]
[0.00132753]
[0.00132753]
[0.00132753]
[0.00132753]
[0.00132753]
[0.00132753]
[0.00132753]
[0.00132753]
[0.00132753]
[0.00132753]
[0.00132753]
[0.00132753]
[0.00132753]
[0.00132753]
[0.00132753]
[0.00132753]
[0.00132753]
[0.00132753]
[0.00132753]
[0.00132753]
[0.00132753]
[0.00132753]
[0.00132753]
[0.00132753]
[0.00132753]
[0.00132753]
[0.00132753]
[0.00132753]
[0.00132753]
[0.00132753]
[0.00132753]
[0.00132753]
[0.00132753]
[0.00132753]
[0.00132753]
[0.00132753]
[0.00132753]
[0.00132753]
[0.00132753]
[0.00132753]
[0.00132753]
[0.00132753]
[0.00132753]
[0.00132753]
[0.00132753]
[0.00132753]
[0.00132753]
[0.00132753]
[0.00132753]
[0.00132753]
[0.00132753]
[0.00132753]
[0.00132753]
[0.00132753]
[0.00132753]
[0.00132753]
[0.00132753]
[0.00132753]
[0.00132753]
[0.00132753]
[0.00132753]
[0.00132753]
[0.00132753]
[0.00132761]
[0.00132761]
[0.00132761]
[0.00132761]
[0.00132761]
[0.00132761]
[0.00132761]
[0.00132761]
[0.00132752]
[0.00132752]
[0.0013276]
[0.00132761]
[0.00132761]
[0.00132761]
[0.00132761]
[0.00132761]
[0.00132761]
[0.00132761]
[0.00132765]
[0.00132765]
[0.00132765]
[0.00132746]
[0.00132761]
[0.00132744]
[0.00132744]
[0.00132744]
[0.00132761]
[0.00132761]
[0.00132752]
[0.00132752]
[0.00132752]
[0.00132752]
[0.00132761]
[0.00132761]
[0.00132761]
[0.0013276]
[0.0013276]
[0.00132797]
[0.0013277]
[0.0013277]
[0.0013277]
[0.0013277]
[0.00132752]
[0.00132752]
[0.00132752]
[0.00132752]
[0.00132761]
[0.0013277]
[0.00132753]
[0.00132761]
[0.00132753]
[0.00132753]
[0.00132761]
[0.00132761]
[0.00132775]
[0.00132775]
[0.0013277]
[0.00132782]
[0.00132782]
[0.00132782]
[0.00132782]
[0.00132782]
[0.00132782]
[0.00132743]
[0.00132767]
[0.00132833]
[0.00132758]
[0.00132856]
[0.00132783]
[0.00132751]
[0.00132886]
[0.00133001]
[0.00132937]
[0.00132949]
[0.00132812]
[0.00132972]
[0.00132941]
[0.00132941]
[0.0013288]
[0.00133047]
[0.00133022]
[0.00133022]
[0.00133022]
[0.00133083]
[0.00133083]
[0.00133083]
[0.00133083]
[0.00132966]
[0.0013302]
[0.00133026]
[0.00133108]
[0.00133108]
[0.00133195]
[0.00133043]
[0.00133043]
[0.00133043]
[0.00133147]
[0.00133147]
[0.00133123]
[0.00133318]
[0.00134094]
[0.00134094]
[0.00134094]
[0.00134562]
[0.00133257]
[0.00133742]
[0.00133742]
[0.00133222]
[0.00134073]
[0.00134073]
[0.00134467]
[0.001335]
[0.00134775]
[0.00134148]
[0.00134155]
[0.00134155]
[0.00134096]
[0.00134039]
[0.00133756]
[0.00134664]
[0.00134091]
[0.00133916]
[0.00133707]
[0.001341]
[0.00134112]
[0.00134513]
[0.00135225]
[0.0013379]
[0.00133047]
[0.00135455]
[0.00136736]
[0.00147759]
[0.00217248]
[0.00143008]
[0.0014275]
[0.00235664]
[0.00214021]
[0.00409336]
[0.00248677]
[0.00248677]
[0.00296325]
[0.00351682]
[0.00351682]
[0.00351682]
[0.00345731]
[0.00224529]
[0.00217515]
[0.00217515]
[0.00217515]
[0.00217515]
[0.00133278]
[0.0031677]
[0.0031677]
[0.0016609]
[0.00293229]
[0.01166952]
[0.00201507]
[0.00201507]
[0.00201507]
[0.00201507]
[0.00133525]
[0.00205049]
[0.00205049]
[0.00232777]
[0.00221003]
[0.00221003]
[0.00221003]
[0.00424624]
[0.00131178]
[0.00131178]
[0.00132967]
[0.00134133]
[0.11661266]
[0.0013312]
[0.00132754]
[0.00132754]
[0.00136262]
[0.0013625]
[0.00134245]
[0.00134165]
[0.00134165]
[0.00134777]
[0.00134777]
[0.00134356]
[0.00134547]
[0.00132898]
[0.00132939]
[0.00132939]
[0.00132939]
[0.00135056]
[0.00133208]
[0.00133035]
