5.554004589613204
5.554004589613204
5.554004589613204
5.554004589613204
5.505349455606939
5.505349455606939
5.505349455606939
5.505349455606939
5.505349455606939
5.505349455606939
5.505349455606939
5.505349455606939
5.505349455606939
5.505349455606939
5.505349455606939
5.505349455606939
5.505349455606939
5.505349455606939
5.505349455606939
5.505349455606939
5.505349455606939
5.505349455606939
5.505349455606939
5.505349455606939
5.505349455606939
5.505349455606939
5.505349455606939
5.505349455606939
5.505349455606939
5.505349455606939
5.505349455606939
5.505349455606939
5.505349455606939
5.505349455606939
5.505349455606939
5.505349455606939
5.505349455606939
5.505349455606939
5.505349455606939
5.505349455606939
5.505349455606939
5.505349455606939
5.505349455606939
5.505349455606939
5.505349455606939
5.505349455606939
5.505349455606939
5.505349455606939
5.505349455606939
5.505349455606939
5.505349455606939
5.505349455606939
5.505349455606939
5.505349455606939
5.505349455606939
5.505349455606939
5.505349455606939
5.505349455606939
5.505349455606939
5.505349455606939
5.505349455606939
5.505349455606939
5.505349455606939
5.505349455606939
5.505349455606939
5.505349455606939
5.505349455606939
5.505349455606939
5.505349455606939
5.505349455606939
5.505349455606939
5.505349455606939
5.505349455606939
5.505349455606939
5.505349455606939
5.505349455606939
5.505349455606939
5.505349455606939
5.505349455606939
5.505349455606939
5.505349455606939
5.505349455606939
5.505349455606939
5.505349455606939
5.505349455606939
5.505349455606939
5.505349455606939
5.505349455606939
5.505349455606939
5.505349455606939
5.505349455606939
5.505608836045504
5.505608836045504
5.505608836045504
5.505608836045504
5.505608836045504
5.505608836045504
5.505608836045504
5.505608836045504
5.505608836045504
5.505608836045504
5.505608836045504
5.505608836045504
5.505608836045504
5.505608836045504
5.505608836045504
5.505608836045504
5.505608836045504
5.505608836045504
5.505608836045504
5.505608836045504
5.505608836045504
5.505608836045504
5.505608836045504
5.505608836045504
5.505608836045504
5.505608836045504
5.505608836045504
5.505608836045504
5.505608836045504
5.505608836045504
5.505608836045504
5.505608836045504
5.505608836045504
5.505608836045504
5.505608836045504
5.505608836045504
5.505608836045504
5.505608836045504
5.505608836045504
5.505608836045504
5.505608836045504
5.505608836045504
5.505608836045504
5.505608836045504
5.505608836045504
5.505608836045504
5.505608836045504
5.505608836045504
5.505608836045504
5.505608836045504
5.505608836045504
5.505608836045504
5.505608836045504
5.505608836045504
5.505608836045504
5.505608836045504
5.505608836045504
5.505608836045504
5.505608836045504
5.505608836045504
5.505608836045504
5.505608836045504
5.505608836045504
5.505608836045504
5.505608836045504
5.505608836045504
5.505608836045504
5.505608836045504
5.505608836045504
5.505608836045504
5.505608836045504
5.505608836045504
5.505608836045504
5.505608836045504
5.505608836045504
5.505608836045504
5.505608836045504
5.505608836045504
5.505608836045504
5.505608836045504
5.505608836045504
5.505608836045504
5.505608836045504
5.505608836045504
5.505608836045504
5.505608836045504
5.505608836045504
5.505608836045504
5.505608836045504
5.505608836045504
5.505608836045504
5.505608836045504
5.505608836045504
5.505608836045504
5.505608836045504
5.505608836045504
5.505608836045504
5.505608836045504
5.505608836045504
5.505608836045504
5.505608836045504
5.505608836045504
5.505608836045504
5.505608836045504
5.505608836045504
5.505608836045504
5.505608836045504
5.505608836045504
5.505608836045504
5.505608836045504
5.505608836045504
5.505608836045504
5.505608836045504
5.505608836045504
5.505608836045504
5.505608836045504
5.505608836045504
5.505608836045504
5.505608836045504
5.505608836045504
5.505608836045504
5.505608836045504
5.505608836045504
5.505608836045504
5.505608836045504
5.505608836045504
5.505608836045504
5.505608836045504
5.505608836045504
5.505608836045504
5.505608836045504
5.505608836045504
5.505608836045504
5.505608836045504
5.505608836045504
5.505608836045504
5.505608836045504
5.505608836045504
5.505608836045504
5.505608836045504
5.505608836045504
5.505608836045504
5.505608836045504
5.505608836045504
5.505608836045504
5.505608836045504
5.505608836045504
5.505608836045504
5.505608836045504
5.505608836045504
5.505608836045504
5.505608836045504
5.505608836045504
5.505608836045504
5.505608836045504
5.505608836045504
5.505608836045504
5.505608836045504
5.505608836045504
5.505608836045504
5.505608836045504
5.505608836045504
5.505608836045504
5.505608836045504
5.505608836045504
5.505608836045504
5.505608836045504
5.505608836045504
5.505608836045504
5.505608836045504
5.505608836045504
5.505608836045504
5.505608836045504
5.505608836045504
5.505608836045504
5.505608836045504
5.505608836045504
5.505608836045504
5.505608836045504
5.505608836045504
5.505608836045504
5.505608836045504
5.505608836045504
5.505608836045504
5.505608836045504
5.505608836045504
5.505608836045504
5.505608836045504
5.505608836045504
5.505608836045504
5.505608836045504
5.505608836045504
5.505608836045504
5.505608836045504
5.505608836045504
5.505608836045504
5.505608836045504
5.505608836045504
5.505608836045504
5.505608836045504
5.505608836045504
5.505608836045504
5.505608836045504
5.505608836045504
5.505608836045504
5.505608836045504
5.505608836045504
5.505608836045504
5.505608836045504
5.505608836045504
5.505608836045504
5.505608836045504
5.505608836045504
5.505608836045504
5.505608836045504
5.505608836045504
5.505608836045504
5.442903311238761
5.442903311238761
5.442903311238761
5.442903311238761
5.442903311238761
5.442903311238761
5.442903311238761
5.431375282268965
5.507702615803715
5.507965565697856
5.456759479971715
5.446478480306184
5.477421735383031
5.458903815521428
5.458903815521428
5.470949672448917
5.471212622343058
5.471212622343058
5.458322103251762
5.458581483690328
5.463136229014527
5.630000119238596
5.536921386206923
5.404908529986234
5.405171479880378
5.405171479880378
5.557850725766675
5.567668153716935
5.51112251276477
5.511389131727203
5.525602891036073
5.525602891036073
5.580062338432516
5.60951956084811
5.452403281668408
5.461376180027739
5.461376180027739
5.421061976092139
5.411629847290708
5.4118964662531415
5.418718983121408
5.418985602083842
5.5156497629383825
5.5156497629383825
5.5159201548106624
5.5159201548106624
5.5841392769135005
5.52732428539956
5.599440863704558
5.625098908444147
5.624008216369214
5.624622835234511
5.665454418914373
5.67435237172295
5.594765596608834
5.583183792664336
5.421839293341602
5.364298892111096
5.364298892111096
5.364569283983376
5.364569283983376
5.364569283983376
5.364569283983376
5.4751174246408985
5.35844922804072
5.326058027391937
6.24122036408335
5.171664962398966
6.16827874899049
6.15053284563798
5.117559772629512
5.410615979615796
5.060250752715416
5.348538717753429
6.0031300696491705
5.290676509969577
5.282011433597203
5.2823163435808365
5.036074898729096
5.939192595759879
4.4459403353730576
4.4459403353730576
4.4459403353730576
4.804189419611702
4.804526614181839
4.804526614181839
4.804526614181839
4.414138492537664
4.400183672673984
4.36113140261048
4.982272123345303
4.982272123345303
5.503634215700962
4.616991189949685
4.616991189949685
4.616991189949685
4.379261030955416
4.379261030955416
4.578521540622488
4.2969401995211465
3.8404193416742007
3.8404193416742007
3.8404193416742007
3.764565004521992
4.363100872707255
3.9711736063562633
3.9711736063562633
4.546464238476795
3.8856099140485707
3.8856099140485707
3.8985400063562654
3.9939350662857622
4.3832715353966405
3.925999698663958
3.92773102174088
3.92773102174088
4.214210577451383
4.403762096520548
4.29280987680112
3.859700847513908
4.053979494295476
4.087250231332984
4.105942190320333
4.288927406637848
4.222915817125081
4.9114240685388095
3.8981245618816365
4.304946038291483
5.276289092449707
3.696314405943535
3.5800593892211268
3.4995908866707746
2.923497821131992
3.4293697318730434
3.78482443938835
3.1042350002995613
3.591735070149225
3.5520542557776675
3.188877103290576
3.188877103290576
3.3619485136324876
3.2437567717969333
3.2437567717969333
3.2437567717969333
3.4846413510713248
3.404772279643078
3.5758269271555516
3.5758269271555516
3.5758269271555516
3.5758269271555516
5.958635981448512
3.682123328594126
3.682123328594126
3.7401638880346857
3.7669038502324765
3.5419646382249708
3.5014184334892313
3.5014184334892313
3.5014184334892313
3.5014184334892313
5.890728195332189
3.518924377545175
3.518924377545175
3.7344240278948266
3.8254561954482362
3.8254561954482362
3.8254561954482362
4.3992638599637175
4.743583303564777
4.743583303564777
6.351362581471534
5.3596446178949515
4.809615857717956
5.99668188460176
7.484935381117296
7.484935381117296
5.7860188055337325
5.7860188055337325
5.27833571607202
5.511486353610655
5.511486353610655
5.184529105495097
5.184529105495097
5.373976512438129
5.721852405158608
6.26538529590193
6.197928856835379
6.197928856835379
6.197928856835379
5.524755067033558
6.193646298865196
5.72474043658965
