1.0
1.0
1.0
1.7273161479046983
1.897394737057482
1.8151576229210225
1.8151576229210225
2.896199032738192
1.3756519655025397
1.3756519655025397
2.2051557695303288
2.3578396171768308
1.5054235211765885
2.4018523056151544
2.1806189922620085
2.3131600567372708
2.3131600567372708
2.3131600567372708
2.3131600567372708
2.4555812330257716
2.445711088652933
2.445711088652933
2.445711088652933
2.197490451706866
2.197490451706866
2.197490451706866
2.197490451706866
1.571130218891323
1.571130218891323
2.3042672126982886
1.4329764279944026
1.2644657830406398
2.182925250677881
2.182925250677881
1.597284656761147
2.1366156611328755
2.7385359671964533
2.0191199918021407
1.4899915259421004
1.501765701766276
1.367786943831506
1.367786943831506
1.367786943831506
1.367786943831506
2.159207273270672
2.159207273270672
2.159207273270672
2.4496423475713716
2.4496423475713716
2.8402815137551585
2.009975134079813
3.0235755775886552
2.096966949939665
2.289288008830656
1.264311220354946
2.6042902182085985
2.160891284309299
2.160891284309299
2.160891284309299
2.427299215174923
3.2023540812767486
2.5950017003820225
1.292069328656492
1.292069328656492
1.1518802358387852
1.1518802358387852
1.1518802358387852
1.1518802358387852
2.751785237956611
2.8493780787152936
1.0553403606727105
1.0553403606727105
1.0553403606727105
2.616787059109834
2.0787595174763496
2.0787595174763496
2.0787595174763496
2.0787595174763496
2.0787595174763496
1.0
1.0
1.0
1.0
1.0
1.0
1.0
1.0
1.0
1.0
1.0
1.0
1.0
1.0
1.0
1.0
1.0
1.0
1.0
1.0
1.0
1.0
1.0
1.0
1.0
1.0
1.0
1.0
2.0973331438499763
1.2635935312831332
1.2635935312831332
1.2635935312831332
1.7666647122435837
1.7666647122435837
1.411807395151932
1.0843462778324717
1.0843462778324717
1.0843462778324717
1.0843462778324717
1.0843462778324717
3.0131037124674744
2.0326945379301122
2.197375781021501
2.003202581840556
1.3221061957269953
1.3221061957269953
2.577216100693315
1.0284255677733025
1.0284255677733025
1.0284255677733025
1.0284255677733025
1.0284255677733025
1.0284255677733025
1.0284255677733025
1.0284255677733025
1.0284255677733025
1.5614558460766457
1.5614558460766457
3.111562913880128
1.3726374020928276
1.857121580342378
1.5626974712456096
2.194058418575249
2.2958279205544105
3.180812321818525
1.2760584468553642
1.2760584468553642
1.2760584468553642
1.2760584468553642
1.2760584468553642
1.2760584468553642
1.4269404614612604
2.614580412055986
2.3473216390096674
2.3473216390096674
2.3473216390096674
2.3473216390096674
2.3473216390096674
2.3473216390096674
2.3473216390096674
2.3473216390096674
2.3473216390096674
2.3473216390096674
1.4780629935803038
2.167538012350427
2.206866224250261
2.417380971496545
2.4649141851480536
2.4649141851480536
2.0736792866595497
2.0880307495958252
2.0880307495958252
2.935428067288216
2.887805507239568
2.148158873594449
2.9564786456482945
2.9564786456482945
1.3016096663675611
1.3016096663675611
2.629283212955988
2.629283212955988
3.1519996171768323
2.0020626357985503
3.1693290677262826
1.0
1.0
1.0
1.0
1.0
1.0
1.0
1.0
1.0
1.0
3.1221127746381807
2.1316546509143404
3.920641578324479
3.5634686606806305
2.5913893904889562
1.9963374121849533
1.9963374121849533
2.7599558363222503
2.231853221665844
1.8568302300557757
2.0149234586965807
2.5304936715982205
1.3892838691001437
2.0358730114693913
2.368774274148249
2.368774274148249
2.368774274148249
2.368774274148249
2.368774274148249
2.5725006917762663
1.4805669007743525
1.4805669007743525
1.3106820670664607
1.3106820670664607
1.3106820670664607
2.54185542125731
2.240280218891323
1.3148931913043747
1.3148931913043747
2.7700552829631864
2.3593730182612784
3.10164144338835
1.8404193783583658
3.3924097784511718
1.3424871184298794
1.3424871184298794
2.9591133474793168
2.3337746214872794
2.933702668901436
3.040480983069534
3.040480983069534
1.0
1.0337432953498862
1.9128114755805523
1.7935085943748703
2.675857171000507
2.5067071852827585
2.882265598454147
2.6117458993646956
2.699404662639303
2.596562789678364
3.0923885239440976
1.4448903417897014
1.4448903417897014
1.4448903417897014
2.5973935589091326
3.5344083044423655
2.4189918006673743
2.9866743980699706
2.091467734188532
2.091467734188532
2.619651520666471
3.5501487663055347
1.0
1.0
3.120870207756444
2.920611322813869
1.4333663772277632
2.7529946527599165
2.4316727197482937
2.8732632610329105
3.4902651116823264
1.56833398206013
2.950622526583631
3.2046838530481967
2.2935377730071966
3.623719374801519
3.4031364959720696
2.625016905281857
1.8548315862972302
3.0527377001138447
2.3969147320336006
3.4187109593416025
1.6295901374030706
2.8515684443025062
3.91254853347394
2.410120584980275
2.3202514908995138
3.334258518275732
2.7593105818405554
2.7593105818405554
2.034355624758769
2.034355624758769
2.856943238843561
3.6502499887753954
2.2285402039417743
3.879589143761299
2.449908325400198
1.572751675864609
1.889892643989537
3.4039959197658156
2.6376222307256434
2.081461470910101
3.477310628858638
3.3842268536902527
3.161959096831727
3.2982115798380693
2.826624893447537
2.247547715253992
3.168087023625051
2.477577379946455
2.477577379946455
2.3102154075616834
2.3102154075616834
1.7595416166930136
2.95626093034919
2.008682098771004
2.008682098771004
2.008682098771004
3.7320034219210036
1.8796550430680856
1.8796550430680856
2.2792592926283692
2.218841527364228
2.218841527364228
2.12651921741611
2.9599234876991307
3.1128211596331665
3.171781251268065
3.926401511582471
3.4934606919103395
2.7380243861385694
2.774707124153677
1.405027910734498
2.2363761767924526
2.285422330638607
2.285422330638607
2.713998585767662
2.74869095026472
3.448550816485456
2.053303220912614
2.053303220912614
2.2129537016818457
2.2129537016818457
3.7560194446079933
2.6347511297821953
3.8135541264175252
2.4156114099278536
3.1909998068908987
2.340518484484761
2.04923158629723
3.0592422422386214
2.720877583815966
2.346016217190529
2.346016217190529
2.4772395833858596
2.7549456549362823
3.1839474197063193
2.3016059307028236
2.179954247312118
3.516934258209832
3.5851412210055233
3.053637622564538
2.5453547482210244
2.8423559703075227
1.659109300809794
4.657946072679483
2.8165790214674686
3.7509915212255827
3.7151345175678276
3.0887377285492805
2.760226176792452
2.6387353841044607
2.6387353841044607
2.112885253391843
2.112885253391843
2.0193899144610015
2.8300688226495865
2.425291561407837
4.2783092223688985
3.0429897789379172
3.002102976166663
4.1012321527599145
2.8198598683520206
3.4831478206838478
5.2604765410264545
3.693023013532036
3.6901827836746453
2.062319723201888
4.324126000457863
3.058248809796493
2.7828002855045213
3.52141042943705
2.725152176044329
3.506594041226882
2.4990877152539905
2.4990877152539905
3.2233926622400144
4.5575671231839845
2.808120721668745
3.17361469304363
4.007443975875094
2.94170009788726
2.624630022946299
4.299974421413982
3.1930513918409416
3.8462818727148598
4.818158548152459
4.083943735157263
3.4518803556865025
4.179557539471213
4.375244206114877
3.150013896727078
3.3857223306386075
3.859042918873901
3.370130874269181
4.455089658763633
3.019885054370608
3.159395898375858
4.394665589560658
3.605380578411193
4.784496011452397
3.801006959318512
3.6107912292987674
3.497540498147087
3.7833135527251054
3.9469012884703645
4.236357005726081
4.004696312539059
4.732446910557946
3.006787807865753
3.769416411196371
3.769416411196371
3.504403530217357
3.9904001419100013
4.483796506462783
3.5919964296256417
3.7020997790553922
4.161687495473773
3.6144005096010012
4.641135014116097
2.204772020447594
3.6395999695449035
3.524015354160288
4.638293605528
4.251649207524321
4.26736921069073
3.669121765103238
3.669121765103238
2.5087023848200634
3.898492277237211
2.4337330907329466
4.7465912788317715
5.421773982060129
4.479813881953508
4.731066252110849
3.949590713591922
2.6507202233816063
3.330530799407251
4.021864928249885
2.6126115251084183
5.55976131751693
2.6347154896537965
2.658610126507021
3.9845143637682376
3.8873286626152144
4.541513907841722
3.598980321601119
4.249742780683166
4.056512051697416
3.020679265681384
7.3284153846153846
7.3284153846153846
2.6333394975120257
3.2562646268370123
2.5657415614078385
2.5657415614078385
2.5657415614078385
2.5657415614078385
2.5657415614078385
2.5657415614078385
2.5657415614078385
2.5657415614078385
2.5657415614078385
4.687014659851663
4.187261863950766
5.0049738496865945
2.8159188663107972
2.0328008090938656
2.9970008090938656
4.425342466987139
4.351312523477498
4.637682353559121
1.6572705315377405
5.287471580342379
4.888651001417526
3.3861974133709154
3.423417771221869
3.423417771221869
2.9185254204925073
3.1283684038781656
4.4106817318438285
4.4106817318438285
4.6256749490903175
5.463794697336885
4.493815049003597
4.5076560625665945
