4.263600000000004
3.7146000000000026
5.4531000000000045
3.2155000000000014
3.2155000000000014
3.2155000000000014
6.942000000000005
6.590800000000004
4.800200000000004
6.6593000000000035
6.551900000000004
6.551900000000004
6.551900000000004
6.551900000000004
7.022600000000004
4.850600000000004
4.121400000000004
4.121400000000004
4.121400000000004
4.121400000000004
4.121400000000004
4.121400000000004
4.121400000000004
4.121400000000004
4.121400000000004
4.121400000000004
4.121400000000004
4.121400000000004
4.121400000000004
4.121400000000004
4.121400000000004
4.121400000000004
4.121400000000004
4.121400000000004
4.121400000000004
4.811570000000002
3.997900000000003
3.997900000000003
3.997900000000003
3.997900000000003
6.7168000000000045
6.7168000000000045
6.7168000000000045
6.7168000000000045
5.946900000000004
6.326700000000004
6.869300000000004
8.269200000000003
6.264300000000004
6.869300000000004
6.869300000000004
6.869300000000004
6.869300000000004
6.869300000000004
6.869300000000004
6.869300000000004
6.869300000000004
6.869300000000004
6.869300000000004
6.869300000000004
6.869300000000004
6.869300000000004
6.869300000000004
6.869300000000004
3.7313000000000027
5.016700000000004
5.482400000000004
5.956800000000004
3.7313000000000027
7.896200000000004
7.896200000000004
6.273000000000004
6.273000000000004
6.273000000000004
6.273000000000004
6.273000000000004
6.273000000000004
6.273000000000004
6.273000000000004
6.479200000000004
6.479200000000004
6.479200000000004
6.479200000000004
6.479200000000004
6.479200000000004
6.479200000000004
6.284800000000004
6.284800000000004
6.284800000000004
5.572900000000004
5.572900000000004
5.572900000000004
3.9110000000000023
3.9110000000000023
3.9110000000000023
3.9110000000000023
3.9110000000000023
3.9110000000000023
3.9110000000000023
4.390000000000004
3.9502000000000033
2.6826000000000008
6.129100000000005
7.399400000000005
5.979700000000004
2.4199
7.931300000000006
5.386200000000004
5.386200000000004
7.6508000000000065
2.3437
2.3437
2.3437
2.3437
2.3437
2.3437
2.3437
5.901780000000004
6.084300000000004
6.084300000000004
6.084300000000004
6.084300000000004
7.541200000000005
7.541200000000005
7.541200000000005
7.541200000000005
7.541200000000005
7.541200000000005
7.541200000000005
5.128700000000004
5.745100000000003
7.155900000000005
7.155900000000005
5.4333000000000045
5.4333000000000045
2.909600000000001
2.909600000000001
2.909600000000001
5.983800000000004
5.983800000000004
5.996100000000005
8.189400000000003
8.189400000000003
6.389400000000004
6.389400000000004
3.540300000000003
6.586200000000004
6.586200000000004
5.265500000000004
6.502400000000004
4.101900000000003
5.7931000000000035
5.7931000000000035
7.416300000000005
7.416300000000005
7.416300000000005
7.416300000000005
6.685000000000004
5.910300000000005
8.912099999999999
6.415600000000005
6.294900000000004
6.802200000000004
5.520200000000004
3.3446000000000025
5.616600000000004
6.563570000000005
7.747000000000005
5.362900000000004
5.612200000000005
4.7946000000000035
8.066500000000007
2.994200000000002
5.0442000000000045
5.141200000000003
3.398200000000002
5.1200000000000045
5.897900000000004
5.897900000000004
7.356900000000005
7.356900000000005
7.356900000000005
7.356900000000005
5.882900000000005
2.5513000000000003
2.5513000000000003
5.983800000000004
5.590100000000003
5.777600000000003
6.529900000000005
6.609700000000005
6.685800000000004
6.099900000000003
6.099900000000003
6.099900000000003
6.579600000000004
4.601000000000004
5.575800000000004
5.575800000000004
5.1513000000000035
6.730700000000004
4.942700000000003
4.942700000000003
4.942700000000003
4.942700000000003
4.942700000000003
4.942700000000003
4.942700000000003
4.942700000000003
4.942700000000003
4.942700000000003
4.942700000000003
4.942700000000003
4.942700000000003
4.942700000000003
4.918700000000003
4.942700000000003
4.942700000000003
4.942700000000003
4.942700000000003
4.942700000000003
4.942700000000003
4.942700000000003
2.8073000000000015
4.144600000000002
4.144600000000002
2.5144
7.295400000000005
4.439200000000002
3.025500000000001
4.493500000000004
4.493500000000004
5.185700000000003
5.185700000000003
5.185700000000003
5.185700000000003
5.185700000000003
5.185700000000003
5.185700000000003
5.185700000000003
5.185700000000003
5.185700000000003
5.185700000000003
5.185700000000003
5.185700000000003
5.185700000000003
5.185700000000003
5.185700000000003
5.185700000000003
5.185700000000003
5.185700000000003
5.185700000000003
5.185700000000003
5.185700000000003
5.185700000000003
5.185700000000003
5.185700000000003
2.9856000000000007
5.185700000000003
2.4858000000000002
4.580700000000004
4.580700000000004
4.580700000000004
5.929200000000004
4.552400000000003
6.030000000000003
3.508000000000002
5.308300000000004
4.900100000000004
4.103400000000003
5.022000000000004
5.022000000000004
4.795600000000003
1.6637
6.942500000000005
5.539100000000004
7.320600000000005
5.022000000000004
7.563000000000006
5.117300000000004
5.117300000000004
5.117300000000004
6.910200000000005
7.677000000000005
4.3377000000000026
7.564500000000005
6.4645000000000055
5.349400000000002
5.924600000000004
4.994700000000003
7.286900000000005
4.881300000000003
5.250400000000005
5.260900000000005
7.545000000000004
5.293600000000004
8.067900000000005
4.588300000000003
6.088100000000004
4.110800000000003
4.497800000000003
5.852200000000004
5.555400000000005
6.369900000000004
5.536300000000003
5.536300000000003
5.536300000000003
5.536300000000003
5.536300000000003
5.536300000000003
5.536300000000003
5.819100000000004
4.7119000000000035
4.678200000000003
6.964600000000005
6.861500000000005
5.248600000000002
5.248600000000002
5.248600000000002
3.737300000000002
3.737300000000002
2.3573000000000004
6.267100000000005
7.455200000000004
7.8296000000000054
5.859300000000004
5.653100000000004
4.654100000000004
4.964000000000003
6.899500000000005
6.654400000000005
5.055100000000004
2.913500000000001
5.508900000000004
4.907400000000003
1.098
5.660800000000004
4.595000000000003
5.966300000000004
5.118800000000003
5.118800000000003
5.118800000000003
5.118800000000003
5.118800000000003
5.118800000000003
5.118800000000003
4.513800000000003
4.513800000000003
4.513800000000003
4.513800000000003
7.033700000000006
3.851600000000002
5.929400000000004
5.929400000000004
5.929400000000004
5.929400000000004
5.929400000000004
4.690300000000004
5.992300000000004
5.308800000000003
4.447300000000003
5.499200000000003
5.4928000000000035
6.416100000000005
6.416100000000005
4.362900000000002
5.050400000000003
4.487900000000003
6.107300000000004
6.107300000000004
4.913800000000004
5.674700000000005
5.548500000000003
5.548500000000003
6.307900000000004
4.580000000000004
1.9168
3.737700000000003
6.483100000000005
5.434600000000003
5.434600000000003
5.078700000000003
1.8427999999999998
5.363500000000005
2.1489000000000003
6.439300000000005
4.274300000000003
5.009200000000003
6.832200000000005
5.496000000000004
5.299600000000004
5.1932000000000045
5.1932000000000045
5.241500000000004
5.434000000000004
5.259300000000004
4.730600000000004
5.538300000000004
5.538300000000004
5.269100000000004
4.532000000000004
6.221400000000005
5.934900000000005
4.600400000000003
3.5047000000000015
4.953600000000004
2.9156000000000004
1.8379
5.573100000000005
4.946700000000003
5.802000000000004
1.0816
6.723200000000005
5.351300000000004
4.870500000000003
5.375400000000003
1.756
5.147300000000004
4.203400000000003
4.786080000000004
5.3830000000000044
6.5610000000000035
6.8486000000000065
2.977500000000002
4.075700000000003
2.914500000000001
4.042600000000003
4.874600000000003
2.3815
7.689000000000007
1.8686999999999998
2.3966000000000003
3.7514000000000034
7.293600000000004
0.7202999999999999
5.4699000000000035
2.9971000000000014
2.8419000000000008
4.3697000000000035
3.148500000000001
5.087000000000003
1.9041000000000001
4.013900000000003
5.100800000000002
4.675900000000005
3.6107000000000014
4.457600000000003
4.768900000000005
5.413400000000003
0.4283000000000001
1.3771
0.5857
0.5857
5.600700000000003
1.0969
6.060170000000005
1.1277000000000001
0.7970999999999999
0.7970999999999999
4.751700000000002
0.6577999999999999
5.207400000000003
0.8007
0.34779999999999994
0.34779999999999994
6.195900000000004
3.738500000000002
1.3422999999999998
3.6274000000000024
-0.18099999999999994
-0.18099999999999994
5.230800000000002
0.15250000000000002
0.11280000000000001
6.999700000000006
6.091900000000004
7.142200000000005
7.142200000000005
6.599600000000004
3.7001000000000017
6.180000000000004
4.949600000000004
6.120500000000004
4.654400000000004
6.760400000000005
4.509300000000003
4.058700000000003
4.429200000000003
5.965800000000004
6.355300000000004
3.757200000000002
3.881300000000003
2.817800000000001
4.970400000000003
4.5225000000000035
6.734000000000005
5.651400000000003
4.799300000000004
6.572900000000005
6.833400000000006
