[0.64712304]
[0.6794861]
[0.62935126]
[0.58127105]
[0.6020683]
[0.6319002]
[0.59496164]
[0.5385895]
[0.52074456]
[0.6279448]
[0.62899935]
[0.5564642]
[0.5370585]
[0.5834006]
[0.6359805]
[0.51586574]
[0.51620984]
[0.51620984]
[0.51620984]
[0.51620984]
[0.5389226]
[0.56856817]
[0.5266228]
[0.57568073]
[0.62741464]
[0.56858414]
[0.49307895]
[0.4510375]
[0.4510375]
[0.4510375]
[0.4510375]
[0.4510375]
[0.62288475]
[0.66989106]
[0.49572435]
[0.5346003]
[0.6227072]
[0.5428096]
[0.514178]
[0.49192518]
[0.5413672]
[0.49554408]
[0.49554408]
[0.49554408]
[0.58169943]
[0.6179991]
[0.5799626]
[0.40638945]
[0.42095146]
[0.46320596]
[0.46320596]
[0.52907515]
[0.44898686]
[0.5374868]
[0.4945225]
[0.49099532]
[0.4878408]
[0.5125702]
[0.5066855]
[0.42202088]
[0.30470222]
[0.41759542]
[0.5286999]
[0.44736728]
[0.44736728]
[0.54626846]
[0.51485085]
[0.45994955]
[0.38455707]
[0.5518057]
[0.60413796]
[0.42280957]
[0.3904168]
[0.41148463]
[0.5671837]
[0.5279302]
[0.50236857]
[0.40618426]
[0.5101388]
[0.4582412]
[0.53017974]
[0.4076914]
[0.40634188]
[0.38345057]
[0.47899053]
[0.4925442]
[0.4780046]
[0.42315775]
[0.5301061]
[0.5267139]
[0.47784048]
[0.46901745]
[0.37206662]
[0.41126567]
[0.55499387]
[0.45918432]
[0.4017915]
[0.5633192]
[0.4319302]
[0.3979786]
[0.36164322]
[0.41583002]
[0.39363784]
[0.39363784]
[0.39389583]
[0.25406238]
[0.6031193]
[0.5138165]
[0.4992482]
[0.38254118]
[0.41409603]
[0.31029928]
[0.31029928]
[0.31029928]
[0.50094485]
[0.35279277]
[0.35338518]
[0.42997366]
[0.47632435]
[0.33409867]
[0.347219]
[0.29509366]
[0.29509366]
[0.4605448]
[0.4605448]
[0.31212142]
[0.31212142]
[0.423607]
[0.29216892]
[0.29216892]
[0.29216892]
[0.40008402]
[0.3728958]
[0.3728958]
[0.38587]
[0.34701908]
[0.34701908]
[0.34701908]
[0.34701908]
[0.34701908]
[0.5008824]
[0.28240633]
[0.42095697]
[0.42744347]
[0.35273385]
[0.28011683]
[0.4657177]
[0.4657177]
[0.4657177]
[0.26979423]
[0.5130813]
[0.28783685]
[0.4076376]
[0.23978007]
[0.49265096]
[0.27357504]
[0.2585335]
[0.4643484]
[0.32000947]
[0.32000947]
[0.28083158]
[0.4552146]
[0.40709972]
[0.45328027]
[0.40521905]
[0.22901799]
[0.3708927]
[0.38752046]
[0.39921466]
[0.41782528]
[0.2813137]
[0.38391232]
[0.38391232]
[0.3381936]
[0.3704473]
[0.3704473]
[0.3704473]
[0.50351256]
[0.37685102]
[0.37685102]
[0.37685102]
[0.37685102]
[0.26086304]
[0.29707584]
[0.41978317]
[0.2404197]
[0.2404197]
[0.33355743]
[0.28250518]
[0.33021873]
[0.2754479]
[0.2754479]
[0.37310043]
[0.36492988]
[0.48159054]
[0.31629643]
[0.46136275]
[0.4108728]
[0.37762085]
[0.4232655]
[0.4401528]
[0.4304481]
[0.39294952]
[0.3841329]
[0.3841329]
[0.3841329]
[0.3841329]
[0.45532098]
[0.25471386]
[0.4259653]
[0.4210595]
[0.4023911]
[0.4023911]
[0.47799927]
[0.35868362]
[0.35868362]
[0.42047495]
[0.43070757]
[0.3450371]
[0.44869915]
[0.3888682]
[0.3888682]
[0.33163628]
[0.25633928]
[0.3006085]
[0.40991852]
[0.33524486]
[0.33235195]
[0.33235195]
[0.33235195]
[0.29578346]
[0.41185647]
[0.37660727]
[0.34568807]
[0.34904754]
[0.32903114]
[0.32903114]
[0.32903114]
[0.37980795]
[0.43081006]
[0.43081006]
[0.2570277]
[0.31231955]
[0.25094032]
[0.31311592]
[0.31311592]
[0.24540803]
[0.41970313]
[0.41970313]
[0.41970313]
[0.3097482]
[0.34701335]
[0.22823648]
[0.38507476]
[0.38507476]
[0.3028138]
[0.3028138]
[0.3028138]
[0.43924582]
[0.3372513]
[0.28343987]
[0.30832246]
[0.3038126]
[0.46870372]
[0.46870372]
[0.35324952]
[0.33445257]
[0.3137062]
[0.23874736]
[0.2958915]
[0.2958915]
[0.2958915]
[0.38216475]
[0.38216475]
[0.38216475]
[0.29515135]
[0.30417278]
[0.30417278]
[0.30417278]
[0.3349471]
[0.2972598]
[0.3049274]
[0.35228798]
[0.2906228]
[0.41254956]
[0.2937201]
[0.23259318]
[0.23259318]
[0.23259318]
[0.28932822]
[0.3158102]
[0.31742585]
[0.31742585]
[0.43556944]
[0.27964857]
[0.28295347]
[0.28295347]
[0.28295347]
[0.3360854]
[0.27653715]
[0.33788687]
[0.32992446]
[0.39202356]
[0.35486066]
[0.2415579]
[0.31859195]
[0.25266594]
[0.25266594]
[0.25266594]
[0.44789383]
[0.26697937]
[0.36640808]
[0.40879527]
[0.29914942]
[0.42508522]
[0.29344925]
[0.29344925]
[0.29344925]
[0.29344925]
[0.26743224]
[0.31119984]
[0.5337658]
[0.3954426]
[0.35349894]
[0.33858967]
[0.3195709]
[0.2609226]
[0.45850742]
[0.32771704]
[0.2977433]
[0.26260722]
[0.37991145]
[0.37991145]
[0.30104625]
[0.30104625]
[0.30104625]
[0.4072288]
[0.40316847]
[0.333669]
[0.3072091]
[0.3005932]
[0.38238013]
[0.29377484]
[0.27465636]
[0.38468876]
[0.28607926]
[0.28607926]
[0.23295175]
[0.4592452]
[0.443847]
[0.3488519]
[0.3285245]
[0.30910075]
[0.43380427]
[0.38451737]
[0.34265783]
[0.28643706]
[0.23778765]
[0.24658208]
[0.45460063]
[0.29801425]
[0.29068688]
[0.29068688]
[0.28843772]
[0.40668198]
[0.27864456]
[0.27864456]
[0.3121136]
[0.30873623]
[0.24149022]
[0.31956193]
[0.25581706]
[0.33870456]
[0.29259986]
[0.44602367]
[0.27571365]
[0.36915678]
[0.43937775]
[0.2798882]
[0.29782572]
[0.43451753]
[0.37280858]
[0.23678283]
[0.2718517]
[0.29279712]
[0.26966637]
[0.24235995]
[0.31299827]
[0.23530085]
[0.3667963]
[0.24557206]
[0.37392968]
[0.3340228]
[0.31229386]
[0.4210851]
[0.318167]
[0.28810996]
[0.28064662]
[0.48935503]
[0.36162126]
[0.28053227]
[0.39566487]
[0.21363936]
[0.3562089]
[0.27235377]
[0.44731963]
[0.44731963]
[0.44731963]
[0.34140986]
[0.48136863]
[0.29119667]
[0.29368174]
[0.30173096]
[0.31215683]
[0.38279757]
[0.2539146]
[0.32057273]
[0.38523948]
[0.23233531]
[0.26462403]
[0.2737749]
[0.2727537]
[0.36978707]
[0.3016761]
[0.31600124]
[0.28609997]
[0.37798345]
[0.36409158]
[0.34778732]
[0.3133157]
[0.28334582]
[0.25672057]
[0.2738133]
[0.29547754]
[0.3764136]
[0.2741383]
[0.26596183]
[0.3936801]
[0.33723816]
[0.24461444]
[0.254251]
[0.2555805]
[0.32270092]
[0.25133482]
[0.2774837]
[0.28808787]
[0.22720863]
[0.28520215]
[0.26473203]
[0.30444005]
[0.5245261]
[0.33442625]
[0.25974753]
[0.25630164]
[0.23070034]
[0.26155654]
[0.31367275]
[0.25927293]
[0.2484181]
[0.32810414]
[0.2729112]
[0.2537326]
[0.24480015]
[0.25688264]
[0.2805167]
[0.5872843]
[0.3762067]
[0.2635172]
[0.34199563]
[0.25466773]
[0.2066643]
[0.27122247]
[0.254323]
[0.254323]
[0.20228359]
[0.28941557]
[0.52927333]
[0.38436374]
[0.25497842]
[0.20579082]
[0.20579082]
[0.20189562]
[0.25572065]
[0.3427353]
[0.3224181]
[0.23456833]
[0.30975756]
[0.41312292]
[0.41326693]
[0.28555876]
[0.4108287]
[0.24857324]
[0.27425414]
[0.2972975]
[0.3040709]
[0.24421404]
[0.33255398]
[0.22942285]
[0.28389516]
[0.3140005]
