[0.21694404]
[0.1915223]
[0.18599385]
[0.17241085]
[0.17131308]
[0.17131308]
[0.17131308]
[0.17771067]
[0.17771067]
[0.17771067]
[0.17771067]
[0.17771067]
[0.17771067]
[0.17376663]
[0.17376663]
[0.17376663]
[0.17376663]
[0.17376663]
[0.17376663]
[0.17376663]
[0.17376663]
[0.17376663]
[0.17376663]
[0.17376663]
[0.17376663]
[0.17376663]
[0.17376663]
[0.17376663]
[0.17376663]
[0.17376663]
[0.17315108]
[0.17616962]
[0.17616962]
[0.17616962]
[0.17213066]
[0.17213066]
[0.17213066]
[0.17213066]
[0.17213066]
[0.17213066]
[0.18659645]
[0.1759773]
[0.1759773]
[0.1759773]
[0.1759773]
[0.19741571]
[0.17539844]
[0.17477678]
[0.17209028]
[0.17209028]
[0.18324295]
[0.18873923]
[0.17594925]
[0.17457062]
[0.17376663]
[0.17376663]
[0.16985947]
[0.17460828]
[0.17460828]
[0.17460828]
[0.17460828]
[0.17460828]
[0.17460828]
[0.17460828]
[0.17460828]
[0.17460828]
[0.17460828]
[0.17460828]
[0.17460828]
[0.17460828]
[0.17460828]
[0.17114022]
[0.17114022]
[0.17101651]
[0.17740132]
[0.19440044]
[0.18317412]
[0.1738652]
[0.17599241]
[0.17604347]
[0.17296489]
[0.17544271]
[0.1895902]
[0.17370838]
[0.17719862]
[0.17841443]
[0.18882146]
[0.18882146]
[0.16928947]
[0.17950283]
[0.15660243]
[0.17719862]
[0.17352225]
[0.17669012]
[0.1736132]
[0.17842737]
[0.192328]
[0.5628825]
[0.5628825]
[0.5628825]
[0.5628825]
[0.5628825]
[0.5628825]
[0.5628825]
[0.5628825]
[0.5628825]
[0.5628825]
[0.5628825]
[0.5628825]
[0.5628825]
[0.5628825]
[0.5628825]
[0.5628825]
[0.5628825]
[0.5628825]
[0.5628825]
[0.5628825]
[0.5628825]
[0.5628825]
[0.5628825]
[0.5628825]
[0.5628825]
[0.5628825]
[0.5628825]
[0.5628825]
[0.5628825]
[0.5628825]
[0.5628825]
[0.5628825]
[0.5628825]
[0.5628825]
[0.5628825]
[0.5628825]
[0.5628825]
[0.55513495]
[0.17731139]
[0.20441823]
[0.4706215]
[0.53066856]
[0.47541]
[0.47099832]
[0.47099832]
[0.47099832]
[0.47099832]
[0.47099832]
[0.47099832]
[0.47099832]
[0.47099832]
[0.47099832]
[0.47099832]
[0.47099832]
[0.47099832]
[0.47099832]
[0.47099832]
[0.47099832]
[0.47099832]
[0.47099832]
[0.47099832]
[0.47099832]
[0.47099832]
[0.47099832]
[0.47099832]
[0.47099832]
[0.47099832]
[0.47099832]
[0.47099832]
[0.47099832]
[0.47099832]
[0.47099832]
[0.47099832]
[0.47099832]
[0.47099832]
[0.47099832]
[0.47099832]
[0.47099832]
[0.47099832]
[0.47099832]
[0.47099832]
[0.47099832]
[0.47099832]
[0.47099832]
[0.47099832]
[0.47099832]
[0.47099832]
[0.47099832]
[0.47099832]
[0.47099832]
[0.47099832]
[0.47099832]
[0.47099832]
[0.47099832]
[0.47099832]
[0.47099832]
[0.47099832]
[0.47099832]
[0.47099832]
[0.47099832]
[0.47099832]
[0.47099832]
[0.47099832]
[0.47099832]
[0.47099832]
[0.47099832]
[0.47099832]
[0.47099832]
[0.47099832]
[0.47099832]
[0.47099832]
[0.47099832]
[0.47099832]
[0.47099832]
[0.47099832]
[0.47099832]
[0.47099832]
[0.47099832]
[0.47099832]
[0.47099832]
[0.47099832]
[0.47099832]
[0.47099832]
[0.47099832]
[0.47099832]
[0.47099832]
[0.47099832]
[0.47099832]
[0.47099832]
[0.47099832]
[0.47099832]
[0.47099832]
[0.47099832]
[0.47099832]
[0.47099832]
[0.47099832]
[0.47099832]
[0.47099832]
[0.47099832]
[0.47344232]
[0.2052937]
[0.17936134]
[0.45994887]
[0.17643157]
[0.47638997]
[0.18124022]
[0.18934244]
[0.4464773]
[0.37986338]
[0.4644391]
[0.4644391]
[0.4644391]
[0.4644391]
[0.4644391]
[0.4644391]
[0.4644391]
[0.4644391]
[0.17128114]
[0.45864964]
[0.45864964]
[0.5824621]
[0.19173267]
[0.4721364]
[0.5643326]
[0.4286817]
[0.48581594]
[0.34791946]
[0.45087454]
[0.4184428]
[0.3610304]
[0.44846272]
[0.5029923]
[0.44723576]
[0.4139703]
[0.19249076]
[0.24042754]
[0.4387822]
[0.41148505]
[0.25275177]
[0.42362967]
[0.408878]
[0.408878]
[0.408878]
[0.408878]
[0.4104332]
[0.32499078]
[0.44757327]
[0.48540556]
[0.43527606]
[0.3968807]
[0.3968807]
[0.3968807]
[0.3968807]
[0.3968807]
[0.3968807]
[0.3968807]
[0.3968807]
[0.3968807]
[0.3968807]
[0.3968807]
[0.3968807]
[0.3968807]
[0.3968807]
[0.3968807]
[0.3968807]
[0.3968807]
[0.3968807]
[0.3968807]
[0.3968807]
[0.3968807]
[0.3968807]
[0.3968807]
[0.3968807]
[0.3968807]
[0.3968807]
[0.3968807]
[0.3968807]
[0.3968807]
[0.3968807]
[0.3968807]
[0.3968807]
[0.3968807]
[0.3968807]
[0.3968807]
[0.3968807]
[0.3968807]
[0.3968807]
[0.3968807]
[0.3968807]
[0.3968807]
[0.3968807]
[0.3968807]
[0.3968807]
[0.3968807]
[0.3968807]
[0.3968807]
[0.3968807]
[0.3968807]
[0.3968807]
[0.3968807]
[0.3968807]
[0.3968807]
[0.3968807]
[0.3968807]
[0.3968807]
[0.3968807]
[0.3968807]
[0.3968807]
[0.3968807]
[0.3968807]
[0.3968807]
[0.3968807]
[0.3968807]
[0.3968807]
[0.3968807]
[0.3968807]
[0.3968807]
[0.3968807]
[0.3968807]
[0.3968807]
[0.3968807]
[0.3968807]
[0.3968807]
[0.3968807]
[0.3968807]
[0.3968807]
[0.3968807]
[0.3968807]
[0.3968807]
[0.3968807]
[0.3968807]
[0.3968807]
[0.3968807]
[0.3968807]
[0.3968807]
[0.3968807]
[0.3968807]
[0.3968807]
[0.3968807]
[0.3968807]
[0.3968807]
[0.3968807]
[0.3968807]
[0.3968807]
[0.3968807]
[0.3968807]
[0.3968807]
[0.3968807]
[0.3968807]
[0.3968807]
[0.3968807]
[0.3968807]
[0.3968807]
[0.3968807]
[0.3968807]
[0.3968807]
[0.3968807]
[0.3968807]
[0.3968807]
[0.3968807]
[0.3968807]
[0.3968807]
[0.3968807]
[0.3968807]
[0.3968807]
[0.3968807]
[0.3968807]
[0.3968807]
[0.3968807]
[0.3968807]
[0.3968807]
[0.3968807]
[0.3968807]
[0.3968807]
[0.3968807]
[0.3968807]
[0.3968807]
[0.3968807]
[0.3968807]
[0.3968807]
[0.3968807]
[0.3968807]
[0.3968807]
[0.3968807]
[0.3968807]
[0.3968807]
[0.3968807]
[0.3968807]
[0.3968807]
[0.3968807]
[0.3968807]
[0.3968807]
[0.3968807]
[0.3968807]
[0.3968807]
[0.3968807]
[0.3968807]
[0.3968807]
[0.3968807]
[0.3968807]
[0.3968807]
[0.3968807]
[0.3968807]
[0.3968807]
[0.3968807]
[0.3968807]
[0.3968807]
[0.3968807]
[0.3968807]
[0.38240513]
[0.37803516]
[0.2863002]
[0.21078086]
[0.24091308]
[0.24091308]
[0.46256515]
[0.38906157]
[0.4236807]
[0.39632827]
[0.25129288]
[0.3050599]
[0.24575433]
[0.1981965]
[0.40439984]
[0.30938768]
[0.42619058]
[0.33208925]
[0.41763163]
[0.39454153]
[0.436835]
[0.27055502]
[0.34547937]
[0.30829272]
[0.35698825]
[0.3355345]
[0.23679869]
[0.33066615]
[0.2711971]
[0.2242243]
[0.16689211]
[0.26529223]
[0.57389206]
[0.2241267]
[0.19812743]
[0.2699241]
[0.37402022]
[0.2224494]
[0.14363916]
[0.14157233]
[0.13154742]
[0.4603227]
[0.21415935]
[0.16243991]
[0.49085927]
[0.428311]
[0.42441824]
[0.3466705]
[0.42391795]
[0.17315257]
[0.3542329]
[0.42149884]
[0.3404406]
[0.18018806]
