3.659126486260547
3.055455580861885
3.34436027651749
3.0897907436135217
4.450548754715003
4.305651461007035
4.04928172252386
1.6498186519694187
4.050058487095534
4.563582638892763
1.656656417299203
1.656656417299203
5.225556111235103
3.179019397396612
3.1547847787143626
4.58944286381174
4.567057491806697
4.063158506216719
1.7668577754784174
3.9852989833118526
2.9753172648205677
1.7801275485786796
1.7801275485786796
4.761501379164779
4.250000630390517
3.806062254887661
4.640932300167874
4.8892656627654425
1.9888588514340384
4.760063796976935
2.350830216691172
2.350830216691172
4.664621365683215
3.8209688574896097
2.992028657784962
3.5775390050475533
2.9777074287549947
2.311407915376286
3.5030963362820158
2.7044929385768626
1.633046894810402
1.633046894810402
3.4033701925155952
3.061257217923708
2.1752369053020377
2.228038969299895
2.3712935539614772
2.3712935539614772
2.3712935539614772
2.3712935539614772
2.3712935539614772
2.3712935539614772
3.5274390050475546
4.170536521860003
4.465511286107619
4.465511286107619
4.465511286107619
5.153848412361551
2.806556325150469
1.5682833491125763
4.657914565977967
3.230678234512296
2.175347093466927
4.628422499180539
2.9966723109922384
3.750107643309814
2.2434282695303285
1.8960347541525326
3.4911553872103447
2.685385046724205
2.7928959153389314
2.971517001951174
2.971517001951174
2.971517001951174
2.971517001951174
3.7636931742937483
2.282910291288717
2.282910291288717
2.28808062158574
2.789333772651542
3.0500231254422623
4.828529622954237
2.248561901861244
2.7933349367827383
1.2575084734603799
1.2575084734603799
1.2575084734603799
2.2713817372159077
2.2713817372159077
2.2713817372159077
2.595369194554671
1.67824715526368
1.9840033534405688
1.8843147033406034
1.8398713458785405
4.723083133660348
2.3985346156841754
3.1466669550220523
2.023832803990018
2.023832803990018
4.062374242788193
1.7528986761460317
1.7528986761460317
3.9761220921471976
2.4291690677262814
3.3324055038268012
2.198675352600759
2.198675352600759
1.7452214341098333
1.7452214341098333
2.120709077012771
2.120709077012771
2.120709077012771
2.149270961838022
2.4935279909621624
2.4935279909621624
2.4935279909621624
2.3998347921140066
3.5913209938162627
2.1746878266132335
2.1746878266132335
2.7299699490041203
2.4954717993492803
2.0709838332424564
2.4826361541457143
2.366458060892233
2.366458060892233
2.366458060892233
1.7741611488054367
1.7741611488054367
2.7321633541956096
2.5549615387610984
2.6038186660713745
1.6139724981118686
2.490045577222638
1.6052757610329103
1.6052757610329103
2.3318210588521353
2.3318210588521353
2.3318210588521353
2.3318210588521353
3.054772258694431
3.054772258694431
3.054772258694431
3.054772258694431
2.2729542391047186
4.188280081105724
2.873426655455564
1.8084328860670578
2.2111986374240438
2.1015276926072524
2.135815198241975
3.162241477475649
1.6583509974774877
2.9047608659818795
3.4222919227123922
2.841783164522269
2.830285458377883
4.676063163812492
3.259971489284629
3.259971489284629
3.259971489284629
1.4920281813106016
2.6542387823508413
1.9468531329100447
2.167130620792028
2.167130620792028
3.330489545090213
2.556085234555752
3.9098508086540367
2.1125682459933515
2.1125682459933515
2.126557614390885
1.3756519655025397
1.3756519655025397
1.3756519655025397
1.3756519655025397
2.7309563415848555
2.7100841744944493
3.6378242182497917
2.971355163789335
1.963608551254378
1.7473864603197313
1.7473864603197313
4.788418073777508
3.93551671982485
5.31084246831597
2.6241925879559886
2.3338656532998243
3.004143117455439
2.600487248091765
1.492740890903633
3.019070835755146
2.3101294066548146
2.733322500299561
3.7534567706482953
2.241270768448949
2.4110543882490845
2.811795967586985
2.811795967586985
2.811795967586985
2.811795967586985
2.5669523079918672
2.2922416352126493
2.2202851360329117
3.6088375489850515
3.6733952854757312
2.638496265528481
2.9888539759026695
3.3466033534405675
4.451508023959985
3.686199812609786
3.3760283701786102
2.7224044182912106
2.7224044182912106
3.4247745623048536
2.171340425365832
1.5332404368516723
1.5332404368516723
3.7635757423410405
4.8724722280236525
3.5104290844171526
3.904151130802564
2.2867497585463408
1.8548469854825598
2.918396683588682
2.2827581426638464
2.2827581426638464
3.33704769490265
3.985318973585782
2.1049818544217977
2.6036853599090044
3.4259952215724354
1.8331205613031276
2.758310382480669
2.4601895261393647
2.4601895261393647
2.496537138715796
2.6868080772226364
3.4277130206482953
2.861561839087246
3.1481273079918672
2.6250579725713727
4.344740114144319
2.911952803990017
3.666621914879064
2.954710877904777
2.954710877904777
2.4962419632577806
2.370388466945874
2.4953508971644496
2.015275520648297
1.5509963690550617
3.1310446156841767
3.1434916273257985
3.2138437306141103
3.2138437306141103
3.2138437306141103
3.2138437306141103
3.2138437306141103
3.2138437306141103
3.2138437306141103
1.892851236176643
2.523919399553572
3.163551265528481
3.1641057695303285
2.266076184201591
2.586524164019874
2.976355052685868
2.511039763150185
2.511039763150185
1.4123290433790174
3.242382251417526
3.242382251417526
3.1872033285479358
3.1872033285479358
2.9345264530264146
3.144970384914946
3.1148592572543636
2.6135022164127477
2.4876782748887614
3.4378895110329104
3.593540184109833
2.5622050270765815
2.5622050270765815
2.5622050270765815
2.718332649435954
2.294700967003685
2.123273889731136
2.928158654145715
2.935739722582234
2.5402585009617304
4.470868598520511
2.653127391561563
2.8499125638900242
2.8499125638900242
2.8123932804337546
4.006687380855396
2.8701134408074953
5.02626049629771
3.4463021324119936
4.180965586881161
2.697424162114105
3.3164320189189294
4.405489126685696
3.6720875044170374
3.31476698902539
2.97660051843469
2.6644263401380126
4.353415439095127
2.9127780466616784
3.313477966455941
3.307510877904777
3.6486427119135403
3.10920591393132
2.915422254539468
3.2759533851223335
2.3703447078582816
2.3703447078582816
3.483106418959098
2.9235988735944467
2.745984807991869
3.1727456046685
3.4054392402654523
2.6030233917362917
2.9949976728360266
2.444564303932319
3.150361401306804
3.150361401306804
3.2004539388793454
2.3803234876991297
3.6454742187246776
3.0175716088673816
2.718376741974982
2.7496003372345186
3.0931466477113716
3.03842825361082
2.2382490489919338
3.339869083124203
3.051964466945872
3.051964466945872
4.246405158893706
2.7227901841098348
4.50925481315753
3.6004880772226375
3.3471225099580835
3.18722969189281
3.9802593270266415
2.6701085512543763
1.3661344318459836
3.999685352767174
2.73336433161732
3.1827734165891677
2.486912171554046
3.069062620275785
2.8866061517689996
3.2959719470061195
2.219572300167874
2.6807339028911183
3.678024807991868
3.5987763464534073
4.055097395547854
3.2174654523741673
3.861531924869139
1.7362752312011747
2.785916969490904
1.576901598825346
3.5614064864569457
3.4921264243599275
4.319174336407505
3.585674995788498
3.2881611395209926
4.226495007119139
3.715769423376482
4.215195570907243
2.2221151301339273
2.9533296908372293
3.774765353905286
3.2384577440135054
1.5445545429082337
2.457934108359682
3.2982865242599626
3.0061938377535142
2.588345521597436
4.096847743536003
2.0380150904747794
1.723648682310177
3.9634718643040054
1.9048592926283714
3.121143437602946
4.311076148141995
2.325698771755617
1.3960975456870948
1.192665672972261
1.1952146240212116
3.5425426532793125
2.866129876225857
3.710062958690746
3.571641602777693
3.5221842923096975
3.4012871918556735
4.9152389990438365
4.07346033607955
3.506582121042607
2.902556530263679
3.6299877518335624
3.4360809609999663
2.044335323890282
1.801043076412153
2.1395517842579306
3.790513843450059
2.4496819940392527
3.1180068958664133
1.5610329303024777
2.778825426217468
4.665408640528284
3.010523312609787
4.107502379627785
3.55901611700798
2.3387881677426794
2.6355732219422983
3.0082432779998296
3.33986065829483
2.5773981224938094
2.101531370552168
3.784939348455276
3.886192560734253
3.6243014826071978
3.81870461487369
3.0854173716694024
2.870106539771175
2.385817209746362
2.850885025008438
2.5023506853568325
4.88964585793365
3.150963778689352
2.1478777556520683
1.9328242738373174
4.198100192939098
2.401462500207902
4.208949721063223
3.6674870841486333
2.737125724303766
3.6753240054486778
4.08180656983312
3.616591125209238
3.0498875538859966
3.636599938706528
3.119323046467981
3.006787807865753
4.2073026636707755
3.200061508006442
3.7780887373179493
2.995875611257084
2.5237761592535666
3.6395999695449035
2.746548188605402
2.746548188605402
2.1469477997296877
4.26736921069073
2.826500858946684
4.347107661852596
1.8027177341885317
3.213441227009243
1.6955023495731467
2.775445836390139
3.368491064329472
3.5133525343340075
4.5869384310833645
3.641536218751261
3.5316946381333407
4.871647280881309
5.870137844001181
3.113428897747685
3.1832259391678033
3.9311365342500366
6.194410814685087
3.575372602314296
3.5048837941194364
5.666230617604388
3.2760803629730866
4.537091693081483
5.081780327799162
3.4674067407429128
3.890473416358354
4.455540713487186
4.259707599296042
3.4739236903003654
3.2387551855025656
4.499266452363653
4.711148654145713
5.600682699673367
3.7531492252733294
5.625554120945007
5.37130228528067
4.662687119338981
5.044565127815588
4.0353117367078415
4.714388923156104
5.56046346587652
