12.97099999999998
13.269019999999978
14.250299999999973
13.347799999999976
13.347799999999976
13.347799999999976
12.755199999999979
12.755199999999979
14.421399999999972
12.300899999999977
13.372799999999973
12.09939999999998
12.09939999999998
12.09939999999998
12.09939999999998
14.405799999999973
12.830099999999977
12.441599999999982
11.78123999999998
12.168119999999982
11.866399999999981
11.866399999999981
11.612419999999982
11.612419999999982
11.612419999999982
11.612419999999982
11.612419999999982
12.337399999999983
10.660999999999989
12.742799999999978
12.987599999999977
13.344399999999975
10.969419999999985
10.969419999999985
10.969419999999985
13.536499999999974
11.881199999999984
11.881199999999984
11.881199999999984
11.881199999999984
11.881199999999984
11.881199999999984
11.859699999999984
11.108519999999984
11.453619999999985
11.241799999999987
11.592699999999985
11.592699999999985
11.592699999999985
12.20549999999998
12.61349999999998
12.003599999999981
10.949699999999988
12.467899999999979
12.960999999999975
11.574999999999983
11.574999999999983
11.352599999999985
12.47309999999998
12.47309999999998
12.47309999999998
10.893219999999987
10.893219999999987
11.367399999999986
12.216699999999982
12.697399999999977
12.697399999999977
10.147199999999991
10.893219999999989
11.449599999999986
11.462999999999985
11.227799999999986
11.227799999999986
12.040999999999983
12.040999999999983
12.040999999999983
11.969099999999983
11.969099999999983
12.150299999999982
12.754399999999976
12.754399999999976
11.98419999999998
11.98419999999998
13.278199999999975
12.33189999999998
11.518819999999986
11.159219999999985
13.11869999999998
12.172799999999981
10.584799999999989
10.584799999999989
10.584799999999989
11.739199999999984
11.461799999999982
10.939819999999987
12.632299999999976
10.631399999999987
12.70479999999998
12.44059999999998
11.340399999999986
12.035099999999982
11.480799999999983
12.134299999999982
10.962619999999989
10.962619999999989
11.377019999999984
10.962619999999989
10.473499999999989
11.357819999999982
12.618399999999978
12.646699999999978
12.553199999999979
10.461719999999989
10.461719999999989
10.89881999999999
11.161999999999985
11.161999999999985
10.62679999999999
10.62679999999999
12.76509999999998
11.375919999999985
9.610839999999994
9.610839999999994
11.068599999999988
11.500899999999985
11.442619999999986
11.822899999999985
11.238599999999986
11.238599999999986
11.238599999999986
11.238599999999986
11.236319999999985
11.481399999999985
11.413399999999983
11.048119999999988
12.952899999999977
13.137199999999979
10.426019999999989
11.392399999999986
11.649799999999985
11.880199999999984
11.880199999999984
11.880199999999984
11.880199999999984
11.880199999999984
11.420999999999987
11.649799999999985
9.610839999999994
9.610839999999994
9.610839999999994
11.404599999999984
11.540119999999984
11.052799999999987
11.353399999999985
11.359619999999985
11.344499999999986
11.200819999999986
11.578899999999985
11.143319999999987
10.797419999999988
10.797419999999988
10.024319999999992
10.024319999999992
11.207919999999987
10.798819999999987
11.363899999999985
9.633399999999993
10.64179999999999
11.613399999999983
11.613399999999983
13.327099999999975
8.993999999999998
11.760499999999983
11.760499999999983
11.621399999999985
10.985819999999986
10.985819999999986
11.269419999999986
11.010699999999986
10.36201999999999
11.73869999999998
11.231699999999986
10.863219999999988
10.581419999999989
11.377799999999985
11.525099999999984
11.070299999999989
10.824999999999989
11.945199999999982
10.48899999999999
9.945419999999993
9.302419999999996
9.302419999999996
11.639899999999985
10.805219999999991
11.664519999999984
11.327199999999985
9.687439999999995
11.823299999999984
10.967599999999987
10.967599999999987
11.776499999999983
10.288219999999992
8.993999999999998
11.240799999999988
12.11619999999998
11.379199999999983
11.489499999999982
10.805219999999991
12.160299999999982
10.80709999999999
11.513099999999985
12.84279999999998
11.440399999999986
11.440399999999986
10.28511999999999
12.556919999999979
10.375519999999991
9.497399999999997
10.973199999999988
10.93069999999999
11.329599999999985
12.788199999999977
11.245719999999984
11.137819999999987
10.61981999999999
9.619299999999996
11.565699999999985
11.309999999999988
11.968999999999982
9.311019999999997
10.933519999999987
11.470319999999983
9.480199999999996
11.076399999999985
10.954399999999987
10.100519999999992
12.132299999999981
12.599299999999978
10.035499999999992
9.282699999999997
10.538999999999989
11.325399999999984
11.051099999999987
11.572099999999983
9.598819999999996
11.573399999999982
10.40719999999999
9.226219999999998
11.205499999999983
11.834299999999983
11.19269999999999
10.491799999999992
11.745499999999984
11.208999999999985
10.69571999999999
10.41609999999999
11.481719999999983
8.9178
10.827319999999988
11.517599999999984
9.387299999999996
9.387299999999996
9.008019999999997
11.430199999999985
9.857999999999993
9.857999999999993
9.857999999999993
10.473299999999993
10.566319999999989
10.604099999999988
11.105599999999987
11.068299999999986
11.302799999999984
12.700799999999978
9.900499999999994
11.326199999999982
11.085799999999988
9.794799999999993
10.32969999999999
10.59479999999999
10.59479999999999
10.419719999999991
11.225999999999985
9.809499999999996
10.124199999999991
8.716600000000003
8.716600000000003
10.810819999999987
11.765399999999984
10.219199999999992
10.340819999999992
10.49359999999999
10.480099999999991
10.165299999999993
10.744199999999989
10.35651999999999
11.348699999999985
10.529299999999992
10.614619999999988
8.761120000000002
10.458519999999993
10.25561999999999
10.625799999999991
10.886699999999989
13.341099999999978
10.943399999999988
10.44543999999999
9.563799999999995
11.047299999999987
9.946399999999993
8.8735
9.2699
10.394719999999994
11.134599999999987
10.240219999999992
9.874999999999995
9.390819999999996
8.794920000000001
10.656399999999993
11.304899999999988
9.318819999999997
10.414599999999991
11.971199999999982
13.017199999999974
10.484699999999991
10.484699999999991
11.429499999999985
11.351599999999983
9.369019999999997
9.451499999999998
10.72659999999999
10.294719999999991
9.174319999999998
8.49422
10.024599999999992
9.302299999999997
10.76371999999999
10.813719999999988
10.53449999999999
9.826899999999993
10.427919999999991
9.2045
10.52189999999999
10.376919999999993
9.398899999999998
9.625219999999995
8.990099999999998
10.970399999999987
10.626799999999989
10.503399999999992
9.738519999999994
10.050299999999996
10.115199999999994
8.720320000000001
9.660119999999994
11.203399999999988
10.971819999999987
9.575299999999995
9.686199999999996
10.547819999999989
8.94932
11.489999999999986
8.120100000000008
8.720600000000003
9.645399999999997
10.477299999999989
8.818240000000001
9.321599999999998
10.329599999999992
10.064999999999994
9.386499999999998
9.879699999999994
9.515599999999996
9.243099999999998
9.220499999999998
9.974099999999991
11.416999999999986
9.805719999999997
10.702519999999991
10.921899999999988
10.016899999999993
9.394999999999996
10.087599999999995
9.067639999999999
9.648099999999994
9.668199999999997
7.733200000000006
7.435920000000006
8.64342
8.778440000000002
8.9183
8.530200000000002
9.980819999999992
8.002100000000006
5.146200000000003
10.585219999999989
9.800219999999994
7.037800000000005
9.752199999999995
9.872299999999994
9.243719999999998
9.293299999999999
10.027519999999992
8.458500000000004
6.046300000000005
8.025500000000008
6.928000000000006
5.927100000000005
4.650000000000004
4.650000000000004
4.650000000000004
4.7569000000000035
4.7569000000000035
6.736400000000006
6.293700000000005
5.714620000000003
9.981319999999995
5.194500000000004
3.823100000000003
2.839800000000001
5.002400000000004
3.3211000000000013
5.224700000000004
3.2578000000000014
3.166100000000001
2.30344
3.3093000000000012
12.08689999999998
5.912600000000005
4.521300000000004
2.1341200000000002
3.275900000000002
10.822899999999988
2.1561000000000003
4.348800000000003
5.143600000000005
5.274780000000003
3.1942200000000014
4.047620000000003
4.587400000000004
3.862800000000002
3.533920000000003
4.2302000000000035
10.63249999999999
5.427000000000004
1.8987
2.7997200000000015
2.9522200000000014
2.6438000000000006
9.358199999999997
10.419899999999991
3.262400000000002
9.764399999999997
11.083199999999987
0.5154
1.0262
1.5824
2.6019000000000005
6.036900000000005
1.7485
2.2118
2.2118
1.29922
1.532
1.532
1.9903
0.9275
11.084599999999986
12.378099999999979
11.145499999999988
10.050399999999993
10.258999999999993
11.933399999999983
10.70379999999999
9.17752
10.076399999999992
11.566599999999983
8.98312
9.651819999999997
11.064199999999987
12.827919999999976
12.885199999999978
11.801899999999982
10.87029999999999
8.483400000000005
9.403199999999996
8.724620000000002
10.914699999999991
10.51399999999999
9.822999999999997
9.0274
11.080799999999986
8.167600000000004
9.990799999999993
10.68339999999999
13.130019999999975
11.817299999999983
11.817499999999983
13.123699999999976
