3.6549787458893235
3.754868078424698
3.754868078424698
3.754868078424698
3.754868078424698
3.754868078424698
3.754868078424698
3.83579757346953
3.7348000920431694
3.48961923671064
3.48961923671064
3.48961923671064
3.6124463700717016
3.6318634574277855
3.6318634574277855
3.6318634574277855
3.6318634574277855
3.6318634574277855
3.6318634574277855
3.6318634574277855
3.6318634574277855
3.6318634574277855
3.6318634574277855
3.6318634574277855
3.6318634574277855
3.6318634574277855
3.6318634574277855
3.6318634574277855
3.6318634574277855
3.6318634574277855
3.6318634574277855
3.6318634574277855
3.6318634574277855
3.6318634574277855
3.6318634574277855
3.3601907250156584
3.6580543228124
3.6580543228124
3.6580543228124
3.6580543228124
3.6580543228124
3.6580543228124
3.6580543228124
3.6580543228124
3.6580543228124
3.6580543228124
3.6580543228124
3.6580543228124
3.6580543228124
3.6580543228124
3.6580543228124
3.6580543228124
3.6580543228124
3.6580543228124
3.6580543228124
3.6580543228124
3.6580543228124
3.6580543228124
3.6580543228124
3.6580543228124
3.6580543228124
3.6580543228124
3.6580543228124
3.6580543228124
3.6580543228124
3.6580543228124
3.6580543228124
3.6580543228124
3.6580543228124
3.6580543228124
3.6580543228124
3.6580543228124
3.6580543228124
3.6580543228124
3.6580543228124
3.6580543228124
3.6580543228124
3.6580543228124
3.6580543228124
3.6580543228124
3.6580543228124
3.6580543228124
3.6580543228124
3.6580543228124
3.6580543228124
3.6580543228124
3.6580543228124
3.6580543228124
3.6580543228124
3.6580543228124
3.6580543228124
3.6580543228124
3.6580543228124
3.6580543228124
3.6580543228124
3.6580543228124
3.6580543228124
3.6580543228124
3.6580543228124
3.6580543228124
3.6580543228124
3.6580543228124
3.6580543228124
3.6580543228124
3.6580543228124
3.6580543228124
3.6580543228124
3.6580543228124
3.6580543228124
3.6580543228124
3.6580543228124
3.6580543228124
3.6580543228124
3.6580543228124
3.6580543228124
3.6580543228124
3.6580543228124
3.6580543228124
3.6580543228124
3.6580543228124
3.6580543228124
3.6580543228124
3.6580543228124
3.6580543228124
3.6580543228124
3.6580543228124
3.6580543228124
3.6580543228124
3.6580543228124
3.6580543228124
3.6580543228124
3.6580543228124
3.6580543228124
3.6580543228124
3.6580543228124
3.6580543228124
3.6580543228124
3.6580543228124
3.6580543228124
3.6580543228124
3.6580543228124
3.6580543228124
3.6580543228124
3.6580543228124
3.6580543228124
3.6580543228124
3.6580543228124
3.6580543228124
3.6580543228124
3.6580543228124
3.6580543228124
3.6580543228124
3.6580543228124
3.6580543228124
3.6580543228124
3.6580543228124
3.6580543228124
3.6580543228124
3.6580543228124
3.6580543228124
3.6580543228124
3.6580543228124
3.6580543228124
3.6580543228124
3.6580543228124
3.6580543228124
3.6580543228124
3.6580543228124
3.6580543228124
3.6580543228124
3.6580543228124
3.6580543228124
3.6580543228124
3.6580543228124
3.6580543228124
3.6580543228124
3.6580543228124
3.6580543228124
3.6580543228124
3.6580543228124
3.6580543228124
3.6580543228124
3.6580543228124
3.6580543228124
3.6580543228124
3.6580543228124
3.6580543228124
3.6580543228124
3.6580543228124
3.6580543228124
3.6580543228124
3.6580543228124
3.6580543228124
3.6580543228124
3.6580543228124
3.6580543228124
3.6580543228124
3.6580543228124
3.6580543228124
3.6580543228124
3.6580543228124
3.6580543228124
3.6580543228124
3.6580543228124
3.6580543228124
3.6580543228124
3.6580543228124
3.6580543228124
3.6580543228124
3.6580543228124
3.6580543228124
3.6580543228124
3.6580543228124
3.6580543228124
3.7287183851731642
3.639107960187065
3.639107960187065
3.639107960187065
3.639107960187065
3.639107960187065
3.639107960187065
3.639107960187065
3.639107960187065
3.639107960187065
3.639107960187065
3.639107960187065
3.639107960187065
3.639107960187065
3.639107960187065
3.639107960187065
3.639107960187065
3.639107960187065
3.639107960187065
3.639107960187065
3.639107960187065
3.639107960187065
3.639107960187065
3.639107960187065
3.639107960187065
3.639107960187065
3.639107960187065
3.639107960187065
3.639107960187065
3.639107960187065
3.639107960187065
3.639107960187065
3.639107960187065
3.639107960187065
3.639107960187065
3.639107960187065
3.639107960187065
3.639107960187065
3.639107960187065
3.639107960187065
3.639107960187065
3.639107960187065
3.639107960187065
3.639107960187065
3.639107960187065
3.639107960187065
3.639107960187065
3.639107960187065
3.639107960187065
3.639107960187065
3.639107960187065
3.639107960187065
3.639107960187065
3.639107960187065
3.639107960187065
3.639107960187065
3.639107960187065
3.639107960187065
3.639107960187065
3.639107960187065
3.639107960187065
3.639107960187065
3.639107960187065
3.639107960187065
3.639107960187065
3.639107960187065
3.639107960187065
3.639107960187065
3.639107960187065
3.639107960187065
3.639107960187065
3.639107960187065
3.639107960187065
3.639107960187065
3.639107960187065
3.639107960187065
3.639107960187065
3.639107960187065
3.639107960187065
3.639107960187065
3.639107960187065
3.639107960187065
3.639107960187065
3.639107960187065
3.639107960187065
3.639107960187065
3.639107960187065
3.639107960187065
3.639107960187065
3.639107960187065
3.639107960187065
3.639107960187065
3.639107960187065
3.639107960187065
3.639107960187065
3.639107960187065
3.639107960187065
3.639107960187065
3.639107960187065
3.639107960187065
3.639107960187065
3.639107960187065
3.639107960187065
3.639107960187065
3.639107960187065
3.639107960187065
3.639107960187065
3.639107960187065
3.639107960187065
3.639107960187065
3.639107960187065
3.639107960187065
3.639107960187065
3.639107960187065
3.639107960187065
3.639107960187065
3.639107960187065
3.639107960187065
3.639107960187065
3.639107960187065
3.639107960187065
3.639107960187065
3.639107960187065
3.639107960187065
3.639107960187065
3.639107960187065
3.639107960187065
3.639107960187065
3.639107960187065
3.639107960187065
3.639107960187065
3.639107960187065
3.639107960187065
3.639107960187065
3.639107960187065
3.639107960187065
3.639107960187065
3.639107960187065
3.639107960187065
3.639107960187065
3.639107960187065
3.639107960187065
3.639107960187065
3.639107960187065
3.639107960187065
3.639107960187065
3.639107960187065
3.639107960187065
3.639107960187065
3.639107960187065
3.639107960187065
3.639107960187065
3.639107960187065
3.639107960187065
3.639107960187065
3.639107960187065
3.639107960187065
3.639107960187065
3.639107960187065
3.358282734995793
3.358282734995793
3.358282734995793
3.358282734995793
3.358282734995793
3.358282734995793
3.358282734995793
3.358282734995793
3.358282734995793
3.358282734995793
3.358282734995793
3.358282734995793
3.5554577843508612
3.5554577843508612
3.5554577843508612
3.5554577843508612
3.5554577843508612
3.5554577843508612
3.5554577843508612
3.5554577843508612
3.5554577843508612
3.5554577843508612
3.5554577843508612
3.5554577843508612
3.5554577843508612
3.5554577843508612
3.5554577843508612
3.5554577843508612
3.5554577843508612
3.5554577843508612
3.4777459393074057
3.4777459393074057
3.4777459393074057
3.4777459393074057
3.4777459393074057
3.4777459393074057
3.4777459393074057
3.4777459393074057
3.4777459393074057
3.4777459393074057
3.4777459393074057
3.4777459393074057
3.4777459393074057
3.4777459393074057
3.4777459393074057
3.4777459393074057
3.4777459393074057
3.4777459393074057
3.4777459393074057
3.4777459393074057
3.4777459393074057
3.4777459393074057
3.4777459393074057
3.4777459393074057
3.4777459393074057
3.4777459393074057
3.4777459393074057
3.4777459393074057
3.4777459393074057
3.4777459393074057
3.4777459393074057
3.4777459393074057
3.4777459393074057
3.8165853979150244
3.862098261491644
3.773060905229795
3.83443355358163
3.7117791542335015
3.4057454702704044
4.074996991994482
3.6701836025656647
3.745764372715028
4.27321116478619
3.4329567589816925
3.840194364408653
3.840194364408653
3.733636362553929
3.725175284350862
3.685536954269905
3.495835848904794
3.5964768301953356
3.9953397074277834
3.9114476051574787
4.105833664917278
4.213379640482273
4.1838347141236305
4.1838347141236305
4.1838347141236305
4.1838347141236305
4.1838347141236305
4.1838347141236305
3.865778249256125
3.773015291733799
3.674526599240319
3.992668265120092
4.045402009524272
3.9881786497354774
4.226664303058959
4.232016342043169
4.535966902057601
3.90368758505212
4.251992740880589
3.4493120038947787
1.4243336278217864
2.412737014544481
2.8638594001153237
3.0489306072873035
2.389478578192737
1.3756519655025397
1.3756519655025397
3.9596568977435025
1.1818243653934424
4.725779297737516
2.034355624758769
3.9094502843508607
3.8687815098246228
5.780345932901546
2.31212226882837
4.90948275145056
5.140755907446536
5.140755907446536
4.763927592574367
4.953541519018092
4.642739000632603
2.8955150725709924
4.4543402234977325
4.741407676189578
