[0.05944707]
[0.05944707]
[0.05984424]
[0.05984424]
[0.05942174]
[0.05962667]
[0.06073046]
[0.05947374]
[0.05964703]
[0.05964703]
[0.05964703]
[0.05950648]
[0.05950648]
[0.05950063]
[0.05950699]
[0.05961247]
[0.05982487]
[0.05961768]
[0.05946695]
[0.05960947]
[0.05947251]
[0.05962651]
[0.05951728]
[0.05972343]
[0.05960708]
[0.05956677]
[0.05985608]
[0.05985608]
[0.05985608]
[0.05998905]
[0.05992833]
[0.0598048]
[0.05948961]
[0.05954969]
[0.05955015]
[0.05955015]
[0.05981872]
[0.05947077]
[0.05947077]
[0.06000668]
[0.05975589]
[0.05975589]
[0.05975589]
[0.05992503]
[0.05950079]
[0.05950079]
[0.05950079]
[0.05954019]
[0.06013586]
[0.06013586]
[0.06013586]
[0.06013586]
[0.05960788]
[0.05960788]
[0.059612]
[0.05970747]
[0.06025878]
[0.06004005]
[0.06004005]
[0.05966925]
[0.05967942]
[0.0601079]
[0.05968094]
[0.05968094]
[0.05968094]
[0.05968094]
[0.05968094]
[0.05968094]
[0.05968094]
[0.05968094]
[0.05984535]
[0.05989818]
[0.05989818]
[0.05948994]
[0.05977199]
[0.06034197]
[0.0609522]
[0.05993911]
[0.05993911]
[0.05993911]
[0.05955009]
[0.05975813]
[0.05975813]
[0.05956861]
[0.05956861]
[0.059558]
[0.059558]
[0.05989689]
[0.05953661]
[0.0594765]
[0.05953668]
[0.05953668]
[0.05953668]
[0.06017189]
[0.05953542]
[0.0598486]
[0.06000443]
[0.05970801]
[0.05970801]
[0.05970801]
[0.05979204]
[0.05979204]
[0.05979204]
[0.05979204]
[0.05965967]
[0.05954637]
[0.06054921]
[0.06054921]
[0.059638]
[0.05957202]
[0.05973738]
[0.05960025]
[0.05986787]
[0.05970167]
[0.05970167]
[0.05986322]
[0.05976476]
[0.05976476]
[0.0597851]
[0.05985209]
[0.05985209]
[0.05972659]
[0.05960566]
[0.05960566]
[0.05952219]
[0.05967455]
[0.059658]
[0.05995645]
[0.06010639]
[0.06010639]
[0.05957738]
[0.05957738]
[0.06000465]
[0.05958685]
[0.05958685]
[0.0598392]
[0.06028476]
[0.05971882]
[0.05971882]
[0.05962697]
[0.05962697]
[0.05962697]
[0.05958404]
[0.05958404]
[0.05958404]
[0.0604853]
[0.0604853]
[0.05971536]
[0.05952619]
[0.05952619]
[0.05952619]
[0.05979583]
[0.05979583]
[0.05953599]
[0.05956299]
[0.05978325]
[0.05973836]
[0.06022576]
[0.06022576]
[0.05974011]
[0.05973848]
[0.05973848]
[0.0597586]
[0.05952128]
[0.05953482]
[0.05953482]
[0.05953482]
[0.06105777]
[0.05980486]
[0.05954022]
[0.05952199]
[0.05952199]
[0.0600711]
[0.05975882]
[0.05975882]
[0.05991806]
[0.0612652]
[0.06055126]
[0.06036396]
[0.05969588]
[0.05949278]
[0.05949278]
[0.05988204]
[0.0600175]
[0.06120871]
[0.05983359]
[0.05961749]
[0.0596116]
[0.0596116]
[0.0595507]
[0.05958404]
[0.05958404]
[0.05979583]
[0.06013132]
[0.06024864]
[0.06153869]
[0.06098684]
[0.06098684]
[0.0620979]
[0.05974979]
[0.05972708]
[0.05972708]
[0.05972708]
[0.05989119]
[0.05965994]
[0.05966226]
[0.05952222]
[0.05997868]
[0.05957274]
[0.05997367]
[0.05996366]
[0.06086849]
[0.0597828]
[0.059846]
[0.06007362]
[0.06054387]
[0.05969293]
[0.05960709]
[0.05988634]
[0.06038337]
[0.06009613]
[0.06009613]
[0.05972973]
[0.06022236]
[0.05953191]
[0.0599626]
[0.060192]
[0.059817]
[0.059817]
[0.06022305]
[0.06001242]
[0.06070215]
[0.05968825]
[0.06181006]
[0.06001888]
[0.06220944]
[0.06045289]
[0.06009113]
[0.0597132]
[0.05999394]
[0.06047656]
[0.06095363]
[0.05946509]
[0.05967522]
[0.05985015]
[0.05961716]
[0.06162329]
[0.05963673]
[0.05960916]
[0.06019752]
[0.05972208]
[0.05982818]
[0.06016369]
[0.06032553]
[0.05988575]
[0.06014508]
[0.06168668]
[0.0596106]
[0.06057538]
[0.05987106]
[0.06085031]
[0.05959393]
[0.06053276]
[0.05951528]
[0.06009548]
[0.06017918]
[0.05986841]
[0.05990637]
[0.05981303]
[0.06073068]
[0.05956399]
[0.05972894]
[0.05964509]
[0.05993151]
[0.0613798]
[0.05965986]
[0.0595638]
[0.05978432]
[0.06117819]
[0.05960159]
[0.06155712]
[0.06004253]
[0.05965304]
[0.06011577]
[0.05988381]
[0.05964721]
[0.05977416]
[0.05993341]
[0.0601298]
[0.05965232]
[0.05989728]
[0.05958714]
[0.06136897]
[0.05998603]
[0.05966216]
[0.06139335]
[0.06060819]
[0.05972995]
[0.06115291]
[0.05997854]
[0.05975474]
[0.05966683]
[0.05998757]
[0.06132851]
[0.05983585]
[0.05981227]
[0.06043857]
[0.05975382]
[0.06175655]
[0.06006761]
[0.06066971]
[0.0621567]
[0.05967145]
[0.05960948]
[0.06011952]
[0.05982671]
[0.05978698]
[0.06018268]
[0.06238882]
[0.09651165]
[0.06010055]
[0.05986989]
[0.06066681]
[0.06128599]
[0.06777422]
[0.06112631]
[0.06029072]
[0.0595193]
[0.06220539]
[0.06072346]
[0.05962295]
[0.05993146]
[0.05963285]
[0.06005656]
[0.06048521]
[0.06054858]
[0.06059258]
[0.06082532]
[0.0597102]
[0.05963467]
[0.06061057]
[0.05955084]
[0.06000427]
[0.05956914]
[0.05981781]
[0.05977063]
[0.05962048]
[0.05964349]
[0.06020414]
[0.05974172]
[0.0600307]
[0.0600307]
[0.05965146]
[0.05970171]
[0.05953548]
[0.05968019]
[0.05999905]
[0.05968343]
[0.05981196]
[0.06018119]
[0.05977334]
[0.06056876]
[0.05962092]
[0.06010018]
[0.06143536]
[0.05992483]
[0.06221912]
[0.05982167]
[0.06088385]
[0.06068707]
[0.06101967]
[0.05977098]
[0.05980861]
[0.0604816]
[0.06581651]
[0.06025151]
[0.06049278]
[0.06555312]
[0.07329232]
[0.06074754]
[0.06125372]
[0.05980308]
[0.061765]
[0.07538377]
[0.06090955]
[0.06109597]
[0.06107964]
[0.06456006]
[0.06282412]
[0.06123904]
[0.0616196]
[0.06146688]
[0.06376041]
[0.06043253]
[0.06068109]
[0.07670869]
[0.07691127]
[0.1310419]
[0.05982223]
[0.07618617]
[0.16869913]
[0.05953522]
[0.06124966]
[0.06525963]
[0.06061288]
[0.05973114]
[0.0791126]
[0.11108898]
[0.05983385]
[0.06550774]
[0.1261553]
[0.05993553]
[0.6060539]
[0.05958604]
[0.06775811]
[0.0603197]
[0.06260009]
[0.14364347]
[0.06659451]
[0.09194718]
[0.07110979]
[0.06540698]
[0.07261767]
[0.07894137]
[0.05969491]
[0.07455795]
[0.06326839]
[0.05955436]
[0.07619384]
[0.07619384]
[0.05956946]
[0.06943208]
[0.07885759]
[0.08144084]
[0.07971191]
[0.13843289]
[0.087539]
[0.71369386]
[0.5277961]
[0.0824862]
[0.06004788]
[0.06016609]
[0.25246868]
[0.15793438]
[0.06036097]
[0.08614579]
[0.05976334]
[0.10733162]
[0.10733162]
[0.06038868]
[0.05960994]
[0.05970152]
[0.06001035]
[0.15358098]
[0.05961018]
[0.05966919]
[0.05967878]
[0.06384055]
[0.05955095]
[0.05971925]
[0.06069792]
[0.06033337]
[0.05967517]
[0.0644825]
[0.06039239]
[0.05967214]
[0.05974719]
[0.06036373]
[0.0602176]
[0.06001131]
[0.06108408]
[0.06017008]
[0.05993941]
[0.07222609]
[0.06009018]
[0.05947796]
[0.06051456]
[0.06226989]
[0.05972395]
[0.06131944]
[0.06252997]
[0.0596336]
[0.05992731]
[0.06404988]
[0.06223464]
[0.05994655]
[0.05979183]
[0.06445948]
[0.06288305]
[0.06556261]
[0.05970168]
[0.06244478]
[0.21077591]
[0.059574]
[0.06198261]
[0.05955778]
[0.05966739]
[0.05960208]
[0.06107748]
[0.06766178]
