3.6053399700752857
3.7781703627271224
3.722791439155709
3.6880385623184386
3.738454910326775
3.738454910326775
3.4376370595039827
3.849840591935579
3.5530723732806475
3.655985713331125
3.6075505960330396
3.4878390936178256
3.4878390936178256
3.4878390936178256
3.4878390936178256
3.6478699515557995
3.6575254991915607
3.6575254991915607
3.678930488479054
3.7402236568991736
3.7402236568991736
3.7402236568991736
4.092271268325769
4.092271268325769
4.092271268325769
4.092271268325769
4.092271268325769
4.07215212433058
3.8258081129358246
3.479486382337047
3.479486382337047
3.479486382337047
3.479486382337047
3.479486382337047
3.9137658378385947
3.723899258463204
3.928539504082818
3.8984347742480976
3.5696824502611815
3.5696824502611815
3.5696824502611815
3.9476668553973884
4.07336805714692
3.738875789865032
3.519319074929083
3.519319074929083
3.6064974827269127
4.242979265965039
4.242979265965039
4.242979265965039
4.242979265965039
4.058882831527072
3.451776897478828
3.451776897478828
3.451776897478828
3.8614306439241926
3.6256884668140863
4.0079264008977695
4.0079264008977695
4.167527135900253
3.3685810639945677
3.3685810639945677
3.3685810639945677
3.8233846390813158
3.8233846390813158
3.8233846390813158
3.8233846390813158
3.8233846390813158
3.8233846390813158
3.8233846390813158
3.8358073817374274
3.8418436345365654
3.8117606759777303
4.333313611426646
4.333313611426646
4.333313611426646
4.333313611426646
4.333313611426646
3.9911493128142546
4.187302562668337
3.8070608089839855
3.8070608089839855
3.8070608089839855
3.8070608089839855
3.8070608089839855
3.8070608089839855
3.8070608089839855
3.8070608089839855
3.8070608089839855
3.729653016701265
3.729653016701265
3.729653016701265
3.729653016701265
3.729653016701265
4.094783010417947
4.094783010417947
4.096271115401709
4.231932439362623
4.231932439362623
4.231932439362623
4.231932439362623
3.930592181098655
3.930592181098655
3.930592181098655
3.930592181098655
4.032924652354039
4.032924652354039
3.930027521749583
3.930027521749583
3.6271035718734392
3.6271035718734392
3.6271035718734392
3.833592419093131
3.604622799627146
3.5857418873367886
4.24904915607493
4.3180398944474625
4.3180398944474625
3.9031358961604274
3.9031358961604274
4.334576012009281
4.334576012009281
4.334576012009281
4.334576012009281
4.334576012009281
4.334576012009281
4.334576012009281
4.334576012009281
4.334576012009281
4.334576012009281
3.7206644326740363
3.933787494114166
3.900619744733959
3.900619744733959
3.625422345165357
3.625422345165357
3.567261323309271
3.567261323309271
3.567261323309271
3.6242775354776917
3.820409461012799
3.7271719997907624
3.7271719997907624
3.779185619883582
3.779185619883582
3.779185619883582
3.779185619883582
3.779185619883582
3.779185619883582
3.779185619883582
3.779185619883582
3.779185619883582
3.779185619883582
3.779185619883582
3.779185619883582
3.779185619883582
3.779185619883582
3.782875905631938
4.004888892552257
4.00173966137517
4.07331162917086
4.497956794839817
3.8217893237192424
3.8217893237192424
4.078168456972534
4.078168456972534
3.6753432431039723
3.6753432431039723
3.80329177868364
3.9026621881393133
4.195963832827031
3.531163081909355
3.531163081909355
3.531163081909355
3.9653256092918374
4.0764541558182135
3.9110784379659727
3.580478332445079
3.9270166192877394
3.989717318837938
4.413882784551717
4.396383100612016
4.031765262861937
4.031765262861937
4.031765262861937
4.1650691689563715
4.1650691689563715
4.1650691689563715
4.019682390626763
3.610303411640289
3.8455686876158897
3.8455686876158897
3.7579621374643217
3.731283062592305
3.977690092950012
3.5761128130763087
4.202753221155559
4.202753221155559
3.4539091795570105
4.002944279056905
3.7323567663877872
3.93226212092204
4.138716264305389
3.562609892472347
3.562609892472347
3.562609892472347
4.1513003800474095
3.9911439167734013
3.975177472327468
4.181002262357811
3.657989829918397
4.093304795652792
3.7835099513670034
4.168480346339368
3.762096784333691
3.831848600315552
3.7032098525717556
4.518387600870222
3.8962914330768754
3.8136900037235026
4.100667213329132
4.157905927793778
4.453124095257241
3.6466408947601376
3.6466408947601376
3.6854185369084034
3.8378511155065613
3.833869784336418
4.050673454570142
4.000299575336796
3.6286242962194653
3.944096152355592
4.428829622635821
3.8051832379746537
3.7467200310566344
3.820891423796887
3.7298783167188443
4.023210558205372
4.34710119722504
3.523162733943491
3.776119659433472
3.776119659433472
3.776119659433472
3.776119659433472
4.48373199042488
3.8541045207067093
4.063839026679059
3.600217397162778
3.600217397162778
4.332341477945163
3.9582397767397977
4.144178312885943
3.7011148737867705
3.7011148737867705
4.134873082179695
3.469139412451767
3.7872174694719885
4.475369040530737
3.753757296487092
3.753757296487092
3.753757296487092
4.287210618905807
3.8606429806440765
3.795500379258714
4.2305838144897425
4.206444339451234
3.7991182552021776
3.9285589453682874
4.388425771262549
4.388425771262549
3.807165935559044
3.788764855726755
4.122891255879756
4.021870517884837
4.2793037278737796
4.347062782448557
4.372789996075196
3.965179222423677
3.96946524350604
4.247822981494794
4.604042349917185
4.369225200030973
3.7432092194864826
3.5257586599643886
4.264774461367145
3.9101731603238017
3.9888851745338574
3.9933134366116434
4.558263101258868
3.640725078518109
4.131669541330424
4.094532037679059
4.506082164338471
3.929479790937698
3.8942501775470433
4.347547197153729
4.322037316211903
3.5617193683483084
3.998561075956853
3.5931229631266524
3.8283312191267473
3.7079347142536694
4.030997103345102
3.4766448586438763
4.042358962645635
4.064049807037337
4.164699940566447
3.8845436949838366
4.210850267231164
3.9381029865196666
3.714999498891056
4.60624934704405
4.453863090964811
4.770003669236258
4.9528236014220965
4.183921135128449
4.201301228182892
3.733788404027214
3.738410993145413
4.205587640420774
3.851836305484446
4.09276040540889
4.7682650954892125
4.331434996884261
4.519823476464718
4.795365395112276
4.2099622853018985
4.233563698000741
4.0567028275736
4.094516949084591
4.501892146784088
4.537765933294767
3.8435663131184015
4.679970361697862
3.9468349304378174
4.7707213953969205
5.047656690961769
4.338520699717156
4.739748476216764
4.334119170048185
4.834739648936129
4.333823626422057
4.333823626422057
4.215308964648005
4.432731072711284
3.8279067879696402
4.8691544994388245
3.522509713928117
5.143667343035286
3.500237388256224
4.747650890254242
4.742200737116241
4.973075234412346
4.791518222735797
4.763844909736832
4.2650916764420455
5.028997548987619
4.944452902584632
4.24917800552822
5.0218554621319145
4.674551324524309
4.8407776084146725
4.893155221318528
4.740749468453293
4.577477585187964
4.644436363556857
4.3966652633435395
3.253217971074278
4.064796842704295
4.439234363403941
5.049011416913865
3.2659415701369534
4.608141928445185
3.590221534391924
3.426496633128509
3.280101511028797
3.3961197083487216
3.727423695585456
4.940732506350745
3.891299033060621
4.845366262035955
3.238784717634129
5.197227674121188
2.899305813796767
5.075377526192193
5.169883919117748
3.632565501524992
3.5831588507377106
3.490671954580317
5.231607528446457
3.4198204397610716
5.586865193338012
5.516976719571363
3.9500175418725467
3.34949983470496
3.124973807110127
2.8947932406016523
3.773956634500532
2.712246841772263
3.1337479575021874
2.7715507832182222
3.291933274777671
3.2485251363890617
3.1135470512855044
3.1537078305352946
3.190066085798507
2.798887484212104
3.2067980645058123
3.152176787122597
2.7964327846862176
2.8437940712824297
2.8437940712824297
3.434852042554189
3.162666284938936
3.1816943891182206
2.9004723489408075
3.024681336521711
3.0236836065815886
2.885762769840662
3.3077341811725383
2.9345952807260023
2.544015985921515
3.721641758846922
2.0958192432401628
2.925734901152076
3.105909113577039
2.6047751630178677
2.7243709592968095
2.9523090456007495
3.099140689764358
2.5304178626976963
2.419890166627381
3.0744509558151147
2.281932972571372
2.2598015542409886
3.0695684527069016
2.8499002765174914
2.6062700212105057
2.4985262256391554
1.784327405114217
1.8282558332078622
1.8282558332078622
3.0324484545351975
1.5461706955822478
3.961783829831764
2.260591461494874
2.590792124153676
2.0595012348073816
1.5610329303024777
2.7863863549229073
2.7863863549229073
1.41771602262261
2.3928981224938113
4.808071037215481
2.247623461860327
3.0230898164613684
2.5250023661999155
2.880495837909665
2.5810153541602876
3.667498161071711
3.2514251135317025
3.838675391840942
4.039512655349989
4.039512655349989
4.271375740593854
3.669121765103238
3.669121765103238
1.994622349573147
4.422589449196038
3.5133525343340075
4.062780633357965
4.057921765103237
4.057921765103237
4.59601045144956
4.256632317571727
5.470500060155638
6.635276923076923
6.511964730942676
3.907591736122164
7.3284153846153846
4.725935687230734
5.378258675059374
5.522773419216173
4.372172252593357
5.264804998163543
5.8197540020972545
4.9221977890737065
5.265317165625412
4.901632141694164
4.505075411073918
5.078230599267611
5.108344784692802
5.056830188272964
5.822504911828609
6.235579235633607
4.835002926065751
5.306996509113262
6.260184718235074
4.4049973543882315
6.3280071707043035
