6.601000000000005
6.334400000000006
4.944400000000004
5.695000000000005
4.506800000000003
5.010200000000004
5.010200000000004
4.739020000000004
4.430600000000003
4.430600000000003
5.0957000000000034
7.613200000000006
4.760320000000003
4.760320000000003
4.760320000000003
4.451900000000003
4.451900000000003
4.451900000000003
3.9704400000000026
3.4718000000000018
4.120000000000003
3.916000000000003
3.662020000000002
3.662020000000002
3.662020000000002
3.662020000000002
3.662020000000002
3.353600000000001
3.353600000000001
3.353600000000001
3.430200000000001
3.7523000000000026
3.277400000000002
3.277400000000002
3.277400000000002
3.277400000000002
3.277400000000002
3.585820000000002
3.585820000000002
3.9425000000000026
4.034100000000002
4.929600000000004
4.929600000000004
2.839800000000001
2.839800000000001
2.839800000000001
4.263000000000003
5.772200000000004
4.476600000000003
4.585500000000003
4.585500000000003
4.585500000000003
5.070800000000004
4.895700000000004
3.7106200000000022
3.958400000000003
3.148220000000002
3.148220000000002
3.148220000000002
4.181320000000003
4.181320000000003
3.8729000000000022
2.639100000000001
4.816400000000003
3.760500000000002
4.948500000000004
5.992300000000005
2.9830000000000014
2.2490000000000006
2.2490000000000006
2.2490000000000006
2.2490000000000006
2.2490000000000006
2.2490000000000006
2.2490000000000006
2.2490000000000006
2.2490000000000006
2.2490000000000006
2.2490000000000006
2.2490000000000006
2.2490000000000006
2.2490000000000006
2.2490000000000006
4.236800000000003
2.30344
2.30344
2.30344
2.30344
2.30344
2.30344
2.30344
2.30344
2.30344
2.30344
2.30344
2.30344
2.30344
2.30344
2.30344
2.30344
2.30344
2.30344
3.8515000000000024
4.349200000000002
5.373300000000004
2.811400000000001
1.99502
1.99502
1.99502
1.99502
1.99502
1.99502
1.99502
1.99502
1.99502
1.99502
1.99502
1.99502
1.99502
1.99502
1.99502
1.99502
1.99502
1.99502
1.99502
1.99502
1.99502
1.99502
1.99502
1.99502
1.99502
1.99502
1.99502
1.99502
1.99502
1.99502
1.99502
1.99502
1.99502
1.99502
1.99502
1.99502
1.99502
1.99502
1.99502
1.99502
1.99502
1.99502
1.99502
1.99502
1.99502
1.99502
1.99502
1.99502
1.99502
1.99502
1.99502
1.99502
1.99502
2.5574200000000005
2.6724000000000006
4.573800000000003
4.088420000000003
1.8256999999999999
1.8256999999999999
1.8256999999999999
1.8256999999999999
1.8256999999999999
1.8256999999999999
1.8256999999999999
5.157700000000004
3.337500000000002
2.1341200000000002
4.161600000000002
3.4262000000000024
4.142900000000004
2.4085
2.4085
5.065300000000003
1.6952
1.6952
1.6866
1.6866
1.6866
1.6866
1.6866
1.6866
1.6866
1.6866
1.6866
1.6866
1.6866
1.6866
1.6866
1.6866
1.6866
1.6866
1.6866
1.6866
1.6866
1.6866
1.6866
4.256700000000002
3.5843200000000017
5.063200000000004
5.750500000000005
2.949300000000001
2.3296
2.3296
2.3296
2.3296
3.978220000000002
3.7528000000000032
2.7440000000000007
4.487300000000004
1.6669999999999998
2.1561000000000003
3.3614000000000024
3.7504200000000028
4.928100000000004
1.7283
3.791100000000002
3.202200000000002
3.0299000000000014
1.3921999999999999
1.3921999999999999
1.3921999999999999
1.3921999999999999
1.3921999999999999
1.97542
1.70062
1.70062
3.115400000000002
3.115400000000002
1.406
2.7692000000000014
3.1960000000000015
4.229100000000003
2.1163999999999996
3.9521000000000024
1.5582799999999999
2.971300000000001
2.971300000000001
3.281500000000002
4.696080000000003
3.603200000000002
1.2688000000000001
1.75268
1.1453
2.424820000000001
3.8929000000000027
1.80752
2.646000000000001
2.646000000000001
2.242
2.2524000000000006
3.2131000000000016
1.0816
1.39002
1.39002
2.9544200000000016
3.2863000000000016
1.39002
3.3614000000000024
4.0695000000000014
1.9752999999999996
1.6679000000000002
3.451800000000002
4.285700000000002
4.715100000000003
1.73642
2.0343999999999998
3.2429000000000014
2.0187
3.0078200000000015
3.9085000000000027
4.022500000000002
1.7265
1.7265
1.7265
3.2131000000000016
1.68427
1.68427
1.68427
1.68427
2.918800000000002
4.020200000000003
3.568500000000002
1.3364
1.1124
1.1124
2.1253
3.5163800000000025
2.908900000000001
3.0629000000000017
2.5287000000000006
2.6728000000000014
1.3364
1.3364
1.5025
1.5025
1.5025
1.5025
1.5025
1.5025
1.5025
1.5025
1.5025
1.5025
1.5025
2.5287000000000006
2.5287000000000006
2.2827
3.0305800000000005
2.6948000000000008
2.7155000000000005
1.9725
4.520800000000003
2.6948000000000008
2.6948000000000008
2.950500000000001
2.3846000000000007
2.3846000000000007
3.265600000000002
2.9505000000000012
3.396200000000002
1.8926
1.8926
1.89922
2.0366999999999997
2.1386000000000003
2.1386000000000003
2.1386000000000003
2.1386000000000003
2.1386000000000003
2.1386000000000003
1.1923000000000001
1.1923000000000001
1.1923000000000001
2.1898
1.7265
1.5824
2.4488000000000003
3.0970000000000013
2.2827
2.2827
0.9462999999999999
3.414020000000003
1.2565
2.3047000000000004
2.3047000000000004
1.8926
1.8926
1.8926
1.8926
0.9758
1.7852000000000001
2.1386000000000003
2.1386000000000003
2.1386000000000003
2.1386000000000003
2.4488000000000003
1.1923
1.8926
2.0587
1.8926
1.8926
1.8926
1.5025
1.5025
1.5025
1.5025
1.5025
1.5025
1.5025
1.1636
1.532
1.7226
1.3918
2.0587
2.0882
2.0882
2.8843000000000005
1.7485
1.7485
1.7485
1.7485
1.7485
1.7485
1.9145999999999999
1.9145999999999999
1.9145999999999999
1.9145999999999999
1.9145999999999999
1.7996999999999999
3.340700000000002
1.9429999999999998
1.9903
2.0457
2.706900000000001
2.2118
2.2118
1.9634
1.9533999999999998
1.3584
1.3584
1.1419
1.4895
2.7703000000000015
2.0491
2.0491
1.8003
0.2052
0.948
1.9903
1.4766000000000001
0.8943
0.7614000000000001
0.7614000000000001
0.37129999999999996
1.0496
1.0496
1.0994
1.0994
1.2522000000000002
1.4381
1.5733
2.6039000000000003
2.6039000000000003
2.6039000000000003
1.2157
1.6556
0.5857
0.5857
2.0697
2.8946000000000014
0.8022
0.8022
2.2192
2.2138
2.2138
2.2138
1.1164
1.5954000000000002
1.5954000000000002
1.5842999999999998
2.551000000000001
1.9038199999999998
1.9038199999999998
4.422800000000002
3.586100000000002
2.1603000000000003
1.53327
2.2028
2.2028
4.589800000000003
-0.1849
1.896
1.8291
0.5601999999999999
0.5601999999999999
1.7277
1.7277
1.8127
1.8127
1.6260999999999999
1.3376000000000001
1.439
1.439
1.7691000000000001
0.10758000000000001
2.3047000000000004
2.0587
2.0587
2.0587
2.0587
2.0587
2.0587
2.706900000000001
1.9534
-0.8247
1.5733000000000001
1.1731999999999998
3.9047000000000027
2.2138
2.1209
1.8960000000000001
3.672900000000002
2.1806
3.4586000000000023
1.4927
3.676720000000003
3.3683000000000023
3.3683000000000023
3.453800000000002
4.9825000000000035
4.105620000000003
4.872100000000003
6.178800000000005
4.869200000000004
