25.891900000000057
25.897600000000054
25.897600000000054
25.897600000000054
25.897600000000054
25.897600000000054
25.897600000000054
25.897600000000054
25.897600000000054
25.897600000000054
25.897600000000054
25.897600000000054
25.897600000000054
25.897600000000054
25.897600000000054
25.897600000000054
25.897600000000054
25.897600000000054
25.897600000000054
25.897600000000054
25.897600000000054
25.897600000000054
25.897600000000054
25.897600000000054
25.897600000000054
25.897600000000054
25.897600000000054
25.897600000000054
25.897600000000054
25.897600000000054
25.897600000000054
25.897600000000054
25.897600000000054
25.897600000000054
25.897600000000054
25.897600000000054
25.897600000000054
25.897600000000054
25.897600000000054
25.897600000000054
25.897600000000054
25.897600000000054
25.897600000000054
25.73240000000006
25.73240000000006
25.73240000000006
25.73240000000006
25.73240000000006
25.73240000000006
25.73240000000006
25.73240000000006
25.73240000000006
25.73240000000006
25.73240000000006
25.73240000000006
25.73240000000006
25.73240000000006
25.73240000000006
25.73240000000006
25.73240000000006
25.73240000000006
25.73240000000006
25.73240000000006
25.73240000000006
25.73240000000006
25.73240000000006
25.73240000000006
25.73240000000006
25.73240000000006
25.73240000000006
25.73240000000006
25.73240000000006
25.73240000000006
25.73240000000006
25.73240000000006
25.73240000000006
25.73240000000006
25.73240000000006
25.73240000000006
25.73240000000006
25.73240000000006
25.73240000000006
25.73240000000006
25.73240000000006
25.73240000000006
25.73240000000006
25.73240000000006
25.73240000000006
25.73240000000006
25.73240000000006
25.73240000000006
25.73240000000006
25.73240000000006
25.73240000000006
25.73240000000006
25.73240000000006
25.73240000000006
25.73240000000006
25.73240000000006
25.73240000000006
25.73240000000006
25.73240000000006
25.73240000000006
25.73240000000006
25.73240000000006
25.73240000000006
25.73240000000006
25.73240000000006
25.73240000000006
25.73240000000006
25.73240000000006
25.73240000000006
25.73240000000006
25.73240000000006
25.73240000000006
25.73240000000006
25.73240000000006
25.73240000000006
25.73240000000006
25.73240000000006
25.73240000000006
25.73240000000006
25.73240000000006
25.73240000000006
25.73240000000006
25.73240000000006
25.73240000000006
25.73240000000006
25.73240000000006
25.73240000000006
25.73240000000006
25.73240000000006
25.73240000000006
25.73240000000006
25.73240000000006
25.73240000000006
25.73240000000006
25.73240000000006
25.73240000000006
25.73240000000006
25.73240000000006
25.73240000000006
25.73240000000006
25.73240000000006
25.73240000000006
25.73240000000006
25.73240000000006
25.73240000000006
25.73240000000006
25.73240000000006
25.73240000000006
25.73240000000006
25.73240000000006
25.73240000000006
25.73240000000006
25.73240000000006
25.73240000000006
25.73240000000006
25.73240000000006
25.73240000000006
25.73240000000006
25.73240000000006
25.73240000000006
25.73240000000006
25.73240000000006
25.73240000000006
25.73240000000006
25.73240000000006
25.73240000000006
25.73240000000006
25.73240000000006
25.73240000000006
25.73240000000006
25.73240000000006
25.73240000000006
25.73240000000006
25.73240000000006
25.73240000000006
25.73240000000006
25.73240000000006
25.73240000000006
25.73240000000006
25.73240000000006
25.73240000000006
25.73240000000006
25.73240000000006
25.73240000000006
25.73240000000006
25.73240000000006
25.73240000000006
25.73240000000006
25.73240000000006
25.73240000000006
25.73240000000006
25.73240000000006
25.73240000000006
25.73240000000006
25.73240000000006
25.73240000000006
25.73240000000006
25.73240000000006
25.73240000000006
25.73240000000006
25.73240000000006
25.73240000000006
25.73240000000006
25.73240000000006
25.73240000000006
25.73240000000006
25.73240000000006
25.73240000000006
25.73240000000006
25.73240000000006
25.73240000000006
25.73240000000006
25.73240000000006
25.73240000000006
25.73240000000006
25.73240000000006
25.73240000000006
25.73240000000006
25.73240000000006
25.73240000000006
25.73240000000006
25.73240000000006
25.73240000000006
25.73240000000006
25.73240000000006
25.73240000000006
25.73240000000006
25.73240000000006
25.73240000000006
25.73240000000006
25.73240000000006
25.73240000000006
25.73240000000006
25.73240000000006
25.73240000000006
25.73240000000006
25.73240000000006
25.73240000000006
25.73240000000006
25.73240000000006
25.73240000000006
25.73240000000006
25.474300000000056
25.218700000000062
25.218700000000062
25.218700000000062
25.390500000000056
25.24940000000005
25.084200000000052
25.29190000000005
25.126700000000056
25.084200000000056
25.291900000000055
25.29190000000006
25.29530000000005
25.29530000000005
25.204500000000056
25.344800000000056
25.178700000000056
25.01580000000006
25.052200000000056
25.11740000000005
25.052200000000056
25.283500000000046
25.015800000000052
24.95220000000005
25.12740000000005
25.01580000000006
24.856900000000056
24.856900000000056
25.07040000000005
24.99630000000005
24.43600000000006
24.43600000000006
24.43600000000006
24.43600000000006
24.43600000000006
24.43600000000006
24.43600000000006
24.58880000000006
24.57870000000005
24.57870000000005
24.57870000000005
25.125100000000057
25.125100000000057
25.085400000000053
25.42520000000006
25.382700000000057
24.24120000000006
23.787800000000054
24.056600000000056
23.915300000000055
24.15170000000005
24.18820000000006
24.15170000000005
24.15170000000005
24.131200000000046
24.581000000000056
24.24280000000005
24.502300000000055
24.089800000000043
24.777000000000058
23.73150000000004
23.73150000000004
23.73150000000004
23.30480000000005
24.488500000000055
23.56780000000004
23.409300000000048
23.409300000000048
24.181300000000054
23.34140000000004
23.340900000000044
23.66460000000005
23.851400000000055
23.042000000000044
24.046900000000043
23.12650000000004
22.17110000000003
22.71000000000004
21.225100000000023
21.781000000000027
20.546800000000015
22.312200000000033
21.952200000000026
20.82720000000003
20.700300000000016
20.66110000000002
20.66110000000002
20.61070000000002
20.61070000000002
20.61070000000002
20.775900000000018
20.57100000000002
20.455970000000015
20.179800000000014
19.975000000000016
19.84010000000001
19.84010000000001
19.84010000000001
19.84010000000001
19.84010000000001
19.84010000000001
19.84010000000001
20.005300000000016
20.005300000000016
20.005300000000016
19.521100000000008
19.450000000000006
20.070600000000017
19.73930000000001
19.243400000000005
19.55230000000001
19.34920000000001
19.132700000000007
18.793000000000003
18.918300000000002
18.895000000000003
19.366100000000007
18.279299999999996
19.77010000000001
17.994799999999994
17.65219999999999
17.35499999999999
17.188899999999983
17.095999999999982
17.17259999999999
16.86159999999998
16.58229999999998
16.617899999999977
16.547999999999977
16.21339999999997
16.413499999999974
15.969699999999973
15.635999999999974
15.635999999999974
15.296299999999976
15.765299999999973
15.765299999999973
15.765299999999973
13.092699999999981
11.796299999999986
10.772099999999988
9.851699999999992
9.811999999999992
9.811999999999992
8.9063
8.9063
8.9063
8.9063
8.9063
8.9063
8.9063
8.9063
8.9063
8.9063
8.9063
8.9063
8.9063
8.9063
8.9063
8.9063
8.9063
8.9063
8.9063
8.9063
8.9063
8.9063
8.9063
8.9063
8.9063
8.9063
8.9063
8.9063
8.9063
8.9063
8.9063
8.9063
8.9063
8.9063
8.9063
8.9063
8.9063
8.9063
8.9063
8.9063
8.9063
8.9063
8.9063
8.9063
8.9063
8.9063
8.9063
8.9063
8.9063
8.9063
9.206899999999997
7.736500000000004
8.859300000000001
9.071499999999997
9.071499999999997
9.071499999999997
9.071499999999997
9.071499999999997
9.071499999999997
9.071499999999997
9.071499999999997
9.071499999999997
9.071499999999997
9.071499999999997
9.071499999999997
9.071499999999997
8.423300000000001
8.126100000000003
7.878700000000006
7.878700000000006
8.030800000000005
8.030800000000005
7.9634000000000045
8.516200000000001
8.516200000000001
8.516200000000001
7.960100000000006
7.179800000000004
8.126100000000005
9.670799999999993
8.816199999999998
9.072099999999995
8.125300000000003
6.0678000000000045
6.202800000000003
7.014200000000006
5.883700000000004
6.0122000000000035
7.178800000000005
5.2748000000000035
3.680300000000001
4.162800000000002
4.194000000000001
3.858900000000001
2.1376999999999997
4.483100000000002
4.654400000000003
5.305000000000005
5.150300000000002
0.8022
0.8022
22.04440000000004
6.863500000000004
8.660300000000001
9.293999999999995
8.088700000000005
8.005400000000005
4.113600000000001
9.93679999999999
24.249700000000058
19.549400000000016
