[0.74069923]
[0.6921646]
[0.75962573]
[0.72708195]
[0.62322915]
[0.62322915]
[0.62322915]
[0.62322915]
[0.62322915]
[0.76245475]
[0.68740976]
[0.65302396]
[0.73320633]
[0.61001414]
[0.61001414]
[0.61001414]
[0.61001414]
[0.61001414]
[0.7138605]
[0.6624294]
[0.52172786]
[0.52172786]
[0.733788]
[0.733788]
[0.733788]
[0.733788]
[0.733788]
[0.61743504]
[0.7402397]
[0.7402397]
[0.7402397]
[0.7402397]
[0.7402397]
[0.7402397]
[0.7402397]
[0.6783202]
[0.7130824]
[0.7130824]
[0.7130824]
[0.7130824]
[0.67909217]
[0.67909217]
[0.67909217]
[0.67909217]
[0.5690483]
[0.5797701]
[0.5797701]
[0.5797701]
[0.73963845]
[0.71302706]
[0.7196509]
[0.69430065]
[0.72290343]
[0.72997814]
[0.5804899]
[0.6878523]
[0.6878523]
[0.6878523]
[0.6294563]
[0.7040356]
[0.66034496]
[0.66034496]
[0.66034496]
[0.66034496]
[0.66034496]
[0.66034496]
[0.66034496]
[0.66034496]
[0.66034496]
[0.66469204]
[0.6608893]
[0.48562592]
[0.61941797]
[0.6189697]
[0.6189697]
[0.6189697]
[0.6189697]
[0.69067377]
[0.69067377]
[0.65284014]
[0.5377317]
[0.5377317]
[0.5622738]
[0.4613805]
[0.5477304]
[0.5657262]
[0.5574281]
[0.5574281]
[0.5574281]
[0.43153223]
[0.43153223]
[0.66751415]
[0.66751415]
[0.66751415]
[0.66751415]
[0.61898726]
[0.61898726]
[0.6407789]
[0.6330139]
[0.574205]
[0.4964375]
[0.5198172]
[0.6043205]
[0.6043205]
[0.585678]
[0.44040477]
[0.44040477]
[0.4717261]
[0.4717261]
[0.4717261]
[0.4717261]
[0.4717261]
[0.4837769]
[0.5214827]
[0.6678629]
[0.44161916]
[0.49876994]
[0.49876994]
[0.49876994]
[0.49876994]
[0.49876994]
[0.49876994]
[0.49876994]
[0.47538054]
[0.5147064]
[0.45236808]
[0.47826406]
[0.4958955]
[0.4958955]
[0.6008052]
[0.43821478]
[0.43821478]
[0.4898598]
[0.4898598]
[0.4898598]
[0.42574635]
[0.6250569]
[0.4822828]
[0.4822828]
[0.4822828]
[0.46998593]
[0.46998593]
[0.46998593]
[0.46998593]
[0.46998593]
[0.46998593]
[0.46998593]
[0.46998593]
[0.46998593]
[0.46998593]
[0.46998593]
[0.46998593]
[0.46998593]
[0.46998593]
[0.46998593]
[0.46998593]
[0.46998593]
[0.46998593]
[0.46998593]
[0.46998593]
[0.46998593]
[0.46998593]
[0.46998593]
[0.46998593]
[0.46998593]
[0.46998593]
[0.46998593]
[0.46998593]
[0.46998593]
[0.46998593]
[0.46998593]
[0.46998593]
[0.46998593]
[0.46998593]
[0.46998593]
[0.46998593]
[0.46998593]
[0.46998593]
[0.46998593]
[0.46998593]
[0.46998593]
[0.46998593]
[0.46998593]
[0.46998593]
[0.46998593]
[0.46998593]
[0.46998593]
[0.46998593]
[0.4225306]
[0.47291425]
[0.5000298]
[0.45528203]
[0.45528203]
[0.45528203]
[0.65461975]
[0.4804242]
[0.4113735]
[0.6240597]
[0.44791865]
[0.44791865]
[0.44791865]
[0.44791865]
[0.44791865]
[0.44791865]
[0.44791865]
[0.44791865]
[0.44791865]
[0.44791865]
[0.44791865]
[0.44791865]
[0.44791865]
[0.44791865]
[0.44841495]
[0.3914916]
[0.5438133]
[0.46116418]
[0.48680645]
[0.44711518]
[0.44711518]
[0.44711518]
[0.44711518]
[0.44711518]
[0.44711518]
[0.44765678]
[0.5366323]
[0.41385797]
[0.4209899]
[0.6025233]
[0.5176511]
[0.4646091]
[0.47603697]
[0.47603697]
[0.47603697]
[0.47603697]
[0.47603697]
[0.47603697]
[0.47603697]
[0.3815227]
[0.3815227]
[0.3815227]
[0.3815227]
[0.3815227]
[0.3815227]
[0.3815227]
[0.3815227]
[0.3815227]
[0.3815227]
[0.3815227]
[0.3815227]
[0.3815227]
[0.3815227]
[0.3815227]
[0.3815227]
[0.3815227]
[0.3815227]
[0.3815227]
[0.3815227]
[0.3815227]
[0.3815227]
[0.3815227]
[0.3815227]
[0.45362422]
[0.39773655]
[0.49523762]
[0.4503569]
[0.4503569]
[0.43666372]
[0.54096663]
[0.42599818]
[0.42599818]
[0.44362885]
[0.4212152]
[0.4212152]
[0.4212152]
[0.4212152]
[0.4212152]
[0.4542266]
[0.3900551]
[0.44630018]
[0.37629563]
[0.41763225]
[0.36023667]
[0.36023667]
[0.36023667]
[0.43218884]
[0.38376957]
[0.4143282]
[0.40435064]
[0.3583581]
[0.37776774]
[0.43350747]
[0.41953546]
[0.41953546]
[0.36995852]
[0.36995852]
[0.36995852]
[0.36995852]
[0.33912417]
[0.39191896]
[0.42560136]
[0.3649266]
[0.39090303]
[0.3937287]
[0.39555627]
[0.3732382]
[0.3732382]
[0.4190304]
[0.41435438]
[0.5265101]
[0.5265101]
[0.40344208]
[0.37429044]
[0.3299328]
[0.3299328]
[0.3387455]
[0.25930178]
[0.25930178]
[0.37649187]
[0.3629026]
[0.34186035]
[0.31344122]
[0.31344122]
[0.31344122]
[0.39646852]
[0.35699454]
[0.35699454]
[0.36338502]
[0.5053354]
[0.34397897]
[0.34397897]
[0.31900823]
[0.31900823]
[0.31900823]
[0.31900823]
[0.31900823]
[0.31900823]
[0.31900823]
[0.31900823]
[0.31900823]
[0.31900823]
[0.3433539]
[0.3433539]
[0.3433539]
[0.3433539]
[0.34571248]
[0.38433358]
[0.38433358]
[0.38433358]
[0.38433358]
[0.35277498]
[0.35277498]
[0.35277498]
[0.35277498]
[0.56029415]
[0.34454727]
[0.40026605]
[0.40026605]
[0.34477362]
[0.32364774]
[0.38193318]
[0.43863228]
[0.36093894]
[0.3717038]
[0.32323113]
[0.51310116]
[0.30727994]
[0.3413074]
[0.30577922]
[0.30577922]
[0.30577922]
[0.30577922]
[0.30577922]
[0.30577922]
[0.30577922]
[0.30577922]
[0.30577922]
[0.30577922]
[0.29973334]
[0.5223968]
[0.31923383]
[0.29411379]
[0.33340564]
[0.32937208]
[0.32675844]
[0.32675844]
[0.32675844]
[0.32675844]
[0.33017683]
[0.33017683]
[0.33017683]
[0.33017683]
[0.33017683]
[0.58059186]
[0.31933594]
[0.54096985]
[0.30257025]
[0.3275439]
[0.5696488]
[0.38339987]
[0.38306937]
[0.38781217]
[0.3167049]
[0.38289735]
[0.28445312]
[0.48397762]
[0.4698979]
[0.35026288]
[0.5413578]
[0.4503652]
[0.38694313]
[0.2908421]
[0.30146942]
[0.30027446]
[0.5189476]
[0.3386125]
[0.39167008]
[0.31528074]
[0.3350378]
[0.28530568]
[0.39432773]
[0.3475517]
[0.32619107]
[0.31055877]
[0.2759088]
[0.31288794]
[0.3017418]
[0.3080657]
[0.33899596]
[0.26484087]
[0.406653]
[0.43917087]
[0.27653393]
[0.32238963]
[0.3474578]
[0.26805967]
[0.3053689]
[0.2698252]
[0.36347726]
[0.25213242]
[0.3829718]
[0.31883]
[0.27971536]
[0.33065334]
[0.33065334]
[0.24602984]
[0.28140947]
[0.28962043]
[0.61138207]
[0.29670578]
[0.2408294]
[0.3818507]
[0.34032625]
[0.23170581]
[0.2547255]
[0.33705696]
[0.23845887]
[0.30907696]
[0.29099938]
[0.5254604]
[0.38660428]
[0.27496138]
[0.54164994]
[0.5006631]
[0.18517923]
[0.34029016]
[0.3613899]
[0.3638909]
[0.17669316]
[0.17669316]
[0.17669316]
[0.17669316]
[0.1589922]
[0.1589922]
[0.2912957]
[0.19570413]
[0.15345895]
[0.27823508]
[0.53930736]
[0.15730768]
[0.24557476]
[0.26543507]
[0.12767977]
[0.0895718]
[0.2803493]
[0.41246843]
[0.10125142]
[0.24430303]
[0.09073399]
[0.44893762]
[0.26362845]
[0.20970601]
[0.31050205]
[0.3825913]
[0.2744955]
[0.2608885]
[0.27176234]
[0.3386501]
[0.2409847]
[0.39528784]
[0.24356157]
