[0.5143015]
[0.5143015]
[0.5143015]
[0.51406753]
[0.51406753]
[0.51406753]
[0.52686375]
[0.5071361]
[0.5071361]
[0.5071361]
[0.5071361]
[0.5071361]
[0.5071361]
[0.5071361]
[0.5071361]
[0.5071361]
[0.5071361]
[0.5071361]
[0.5071361]
[0.5071361]
[0.5071361]
[0.5071361]
[0.5071361]
[0.5071361]
[0.5071361]
[0.5071361]
[0.5071361]
[0.5071361]
[0.5071361]
[0.5071361]
[0.5071361]
[0.5071361]
[0.5331981]
[0.50697994]
[0.50697994]
[0.52573967]
[0.5143174]
[0.5143174]
[0.4984389]
[0.4984389]
[0.4984389]
[0.4984389]
[0.4984389]
[0.4984389]
[0.4984389]
[0.4984389]
[0.4984389]
[0.4984389]
[0.4984389]
[0.4984389]
[0.4984389]
[0.4984389]
[0.4984389]
[0.4984389]
[0.4984389]
[0.4984389]
[0.51254404]
[0.51254404]
[0.5126197]
[0.5126197]
[0.5126197]
[0.5051745]
[0.5051745]
[0.5051745]
[0.5051745]
[0.5051745]
[0.51254964]
[0.51254964]
[0.51262695]
[0.5115308]
[0.5051749]
[0.5051749]
[0.5051749]
[0.507595]
[0.507595]
[0.507595]
[0.507595]
[0.50463563]
[0.50463563]
[0.50463563]
[0.50463563]
[0.49876192]
[0.49876192]
[0.511533]
[0.5170566]
[0.5282779]
[0.53016347]
[0.47738215]
[0.47738215]
[0.47738215]
[0.50889075]
[0.5098999]
[0.5142981]
[0.50763077]
[0.48033908]
[0.48859867]
[0.48859867]
[0.47619405]
[0.47619405]
[0.47619405]
[0.47619405]
[0.47619405]
[0.47619405]
[0.47619405]
[0.4964041]
[0.48730615]
[0.4923233]
[0.4923233]
[0.4923233]
[0.50243264]
[0.50243264]
[0.50243264]
[0.50243264]
[0.502553]
[0.502553]
[0.502553]
[0.502553]
[0.502553]
[0.4992664]
[0.4992664]
[0.4992664]
[0.4992664]
[0.4992664]
[0.4992664]
[0.50783014]
[0.50783014]
[0.50783014]
[0.50783014]
[0.50783014]
[0.5143804]
[0.5026338]
[0.49988297]
[0.49988297]
[0.51187485]
[0.4998243]
[0.48574206]
[0.47419482]
[0.47419482]
[0.47419482]
[0.50520563]
[0.49932227]
[0.49932227]
[0.51300365]
[0.51300365]
[0.5124278]
[0.5124278]
[0.5129272]
[0.5069462]
[0.47280294]
[0.47280294]
[0.51769745]
[0.499937]
[0.47591007]
[0.47591007]
[0.47591007]
[0.49626666]
[0.48889026]
[0.48889026]
[0.48889026]
[0.48889026]
[0.48889026]
[0.48889026]
[0.48889026]
[0.48889026]
[0.5078323]
[0.50782645]
[0.5022185]
[0.5022185]
[0.48836115]
[0.49336872]
[0.49336872]
[0.49336872]
[0.49336872]
[0.49336872]
[0.49336872]
[0.49336872]
[0.46562594]
[0.46562594]
[0.46562594]
[0.46562594]
[0.46562594]
[0.46562594]
[0.47262976]
[0.47262976]
[0.50812256]
[0.5128089]
[0.5173784]
[0.5177723]
[0.4725595]
[0.4725595]
[0.47305983]
[0.47305983]
[0.47305983]
[0.47305983]
[0.50844234]
[0.47262976]
[0.46282098]
[0.46282098]
[0.46282098]
[0.46282098]
[0.46282098]
[0.46282098]
[0.46282098]
[0.46282098]
[0.46282098]
[0.46282098]
[0.46282098]
[0.46282098]
[0.46282098]
[0.46282098]
[0.46282098]
[0.46282098]
[0.46282098]
[0.46282098]
[0.46282098]
[0.46282098]
[0.46282098]
[0.46282098]
[0.46282098]
[0.46282098]
[0.46282098]
[0.46282098]
[0.46282098]
[0.46282098]
[0.46282098]
[0.46282098]
[0.46282098]
[0.46282098]
[0.46282098]
[0.46282098]
[0.46282098]
[0.46282098]
[0.5119213]
[0.4961624]
[0.50096965]
[0.48551884]
[0.51724726]
[0.49615952]
[0.49750718]
[0.49597642]
[0.49597642]
[0.50231534]
[0.5002955]
[0.5023468]
[0.5023468]
[0.51829153]
[0.51266086]
[0.48122123]
[0.50566465]
[0.48044208]
[0.4792801]
[0.48219526]
[0.48219526]
[0.48219526]
[0.48219526]
[0.48219526]
[0.4917144]
[0.4917144]
[0.4917144]
[0.5024993]
[0.49979082]
[0.5134361]
[0.5134361]
[0.48131296]
[0.5084466]
[0.5031515]
[0.49748158]
[0.49748158]
[0.4996659]
[0.4697036]
[0.4697036]
[0.46617717]
[0.46956947]
[0.46956947]
[0.46956947]
[0.4991188]
[0.4991188]
[0.4991188]
[0.4991188]
[0.4991188]
[0.4991188]
[0.49575752]
[0.4799163]
[0.46993002]
[0.46993002]
[0.46993002]
[0.50917494]
[0.50917494]
[0.50904363]
[0.4921903]
[0.50908273]
[0.4906887]
[0.5111963]
[0.46825236]
[0.46825236]
[0.46522284]
[0.46522284]
[0.46522284]
[0.46522284]
[0.5040135]
[0.48105642]
[0.46465006]
[0.46465006]
[0.45575777]
[0.45575777]
[0.45575777]
[0.45575777]
[0.45575777]
[0.45575777]
[0.45575777]
[0.45575777]
[0.45575777]
[0.45575777]
[0.45575777]
[0.45575777]
[0.45575777]
[0.45575777]
[0.45575777]
[0.45575777]
[0.45575777]
[0.50565773]
[0.48865503]
[0.5091467]
[0.4696454]
[0.46861345]
[0.46861345]
[0.46860433]
[0.46860433]
[0.4792045]
[0.46590364]
[0.46467888]
[0.5029973]
[0.48067525]
[0.47881505]
[0.46615994]
[0.518402]
[0.4682877]
[0.4682877]
[0.48292765]
[0.5069435]
[0.45529696]
[0.45529696]
[0.45529696]
[0.45529696]
[0.45529696]
[0.45529696]
[0.45529696]
[0.45529696]
[0.45529696]
[0.45529696]
[0.45529696]
[0.45529696]
[0.45529696]
[0.45529696]
[0.45529696]
[0.45529696]
[0.45529696]
[0.45963827]
[0.45963827]
[0.45963827]
[0.45963827]
[0.45963827]
[0.45963827]
[0.45963827]
[0.45963827]
[0.45963827]
[0.45963827]
[0.45963827]
[0.45963827]
[0.5198621]
[0.4643796]
[0.5029973]
[0.4657893]
[0.5027085]
[0.5096329]
[0.46431345]
[0.46431345]
[0.46385664]
[0.49618807]
[0.45756847]
[0.45756847]
[0.46974614]
[0.46974614]
[0.4736445]
[0.50131536]
[0.51292723]
[0.46148375]
[0.5096329]
[0.480348]
[0.4633032]
[0.50859576]
[0.51005214]
[0.51005214]
[0.49536616]
[0.49536616]
[0.4468287]
[0.4468287]
[0.45574477]
[0.45574477]
[0.45574477]
[0.45574477]
[0.45574477]
[0.45574477]
[0.47893736]
[0.39540532]
[0.452573]
[0.452573]
[0.452573]
[0.452573]
[0.452573]
[0.452573]
[0.452573]
[0.50608313]
[0.46357653]
[0.452521]
[0.452521]
[0.452521]
[0.4620684]
[0.4620684]
[0.4504388]
[0.4504388]
[0.5251014]
[0.46381688]
[0.4921914]
[0.38113365]
[0.38113365]
[0.4520484]
[0.4520484]
[0.3936829]
[0.3936829]
[0.3936829]
[0.49860558]
[0.50525635]
[0.50525635]
[0.50525635]
[0.4105752]
[0.4105752]
[0.38882446]
[0.4019292]
[0.38390458]
[0.38390458]
[0.50588334]
[0.4133559]
[0.4133559]
[0.40584168]
[0.40584168]
[0.47384506]
[0.44799]
[0.44799]
[0.44799]
[0.44799]
[0.44799]
[0.44799]
[0.44799]
[0.44799]
[0.44799]
[0.44799]
[0.44799]
[0.44799]
[0.44799]
[0.44799]
[0.44799]
[0.44799]
[0.44799]
[0.44799]
[0.44799]
[0.44799]
[0.44799]
[0.44799]
[0.44799]
[0.44799]
[0.44799]
[0.44799]
[0.44799]
[0.44799]
[0.44799]
[0.44799]
[0.44799]
[0.44799]
[0.44799]
[0.44799]
[0.44799]
[0.44799]
[0.44799]
[0.44799]
[0.44799]
[0.4262028]
[0.4262028]
[0.4262028]
[0.4132989]
[0.4132989]
[0.4132989]
[0.4132989]
[0.4132989]
[0.4132989]
[0.4132989]
[0.4132989]
[0.4132989]
[0.4132989]
[0.41580498]
