[0.2627859]
[0.09704917]
[0.00070834]
[0.00070834]
[0.00070834]
[0.00070834]
[0.00070834]
[0.00070834]
[0.00070834]
[0.00070834]
[0.00070834]
[0.00070834]
[0.00070834]
[0.00070834]
[0.00070834]
[0.00070834]
[0.00070834]
[0.00070834]
[0.00070834]
[0.00070834]
[0.00070834]
[0.00070834]
[0.00070834]
[0.00070834]
[0.00070834]
[0.00070834]
[0.00070834]
[0.00070834]
[0.00070834]
[0.00070834]
[0.00070834]
[0.00070834]
[0.00070834]
[0.00070834]
[0.00070834]
[0.00070834]
[0.00070834]
[0.00070834]
[0.00070834]
[0.00070834]
[0.00070834]
[0.00070834]
[0.00070834]
[0.00070834]
[0.00070834]
[0.00070834]
[0.00070834]
[0.00070715]
[0.00070891]
[0.00070891]
[0.00070891]
[0.00070891]
[0.00070891]
[0.00070891]
[0.00070891]
[0.00070891]
[0.00070891]
[0.00070891]
[0.00070891]
[0.00070891]
[0.00070891]
[0.00070891]
[0.00070891]
[0.00070891]
[0.00070891]
[0.00070891]
[0.00070891]
[0.00070891]
[0.00070891]
[0.00070891]
[0.00070891]
[0.00070891]
[0.00070891]
[0.00070891]
[0.00070891]
[0.00070891]
[0.00070891]
[0.00070891]
[0.00070891]
[0.00070891]
[0.00070891]
[0.00070891]
[0.00070891]
[0.00070891]
[0.00070891]
[0.00070891]
[0.00070891]
[0.00070891]
[0.00070891]
[0.00070891]
[0.00070891]
[0.00070891]
[0.00070891]
[0.00070891]
[0.00070891]
[0.00070891]
[0.00070891]
[0.00070891]
[0.00070891]
[0.00070891]
[0.00070891]
[0.00070891]
[0.00070891]
[0.00070891]
[0.00070891]
[0.00070891]
[0.00070891]
[0.00070891]
[0.00070891]
[0.00070891]
[0.00070891]
[0.00070891]
[0.00070891]
[0.00070891]
[0.00070891]
[0.00070891]
[0.00070891]
[0.00070891]
[0.00070891]
[0.00070891]
[0.00070891]
[0.00070891]
[0.00070891]
[0.00070891]
[0.00070891]
[0.00070891]
[0.00070891]
[0.00070891]
[0.00070891]
[0.00070891]
[0.00070891]
[0.00070891]
[0.00070891]
[0.00070891]
[0.00070891]
[0.00070891]
[0.00070891]
[0.00070891]
[0.00070891]
[0.00070891]
[0.00070891]
[0.00070891]
[0.00070891]
[0.00070891]
[0.00070891]
[0.00070891]
[0.00070891]
[0.00070891]
[0.00070891]
[0.00070891]
[0.00070891]
[0.00070891]
[0.00070891]
[0.00070891]
[0.00070891]
[0.00070891]
[0.00070891]
[0.00070891]
[0.00070891]
[0.00070891]
[0.00070891]
[0.00070891]
[0.00070891]
[0.00070891]
[0.00070891]
[0.00070891]
[0.00070891]
[0.00070891]
[0.00070891]
[0.00070891]
[0.00070891]
[0.00070891]
[0.00070891]
[0.00070891]
[0.00070891]
[0.00070891]
[0.00070891]
[0.00070891]
[0.00070891]
[0.00070891]
[0.00070891]
[0.00070891]
[0.00070891]
[0.00070891]
[0.00070891]
[0.00070891]
[0.00070891]
[0.00070891]
[0.00070891]
[0.00070891]
[0.00070891]
[0.00070891]
[0.00070891]
[0.00070891]
[0.00070891]
[0.00070891]
[0.00070891]
[0.00070891]
[0.00070891]
[0.00070891]
[0.00070891]
[0.00070891]
[0.00070891]
[0.00070891]
[0.00070891]
[0.00070891]
[0.00070891]
[0.00070891]
[0.00070891]
[0.00070891]
[0.00070891]
[0.00070891]
[0.00070891]
[0.00070891]
[0.00070891]
[0.00070891]
[0.00070891]
[0.00070891]
[0.00070891]
[0.00070891]
[0.00070891]
[0.00070891]
[0.00070891]
[0.00070891]
[0.00070891]
[0.00070891]
[0.00070891]
[0.00070891]
[0.00070891]
[0.00070891]
[0.00070891]
[0.00070891]
[0.00070891]
[0.00070891]
[0.00070891]
[0.00070891]
[0.00070891]
[0.00070891]
[0.00070891]
[0.00070891]
[0.00070891]
[0.00070891]
[0.00070891]
[0.00070891]
[0.00070891]
[0.00070891]
[0.00070891]
[0.00070891]
[0.00070891]
[0.00070891]
[0.00070891]
[0.00070891]
[0.00070891]
[0.00070891]
[0.00070891]
[0.00070891]
[0.00070891]
[0.00070891]
[0.00070891]
[0.00070891]
[0.00070891]
[0.00070891]
[0.00070891]
[0.00070891]
[0.00070891]
[0.00070891]
[0.00070891]
[0.00070891]
[0.00070891]
[0.00070891]
[0.00070891]
[0.00070891]
[0.00070891]
[0.00070891]
[0.00070891]
[0.00070891]
[0.00070891]
[0.00070891]
[0.00070891]
[0.00070891]
[0.00070891]
[0.00070891]
[0.00070891]
[0.00070891]
[0.00070891]
[0.00070891]
[0.00070891]
[0.00070891]
[0.00070891]
[0.00070891]
[0.00070891]
[0.00070891]
[0.00070891]
[0.00070891]
[0.00070891]
[0.00070891]
[0.00070891]
[0.00070891]
[0.00070891]
[0.00070891]
[0.00070891]
[0.00070891]
[0.00070891]
[0.00070891]
[0.00070891]
[0.00070891]
[0.00070891]
[0.00070891]
[0.00070891]
[0.00070891]
[0.00070891]
[0.00070891]
[0.00070891]
[0.00070891]
[0.00070891]
[0.00070891]
[0.00070891]
[0.00070891]
[0.00070891]
[0.00070891]
[0.00070891]
[0.00070891]
[0.00070891]
[0.00070891]
[0.00070891]
[0.00070891]
[0.00070891]
[0.00070891]
[0.00070891]
[0.00070891]
[0.00070891]
[0.00070891]
[0.00070891]
[0.00070891]
[0.00070891]
[0.00070891]
[0.00070891]
[0.00070891]
[0.00070891]
[0.00070891]
[0.00070891]
[0.00070891]
[0.00070891]
[0.00070891]
[0.00070891]
[0.00070891]
[0.00070891]
[0.00070891]
[0.00070891]
[0.00070891]
[0.00070891]
[0.00070891]
[0.00070891]
[0.00070891]
[0.00070891]
[0.00070891]
[0.00070891]
[0.00070891]
[0.00070891]
[0.00070891]
[0.00070891]
[0.00070891]
[0.00070891]
[0.00070891]
[0.00070891]
[0.00070891]
[0.00070891]
[0.00070891]
[0.00070891]
[0.00070891]
[0.00070891]
[0.00070891]
[0.00070891]
[0.00070891]
[0.00070891]
[0.00070891]
[0.00070891]
[0.00070891]
[0.00070891]
[0.00070891]
[0.00070891]
[0.00070891]
[0.00070891]
[0.00070891]
[0.00070891]
[0.00070891]
[0.00070891]
[0.00070891]
[0.00070891]
[0.00070891]
[0.00070891]
[0.00070891]
[0.00070891]
[0.00070891]
[0.00070891]
[0.00070891]
[0.00070891]
[0.00070891]
[0.00070891]
[0.00070891]
[0.00070891]
[0.00070891]
[0.00070891]
[0.00070891]
[0.00070891]
[0.02765659]
[0.00070952]
[0.00070849]
[0.00070908]
[0.00070952]
[0.0007097]
[0.0007097]
[0.0007097]
[0.0007097]
[0.0007097]
[0.0007097]
[0.0007097]
[0.00070876]
[0.00070952]
[0.00070952]
[0.00070711]
[0.00070677]
[0.00071048]
[0.00070993]
[0.00071273]
[0.00071273]
[0.00071115]
[0.00071214]
[0.00071115]
[0.00071115]
[0.00071056]
[0.00070798]
[0.00070941]
[0.00071101]
[0.00071273]
[0.00071273]
[0.00071171]
[0.00071171]
[0.00071076]
[0.00071076]
[0.00070853]
[0.00071149]
[0.00071149]
[0.00071101]
[0.00071101]
[0.00070823]
[0.00070822]
[0.00070998]
[0.00071258]
[0.00071283]
[0.00071356]
[0.00071439]
[0.00072785]
[0.00071798]
[0.00071798]
[0.00071386]
[0.00073495]
[0.00072574]
[0.0007367]
[0.00074339]
[0.0007486]
[0.0007486]
[0.0007486]
[0.00073762]
[0.00073762]
[0.0007463]
[0.00074047]
[0.00074047]
[0.00074418]
[0.00074649]
[0.00073415]
[0.00073415]
[0.00073415]
[0.00073415]
[0.00075395]
[0.00075463]
[0.00074883]
[0.0007709]
[0.00079112]
[0.00078409]
[0.00079187]
[0.00079159]
[0.0008296]
[0.00076631]
[0.00081484]
[0.00081484]
[0.00077009]
[0.00267581]
[0.00089005]
[0.00106661]
[0.00079988]
[0.00380639]
[0.00738865]
[0.01341656]
[0.00152031]
[0.00063989]
[0.00063989]
[0.0007103]
[0.00083558]
[0.00071969]
