21.183100000000024
21.183100000000024
22.132620000000024
20.698900000000016
20.698900000000016
20.698900000000016
20.698900000000016
20.957000000000022
20.91050000000002
21.41920000000003
21.47622000000002
20.81190000000002
20.81190000000002
20.609400000000015
20.722200000000015
20.569000000000017
21.263620000000017
20.652400000000014
20.652400000000014
20.652400000000014
20.652400000000014
20.652400000000014
20.652400000000014
20.21470000000001
20.569000000000017
20.662400000000016
20.74650000000002
20.74650000000002
20.308800000000012
20.308800000000012
20.308800000000012
20.308800000000012
20.308800000000012
20.308800000000012
20.308800000000012
20.64560000000002
20.64560000000002
20.64560000000002
20.64560000000002
20.64560000000002
20.64560000000002
20.64560000000002
20.64560000000002
20.64560000000002
20.64560000000002
20.64560000000002
20.64560000000002
20.64560000000002
20.64560000000002
20.951900000000016
20.244300000000013
20.18510000000001
20.562900000000017
20.562900000000017
20.562900000000017
20.562900000000017
20.562900000000017
20.562900000000017
20.562900000000017
20.562900000000017
20.562900000000017
20.562900000000017
20.562900000000017
20.562900000000017
20.562900000000017
20.562900000000017
20.562900000000017
20.562900000000017
20.562900000000017
20.29130000000001
20.569400000000012
20.569400000000012
20.569400000000012
21.198520000000016
21.54002000000002
21.54002000000002
20.138500000000008
20.138500000000008
20.138500000000008
20.138500000000008
20.138500000000008
20.138500000000008
20.138500000000008
20.138500000000008
20.138500000000008
20.138500000000008
20.138500000000008
20.138500000000008
20.138500000000008
21.086120000000015
21.086120000000015
21.086120000000015
21.086120000000015
21.086120000000015
20.228200000000005
20.228200000000005
21.171620000000015
21.241220000000013
21.241220000000013
20.08480000000001
20.08480000000001
20.08480000000001
20.08480000000001
20.08480000000001
20.08480000000001
20.08480000000001
20.08480000000001
20.08480000000001
20.08480000000001
20.08480000000001
20.08480000000001
20.08480000000001
20.08480000000001
20.08480000000001
20.08480000000001
20.08480000000001
20.08480000000001
20.08480000000001
20.08480000000001
20.26230000000001
20.26230000000001
20.26230000000001
20.26230000000001
20.26230000000001
20.26230000000001
20.26230000000001
20.084800000000012
20.084800000000012
20.084800000000012
20.084800000000012
20.084800000000012
20.084800000000012
20.084800000000012
20.084800000000012
20.084800000000012
20.084800000000012
20.084800000000012
20.084800000000012
20.084800000000012
20.084800000000012
20.084800000000012
20.084800000000012
20.084800000000012
20.084800000000012
20.084800000000012
20.084800000000012
20.084800000000012
20.084800000000012
20.084800000000012
20.084800000000012
20.084800000000012
20.084800000000012
20.084800000000012
20.084800000000012
20.084800000000012
20.084800000000012
20.084800000000012
20.084800000000012
20.084800000000012
20.084800000000012
20.084800000000012
20.084800000000012
20.084800000000012
20.084800000000012
20.084800000000012
20.084800000000012
20.084800000000012
20.084800000000012
20.084800000000012
20.084800000000012
20.084800000000012
20.084800000000012
20.084800000000012
20.084800000000012
20.084800000000012
20.084800000000012
20.084800000000012
20.084800000000012
20.084800000000012
20.084800000000012
20.084800000000012
20.084800000000012
20.084800000000012
20.084800000000012
20.48880000000001
20.71450000000002
20.399200000000008
19.91870000000001
19.91870000000001
20.157500000000006
19.752600000000005
20.049100000000006
20.09600000000001
20.298100000000016
20.089400000000012
20.25270000000001
20.197200000000013
20.00860000000001
19.83082000000001
20.13860000000001
20.008600000000005
20.008600000000005
20.008600000000005
19.897100000000002
20.07820000000001
19.667800000000003
19.667800000000003
21.387100000000025
20.08640000000001
20.08640000000001
19.694700000000005
20.76562000000001
19.918700000000005
19.9826
20.42640000000001
20.382600000000014
20.168700000000005
20.08940000000001
19.677200000000006
19.934600000000007
19.542100000000005
19.528600000000004
20.10600000000001
19.614100000000004
19.614100000000004
19.614100000000004
19.614100000000004
19.83480000000001
19.618700000000004
19.618700000000004
19.614100000000004
20.028700000000008
19.571000000000005
19.571000000000005
20.064000000000007
19.5244
20.489700000000013
19.571000000000005
19.571000000000005
19.618500000000004
20.616800000000012
19.358500000000003
19.57100000000001
20.063200000000005
19.913100000000007
19.6437
20.23510000000001
20.052200000000003
19.658300000000004
19.898300000000006
19.946400000000008
19.604600000000005
20.126700000000007
20.55932000000001
19.3046
19.5302
19.707700000000006
19.435000000000002
19.4385
19.315800000000003
19.4798
19.520500000000002
19.057899999999997
19.057899999999997
19.5335
19.0689
19.676400000000008
19.86040000000001
19.900600000000008
19.9175
20.2364
19.4798
19.479800000000004
19.479800000000004
19.657300000000003
19.575500000000005
19.479800000000004
19.4798
19.588800000000006
19.3641
19.3641
19.422700000000003
19.479800000000004
19.3791
19.970800000000004
19.475500000000004
19.674300000000002
20.703600000000016
20.30472
19.088099999999997
19.676800000000007
19.475500000000004
19.475500000000004
19.774000000000004
18.90909999999999
19.877000000000002
19.612700000000004
19.068399999999997
19.1993
19.1187
19.118699999999997
18.805299999999995
19.014699999999998
19.014699999999998
18.413819999999987
19.774600000000007
18.57489999999999
19.198700000000002
19.227899999999995
19.689100000000003
20.356000000000012
19.472
19.675900000000002
19.6225
19.462899999999998
19.290399999999998
18.45119999999999
18.938499999999998
19.053099999999997
19.7752
19.337999999999994
19.237699999999993
20.071500000000007
18.667099999999987
18.687199999999986
19.877900000000007
19.012099999999997
20.067820000000008
18.599399999999992
18.31749999999999
19.418399999999995
18.50089999999999
19.011999999999997
19.746600000000004
19.514999999999997
17.810999999999986
17.91789999999998
19.472500000000004
19.693700000000003
19.289
19.338
19.3211
18.866199999999992
19.391000000000002
19.522600000000004
19.522600000000004
19.522600000000004
18.994499999999995
18.085699999999985
19.2956
17.243499999999976
17.41499999999998
18.90261999999999
19.378400000000003
18.992399999999996
18.46971999999999
18.38779999999999
16.242899999999967
16.37709999999997
16.236499999999964
15.556099999999967
16.39159999999997
18.909499999999994
15.502399999999968
15.413799999999966
15.413799999999966
19.258799999999994
15.131599999999969
14.965499999999968
14.965499999999968
14.69599999999997
14.61979999999997
15.258399999999964
13.760199999999976
13.296899999999978
13.516299999999978
12.64779999999998
12.35059999999998
11.520099999999983
11.093799999999986
11.552399999999983
11.579499999999982
20.198400000000007
10.510099999999989
10.683599999999988
11.018519999999986
11.98091999999998
10.230399999999989
10.808899999999989
10.808899999999989
4.105800000000003
18.90349999999999
10.252699999999992
10.587619999999989
10.42151999999999
9.956299999999993
9.962899999999994
9.564199999999998
9.564199999999998
9.0955
9.356299999999997
8.682020000000001
9.324999999999998
8.373600000000001
9.330799999999996
8.585700000000003
8.419600000000003
8.186100000000003
8.421900000000003
8.160600000000004
7.359500000000005
7.863400000000006
8.171000000000005
8.218400000000004
8.470120000000003
5.259000000000004
0.33157000000000003
7.345200000000005
7.049800000000004
7.158200000000004
7.158200000000004
6.088300000000004
7.065200000000004
6.694900000000005
5.069200000000004
4.993000000000004
6.619000000000005
5.658020000000003
4.385500000000003
4.898700000000003
4.245000000000004
3.728500000000003
1.9545999999999997
4.301600000000003
8.740700000000002
19.957300000000004
4.047620000000003
3.838300000000002
19.761100000000003
3.2821000000000016
3.0173000000000014
3.231700000000002
2.0615
0.44689999999999996
19.238899999999997
1.9725
1.9221000000000001
1.1515
1.8796000000000002
1.8966
0.5857
1.3404
-0.1849
-0.1849
-0.1849
19.985100000000006
19.916620000000005
19.825820000000004
0.6361
18.486299999999986
18.262299999999986
20.750800000000023
4.605400000000003
4.605400000000003
19.652699999999996
19.260999999999996
19.527399999999997
20.186900000000012
19.82650000000001
19.9536
11.174199999999983
19.67742
18.377999999999993
19.7452
19.516900000000003
17.946199999999983
19.945800000000013
14.97079999999997
19.408399999999997
20.09350000000001
19.915100000000006
19.622900000000005
19.5299
19.1416
20.112400000000015
19.559599999999996
9.576799999999995
13.417899999999973
20.353000000000005
11.727999999999982
19.760700000000007
19.1123
19.1181
18.641599999999993
19.713700000000006
19.064799999999998
19.0854
19.0854
14.19019999999997
19.336299999999998
