[0.55409837]
[0.55409837]
[0.5704479]
[0.5668891]
[0.51877123]
[0.59877545]
[0.5295688]
[0.5295688]
[0.5295688]
[0.5295688]
[0.5295688]
[0.5295688]
[0.5295688]
[0.5295688]
[0.5295688]
[0.5295688]
[0.5295688]
[0.5295688]
[0.5295688]
[0.5295688]
[0.5295688]
[0.5295688]
[0.5295688]
[0.5295688]
[0.5295688]
[0.5295688]
[0.5295688]
[0.5295688]
[0.5295688]
[0.5295688]
[0.5295688]
[0.5295688]
[0.5295688]
[0.5295688]
[0.5295688]
[0.5295688]
[0.5295688]
[0.5295688]
[0.5295688]
[0.5295688]
[0.5295688]
[0.5295688]
[0.5295688]
[0.5295688]
[0.5295688]
[0.5295688]
[0.5295688]
[0.5295688]
[0.5295688]
[0.5295688]
[0.5295688]
[0.5295688]
[0.5295688]
[0.4305631]
[0.54072386]
[0.5151457]
[0.54301804]
[0.54301804]
[0.5105685]
[0.5105685]
[0.46079433]
[0.40257198]
[0.40257198]
[0.40257198]
[0.40257198]
[0.40257198]
[0.40257198]
[0.40257198]
[0.40257198]
[0.40257198]
[0.5248457]
[0.5248457]
[0.5248457]
[0.5248457]
[0.56155133]
[0.5240047]
[0.5240047]
[0.5240047]
[0.5240047]
[0.5240047]
[0.5240047]
[0.5240047]
[0.5240047]
[0.5240047]
[0.5240047]
[0.5240047]
[0.5240047]
[0.5240047]
[0.5396874]
[0.53659886]
[0.53659886]
[0.53659886]
[0.53659886]
[0.53659886]
[0.53659886]
[0.5210318]
[0.5210318]
[0.5210318]
[0.5210318]
[0.5210318]
[0.5210318]
[0.5210318]
[0.5210318]
[0.5210318]
[0.5210318]
[0.5210318]
[0.5210318]
[0.5210318]
[0.5210318]
[0.5210318]
[0.5210318]
[0.5210318]
[0.5210318]
[0.5210318]
[0.5210318]
[0.5210318]
[0.5210318]
[0.5210318]
[0.5210318]
[0.5210318]
[0.5210318]
[0.5210318]
[0.5210318]
[0.5210318]
[0.5210318]
[0.5210318]
[0.5210318]
[0.5210318]
[0.5210318]
[0.5210318]
[0.5210318]
[0.5210318]
[0.5210318]
[0.5210318]
[0.5210318]
[0.5210318]
[0.5210318]
[0.5210318]
[0.5210318]
[0.5210318]
[0.5210318]
[0.5210318]
[0.5210318]
[0.5210318]
[0.5210318]
[0.5210318]
[0.5210318]
[0.5210318]
[0.5210318]
[0.5210318]
[0.5210318]
[0.5210318]
[0.5210318]
[0.5210318]
[0.5210318]
[0.5210318]
[0.5210318]
[0.5210318]
[0.5210318]
[0.5210318]
[0.5210318]
[0.5210318]
[0.5210318]
[0.5210318]
[0.5210318]
[0.5210318]
[0.5210318]
[0.5210318]
[0.5210318]
[0.5210318]
[0.5210318]
[0.5210318]
[0.5210318]
[0.5210318]
[0.5210318]
[0.5210318]
[0.5210318]
[0.5210318]
[0.5210318]
[0.5210318]
[0.5210318]
[0.5210318]
[0.5210318]
[0.5210318]
[0.5210318]
[0.5210318]
[0.5210318]
[0.5210318]
[0.5210318]
[0.5210318]
[0.5210318]
[0.5210318]
[0.5210318]
[0.5210318]
[0.5210318]
[0.5210318]
[0.5210318]
[0.5210318]
[0.5210318]
[0.5210318]
[0.5210318]
[0.5210318]
[0.5210318]
[0.5210318]
[0.5210318]
[0.5210318]
[0.5210318]
[0.5210318]
[0.5210318]
[0.5210318]
[0.5210318]
[0.5210318]
[0.5210318]
[0.5210318]
[0.5210318]
[0.5210318]
[0.5210318]
[0.5210318]
[0.5210318]
[0.5210318]
[0.5210318]
[0.5210318]
[0.39968228]
[0.39968228]
[0.39968228]
[0.39968228]
[0.39968228]
[0.39968228]
[0.3743761]
[0.3743761]
[0.54485613]
[0.5318515]
[0.5318515]
[0.3789317]
[0.3789317]
[0.3789317]
[0.3789317]
[0.3789317]
[0.3789317]
[0.3789317]
[0.45768434]
[0.45768434]
[0.45768434]
[0.45768434]
[0.45768434]
[0.45768434]
[0.45768434]
[0.45768434]
[0.45768434]
[0.45768434]
[0.45768434]
[0.45768434]
[0.45768434]
[0.45768434]
[0.45768434]
[0.45768434]
[0.45768434]
[0.45768434]
[0.45768434]
[0.45768434]
[0.45768434]
[0.45768434]
[0.45768434]
[0.45768434]
[0.45768434]
[0.45768434]
[0.45768434]
[0.45768434]
[0.45768434]
[0.45768434]
[0.45768434]
[0.45768434]
[0.45768434]
[0.45768434]
[0.45768434]
[0.45768434]
[0.45768434]
[0.45768434]
[0.45768434]
[0.45768434]
[0.45768434]
[0.45768434]
[0.56092685]
[0.44429487]
[0.44429487]
[0.44429487]
[0.44429487]
[0.4665477]
[0.4665477]
[0.4665477]
[0.4665477]
[0.4665477]
[0.4665477]
[0.4665477]
[0.4665477]
[0.4665477]
[0.4665477]
[0.4665477]
[0.4665477]
[0.4665477]
[0.4665477]
[0.4665477]
[0.4665477]
[0.4665477]
[0.5347755]
[0.4968043]
[0.5281148]
[0.39182204]
[0.46172243]
[0.4521739]
[0.52333874]
[0.5255396]
[0.5255396]
[0.5255396]
[0.5255396]
[0.5255396]
[0.5255396]
[0.46267477]
[0.49233943]
[0.49233943]
[0.49233943]
[0.3949996]
[0.6005188]
[0.45799834]
[0.43589187]
[0.48925638]
[0.44814828]
[0.55102396]
[0.51833874]
[0.5329416]
[0.61367047]
[0.512552]
[0.512552]
[0.62610716]
[0.5311687]
[0.48662832]
[0.48662832]
[0.48662832]
[0.528743]
[0.5197527]
[0.43390566]
[0.43390566]
[0.43390566]
[0.53342867]
[0.53342867]
[0.53342867]
[0.53342867]
[0.5041568]
[0.5041568]
[0.5041568]
[0.50640464]
[0.5509449]
[0.37563148]
[0.484501]
[0.5000898]
[0.5000898]
[0.5000898]
[0.52994967]
[0.5308533]
[0.58633864]
[0.49184412]
[0.40542197]
[0.49852094]
[0.4626684]
[0.5703074]
[0.38342565]
[0.36268687]
[0.36268687]
[0.5782592]
[0.39796263]
[0.39796263]
[0.39796263]
[0.5161273]
[0.4126332]
[0.38621914]
[0.51574636]
[0.4562709]
[0.4562709]
[0.51865417]
[0.38442963]
[0.38442963]
[0.41624257]
[0.41624257]
[0.41624257]
[0.52700746]
[0.55358213]
[0.4082442]
[0.4082442]
[0.4082442]
[0.5570316]
[0.39447525]
[0.5550958]
[0.423463]
[0.4125575]
[0.37822318]
[0.36732578]
[0.36732578]
[0.40188923]
[0.40188923]
[0.40188923]
[0.49990514]
[0.33167893]
[0.3814756]
[0.44082412]
[0.48030645]
[0.515363]
[0.49182215]
[0.35590154]
[0.49849132]
[0.5305613]
[0.55573314]
[0.41301775]
[0.52392936]
[0.43936068]
[0.3699018]
[0.49857256]
[0.49857256]
[0.49857256]
[0.49857256]
[0.49857256]
[0.49857256]
[0.49857256]
[0.49857256]
[0.48454186]
[0.38574058]
[0.39092383]
[0.49217102]
[0.3464383]
[0.46031195]
[0.5126165]
[0.48269892]
[0.445649]
[0.520939]
[0.4696968]
[0.3234775]
[0.34738097]
[0.39793545]
[0.4676825]
[0.46807203]
[0.48644525]
[0.3193966]
[0.34424114]
[0.478199]
[0.379773]
[0.38009492]
[0.3443406]
[0.36555827]
[0.44148105]
[0.35298803]
[0.41761702]
[0.40972352]
[0.33108196]
[0.33108196]
[0.33108196]
[0.425455]
[0.41854483]
[0.5048918]
[0.47617924]
[0.51818013]
[0.45383587]
[0.45383587]
[0.4678231]
[0.35508236]
[0.35508236]
[0.35440874]
[0.37489584]
[0.4425035]
[0.5464632]
[0.5611903]
[0.5611903]
[0.5531708]
[0.5531708]
[0.5615554]
[0.5274625]
[0.33490896]
[0.47716042]
[0.32957464]
[0.48855996]
[0.49113953]
[0.25729778]
[0.49815357]
[0.47775474]
[0.5008363]
[0.4296245]
[0.43115905]
[0.28730273]
[0.43115905]
[0.16802314]
[0.36281928]
[0.3664184]
[0.09539571]
[0.08712997]
[0.10441718]
[0.552551]
[0.45664805]
[0.35466558]
[0.1789479]
[0.37423694]
[0.29148757]
[0.25969627]
