2.3676176382154086
2.3676176382154086
2.3676176382154086
2.3676176382154086
3.062430140487388
3.062430140487388
2.0905895465077204
3.371706589389351
2.8162904388606247
2.8162904388606247
2.72525379615721
2.5626739203153264
2.5626739203153264
2.5626739203153264
2.6660216725229215
2.6660216725229215
2.6660216725229215
2.6660216725229215
2.6660216725229215
3.0927499837106662
2.9098132360557525
2.9098132360557525
2.9098132360557525
3.1683020631220824
2.6051745755001328
2.6051745755001328
2.6051745755001328
2.6051745755001328
2.6051745755001328
2.6051745755001328
2.6051745755001328
2.6051745755001328
2.6051745755001328
2.6051745755001328
2.6051745755001328
2.6051745755001328
2.6051745755001328
2.6051745755001328
2.6051745755001328
2.9220735494412065
2.653345624874458
2.5363838647672132
2.5363838647672132
2.5363838647672132
3.420441281429616
3.420441281429616
3.420441281429616
2.777910973892764
3.1622701804526594
2.6352615343150028
3.053476462675315
3.053476462675315
2.8343258408574936
2.8343258408574936
2.8343258408574936
2.8343258408574936
2.8343258408574936
2.8343258408574936
2.8343258408574936
2.8343258408574936
3.1360869263547855
3.1360869263547855
2.588344669767494
2.588344669767494
2.588344669767494
2.588344669767494
2.588344669767494
2.588344669767494
2.6221418019164524
3.1664090021842863
3.1664090021842863
3.1664090021842863
2.9099547828784953
3.523142211925826
3.3434037084388546
3.024870602715695
3.024870602715695
2.717028451116011
2.717028451116011
2.3258874466141606
2.743457979331712
2.8712926126938605
2.368874053993757
3.0458635775454344
3.0458635775454344
3.532303665096018
3.0174397264394948
2.6583138097981784
2.7937730592367878
2.7937730592367878
2.7937730592367878
3.2629152240169335
3.3956956342624114
3.3956956342624114
2.9317083480517336
2.9317083480517336
3.707218280301893
2.9211734748945304
2.6912976289895596
2.7972944031754423
2.780333283336697
2.928205678338127
2.928205678338127
3.2070609721655243
2.8666580852710357
3.197633855819519
3.197633855819519
2.8179655523070064
3.2009647212041337
3.2009647212041337
3.2009647212041337
3.2009647212041337
3.2009647212041337
2.6914815040146323
2.933858808978174
2.6058923223987875
3.3488431090968698
2.803367576860129
2.803367576860129
2.78887679589981
2.8049568005871937
2.8443978718126726
2.8443978718126726
2.8443978718126726
2.673892303545774
2.673892303545774
2.673892303545774
2.673892303545774
2.9938295545772817
2.9938295545772817
2.9938295545772817
2.9938295545772817
2.9938295545772817
2.9938295545772817
2.9938295545772817
2.9938295545772817
2.9938295545772817
2.721490141003491
2.721490141003491
2.721490141003491
2.721490141003491
3.104371728228327
3.0942303215691966
3.04052212254744
2.7711394554562965
2.7711394554562965
3.3168072988037984
3.3976773997354766
2.772646259581279
2.772646259581279
2.854942107946256
2.8450247689534027
2.8450247689534027
3.075813405508958
2.9771676852970046
2.9771676852970046
2.5668450947177384
2.5668450947177384
2.5668450947177384
2.5668450947177384
3.0850153739648114
3.0850153739648114
3.4029319334800334
3.1877013420431677
3.1877013420431677
3.1877013420431677
2.82756020906797
3.2491381282241196
3.186947266721063
3.186947266721063
3.102986063428027
3.156738953686843
3.156738953686843
2.992663460105213
3.3692695623531757
3.4935452846540507
3.4935452846540507
2.960767413051652
3.21802746125005
2.8504288901537205
2.749747376623228
3.402611822812399
2.9754344158747816
3.4221161153424475
2.756452677241123
2.756452677241123
2.756452677241123
2.756452677241123
2.756452677241123
2.847839098228384
2.8298585728769154
2.900879394898391
3.763968169266546
3.1978824571440967
2.727679604962164
2.8024037684399907
2.5991286535348745
3.672192409966267
2.96870294626574
3.082809648713007
2.844697967541535
2.891068557336128
2.891068557336128
3.1253410144936087
3.0834125181252228
3.339925908699918
2.3568992430706945
2.3568992430706945
3.2799068201063255
3.184379713617732
3.0417319482945864
3.527752495889323
3.3436432528429387
3.1007968632308973
3.413567181775335
2.819195585379937
2.9525148575624947
3.598847780017241
2.7191435581194643
3.2430945212194553
3.225989267490071
3.225989267490071
2.806112058450797
3.2066674792019603
3.6866770713610215
2.7358583632329694
2.7358583632329694
2.7796097075725967
3.2838161497354763
3.0249483357248756
2.913422827338767
3.285135726897443
3.0943916768586064
3.1435638622890707
3.133260621924716
3.650078938197015
3.0287683561932024
3.31275750439013
2.5293853346067934
3.002048237117293
3.2679492664742007
3.2770462469598733
3.0509052549372777
3.2563550993510004
3.5798257412309376
2.8968269760081924
2.7649628666303308
3.317548846249265
3.319615667474908
3.0777060333445307
3.2690184009219925
3.354700290208277
3.21237377657948
3.2875434181073437
3.2875434181073437
3.4175961577073792
2.6698819321787717
2.8893509599356566
3.7782706688087044
3.212558374785244
3.000889326414261
3.1242047271425655
2.899037257734493
3.5482420305911457
3.116796097173413
2.9808107086027444
3.397392688197016
3.0087104851967945
3.0597222309946677
3.3007415495025194
3.7516837970959465
3.257873786307819
3.511831955515569
2.6110877768504714
2.978937219442777
3.5718771882026985
3.378445070461633
3.508180035704969
3.4110233064605175
3.34432105468599
2.920360318688193
3.1973200861943543
3.1125320561261436
3.3299147537816847
2.749265892620114
3.2008494455799514
3.6035593893283693
3.535293322418257
3.49337004569498
2.704938155087241
3.9452724337460916
3.0900815708505016
2.6437601338632426
3.137863514405863
3.751634415122603
3.437967165024535
3.885427201424066
2.6041803555189933
3.0647719657816417
4.031035280964403
3.504921913602127
3.5380301368353333
3.2361353327950804
3.3851421012868634
3.6049259491065238
3.136977178373474
3.290451757185906
3.8352110948109956
3.4968637628891788
3.4328649255223374
3.262758297875198
3.4985865826151024
3.3478611947879617
3.6966521274556463
3.578186456179875
3.4764626540689516
3.6038809248264423
3.456080507007698
3.759058411448522
2.889761022853074
3.529693663613573
3.079480523335855
3.6836091436190177
3.9843400626396415
3.0943426910070233
3.3734737005810427
3.107325465857514
3.0626080747891518
2.8905208947951877
3.578678228271052
3.4091620359050196
3.491041804214696
3.2610661098697165
3.5521020121262357
3.6764055885839637
3.4676722217095417
3.5797181762740777
4.654115143533555
3.6861606523530863
3.603854914449121
3.5147480561261437
3.7726810590094315
3.639291327549497
3.711544861404418
3.7883226763491837
3.9974370005101827
3.9843595079922984
3.3159360228621093
3.5168968189217535
3.9270375843726146
3.104423532684729
3.5586093356854995
3.833639056187267
2.7297676450055395
3.006005448470626
3.564968170276309
3.573821631010415
3.646966249864855
3.934431349687623
3.6310986509299337
3.592247742430118
3.716803024199522
3.0058161512553765
4.312541396989378
3.7618482268258546
3.2214266552772584
2.989148083584892
4.520538916199991
4.401524312115162
4.556486434802602
4.087777773248027
2.5414745931107987
4.245893172041958
3.284336314465401
2.8535003723371677
3.2489720797576513
3.2832164573360734
2.2785411617863733
3.001151900952758
5.017048946973976
3.025012620493145
2.7178533358783987
2.678850731945415
3.1958769563564227
2.8737801693460927
2.6779707571992457
2.7417157451672214
2.546857718817952
3.1809033768810693
2.7623053942194726
3.2231998816826337
2.325116620984552
2.559042206386481
2.1957008181349895
2.856079157318149
2.8711863318477597
2.3291014930474407
2.808731184437523
2.3055412303543488
1.7998569094497938
2.1535272033406034
3.817388246977856
3.3826664951282677
3.468394206050754
2.3374409943304286
2.317962505465223
3.705952414634768
1.8117822741482499
2.7245728764175254
2.0990662010773313
2.7099138437572314
3.1516448967492643
2.7071397504021437
1.607685533830752
1.5442632808648522
1.9139077162994447
1.654869491412315
3.096220159719726
4.540585366631579
2.008682098771004
1.8549144216205686
2.3779481409001715
2.4050171632203057
2.221657683307857
5.325517131784697
2.5810153541602876
3.786274861181008
2.766514649430693
3.1169958481682283
2.7475679189493913
3.680328849681973
3.6141922891359215
3.006787807865753
3.720745380504707
3.3153840165438506
4.22416935604533
3.737584584929518
3.040964730942676
4.522757999479544
3.9860613175169313
3.692873852652494
4.65693771534192
4.743229695925439
4.731066252110849
4.5102467386945575
3.400500580112096
3.7405384197552234
3.7447560457862252
3.618854778942749
7.3284153846153846
4.707773650266676
4.430498444086859
5.171414648812963
2.5657415614078385
5.440959509647572
5.099494791231837
4.095302794944064
5.480773569130889
3.6064566694542526
3.3452873614246563
4.007447212107826
3.962654037214313
4.805184411389222
5.693776044951406
5.490945429352775
3.901087225726152
3.7262714294872215
4.154782193628661
4.575446827186193
5.290367504930591
4.374590223780901
4.838388884201064
5.089505885424453
2.9162639771321786
4.715356272091238
4.118503079384688
4.410648752232008
3.7301556635597546
3.8154677783471422
3.5584792043892843
4.217446537644914
4.655468746993682
4.462078842574368
4.658108361805137
4.490481440038275
4.428654675304429
4.500205472426037
4.970318199120478
4.3652033492665
4.191683581332304
4.8564458524797764
4.355014380274852
5.984678888822686
4.4204735252575595
4.977847734990046
5.016515537712936
5.016401390019679
6.088213620319296
5.125277128749623
4.748543755963003
