21.573700000000027
21.573700000000027
21.573700000000027
21.573700000000027
21.347600000000025
20.990900000000018
20.990900000000018
20.990900000000018
20.990900000000018
20.990900000000018
20.990900000000018
20.990900000000018
20.990900000000018
21.484200000000026
21.484200000000026
20.159700000000004
20.159700000000004
21.089500000000022
21.089500000000022
21.089500000000022
21.089500000000022
21.089500000000022
21.089500000000022
21.089500000000022
21.089500000000022
21.089500000000022
21.089500000000022
21.089500000000022
21.089500000000022
21.089500000000022
21.089500000000022
21.089500000000022
21.089500000000022
21.089500000000022
21.089500000000022
21.089500000000022
21.089500000000022
21.089500000000022
21.089500000000022
21.089500000000022
21.089500000000022
21.089500000000022
21.089500000000022
21.089500000000022
21.089500000000022
21.089500000000022
21.089500000000022
21.089500000000022
21.089500000000022
21.089500000000022
21.089500000000022
21.089500000000022
21.089500000000022
21.089500000000022
21.089500000000022
21.089500000000022
21.089500000000022
21.089500000000022
21.089500000000022
21.089500000000022
21.089500000000022
21.089500000000022
21.089500000000022
21.089500000000022
21.089500000000022
21.089500000000022
21.089500000000022
21.089500000000022
21.089500000000022
21.089500000000022
21.089500000000022
21.089500000000022
21.089500000000022
21.089500000000022
21.089500000000022
21.089500000000022
21.089500000000022
21.089500000000022
21.089500000000022
21.089500000000022
21.089500000000022
21.089500000000022
21.089500000000022
21.089500000000022
21.089500000000022
21.089500000000022
21.089500000000022
21.089500000000022
21.089500000000022
21.089500000000022
21.089500000000022
21.089500000000022
21.089500000000022
21.089500000000022
21.089500000000022
21.089500000000022
21.089500000000022
21.089500000000022
21.089500000000022
21.089500000000022
21.089500000000022
21.089500000000022
21.089500000000022
20.92340000000002
20.92340000000002
20.92340000000002
21.23392000000002
21.21480000000002
21.21480000000002
20.44280000000001
20.44280000000001
20.44280000000001
20.44280000000001
21.06660000000002
21.06660000000002
21.06660000000002
21.06660000000002
21.06660000000002
21.06660000000002
21.06660000000002
21.06660000000002
21.06660000000002
21.06660000000002
21.06660000000002
21.06660000000002
21.06660000000002
21.06660000000002
21.06660000000002
21.06660000000002
21.06660000000002
21.06660000000002
21.06660000000002
21.06660000000002
21.06660000000002
21.06660000000002
21.06660000000002
21.06660000000002
21.06660000000002
21.06660000000002
21.06660000000002
21.06660000000002
21.06660000000002
21.06660000000002
21.06660000000002
21.06660000000002
21.06660000000002
21.06660000000002
21.06660000000002
21.06660000000002
21.06660000000002
21.06660000000002
21.06660000000002
21.06660000000002
21.06660000000002
21.06660000000002
21.06660000000002
21.06660000000002
21.06660000000002
20.898000000000017
20.898000000000017
20.898000000000017
20.898000000000017
20.94840000000002
20.94840000000002
20.94840000000002
20.94840000000002
21.19190000000002
21.19190000000002
21.19190000000002
21.19190000000002
21.19190000000002
20.665300000000013
20.665300000000013
20.665300000000013
20.665300000000013
20.665300000000013
20.665300000000013
20.665300000000013
20.665300000000013
20.665300000000013
20.665300000000013
20.665300000000013
20.665300000000013
20.665300000000013
20.665300000000013
20.665300000000013
20.665300000000013
20.665300000000013
20.665300000000013
20.858300000000018
20.858300000000018
21.02330000000002
20.884220000000017
20.884220000000017
20.884220000000017
20.884220000000017
20.884220000000017
20.434700000000014
21.00242000000002
21.00242000000002
21.01330000000002
21.01330000000002
21.01330000000002
21.01330000000002
20.600800000000014
20.600800000000014
20.600800000000014
20.600800000000014
20.600800000000014
20.749720000000014
20.749720000000014
20.749720000000014
20.749720000000014
20.749720000000014
20.749720000000014
20.749720000000014
20.749720000000014
20.749720000000014
20.749720000000014
20.749720000000014
20.749720000000014
20.749720000000014
20.749720000000014
20.749720000000014
20.749720000000014
20.749720000000014
20.749720000000014
20.749720000000014
20.749720000000014
20.98360000000002
20.98360000000002
20.98360000000002
20.99040000000002
20.750300000000017
20.38680000000001
20.589100000000016
20.589100000000016
20.533300000000015
20.533300000000015
20.69940000000002
21.429300000000026
20.676500000000015
19.9357
19.9357
19.9357
19.9357
20.510400000000015
21.253400000000024
20.821800000000017
20.902200000000015
20.83950000000002
21.226800000000022
20.656820000000014
20.575700000000015
20.575700000000015
20.575700000000015
21.009400000000017
20.575700000000015
20.54990000000001
21.07470000000002
20.673520000000014
20.575700000000015
20.575700000000015
20.575700000000015
20.18570000000001
20.13410000000001
20.30020000000001
19.991400000000006
19.929000000000002
20.524600000000014
20.552800000000012
20.552800000000012
20.701500000000014
20.701500000000014
20.05902000000001
20.005700000000004
20.309300000000015
20.631000000000014
20.24390000000001
20.365100000000012
20.365100000000012
20.365100000000012
20.309300000000015
19.545599999999997
20.42800000000001
20.28640000000001
19.98580000000001
19.98580000000001
19.98580000000001
19.98580000000001
20.098620000000007
20.372900000000012
20.439700000000013
20.439700000000013
20.372900000000012
20.738100000000017
20.39882000000001
20.823600000000017
20.126900000000006
20.484500000000015
20.484500000000015
20.710200000000018
20.710200000000018
20.484500000000015
20.727800000000016
20.27860000000001
19.795600000000007
19.795600000000007
19.795600000000007
20.727700000000016
20.28690000000001
19.793100000000003
20.461600000000015
20.461600000000015
20.18480000000001
20.459200000000013
19.498599999999996
20.385500000000015
20.385500000000015
20.385500000000015
20.469000000000015
20.06030000000001
20.20850000000001
20.320100000000014
20.36260000000001
20.057900000000007
20.099920000000008
20.328800000000005
20.469800000000014
20.434200000000015
20.592400000000016
20.585400000000014
20.63572000000001
20.672200000000014
19.736800000000002
20.562500000000014
20.15430000000001
19.789800000000007
20.64930000000001
19.86010000000001
19.860100000000006
19.837200000000006
21.301200000000023
19.081599999999995
18.8963
19.1734
19.732800000000005
20.38012000000001
19.709900000000005
20.696100000000015
18.7473
19.915900000000004
20.165800000000008
20.770600000000016
20.24240000000001
18.845899999999997
19.2464
19.531200000000002
20.20118000000001
20.677320000000016
19.1766
18.25221999999999
20.504600000000014
19.76170000000001
18.455799999999993
20.424100000000013
20.527300000000015
20.50440000000001
20.35960000000001
20.33670000000001
20.441300000000012
18.813899999999997
20.32202000000001
20.073100000000007
20.23420000000001
17.43469999999998
20.186700000000013
20.051820000000006
19.84050000000001
20.339400000000012
19.791820000000005
20.316500000000012
17.586599999999983
20.564120000000013
17.30989999999998
19.98230000000001
17.45309999999998
18.9474
17.43341999999998
20.357600000000012
18.566699999999994
20.346700000000013
17.21109999999998
19.5641
19.637700000000002
16.654899999999973
15.766599999999968
15.593099999999968
15.26269999999997
15.11839999999997
15.529199999999967
14.995499999999968
13.841499999999973
13.926099999999973
13.903199999999973
14.557819999999968
14.075779999999972
13.857599999999973
13.020499999999977
13.328499999999977
12.822699999999978
12.988799999999978
12.961619999999977
13.064419999999977
12.34059999999998
11.928699999999983
12.13279999999998
19.943400000000004
11.576599999999983
20.727800000000016
10.970899999999988
12.068399999999983
10.442899999999991
9.896699999999994
10.076599999999994
8.9694
8.629620000000001
8.629620000000001
9.354999999999997
8.743400000000001
8.057600000000006
8.161820000000004
16.901299999999974
6.654200000000005
7.690300000000006
7.134100000000005
7.499200000000005
7.499200000000005
7.2827000000000055
7.240200000000004
7.611400000000006
7.184800000000005
6.684000000000005
6.635800000000004
6.127800000000004
6.512100000000005
6.261600000000006
6.331320000000004
5.479600000000004
6.851000000000005
6.128700000000005
20.727800000000016
4.881800000000004
4.1007000000000025
3.4525000000000015
5.248820000000004
3.495000000000002
3.495000000000002
1.6866
4.101600000000003
4.008700000000003
1.5908
2.4283
1.1923
0.37129999999999996
1.6556
0.9503
0.5601999999999999
20.92930000000002
20.426200000000012
20.002000000000006
11.794799999999983
20.90670000000002
19.6515
20.501000000000012
20.810200000000016
19.924020000000002
20.037500000000005
19.4782
19.759500000000006
19.397100000000002
19.503100000000003
19.929700000000008
19.6078
21.18630000000002
21.020200000000017
21.099220000000013
20.40330000000001
18.70319999999999
20.65060000000001
19.644299999999998
8.436000000000002
9.378599999999997
19.719400000000004
19.4072
15.02169999999997
20.032920000000008
19.495300000000007
20.23960000000001
20.051400000000005
