2.3676176382154086
2.9098132360557525
2.9098132360557525
2.6051745755001328
2.6051745755001328
2.6051745755001328
2.5363838647672132
2.8343258408574936
2.588344669767494
3.1664090021842863
2.8712926126938605
3.3735660831959775
3.130989457315069
3.3414022143693396
2.673892303545774
2.673892303545774
2.9938295545772817
2.9938295545772817
2.721490141003491
2.5668450947177384
2.5668450947177384
2.5668450947177384
3.269623185757335
3.4935452846540507
2.960767413051652
2.9827917451015526
3.35442570960476
2.936949714519601
3.1732140818244847
3.1610741879133277
3.261491388756107
2.756452677241123
2.756452677241123
2.756452677241123
2.756452677241123
2.756452677241123
2.756452677241123
2.756452677241123
3.279025557389919
2.4574733952394876
2.4574733952394876
2.8221407121086326
3.3012119519477565
3.126626505683876
3.3458821726704286
2.9791305045645355
2.844697967541535
2.9076254170899425
3.1613446530834297
2.3568992430706945
3.0351674975978407
3.0351674975978407
3.0351674975978407
3.0351674975978407
3.0351674975978407
3.328185057285813
3.328185057285813
3.328185057285813
3.328185057285813
2.674181650575619
3.507917129416173
3.507917129416173
3.098585750435616
3.098585750435616
3.098585750435616
3.098585750435616
3.098585750435616
2.9450813750871134
3.2066674792019603
3.1543891629183527
3.1543891629183527
2.7358583632329694
2.7358583632329694
2.7358583632329694
2.7358583632329694
2.7358583632329694
2.7699581884964033
2.7699581884964033
2.7699581884964033
3.123270729501061
3.078830967971413
3.104521539503388
3.104521539503388
3.104521539503388
3.104521539503388
3.104521539503388
3.104521539503388
3.2482088994517895
2.7484358908240125
3.48561358148884
3.19778997296606
3.082233200577517
3.082233200577517
3.082233200577517
3.082233200577517
3.082233200577517
3.082233200577517
3.082233200577517
3.082233200577517
3.393652563177498
2.672732508387659
2.8440414576732103
3.073831328272303
3.3166765570594583
3.704900188197014
3.704900188197014
3.602913745889322
3.602913745889322
3.0666783284203962
3.2856795555385876
3.2856795555385876
2.8337490797879195
3.292461826618619
3.1952196115747036
3.12202860066672
3.217161314193823
2.857465069999101
3.2830230744474465
3.2830230744474465
3.2830230744474465
2.972058283948739
2.979983896568136
2.274314804184991
2.274314804184991
2.274314804184991
2.274314804184991
2.274314804184991
2.274314804184991
3.1276231612328855
3.1276231612328855
2.5817615822925095
2.9064838267993913
3.1495331735752403
3.1495331735752403
3.1495331735752403
3.1495331735752403
3.1374268924304847
3.2536976371235085
3.1109222457529864
2.948157412863365
2.948157412863365
2.948157412863365
3.1157195891799905
3.141195344713932
3.158605156369082
2.9688136138402914
2.848745996692399
2.848745996692399
3.348639692497061
3.348639692497061
3.3669798269218933
3.022091909080519
3.512026027900789
3.512026027900789
3.1830683397924346
3.2728925341138737
2.5535069806553476
2.8921096811491775
2.321646319001953
3.0368240122934793
3.0451388961729275
3.3732551534396595
3.3732551534396595
2.981637801804345
2.981637801804345
2.9576500530607692
3.037423165040634
3.5839863940525056
3.118266049690984
3.548652635106979
3.5714394228938824
3.350220754649497
3.3360705148395695
2.9901426171332925
2.6145745076362914
3.281678214449302
3.1052462067774247
3.1052462067774247
2.770527210443042
3.2752835681689483
2.424945369957827
2.424945369957827
3.4492147911360576
2.91541641410155
2.897484485484311
3.379783078521575
3.440850763016531
3.0357157698788475
2.6908545921444205
3.3753981406978886
3.0802977842073114
3.0802977842073114
3.0802977842073114
3.0802977842073114
3.5192367771320026
3.5192367771320026
3.2167906220505404
3.4491478805047073
3.2570625572858134
3.6066695151200916
3.564749173016372
3.564749173016372
3.243477921018367
3.266186627286034
3.602814736420301
2.690155701628038
2.690155701628038
3.124851064676
3.290997741076521
3.4307834156237895
3.4792918934609487
3.4792918934609487
3.107200049212752
3.0587203263499294
3.3660129777291052
3.2707515633102586
3.1474805584080734
3.641006481260826
3.2139372283853813
3.514059021130043
3.4231157884137993
2.6437601338632426
2.6437601338632426
3.183780097706185
3.644198800239174
2.820931241283283
4.123436463171333
2.979916620270842
3.772285380757676
3.3280531884456863
2.9702908150316674
2.928802118935538
3.435667795286621
2.9015530020513687
2.9015530020513687
2.9846925102376805
3.5687626934887824
2.405069224797968
2.405069224797968
3.2397946061810643
3.4149796544439353
3.270871424722815
3.270871424722815
3.4115736708115705
3.6083978386986875
3.2892071092765587
3.7706159050104926
2.6270047297215307
3.6832089068338414
3.291957580740579
3.147870930616511
3.137944124895477
3.449414800939736
3.5243459305519336
3.537979501534945
3.270706812882901
3.495506534350861
3.527118488765516
3.380439930537447
3.643805809930744
2.9531621802828507
3.157865602805007
2.716421785438712
3.3130077746680833
3.172828990332582
3.3202945696668875
3.9313327104979985
3.9659969933342127
3.3641812040941588
3.6400970258142866
3.3727144683054595
3.079413603076799
3.0765982549615423
3.0690200233842244
2.566403483522924
3.256349691319233
3.2108796440048977
3.7774490570455574
3.0798174537307412
3.3100373742134632
2.7904632480265015
3.2659727682423094
3.315192841750128
3.9815211317358283
3.776145596251003
3.9115680462008804
3.141853621815134
4.002419122916622
3.246692360254924
3.5903046655070403
3.684373768802751
3.574511625811051
3.984464982789233
2.536461467128543
3.6225334944274454
3.73066974599468
3.6494998159247505
2.952870812962127
3.4170839073660364
3.9211191305047066
3.585275523901612
3.0879607303924548
3.217327070856614
3.3875877484338357
3.9698073823486038
3.2048087215980505
3.5953906369738666
3.078656141161021
3.7190618282402017
3.1454613144411248
3.0505184090170996
3.5821515261500085
3.4439520436441393
3.0098378465798064
3.459065457116841
4.113060566808681
3.235564052254751
3.678987628112564
2.8969490173822585
3.525364064164796
3.164056308118269
3.2035492245253128
3.776234054960849
3.9045707538910577
3.9045707538910577
4.383379738301111
3.692071344396278
4.0069807209842185
4.321636432193296
3.0621375887395406
4.032318524000063
4.17006846148148
4.268376313417536
3.818722800943136
2.8090509883060317
4.208937838297002
4.1061295452368896
4.109006668114015
4.054873237300965
3.9026222057504576
3.577000164775866
2.973024939356126
3.0940791231782345
3.107027674696562
4.243217735840401
2.7526645297333268
4.027140400498899
3.305571200420024
3.2009893332870805
4.080609983593513
3.285506526260342
3.756121193276841
3.4006059102402855
2.639465975234076
3.7514594511843313
4.351300988031247
4.197161972357785
3.3126603088288693
2.7740630646342233
4.426133041740387
3.2013791216061644
3.7666618260646034
2.5070654795437335
3.661609650846546
3.2564627225735308
3.3831182154929422
3.068097615524964
3.7365507696427303
3.857653456749583
3.2606106435782927
3.0248298372543925
3.0248298372543925
3.0248298372543925
4.543511238011304
2.9010874643730347
2.912873726553361
4.723447005721791
2.7535272069267442
3.4673939832778595
3.4553935921435697
2.841180029183022
3.0948401413532434
3.0333732197680927
4.687862108277887
2.8472938353699355
2.982598190721083
4.709067223747422
2.5119719716147593
2.859363215391028
2.941110831282339
2.7554390882177806
2.8405088782388166
2.588253114723372
2.9276121777594923
2.924903604744115
2.4687556760948333
3.0537642809254777
2.996236380533251
2.258385021842612
2.22150092432633
2.8182333356175064
4.720695616278885
2.4079026841098354
2.0362269951219965
2.5820200195913188
2.313179215174923
3.449691165605323
2.5529119684775665
3.449274032731246
2.841513463330678
2.81654046784705
2.2528589784885327
2.249400647774623
1.4016383170664604
4.165915326423972
2.248443673365635
4.23757024549518
2.8620242569298977
3.6349972868953735
2.2675556766576612
2.5656411501294105
4.124288009646507
2.4115704555777153
1.955239696345842
1.41771602262261
2.112885253391843
2.5322434922125687
2.5810153541602876
2.738080115558061
3.5935446939512827
3.524015354160288
3.524015354160288
3.2967845849295188
3.735994927455435
3.9860613175169313
4.113041382896073
4.221538240593853
4.1067975613947185
3.7476347466240156
4.043614072795545
4.218606123804218
4.508390691891714
3.831823801685407
4.014380651659939
7.3284153846153846
7.3284153846153846
3.932727209669827
3.917588456018416
4.163301601101181
4.102065671208289
3.5296858974409453
4.445598071346221
5.092990721805043
5.266767597470972
4.456477390978295
3.922865924671272
5.026983249993368
5.190371099963464
3.254808291504472
3.817554904415518
4.134410726101626
3.982580534838587
4.417265361619997
4.475281477565209
5.103760304265396
4.65359834534072
4.4834310496287255
4.57197252250303
6.480665523565428
4.024562734749435
3.7042114585068955
4.4618810075261575
4.16685725414577
4.882499741881455
4.590453681006524
4.183437460024161
4.069538576764017
4.985968199760212
5.278294419211587
5.402098598154806
4.850809357751723
4.84702564048732
4.44065448813866
4.906228762951322
5.227936423381902
4.166528620152254
6.01376409728174
4.9168600589495846
5.068276445070528
5.40183276455755
5.319492787992524
4.4160499244049936
5.678541198888964
4.945334739479066
4.8908850942116935
5.176911204892684
5.566926223568557
4.77880891156447
5.522360249296774
4.97996248418495
