4.344678219353922
4.344678219353922
4.344678219353922
4.344678219353922
4.289416275478516
4.289416275478516
4.289416275478516
4.289416275478516
4.289416275478516
4.289416275478516
4.289416275478516
4.289416275478516
4.289416275478516
4.289416275478516
4.289416275478516
4.289416275478516
4.289416275478516
4.289416275478516
4.289416275478516
4.289416275478516
4.289416275478516
4.289416275478516
4.289416275478516
4.289416275478516
4.289416275478516
4.289416275478516
4.289416275478516
4.289416275478516
4.289416275478516
4.289416275478516
4.289416275478516
4.289416275478516
4.289416275478516
4.289416275478516
4.289416275478516
4.289416275478516
4.289416275478516
4.289416275478516
4.289416275478516
4.289416275478516
4.289416275478516
4.289416275478516
4.289416275478516
4.289416275478516
4.289416275478516
4.289416275478516
4.289416275478516
4.289416275478516
4.289416275478516
4.289416275478516
4.289416275478516
4.289416275478516
4.289416275478516
4.289416275478516
4.289416275478516
4.289416275478516
4.289416275478516
4.289416275478516
4.289416275478516
4.289416275478516
4.289416275478516
4.289416275478516
4.289416275478516
4.289416275478516
4.289416275478516
4.289416275478516
4.289416275478516
4.289416275478516
4.289416275478516
4.289416275478516
4.289416275478516
4.289416275478516
4.289416275478516
4.289416275478516
4.289416275478516
4.385601333871714
4.290932181472206
4.290932181472206
4.290932181472206
4.290932181472206
4.290932181472206
4.290932181472206
4.290932181472206
4.290932181472206
4.290932181472206
4.290932181472206
4.290932181472206
4.290932181472206
4.290932181472206
4.294146928744846
4.281029746219017
4.281029746219017
4.281029746219017
4.281029746219017
4.281029746219017
4.281029746219017
4.281029746219017
4.281029746219017
4.281029746219017
4.281029746219017
4.281029746219017
4.281029746219017
4.281029746219017
4.281029746219017
4.281029746219017
4.281029746219017
4.281029746219017
4.281029746219017
4.281029746219017
4.281029746219017
4.281029746219017
4.281029746219017
4.281029746219017
4.281029746219017
4.281029746219017
4.281029746219017
4.281029746219017
4.281029746219017
4.281029746219017
4.281029746219017
4.281029746219017
4.281029746219017
4.281029746219017
4.281029746219017
4.281029746219017
4.281029746219017
4.281029746219017
4.281029746219017
4.281029746219017
4.281029746219017
4.281029746219017
4.281029746219017
4.281029746219017
4.281029746219017
4.281029746219017
4.281029746219017
4.281029746219017
4.281029746219017
4.281029746219017
4.281029746219017
4.281029746219017
4.281029746219017
4.281029746219017
4.281029746219017
4.281029746219017
4.281029746219017
4.281029746219017
4.281029746219017
4.281029746219017
4.281029746219017
4.281029746219017
4.281029746219017
4.281029746219017
4.281029746219017
4.281029746219017
4.281029746219017
4.281029746219017
4.281029746219017
4.235670237596798
4.235670237596798
4.235670237596798
4.235670237596798
4.235670237596798
4.235670237596798
4.235670237596798
4.235670237596798
4.235670237596798
4.235670237596798
4.235670237596798
4.235670237596798
4.235670237596798
4.235670237596798
4.235670237596798
4.235670237596798
4.235670237596798
4.235670237596798
4.235670237596798
4.235670237596798
4.235670237596798
4.235670237596798
4.235670237596798
4.235670237596798
4.235670237596798
4.235670237596798
4.235670237596798
4.235670237596798
4.235670237596798
4.235670237596798
4.235670237596798
4.235670237596798
4.235670237596798
4.235670237596798
4.235670237596798
4.235670237596798
4.235670237596798
4.235670237596798
4.235670237596798
4.235670237596798
4.235670237596798
4.235670237596798
4.235670237596798
4.235670237596798
4.235670237596798
4.235670237596798
4.235670237596798
4.235670237596798
4.235670237596798
4.235670237596798
4.235670237596798
4.235670237596798
4.235670237596798
4.235670237596798
4.235670237596798
4.235670237596798
4.235670237596798
4.235670237596798
4.235670237596798
4.235670237596798
4.235670237596798
4.235670237596798
4.235670237596798
4.235670237596798
4.235670237596798
4.235670237596798
4.235670237596798
4.235670237596798
4.235670237596798
4.235670237596798
4.235670237596798
4.235670237596798
4.235670237596798
4.235670237596798
4.235670237596798
4.235670237596798
4.235670237596798
4.235670237596798
4.235670237596798
4.235670237596798
4.235670237596798
4.235670237596798
4.235670237596798
4.331855295989998
4.440109226099203
4.281761879708932
4.281761879708932
4.283086909421689
4.231321067408525
4.286564940933421
4.286564940933421
4.286564940933421
4.287889970646178
4.287889970646178
4.273032906281971
4.273032906281971
4.277835967506461
4.277835967506461
4.277835967506461
4.2841876635091385
4.2778274325159025
4.2778274325159025
4.202501832613171
4.268301885637188
4.268301885637188
4.268301885637188
4.268301885637188
4.222746342133799
4.22719319839025
4.22719319839025
4.227541226533148
4.176752386089843
4.231996259614741
4.231996259614741
4.231996259614741
4.231996259614741
4.231996259614741
4.231996259614741
4.231996259614741
4.231996259614741
4.231996259614741
4.212692338994083
4.317516695031607
4.509646474237897
4.223988159226378
4.223988159226378
4.426929407863705
4.426929407863705
4.426929407863705
4.413340923045473
4.324289312225019
4.4170132848545185
4.260683174955419
4.2620997958685924
4.62202742838775
4.542229760892937
4.372713246199705
4.298742128139986
4.205266275792407
4.205266275792407
4.352647616258303
4.470270517531288
4.219528253421403
4.219528253421403
4.244763122273083
4.244763122273083
4.46161904201259
4.210446189894313
4.467172930590825
4.35014788227231
4.2774964862137885
4.351496316752403
4.416524479649572
4.418610325775775
4.165239573712568
4.356041970677774
4.168989074465644
4.155029290731299
4.155029290731299
4.25955341762246
4.819139255368004
4.0874854475226385
4.108694455095377
4.108694455095377
4.212707818629358
4.337892503166533
5.055325901103575
4.39310778077056
4.566078463014225
4.568342552209947
4.395154785022591
4.544156494517639
4.292178039719961
4.4543585731942175
4.2646768884502055
4.4992633915897144
4.359568490722127
4.254139002806438
4.336013617647252
4.100124012961342
4.090677709120436
4.090677709120436
4.2067662523270535
4.2067662523270535
4.2067662523270535
4.6350556290061276
4.3561529317925
4.3561529317925
4.337674875112339
4.245592624943177
4.245592624943177
4.2998610289584915
5.069952303443977
4.34690865307234
4.4292553371809875
5.1146429855514395
5.014535404280965
5.014535404280965
5.014535404280965
4.435203341513024
4.435203341513024
4.352288241802736
4.359196624465131
5.1244504674218945
4.813900191852633
4.305704141269364
4.295493858288096
5.1003547753653935
5.1003547753653935
4.330325995731446
4.3130848346265065
4.28965204110424
4.346286791262945
5.230332089053116
4.260470178756064
4.214169424647123
4.15922665057815
4.265350264608008
4.143407516870662
4.143407516870662
4.240810907236936
4.2795251443025535
4.153071736205719
4.332127309117075
4.361560167899031
4.085209942615883
4.563066540348227
4.2699843185073565
4.555508000388065
4.234090770676181
4.7025938084530825
4.0659916211271145
4.015600115700026
4.548371819347
4.548371819347
3.7268774908925373
3.796727756860496
3.644157010550927
3.644157010550927
3.869806308725746
4.028773778302968
3.807582435939379
3.8978021035295836
3.8587819112218913
3.850609281500285
3.9242381986900856
3.9638267973772
3.7098658650719933
3.710645389926298
4.208588526550789
4.1916841227603525
5.754303726777364
3.9585721545063706
3.9585721545063706
4.024437321679762
3.936134381085128
4.0527975026752365
4.30569162042108
4.30569162042108
4.1815143898583305
3.7786950630452507
4.1156842046515845
4.071717790783762
3.587575776722911
4.037253158783835
4.813097595717474
4.208518649325049
3.9768574574263686
3.6232508387576488
4.111037847059171
5.821552254274444
5.129629115280581
3.913921802761216
3.971400115238472
4.013881846007703
3.5400073840243564
3.84787694771693
4.306544021492128
3.8252456186657247
3.7099296722164823
3.6231722967311297
3.8996994311654847
4.405925572183171
3.762945531949022
4.391198885343734
4.369544109350496
4.369544109350496
4.928719241364405
4.901624353597069
4.500952904425397
4.365177245445171
4.235232885322129
4.235232885322129
4.33439497430619
4.33439497430619
4.258432131696043
4.282842841387689
4.232554876272356
4.403837494276653
4.191843001760124
3.6618230308923856
4.278508857983487
4.978424164175825
4.448137476762583
4.423561586980723
4.423561586980723
4.744258325010032
6.193204739575542
4.419566445148438
3.622893258664056
3.7610133582914758
3.8356320873884666
4.7450840650451696
4.876971759233255
4.876971759233255
4.852293258664057
4.9721983511855665
5.379494047230599
5.251033090639662
5.279238846475711
5.185114274783189
5.077628625209239
6.193269237994788
6.2393810575876465
5.116737149718623
6.868912405957002
5.757632864414644
5.872570734499428
6.741326365220324
5.5351688909983645
5.660410774902876
5.031821161123482
5.705952760972675
5.7141474559328875
6.34714636770691
6.505660054832958
7.21065770994386
6.048838638451288
6.036953426677039
5.248392827570907
6.373893068214178
6.313146605919769
