2.3311898660624966
2.272531167837645
2.2152909041955535
2.2152909041955535
2.4961848956482964
2.387202883813977
1.052922015068658
2.581926340232533
2.0057903394352774
2.0057903394352774
2.0057903394352774
2.0057903394352774
3.78231130616188
3.3077335347015495
2.193588533583535
2.530453339128913
1.955846197423444
3.5848942188974178
2.319355571199729
2.319355571199729
5.218185639723274
4.026751060533051
3.8646843609031585
3.8646843609031585
4.104684383084956
3.7587415248344076
4.875843793001008
2.9689580431098417
3.676045273679444
1.6206578039900172
2.6344602543223363
2.6344602543223363
4.682518549494449
3.3958567351862676
3.2292374337221563
2.7621460790802477
1.0
1.0
1.0
3.237252349374536
2.4622094173535753
2.4622094173535753
2.6170520007379228
3.252320835179235
1.0
1.0
1.0
1.0
3.6652258607784702
2.4301942358612916
2.0884336948738564
2.545162688314191
2.6358679715924733
3.8320844085348673
4.197512725097996
2.935265719147914
3.5639191504675054
3.970511297007879
3.569197337710955
2.0694382806724523
3.805858174293748
3.829717386903374
3.829717386903374
4.0118163440889365
2.5253047746381814
3.3055818410979363
2.609287482866611
3.7257191625905683
1.3756519655025397
1.3756519655025397
1.3756519655025397
1.3756519655025397
4.607427274462402
1.9839477018731078
1.9839477018731078
1.9839477018731078
1.9839477018731078
2.9985617250458834
2.9985617250458834
3.143614050024275
2.352639954585902
2.0625474302088698
3.601781047380827
2.7708302161893332
4.765790606187821
3.7420494173727654
1.6008076479779572
2.586820613724017
3.4633533303943373
3.4633533303943373
3.4633533303943373
3.4633533303943373
3.4633533303943373
3.537596722169143
3.965233279952976
2.0404771032905753
2.928239679273851
2.4315975979230053
2.549446614788309
3.761333978489552
3.089349799494448
3.7230190302636794
1.4097045828751416
1.4097045828751416
3.0093763663596267
2.475272804648043
3.1260819084502973
2.07412048900291
2.07412048900291
3.0172839284843356
2.026866224250261
2.026866224250261
2.026866224250261
2.026866224250261
3.5703144691314908
1.375853801824114
3.797726596472522
3.797726596472522
3.797726596472522
3.7430808091098333
3.414021797155968
2.990990084364002
2.5666945662077048
2.8553674347725533
2.8553674347725533
1.9969199674905251
1.9969199674905251
3.192331128402534
4.326738462815369
3.029830961838022
3.029830961838022
1.4123290433790174
3.444796470997045
3.9316461425002647
1.8705421315984232
1.8705421315984232
2.626473188605404
2.626473188605404
2.626473188605404
2.626473188605404
2.626473188605404
4.562016925671882
1.6838959779207716
1.2644657830406398
4.421814943725218
3.414008408733814
3.058852544116503
1.5827286138541883
1.5827286138541883
3.0837096552636805
1.4899915259421004
3.0607113706811457
3.7051998802720743
3.7051998802720743
3.7523462674214496
1.8311201985852463
3.3434994042798465
3.5204834691080835
3.5204834691080835
3.5204834691080835
2.7896954235295954
2.7896954235295954
2.7896954235295954
2.7896954235295954
2.7896954235295954
2.7896954235295954
2.7896954235295954
2.7896954235295954
3.612408779404489
2.822013462635283
1.6396664585214111
3.7419538348079584
3.7419538348079584
3.817301034866259
1.5443591124940923
1.367786943831506
3.0966678272724764
3.3930965838621834
3.135097621331793
3.765007491802142
2.5362711972251724
2.5362711972251724
2.5362711972251724
2.936278010173721
1.5157107567113304
3.2582298224552293
3.111451267685439
2.482139104077513
3.7715468516473516
3.723727446739919
2.729736650143865
1.4871461952226852
3.3600652536994247
2.772929540986386
2.772929540986386
3.540385483459943
3.507338702399383
2.301636616122538
3.373025771022986
3.538859197013176
1.9291580344336072
1.9584125989945917
2.931400410776053
3.6778364329521214
3.7569493620024534
3.7569493620024534
3.499835851561258
2.4690386115583234
3.230626707429254
3.230626707429254
4.369245890293456
3.3035479097733162
3.3035479097733162
3.3035479097733162
3.1258226872669734
3.890559749464428
2.8279767754318943
2.4309178933358915
1.8399457598090407
4.016193761493133
3.6912973404826115
3.6912973404826115
3.6912973404826115
3.484529928804072
3.9837628204886357
3.4820189784153097
1.395106895027693
1.2519458764988904
4.109442711913541
4.236649673395599
4.236649673395599
4.236649673395599
3.25008771437426
3.1049164698064127
3.218592419374634
3.640718187913384
3.640718187913384
3.640718187913384
4.654921434109832
2.2381956468212216
3.1388426116049306
3.714160117843277
1.7504825818405578
3.607919967490525
2.9379888036643766
3.9656895220715134
3.4302401805806255
3.3158352382633076
3.4212109558151145
2.4599185958440017
3.434794770741945
3.434794770741945
3.434794770741945
4.292877041911213
2.2181991705492443
2.2181991705492443
2.2181991705492443
3.0645121423918296
4.307969083124202
4.356787780263679
2.8736243281399023
3.8010675806259338
2.003202581840556
3.707948562086589
4.505688724022784
5.215983223741279
3.205668845789316
3.9709289238148475
1.8403275049174788
3.598177483459942
4.23547167449445
4.23547167449445
4.391626569759138
3.5639476744124323
5.103916678741188
3.4751257911522497
3.3743591533147272
3.3743591533147272
3.432220466945873
4.223108244223818
3.14709674572232
2.781912440028014
3.7950506207920274
5.056274718146124
3.0003555249666203
3.6858093510713257
2.7039548257182258
3.8019104903516503
4.317301424350193
4.517878339128913
2.902166280178143
3.4619887418021413
2.4066863299416337
3.591284795965242
3.597441436122664
3.026015135716153
3.556976803348997
3.556976803348997
3.949107812609787
3.7117056657884833
3.8569243430667033
4.115326107120991
3.679505715815841
2.472906511571809
2.066689457957276
3.3822044792463526
4.1875707326642
2.7737482442238193
2.7570825943994244
2.7361598126097864
3.7712477080871425
3.326964548302045
4.944534491687955
4.182529683499435
2.101031197225172
4.407081770648295
3.14556698902539
3.14556698902539
2.660085481986055
3.434894342451557
3.445757068844155
3.6008946917113853
3.4554424193746334
2.5389513234278116
4.238160120302094
3.736003944998404
3.1273513829547843
4.958332837804244
2.761057665428625
3.6377075378652313
3.293751908875346
4.303081337553758
4.892342758048461
4.165466823458651
4.774324802354167
3.383195636240244
3.477133177471205
4.238428191283194
4.49797574234104
3.8036598019881485
2.6939006760280417
4.094312116520109
3.6509479449984035
4.180174001999678
2.6332657302023907
6.023883012334265
3.3877157017662753
3.7835614512955127
3.6884214262329262
3.7814694233764836
2.6245898342127774
4.019463778689352
4.113424767700341
5.668119927318754
5.178273597571372
4.143512773963122
1.0
1.0
4.129221580143766
3.9337373570424345
3.2974049970874635
3.4984171676464877
1.360634776456326
4.057498970284055
2.887483202793627
3.2870075232610265
2.875336338839695
3.8143333793282466
2.9180005169500713
2.9380718805874544
3.856084383659221
3.6084916574604033
5.256500039879065
3.5326180405657235
3.972108996242471
2.7799261892189655
3.0396295537191618
3.537859561969686
3.8878808809130954
2.1960110088421256
1.6295901374030706
4.097131127326944
2.9245267945432403
3.902807511441682
2.4496819940392527
3.731684982348942
4.1384195426315395
4.222932768634463
2.9952806948331787
3.735457491806695
2.6536436083144075
3.8351520347592487
5.067827048451321
4.12137945586889
1.572751675864609
2.8325354318700704
4.776674212893699
3.922255384914944
3.8198616647935264
3.8198616647935264
4.079224919905833
3.010523312609787
3.010523312609787
2.3102154075616834
4.13780754386895
3.0783054111005175
3.8713263925605634
1.8549144216205686
4.024652421990685
2.5911711972251705
3.080164227052487
4.625401078115525
4.776227258622512
1.912661409115831
4.113651520666472
4.562685975064111
3.1162538875303767
4.132592422449823
3.1077501580994156
3.164819822645396
2.179954247312118
4.380628643273447
4.814028527486928
4.892299105930279
3.095305169581658
3.1114825534887007
3.4543405375053746
2.366608927115074
3.3787898775904504
4.619069774278325
4.326688261037466
3.385354506892889
2.6827449192656374
6.135022498337058
4.874501588723101
4.786427947415582
4.571491210989647
2.8185931247587686
3.729126095818029
3.6939393451505254
4.57265501199684
5.3287469341385165
4.208477587846664
4.6186086078504704
3.326269868776458
4.544535577186128
4.767121784203882
2.8183185770965213
2.738080115558061
2.7475679189493913
2.7475679189493913
2.7475679189493913
2.7475679189493913
4.753233413045274
3.5919964296256417
3.040964730942676
3.737584584929518
4.553385253391843
4.361289693275969
3.793734891164103
2.7511358066060687
3.7892971821225885
5.025613869924888
4.899552642643392
4.656647936877255
4.189778888579463
4.4457800274158314
4.184767441962268
5.513697042321146
3.282291511251028
2.3989097656145564
4.361746360926626
2.672390923743645
2.158854499176167
2.8989374140289392
3.5825187806831664
3.6166087375088267
3.7375803974278554
3.2827505481882415
3.435216711583445
5.276984392792892
4.498863681817955
3.810261022310402
4.125826010703085
5.389606372111041
4.338831715706122
4.09632604440015
4.180436458367372
3.529887762737035
3.9347358835908857
3.8152843154650977
5.484031117986428
6.283644642923028
4.17090159135205
4.239511048525616
4.888689142113247
5.341731190808844
5.465048530528908
4.48924747285203
4.647139597118739
