5.520900000000005
6.840400000000006
7.835900000000007
6.443100000000003
4.419400000000004
4.3769000000000045
4.3769000000000045
5.295700000000005
4.334400000000003
8.895899999999997
4.442000000000004
2.657
2.657
2.657
2.657
2.657
2.657
2.657
4.788600000000002
2.0484999999999998
4.399500000000003
6.167900000000007
4.577500000000002
4.577500000000002
5.086600000000005
4.858000000000004
4.301800000000003
5.771300000000003
6.538500000000006
5.006700000000003
4.727100000000003
4.360400000000003
5.6608000000000045
1.9953
3.783800000000002
4.3217000000000025
4.3217000000000025
4.3217000000000025
4.776500000000003
4.464500000000003
5.800500000000006
6.707500000000006
3.9105000000000025
6.530300000000005
4.225700000000003
7.446200000000005
7.446200000000005
3.898400000000003
3.898400000000003
3.898400000000003
3.898400000000003
3.898400000000003
4.087900000000003
3.464500000000002
3.464500000000002
4.650800000000004
2.799400000000001
6.653200000000004
5.2257000000000025
3.346000000000002
3.1796000000000006
4.947500000000003
4.867600000000002
6.461700000000005
6.832800000000005
7.228300000000004
7.389000000000006
7.389000000000006
3.0397000000000016
5.136500000000004
5.136500000000004
7.2614000000000045
10.203299999999993
8.568400000000004
10.203299999999993
4.705000000000004
6.263100000000004
4.527900000000003
7.9313000000000065
5.461200000000005
4.299000000000003
3.345600000000002
9.569599999999998
4.056700000000003
5.060100000000005
5.161800000000003
4.456400000000004
9.846699999999995
4.637600000000004
3.744900000000003
9.3974
6.400000000000005
6.400000000000005
8.298800000000004
5.885400000000004
5.012600000000004
5.012600000000004
5.012600000000004
3.0138000000000007
4.901900000000005
6.174200000000005
2.8835000000000006
3.6426000000000034
7.104100000000004
7.104100000000004
5.055100000000005
3.344800000000001
3.344800000000001
3.344800000000001
9.0577
7.238500000000006
6.700000000000005
6.700000000000005
6.700000000000005
6.989600000000005
3.3972000000000016
6.0743000000000045
6.0743000000000045
9.557999999999996
9.557999999999996
9.557999999999996
9.908899999999996
4.621200000000004
6.189300000000005
3.206400000000002
8.896500000000001
8.896500000000001
6.749200000000005
6.327300000000004
5.560000000000003
5.419300000000005
4.739100000000004
5.014300000000004
7.224500000000005
5.6441000000000034
5.398100000000003
5.398100000000003
5.765100000000005
5.765100000000005
5.082200000000004
3.284200000000002
3.284200000000002
3.284200000000002
3.775800000000003
9.654899999999998
4.933500000000004
6.8589000000000055
9.3018
9.606399999999997
5.920120000000003
6.901400000000006
6.901400000000006
6.901400000000006
4.438700000000003
7.306900000000006
7.306900000000006
5.746300000000004
6.192700000000005
6.192700000000005
6.192700000000005
6.192700000000005
6.242600000000005
5.863100000000005
6.142100000000005
6.389200000000005
6.028000000000003
6.637800000000005
6.878700000000005
5.288200000000005
3.478600000000002
6.293000000000004
6.293000000000004
6.293000000000004
6.986900000000006
4.814400000000004
7.804900000000007
7.804900000000007
6.059100000000005
6.323400000000005
3.0032000000000005
3.6560000000000024
6.6322000000000045
6.012500000000004
6.012500000000004
3.6023000000000023
3.6023000000000023
6.948700000000007
4.601200000000004
7.1744000000000065
8.292700000000005
8.292700000000005
8.292700000000005
8.292700000000005
7.730000000000007
9.237100000000002
6.806300000000005
7.777220000000007
7.170100000000005
8.536300000000002
7.621800000000006
9.3177
5.383900000000003
5.363200000000004
6.935800000000006
6.935800000000006
6.935800000000006
6.935800000000006
6.935800000000006
6.935800000000006
6.935800000000006
6.935800000000006
2.5447000000000006
7.468800000000006
7.468800000000006
7.468800000000006
1.8472999999999997
9.383299999999998
6.706300000000003
7.308300000000007
5.540800000000004
5.262770000000003
7.902600000000008
4.601800000000002
6.614700000000005
6.996400000000006
5.232300000000002
5.232300000000002
5.232300000000002
9.143
6.576300000000004
6.2477000000000045
5.5293000000000045
5.5293000000000045
5.5293000000000045
7.421200000000006
7.430320000000008
3.6831000000000023
6.000200000000004
6.447000000000006
2.9471000000000007
5.495700000000005
6.489400000000005
7.697600000000006
4.6810000000000045
8.205300000000006
5.292500000000005
6.038400000000005
3.6407000000000025
5.792000000000005
3.2947000000000015
7.054300000000004
7.109500000000006
7.280000000000007
8.637800000000004
4.120300000000004
9.5168
1.6950999999999998
7.062500000000006
9.747599999999997
9.492299999999998
6.846000000000006
6.216300000000005
5.857600000000004
7.186400000000004
5.326900000000005
3.485000000000001
5.185300000000004
5.074500000000005
5.074500000000005
7.482320000000007
5.324100000000004
7.133700000000007
6.026100000000004
7.938600000000006
7.520200000000005
5.609200000000005
3.589100000000003
3.9379000000000017
4.209700000000002
4.209700000000002
4.715500000000004
7.0582000000000065
7.0582000000000065
7.644600000000007
7.644600000000007
7.306100000000005
5.764100000000005
7.428100000000007
7.428100000000007
5.555200000000005
7.156700000000006
1.8608999999999998
4.449600000000002
5.518300000000004
0.9904999999999999
7.210000000000005
3.4060000000000024
6.475700000000005
8.207600000000006
5.699700000000004
8.007000000000005
5.132300000000005
7.546800000000007
5.693300000000005
9.0041
5.081700000000003
8.059100000000006
3.1914000000000016
5.434300000000004
5.874900000000005
9.723199999999997
6.859900000000005
4.979700000000003
4.921600000000005
7.908600000000005
6.975100000000006
6.975100000000006
6.975100000000006
6.975100000000006
7.077800000000006
3.2318000000000016
4.974600000000004
6.0099000000000045
3.3824000000000014
6.583900000000005
8.776900000000003
5.110900000000005
8.273400000000004
7.181800000000006
5.623100000000004
5.986200000000004
8.367100000000004
5.656300000000004
6.4073000000000055
4.555500000000003
3.4356000000000018
6.689800000000005
5.756420000000003
7.072300000000005
7.823400000000007
4.388200000000003
8.853600000000002
5.390800000000005
8.673400000000003
4.5820000000000025
6.303800000000005
3.9760000000000026
2.45
6.991800000000007
4.692500000000004
6.400000000000005
6.418600000000006
7.316100000000007
4.219700000000003
5.929500000000004
5.699400000000004
6.349800000000005
6.306800000000004
7.394400000000006
6.556200000000005
4.086700000000002
5.383800000000005
4.1967000000000025
7.475500000000008
3.696500000000003
7.085200000000006
4.262000000000001
4.993700000000004
6.362900000000005
6.648000000000006
4.930700000000003
6.057800000000005
4.421000000000004
3.569300000000001
3.148200000000001
4.479500000000003
8.135300000000006
6.647500000000006
4.932100000000005
5.624400000000005
2.885300000000001
4.4955000000000025
5.396200000000004
3.639700000000003
3.4433000000000025
6.462800000000008
7.626100000000007
4.376620000000003
5.063400000000005
2.0074999999999994
3.389600000000003
3.1975000000000016
3.090900000000002
3.090900000000002
7.039000000000005
6.765600000000005
6.115500000000005
2.8334000000000015
1.084
4.184400000000002
2.8654
5.314400000000003
7.815100000000008
6.9843000000000055
0.5263999999999999
5.918200000000005
5.031300000000004
3.8405000000000022
3.5415000000000028
2.1411
2.797300000000001
3.913000000000002
5.116200000000004
4.227900000000003
2.5827999999999998
4.258820000000003
4.401200000000003
3.3942000000000014
3.339900000000002
6.243600000000006
2.666100000000001
2.929300000000001
1.2549
1.5384
1.8015999999999999
3.499600000000002
1.3051999999999997
3.3546000000000022
9.597999999999995
5.872400000000004
9.373999999999997
6.322800000000005
1.3702999999999996
2.931300000000001
6.396300000000005
3.2292000000000014
1.9999999999999998
1.0339999999999998
6.5426000000000055
6.659400000000006
2.9952000000000014
3.063200000000001
8.087800000000007
1.5824
7.782000000000007
1.8457
6.074800000000005
1.1923
1.8796000000000002
4.479300000000002
2.2118
2.2118
1.1419
1.3584
1.3584
5.180500000000004
0.8389
1.6556
5.459300000000003
0.6648999999999999
1.1164
1.2724
1.0219
1.1702000000000001
0.0040000000000000036
-0.3363
1.28698
5.4900000000000055
5.584100000000004
0.6361
4.432300000000002
6.430000000000005
3.6540000000000026
6.115400000000006
8.368200000000005
9.4546
3.0269000000000013
4.996900000000002
4.842700000000003
8.735600000000003
5.740400000000005
3.3641000000000014
7.371800000000006
4.435800000000004
6.290900000000004
4.198300000000004
8.725900000000005
3.254900000000002
3.2402000000000015
6.651900000000006
4.809100000000004
6.3212000000000055
7.751100000000005
3.8445000000000027
7.4065000000000065
7.256900000000005
7.015200000000006
3.7634000000000034
7.839100000000008
3.5213000000000028
