[0.575644]
[0.575644]
[0.575644]
[0.575644]
[0.575644]
[0.575644]
[0.575644]
[0.6461753]
[0.6461753]
[0.41965243]
[0.5388622]
[0.5413377]
[0.5413377]
[0.5413377]
[0.46517774]
[0.517144]
[0.5467181]
[0.46487573]
[0.46487573]
[0.46487573]
[0.46487573]
[0.46487573]
[0.56030977]
[0.5198611]
[0.5198611]
[0.5198611]
[0.5198611]
[0.5198611]
[0.5198611]
[0.5198611]
[0.5198611]
[0.5202742]
[0.5202742]
[0.5202742]
[0.5202742]
[0.5202742]
[0.5202742]
[0.5202742]
[0.5202742]
[0.5202742]
[0.5202742]
[0.45395267]
[0.6047062]
[0.43718702]
[0.62634826]
[0.5406979]
[0.4208806]
[0.4208806]
[0.53326786]
[0.46697676]
[0.4396163]
[0.46301267]
[0.48839527]
[0.48839527]
[0.48839527]
[0.48839527]
[0.48839527]
[0.6546587]
[0.6546587]
[0.4567525]
[0.4567525]
[0.60560685]
[0.35524428]
[0.35524428]
[0.35524428]
[0.35524428]
[0.42356884]
[0.4623829]
[0.4584619]
[0.4584619]
[0.4584619]
[0.28987312]
[0.63961154]
[0.40637833]
[0.66480005]
[0.64709795]
[0.4361938]
[0.3946289]
[0.3375341]
[0.45294672]
[0.43535924]
[0.4720754]
[0.4805988]
[0.4147568]
[0.4147568]
[0.4227618]
[0.4979059]
[0.5706783]
[0.21368451]
[0.21368451]
[0.36504477]
[0.36504477]
[0.36504477]
[0.47281426]
[0.47281426]
[0.4639183]
[0.42854258]
[0.42854258]
[0.42854258]
[0.42854258]
[0.42854258]
[0.42854258]
[0.42854258]
[0.42854258]
[0.42854258]
[0.42854258]
[0.42854258]
[0.42854258]
[0.42854258]
[0.42854258]
[0.42854258]
[0.42854258]
[0.42854258]
[0.42854258]
[0.42854258]
[0.42854258]
[0.42854258]
[0.42854258]
[0.37702212]
[0.40007105]
[0.4227618]
[0.4227618]
[0.42408273]
[0.42408273]
[0.29813093]
[0.4888117]
[0.3105736]
[0.3105736]
[0.3496697]
[0.40323147]
[0.42086023]
[0.42086023]
[0.42086023]
[0.42086023]
[0.4333616]
[0.4310901]
[0.5269648]
[0.634519]
[0.47524244]
[0.4127237]
[0.4854531]
[0.4854531]
[0.4854531]
[0.4854531]
[0.4854531]
[0.4854531]
[0.37482888]
[0.47980043]
[0.3498595]
[0.5604457]
[0.42608]
[0.42608]
[0.42608]
[0.47931352]
[0.45774758]
[0.3582332]
[0.41961408]
[0.33607242]
[0.53823495]
[0.24540062]
[0.24540062]
[0.24540062]
[0.24540062]
[0.24540062]
[0.40050417]
[0.29760465]
[0.4444779]
[0.45964432]
[0.45964432]
[0.45964432]
[0.45964432]
[0.33257595]
[0.33257595]
[0.3832275]
[0.3832275]
[0.3832275]
[0.3832275]
[0.3832275]
[0.3832275]
[0.3832275]
[0.3832275]
[0.3832275]
[0.3832275]
[0.3832275]
[0.3832275]
[0.3832275]
[0.3832275]
[0.3832275]
[0.3832275]
[0.3832275]
[0.3832275]
[0.3832275]
[0.3832275]
[0.41346964]
[0.47495964]
[0.4733971]
[0.4733971]
[0.37179682]
[0.4858036]
[0.4858036]
[0.4858036]
[0.4858036]
[0.48984182]
[0.48984182]
[0.48984182]
[0.48984182]
[0.48984182]
[0.48984182]
[0.48984182]
[0.48984182]
[0.5107005]
[0.4053575]
[0.50447625]
[0.3776349]
[0.5581053]
[0.19595738]
[0.38443625]
[0.42149213]
[0.3244124]
[0.27941957]
[0.38177028]
[0.453274]
[0.3282433]
[0.31566587]
[0.44250238]
[0.33328426]
[0.3930486]
[0.42691737]
[0.5387813]
[0.5387813]
[0.5387813]
[0.5387813]
[0.5387813]
[0.44274947]
[0.28191045]
[0.28191045]
[0.28191045]
[0.40107593]
[0.38935223]
[0.37605932]
[0.37605932]
[0.37605932]
[0.37605932]
[0.39696166]
[0.39696166]
[0.42693612]
[0.33258325]
[0.33525118]
[0.33525118]
[0.33525118]
[0.33525118]
[0.22376421]
[0.3695649]
[0.38889337]
[0.3688253]
[0.41515628]
[0.5948258]
[0.39305517]
[0.34701228]
[0.52740306]
[0.52740306]
[0.35789487]
[0.35789487]
[0.35789487]
[0.35789487]
[0.35789487]
[0.35789487]
[0.35789487]
[0.35789487]
[0.21103278]
[0.47298664]
[0.47298664]
[0.47298664]
[0.47298664]
[0.24463147]
[0.2320686]
[0.42130116]
[0.2867297]
[0.2672538]
[0.20592861]
[0.22169477]
[0.30570772]
[0.29871577]
[0.31336236]
[0.36698002]
[0.3476934]
[0.39373687]
[0.37260035]
[0.3691367]
[0.3691367]
[0.3691367]
[0.3691367]
[0.42180538]
[0.40420276]
[0.3305064]
[0.3305064]
[0.3305064]
[0.3305064]
[0.3656959]
[0.33101487]
[0.33101487]
[0.33101487]
[0.33101487]
[0.33101487]
[0.33101487]
[0.33101487]
[0.40604183]
[0.33530906]
[0.33530906]
[0.33530906]
[0.33530906]
[0.33530906]
[0.33530906]
[0.33530906]
[0.33530906]
[0.33530906]
[0.33530906]
[0.33530906]
[0.33530906]
[0.33530906]
[0.33530906]
[0.33530906]
[0.33530906]
[0.33530906]
[0.33530906]
[0.33530906]
[0.33530906]
[0.33530906]
[0.33530906]
[0.33530906]
[0.33530906]
[0.33530906]
[0.33530906]
[0.33530906]
[0.3229338]
[0.5437301]
[0.46612877]
[0.44981346]
[0.31570902]
[0.30377865]
[0.40453544]
[0.4538477]
[0.4538477]
[0.4538477]
[0.25083774]
[0.31494537]
[0.37371072]
[0.3235496]
[0.3235496]
[0.3235496]
[0.3235496]
[0.3955653]
[0.35450792]
[0.4128687]
[0.25335562]
[0.3210543]
[0.339592]
[0.4299285]
[0.33242488]
[0.28788075]
[0.34939227]
[0.3573703]
[0.29863098]
[0.32893172]
[0.37548414]
[0.37548414]
[0.3617945]
[0.3617945]
[0.27058345]
[0.41557017]
[0.39107496]
[0.2925071]
[0.2925071]
[0.27651945]
[0.45695707]
[0.36346877]
[0.36523557]
[0.35176662]
[0.35176662]
[0.35176662]
[0.25164598]
[0.33513775]
[0.30642772]
[0.6495789]
[0.22553028]
[0.36290503]
[0.2987778]
[0.65821767]
[0.65821767]
[0.36344826]
[0.48136494]
[0.35334376]
[0.4258902]
[0.308533]
[0.33855203]
[0.21765055]
[0.3013192]
[0.38680816]
[0.34734118]
[0.20029578]
[0.3806831]
[0.34454754]
[0.550814]
[0.27229005]
[0.18155058]
[0.27272728]
[0.35720217]
[0.20745613]
[0.38216385]
[0.4117037]
[0.27548233]
[0.27548233]
[0.2618018]
[0.31337228]
[0.3501144]
[0.27019385]
[0.28375167]
[0.3045372]
[0.3093001]
[0.29126382]
[0.24825288]
[0.274246]
[0.5158426]
[0.23895465]
[0.2780199]
[0.23559865]
[0.30823982]
[0.2842087]
[0.28568593]
[0.22919093]
[0.48770115]
[0.29654965]
[0.26733088]
[0.4317936]
[0.37486586]
[0.29564255]
[0.29033145]
[0.27620158]
[0.2490181]
[0.31023872]
[0.33220887]
[0.25779027]
[0.26928538]
[0.2098566]
[0.37943402]
[0.20497552]
[0.2977382]
[0.2888377]
[0.28213075]
[0.48044753]
[0.19072887]
[0.26172832]
[0.26017484]
[0.43885693]
[0.36826336]
[0.2955284]
[0.207358]
[0.15776609]
[0.21484129]
[0.24829003]
[0.27307516]
[0.5271976]
[0.27488795]
[0.22965902]
[0.53010374]
[0.25423166]
[0.16242293]
[0.2939861]
[0.23259981]
[0.4769169]
[0.38789937]
[0.22804624]
[0.3415374]
[0.39567226]
[0.39567226]
[0.25911525]
[0.17353252]
[0.25811595]
[0.37582016]
[0.21995614]
[0.37343195]
[0.13634641]
[0.2658828]
[0.20716672]
[0.40086204]
[0.44635308]
[0.2285284]
[0.3326321]
[0.48185888]
[0.43087247]
[0.23479557]
[0.28313228]
[0.19700348]
[0.18580994]
[0.2597252]
[0.32431915]
[0.26971245]
[0.28703433]
[0.33116758]
[0.26323658]
