25.197000000000045
25.197000000000045
24.982000000000053
24.982000000000053
24.982000000000053
24.982000000000053
24.982000000000053
24.982000000000053
24.982000000000053
24.982000000000053
24.982000000000053
24.982000000000053
24.982000000000053
24.982000000000053
24.982000000000053
24.982000000000053
24.982000000000053
24.982000000000053
24.982000000000053
24.982000000000053
24.982000000000053
24.982000000000053
24.982000000000053
24.982000000000053
24.982000000000053
24.982000000000053
24.982000000000053
24.982000000000053
24.982000000000053
24.982000000000053
24.982000000000053
24.982000000000053
24.982000000000053
24.982000000000053
24.982000000000053
24.982000000000053
24.982000000000053
24.93890000000005
24.93890000000005
24.93890000000005
24.93890000000005
24.93890000000005
24.93890000000005
24.93890000000005
24.93890000000005
24.93890000000005
24.723900000000057
24.723900000000057
24.723900000000057
24.723900000000057
24.723900000000057
24.723900000000057
24.723900000000057
24.723900000000057
24.723900000000057
24.723900000000057
24.723900000000057
24.723900000000057
24.723900000000057
24.723900000000057
24.723900000000057
24.723900000000057
24.723900000000057
24.68080000000005
24.68080000000005
24.68080000000005
24.68080000000005
24.68080000000005
24.68080000000005
24.68080000000005
24.68080000000005
24.68080000000005
24.68080000000005
24.68080000000005
24.68080000000005
24.68080000000005
24.68080000000005
24.68080000000005
24.68080000000005
24.68080000000005
24.68080000000005
24.68080000000005
24.68080000000005
24.68080000000005
24.68080000000005
24.68080000000005
24.68080000000005
24.68080000000005
24.68080000000005
24.68080000000005
24.68080000000005
24.68080000000005
24.68080000000005
24.68080000000005
24.68080000000005
24.68080000000005
24.68080000000005
24.68080000000005
24.68080000000005
24.68080000000005
24.68080000000005
24.68080000000005
24.68080000000005
24.68080000000005
24.68080000000005
24.68080000000005
24.68080000000005
24.68080000000005
24.68080000000005
24.68080000000005
24.68080000000005
24.68080000000005
24.68080000000005
24.68080000000005
24.68080000000005
24.68080000000005
24.68080000000005
24.68080000000005
24.68080000000005
24.68080000000005
24.68080000000005
24.68080000000005
24.68080000000005
24.68080000000005
24.68080000000005
24.68080000000005
24.68080000000005
24.68080000000005
24.68080000000005
24.68080000000005
24.68080000000005
24.68080000000005
24.68080000000005
24.68080000000005
24.68080000000005
24.68080000000005
24.68080000000005
24.68080000000005
24.68080000000005
24.68080000000005
24.68080000000005
24.68080000000005
24.68080000000005
24.68080000000005
24.68080000000005
24.68080000000005
24.68080000000005
24.68080000000005
24.68080000000005
24.68080000000005
24.68080000000005
24.68080000000005
24.68080000000005
24.68080000000005
24.68080000000005
24.68080000000005
24.68080000000005
24.68080000000005
24.68080000000005
24.68080000000005
24.68080000000005
24.68080000000005
24.68080000000005
24.68080000000005
24.68080000000005
24.68080000000005
24.68080000000005
24.68080000000005
24.68080000000005
24.68080000000005
24.68080000000005
24.68080000000005
24.68080000000005
24.68080000000005
24.68080000000005
24.68080000000005
24.68080000000005
24.68080000000005
24.68080000000005
24.68080000000005
24.68080000000005
24.68080000000005
24.68080000000005
24.68080000000005
24.68080000000005
24.68080000000005
24.68080000000005
24.68080000000005
24.68080000000005
24.68080000000005
24.68080000000005
24.68080000000005
24.68080000000005
24.68080000000005
24.68080000000005
24.68080000000005
24.68080000000005
24.68080000000005
24.68080000000005
24.68080000000005
24.68080000000005
24.68080000000005
24.68080000000005
24.68080000000005
24.68080000000005
24.68080000000005
24.68080000000005
24.68080000000005
24.68080000000005
24.68080000000005
24.68080000000005
24.68080000000005
24.68080000000005
24.68080000000005
24.68080000000005
24.68080000000005
24.68080000000005
24.68080000000005
24.68080000000005
24.68080000000005
24.68080000000005
24.68080000000005
24.68080000000005
24.723900000000057
24.723900000000057
24.723900000000057
24.723900000000057
24.723900000000057
24.723900000000057
24.723900000000057
24.723900000000057
24.723900000000057
24.723900000000057
24.723900000000057
24.723900000000057
24.723900000000057
24.591900000000052
24.591900000000052
24.591900000000052
24.591900000000052
24.591900000000052
24.591900000000052
24.591900000000052
24.591900000000052
24.63660000000005
24.548800000000046
24.333800000000053
24.333800000000053
24.759900000000044
24.29070000000005
24.29070000000005
24.29070000000005
24.29070000000005
24.29070000000005
24.29070000000005
24.29070000000005
24.216800000000063
24.333800000000053
24.196600000000053
24.196600000000053
24.29070000000005
24.29070000000005
24.29070000000005
24.29070000000005
24.29070000000005
24.29070000000005
24.29070000000005
24.333800000000053
24.333800000000053
24.333800000000053
24.173700000000057
24.173700000000057
24.41680000000004
24.54490000000005
24.075700000000058
24.54490000000005
24.54490000000005
24.032600000000052
24.032600000000052
24.032600000000052
24.032600000000052
24.032600000000052
24.032600000000052
24.376300000000057
24.20180000000005
24.20180000000005
24.581700000000055
24.80920000000006
24.44060000000005
24.44060000000005
24.20180000000005
24.200600000000048
24.582300000000057
24.582300000000057
24.582300000000057
24.492700000000053
24.44960000000005
24.301800000000057
23.900600000000047
23.900600000000047
23.900600000000047
23.900600000000047
24.326700000000052
23.526100000000053
24.043700000000058
24.268700000000056
24.118900000000057
24.07580000000005
24.07580000000005
24.07580000000005
24.50800000000006
24.07580000000005
24.07580000000005
23.685600000000054
24.290200000000052
23.850200000000047
23.548400000000054
24.118900000000057
23.96750000000005
23.42750000000005
23.96750000000005
23.38440000000005
23.38440000000005
23.38440000000005
23.38440000000005
23.38440000000005
23.38440000000005
23.38440000000005
23.427500000000048
23.553600000000053
23.510500000000047
24.130800000000054
24.39350000000005
23.460100000000047
23.460100000000047
23.460100000000047
23.527100000000054
23.527100000000054
23.35670000000005
23.53720000000005
22.99430000000005
23.120400000000046
23.673500000000043
23.43820000000005
23.818700000000057
22.736200000000046
23.401300000000052
23.058000000000046
23.070000000000043
23.137000000000054
23.10010000000005
23.10010000000005
24.450300000000052
23.89880000000005
24.118600000000047
24.19000000000006
24.192200000000053
23.98300000000005
22.723000000000035
24.36690000000005
24.060200000000048
22.482900000000047
24.06570000000005
23.759000000000047
23.799900000000058
24.023900000000054
22.289800000000042
22.25130000000004
22.394000000000045
22.394000000000045
22.299400000000045
22.092800000000043
22.402200000000047
22.715500000000045
21.169900000000034
21.33790000000003
21.119500000000034
21.079800000000034
20.689700000000034
19.999600000000022
20.03930000000002
20.03930000000002
20.348900000000025
20.185400000000016
20.108700000000027
22.036900000000045
19.56000000000002
18.937920000000016
18.937920000000016
18.937920000000016
18.937920000000016
19.065600000000014
18.552500000000006
18.509400000000007
18.509400000000007
18.509400000000007
18.509400000000007
18.335100000000008
18.038700000000002
17.945800000000002
17.988899999999987
18.58190000000001
18.58190000000001
21.14990000000003
17.6154
18.5629
17.116899999999994
17.116899999999994
17.19909999999998
16.560699999999986
16.344199999999983
24.53640000000005
15.325099999999969
15.46419999999998
15.46419999999998
16.318699999999986
15.607399999999979
16.111199999999968
15.76249999999998
15.51189999999998
15.296899999999972
15.25779999999998
14.792319999999984
13.331999999999981
13.068119999999988
13.068119999999988
13.068119999999988
12.34189999999999
13.533799999999978
12.501099999999989
13.358699999999981
12.79039999999999
12.23419999999999
12.34029999999999
12.215099999999982
12.170899999999982
11.701399999999984
12.337699999999984
11.486399999999986
10.936899999999993
10.721899999999993
12.691799999999988
9.960299999999991
11.045899999999993
11.885999999999985
11.939399999999983
9.990999999999993
9.940599999999993
9.113999999999995
17.984600000000004
8.613199999999999
8.570699999999999
8.530999999999997
22.349300000000042
22.091200000000043
8.398800000000001
8.1375
8.246499999999997
7.234600000000003
7.476500000000002
6.992700000000002
24.86870000000005
6.245300000000001
6.028800000000001
4.650200000000001
4.650200000000001
4.650200000000001
4.650200000000001
4.650200000000001
3.3538
3.3935000000000004
3.915500000000001
1.5060999999999998
1.7210999999999999
24.620500000000046
24.53640000000005
-0.8247
-0.8247
0.6361
18.990500000000015
24.30550000000005
11.850399999999988
8.469999999999995
13.187399999999984
24.663600000000052
24.40270000000005
6.829700000000002
7.477900000000002
12.206499999999982
12.154299999999985
14.96929999999998
14.96929999999998
24.091300000000054
17.652199999999993
17.652199999999993
17.652199999999993
18.805400000000006
18.805400000000006
21.294400000000028
23.95420000000004
