10.345199999999988
10.345199999999988
10.345199999999988
9.96809999999999
9.96809999999999
10.13299999999999
10.13299999999999
10.13299999999999
10.13299999999999
9.841699999999994
9.544499999999996
6.149900000000004
6.149900000000004
6.149900000000004
6.149900000000004
6.149900000000004
6.149900000000004
6.149900000000004
6.149900000000004
6.149900000000004
6.149900000000004
6.149900000000004
6.149900000000004
8.186100000000003
8.186100000000003
8.186100000000003
8.186100000000003
8.186100000000003
8.186100000000003
8.186100000000003
6.319220000000005
7.612300000000006
7.612300000000006
8.8141
8.249000000000004
6.665200000000005
5.346320000000003
5.346320000000003
5.346320000000003
5.346320000000003
5.346320000000003
5.346320000000003
7.5331000000000055
7.5331000000000055
7.5331000000000055
7.5331000000000055
7.5331000000000055
7.5331000000000055
7.5331000000000055
7.5331000000000055
7.5331000000000055
7.5331000000000055
7.5331000000000055
7.5331000000000055
7.5331000000000055
7.5331000000000055
5.207220000000003
5.207220000000003
9.213199999999999
8.097500000000005
8.097500000000005
8.097500000000005
8.097500000000005
9.093799999999996
8.140000000000006
9.542999999999997
5.513200000000003
6.884900000000005
7.717000000000006
6.836700000000006
6.836700000000006
6.836700000000006
7.378800000000006
6.929600000000006
7.5075000000000065
4.651270000000002
4.651270000000002
6.389500000000005
6.389500000000005
6.389500000000005
6.389500000000005
6.389500000000005
6.389500000000005
6.389500000000005
6.389500000000005
6.389500000000005
6.389500000000005
4.574670000000002
5.2672000000000025
5.2672000000000025
6.4942000000000055
3.9410000000000025
3.9410000000000025
3.9410000000000025
21.202700000000018
21.036600000000014
21.036600000000014
4.405270000000002
4.405270000000002
4.405270000000002
20.688900000000015
4.548800000000002
4.548800000000002
4.548800000000002
6.202100000000005
4.731500000000002
4.731500000000002
6.300000000000004
6.115400000000005
4.266170000000002
6.798000000000005
6.798000000000005
6.798000000000005
4.456300000000002
20.978700000000014
6.799600000000004
6.799600000000004
4.267200000000003
4.267200000000003
4.267200000000003
4.267200000000003
4.267200000000003
4.267200000000003
4.267200000000003
6.126700000000005
5.859700000000005
5.859700000000005
5.859700000000005
20.922600000000013
20.922600000000013
20.922600000000013
4.606100000000003
3.4499700000000013
6.433600000000005
20.53250000000001
20.53250000000001
20.408900000000006
20.903200000000012
20.903200000000012
6.548200000000005
5.565400000000005
20.45590000000001
20.45590000000001
6.724900000000005
20.51310000000001
20.369300000000013
5.213200000000003
19.7297
19.853300000000004
19.853300000000004
5.7809000000000035
20.222800000000007
19.625299999999996
20.51310000000001
20.51310000000001
20.51310000000001
20.51310000000001
20.51310000000001
5.515500000000004
20.34700000000001
4.000400000000003
20.47060000000001
6.468600000000005
3.5130000000000017
5.142300000000004
19.4632
20.148900000000005
4.515700000000003
20.082200000000004
19.832700000000003
19.862200000000005
19.862200000000005
19.862200000000005
19.862200000000005
19.862200000000005
19.862200000000005
19.862200000000005
19.862200000000005
19.862200000000005
19.862200000000005
19.862200000000005
19.862200000000005
19.862200000000005
19.862200000000005
19.862200000000005
19.862200000000005
19.862200000000005
19.862200000000005
19.862200000000005
19.862200000000005
19.862200000000005
19.862200000000005
19.862200000000005
19.862200000000005
19.862200000000005
19.862200000000005
19.862200000000005
19.862200000000005
19.862200000000005
19.862200000000005
19.862200000000005
19.862200000000005
19.862200000000005
19.862200000000005
19.862200000000005
19.862200000000005
19.862200000000005
19.862200000000005
19.862200000000005
19.862200000000005
19.862200000000005
19.862200000000005
19.862200000000005
19.862200000000005
19.862200000000005
19.862200000000005
19.862200000000005
19.862200000000005
19.862200000000005
19.862200000000005
19.862200000000005
19.862200000000005
19.862200000000005
19.862200000000005
19.862200000000005
19.862200000000005
19.862200000000005
19.862200000000005
19.941100000000006
9.595319999999996
19.5725
19.5725
19.5725
5.652900000000003
19.7386
18.792099999999994
19.814700000000006
3.9165000000000028
20.017700000000005
20.017700000000005
19.878500000000003
20.044600000000003
19.786
19.786
19.667800000000003
5.4131000000000045
3.7032000000000025
7.362000000000007
19.608220000000003
19.608220000000003
19.310399999999994
19.886700000000005
19.886700000000005
19.886700000000005
19.886700000000005
19.886700000000005
19.886700000000005
19.698800000000002
20.027700000000003
7.3848000000000065
19.963720000000002
19.963720000000002
19.963720000000002
19.433999999999997
19.7631
19.7631
19.4625
19.5698
19.5698
19.269599999999997
19.7631
19.348399999999998
19.348399999999998
19.348399999999998
19.348399999999998
19.348399999999998
19.348399999999998
5.116800000000005
17.859599999999986
19.305999999999997
19.305999999999997
19.6978
19.355099999999997
19.7311
3.743900000000002
19.222799999999996
19.308399999999995
19.265199999999997
19.323999999999998
19.307599999999997
19.307599999999997
19.307599999999997
19.307599999999997
19.653600000000004
19.299299999999995
19.299299999999995
19.4625
19.441
19.458499999999997
19.8508
3.145200000000001
18.90629999999999
19.630999999999997
18.79229999999999
19.141499999999994
19.7058
18.823099999999993
19.257199999999997
19.257199999999997
19.257199999999997
19.3343
18.689999999999987
19.470199999999995
19.9023
19.281699999999997
19.4199
19.4199
19.225399999999997
19.4517
19.252899999999997
18.804799999999993
18.66899999999999
18.75139999999999
19.067699999999995
19.025399999999994
18.79209999999999
19.410899999999998
18.435599999999987
18.94419999999999
5.8225200000000035
18.686099999999993
18.906499999999994
19.259919999999997
4.234900000000002
19.3793
19.093819999999994
18.961799999999997
19.231399999999997
19.298019999999998
18.718099999999993
18.718099999999993
18.718099999999993
6.420200000000006
19.520899999999997
18.47299999999999
18.162499999999987
18.853099999999994
2.0845
2.889100000000001
18.399599999999978
19.150799999999993
16.165499999999966
19.299999999999997
17.72379999999998
3.9393000000000016
19.171599999999994
19.247099999999993
19.247099999999993
19.126999999999995
19.126999999999995
18.56739999999999
5.345000000000004
18.239419999999985
19.029799999999994
18.46619999999999
2.1561000000000003
18.692499999999985
6.325100000000005
17.311299999999974
18.67769999999999
4.970700000000004
3.6586000000000025
17.587499999999977
3.033800000000001
10.215699999999995
16.417999999999967
1.8256999999999999
15.451599999999967
6.157800000000004
6.200300000000005
1.4163
16.66399999999997
12.863199999999978
14.376699999999971
13.817099999999977
6.349700000000005
13.413999999999978
13.413999999999978
13.413999999999978
13.413999999999978
13.506899999999977
13.456499999999977
12.85779999999998
13.414999999999976
13.116799999999978
12.67179999999998
12.446299999999981
11.072299999999988
2.1841
4.454500000000004
13.401099999999976
11.669819999999984
11.746999999999982
1.9454999999999998
3.1194000000000015
12.685899999999979
4.968200000000004
11.066999999999988
11.066999999999988
3.7515000000000027
10.223099999999992
1.5314
7.093200000000004
5.860600000000004
5.860600000000004
10.002819999999993
1.1419
6.542100000000006
6.806900000000006
-0.3228
9.506899999999996
3.917600000000003
7.363100000000006
7.363100000000006
10.62169999999999
8.386000000000003
3.316600000000002
8.541100000000002
6.132300000000005
7.793600000000007
3.8728000000000025
7.2328000000000054
19.279299999999996
1.3569
19.6075
18.031799999999983
5.862920000000004
-0.1849
1.7485
19.265199999999997
1.1923
0.5601999999999999
0.0040000000000000036
6.265500000000005
6.885700000000009
3.6758000000000024
19.005499999999994
19.005499999999994
6.717000000000006
0.6361
20.41450000000001
6.328000000000006
6.328000000000006
5.697000000000004
19.5385
5.588970000000004
18.275099999999984
18.890899999999995
6.024200000000004
7.858700000000005
18.73939999999999
19.439899999999998
19.356799999999996
19.924200000000003
18.54619999999998
18.66979999999998
18.947099999999992
8.128200000000001
19.642400000000002
19.6588
6.578470000000005
6.569900000000005
7.692600000000005
7.300300000000006
18.227599999999985
20.87900000000001
18.87919999999999
18.991499999999995
9.113399999999997
3.686600000000002
14.029199999999975
20.00050000000001
19.520599999999998
18.716999999999995
18.75079999999999
20.023800000000005
19.492199999999997
7.959400000000006
19.8964
19.3288
9.674799999999996
9.674799999999996
19.976300000000002
21.048700000000014
20.061800000000005
19.2172
19.3583
19.3723
18.614499999999992
20.037100000000006
