4.576081824805932
4.623844854681123
4.623844854681123
4.623844854681123
4.623844854681123
4.623844854681123
4.623844854681123
4.623844854681123
4.466172166949693
4.37759955088832
4.37759955088832
4.675430018601821
4.675430018601821
4.535009790588141
4.387197558097634
4.3859572027031435
4.3859572027031435
4.3859572027031435
4.3859572027031435
4.3859572027031435
4.3859572027031435
4.3859572027031435
4.513779131711706
4.513779131711706
4.513779131711706
4.336337949313318
4.5058337208154455
4.5058337208154455
4.5058337208154455
4.5058337208154455
4.5058337208154455
4.5058337208154455
4.5058337208154455
4.5058337208154455
4.5058337208154455
4.5058337208154455
4.5058337208154455
4.5058337208154455
4.5058337208154455
4.5058337208154455
4.5058337208154455
4.555171983361625
4.555171983361625
4.438375864796358
4.438375864796358
4.438375864796358
4.438375864796358
4.438375864796358
4.438375864796358
4.438375864796358
4.438375864796358
4.438375864796358
4.438375864796358
4.438375864796358
4.438375864796358
4.438375864796358
4.438375864796358
4.438375864796358
4.438375864796358
4.438375864796358
4.438375864796358
4.438375864796358
4.438375864796358
4.438375864796358
4.438375864796358
4.438375864796358
4.438375864796358
4.438375864796358
4.438375864796358
4.438375864796358
4.438375864796358
4.438375864796358
4.438375864796358
4.438375864796358
4.438375864796358
4.438375864796358
4.438375864796358
4.438375864796358
4.438375864796358
4.438375864796358
4.438375864796358
4.438375864796358
4.438375864796358
4.438375864796358
4.438375864796358
4.438375864796358
4.438375864796358
4.438375864796358
4.438375864796358
4.438375864796358
4.438375864796358
4.438375864796358
4.438375864796358
4.438375864796358
4.438375864796358
4.438375864796358
4.438375864796358
4.438375864796358
4.438375864796358
4.438375864796358
4.438375864796358
4.438375864796358
4.438375864796358
4.438375864796358
4.438375864796358
4.438375864796358
4.438375864796358
4.438375864796358
4.438375864796358
4.438375864796358
4.438375864796358
4.438375864796358
4.438375864796358
4.438375864796358
4.438375864796358
4.438375864796358
4.438375864796358
4.438375864796358
4.438375864796358
4.438375864796358
4.438375864796358
4.438375864796358
4.438375864796358
4.438375864796358
4.438375864796358
4.438375864796358
4.438375864796358
4.438375864796358
4.438375864796358
4.438375864796358
4.438375864796358
4.438375864796358
4.438375864796358
4.438375864796358
4.438375864796358
4.438375864796358
4.438375864796358
4.438375864796358
4.438375864796358
4.438375864796358
4.438375864796358
4.438375864796358
4.438375864796358
4.438375864796358
4.438375864796358
4.438375864796358
4.300783357375687
4.300783357375687
4.300783357375687
4.300783357375687
4.491328492195304
4.491328492195304
4.491328492195304
4.491328492195304
4.491328492195304
4.491328492195304
4.491328492195304
4.491328492195304
4.491328492195304
4.491328492195304
4.491328492195304
4.359410649120645
4.359410649120645
4.359410649120645
4.4823114098852175
4.427061402658028
4.428496559521523
4.428496559521523
4.428496559521523
4.428496559521523
4.428496559521523
4.428496559521523
4.428496559521523
4.428496559521523
4.428496559521523
4.428496559521523
4.428496559521523
4.428496559521523
4.428496559521523
4.428496559521523
4.428496559521523
4.428496559521523
4.428496559521523
4.428496559521523
4.428496559521523
4.428496559521523
4.428496559521523
4.428496559521523
4.428496559521523
4.428496559521523
4.428496559521523
4.428496559521523
4.428496559521523
4.428496559521523
4.428496559521523
4.428496559521523
4.428496559521523
4.428496559521523
4.428496559521523
4.428496559521523
4.428496559521523
4.428496559521523
4.428496559521523
4.428496559521523
4.428496559521523
4.428496559521523
4.428496559521523
4.428496559521523
4.428496559521523
4.428496559521523
4.428496559521523
4.428496559521523
4.428496559521523
4.428496559521523
4.428496559521523
4.428496559521523
4.428496559521523
4.428496559521523
4.428496559521523
4.428496559521523
4.428496559521523
4.428496559521523
4.428496559521523
4.428496559521523
4.428496559521523
4.428496559521523
4.428496559521523
4.428496559521523
4.428496559521523
4.428496559521523
4.428496559521523
4.428496559521523
4.428496559521523
4.428496559521523
4.428496559521523
4.428496559521523
4.428496559521523
4.428496559521523
4.428496559521523
4.428496559521523
4.428496559521523
4.428496559521523
4.428496559521523
4.428496559521523
4.428496559521523
4.428496559521523
4.428496559521523
4.428496559521523
4.428496559521523
4.428496559521523
4.428496559521523
4.428496559521523
4.428496559521523
4.428496559521523
4.428496559521523
4.428496559521523
4.428496559521523
4.428496559521523
4.428496559521523
4.428496559521523
4.428496559521523
4.428496559521523
4.428496559521523
4.428496559521523
4.428496559521523
4.428496559521523
4.428496559521523
4.428496559521523
4.428496559521523
4.428496559521523
4.428496559521523
4.428496559521523
4.428496559521523
4.428496559521523
4.3334541559121185
4.527499423549424
4.527499423549424
4.322215703560213
4.322215703560213
4.322215703560213
4.322215703560213
4.322215703560213
4.459656390697261
4.459656390697261
4.459656390697261
4.466801811369586
4.466801811369586
4.466801811369586
4.466801811369586
4.466801811369586
4.466801811369586
4.466801811369586
4.647405581970315
4.453100786168252
4.692644195878109
4.655333444069373
4.682241894903974
4.626668523921045
4.4212601215508025
4.4212601215508025
4.4212601215508025
4.458292427715887
4.4759499161395375
4.658047736850481
4.757402114370896
4.450070876341078
4.797205537128619
4.411385824584506
4.317890711392037
4.3783435653978495
4.379866674006329
4.307703223878752
4.577915354006059
4.41172028051923
4.56433313568049
4.401967743340583
4.401967743340583
4.554866283582327
4.218439508626868
4.500526956499413
4.278621767481867
4.278621767481867
4.278621767481867
4.489274530513144
4.702419870296273
4.560724312172534
4.6720041404852495
4.541747007196133
4.663744265100991
4.460919698823221
4.299605620685819
4.5773472375628455
4.4279962130415145
4.296965826230359
4.404660884418743
4.404660884418743
4.404660884418743
4.5220742291555815
4.5220742291555815
4.542907572564129
4.411197138299391
4.593275306625838
4.324511418140715
4.574557328171158
4.422939146934123
4.4903253870801585
4.4903253870801585
4.286947715327633
4.606498690558789
4.294579252803784
4.394791730513678
4.482996205196295
4.421630320119089
4.478465851670435
4.594435251451542
4.136946026181798
4.136946026181798
4.508310661882058
4.195056273028387
4.603473020981163
4.495855378903098
4.579386155008709
4.567686079172178
4.676139242937382
4.388595011494196
4.39802990659909
4.3078332278297795
4.8946458819916705
4.8946458819916705
4.57838962923231
4.400508606915062
4.490191090059036
4.500731571838274
4.54998840353968
4.617686421678746
4.705558420180738
5.279626531227045
4.291692107590035
4.936694549504752
4.936694549504752
5.2011450950617855
5.0487962457733095
4.6635065278864705
4.546033984255671
4.55965508346017
4.555058169677235
5.200675338695852
5.191101349021356
5.191101349021356
4.6138937204968595
5.0046513790203955
4.992871448950467
5.10186522517424
5.107530819579837
4.37328116534035
4.37328116534035
5.289380886021116
5.289380886021116
4.330830116389301
5.183359765684905
4.351811107014984
4.322332159012057
4.327929788974604
5.34634560191569
5.803211447750549
5.073423200324437
4.514868168938524
5.983103038389171
5.98349222757836
5.688373607417161
4.205735280121509
4.088578248902989
4.113953876433355
4.189873901086036
4.134167074813921
4.091495748704527
4.231234761201425
3.7793502870136546
4.3064724663431075
3.9852231819066137
3.5308659109023672
4.048130362699321
3.7383882127730246
5.3587747919132305
5.3587747919132305
4.263559244731239
5.160461607501284
3.584160230699207
4.020702159193249
4.302427495889322
4.394789937347582
3.502535945834664
3.802058116789099
3.877279681905769
3.5685264908747314
3.5059381705967265
3.6687850053483633
3.3786994284252847
3.5433010440868733
3.192178015499941
3.208472169346095
3.552229172837836
3.091924498192424
3.039767913857073
3.5545490327381906
3.133876822790901
3.5500842315281647
3.4335219911917445
3.485484092315139
3.190491910570741
2.8331037124674747
3.1519407622275057
3.439591979364799
3.439591979364799
3.044236979814194
3.044236979814194
3.2755072951861255
3.8246239030925553
2.8378256512746383
2.9091829417453603
2.832830328340602
2.3558769644534525
2.636452300167875
2.9394262181623088
3.071758508769638
2.9900006760280426
3.13311630306152
2.4178932393545587
3.2994936626152143
4.858010488944528
5.672276338223124
4.598262867314599
4.418767168873315
5.660203352936009
4.549401337307925
4.359960575466722
4.359960575466722
3.737584584929518
3.669121765103238
3.898492277237211
7.062224902744868
4.9631892448235275
4.9647028785061815
7.3284153846153846
7.3284153846153846
5.032055433519602
6.044172371557099
5.97400038032039
5.904260469776982
4.769078167818639
5.715440644156068
6.175267565862022
6.207221429089902
4.9104092371849095
6.805344877614227
5.016512533975931
6.737906421428026
6.848587485793905
6.338528436972285
6.33283544246679
