15.372499999999967
14.487199999999971
13.581599999999975
13.187499999999975
13.449799999999973
13.449799999999973
13.705499999999972
11.786299999999983
13.286499999999975
13.286499999999975
13.286499999999975
12.872299999999978
13.315399999999974
12.914799999999977
13.194999999999975
13.98279999999997
13.169619999999975
11.336819999999985
13.210299999999975
11.508599999999987
11.710099999999985
13.583699999999975
13.435599999999974
13.206599999999975
14.089799999999972
13.592699999999972
13.592699999999972
13.592699999999972
11.670099999999985
13.059699999999976
14.63949999999997
12.358499999999978
12.358499999999978
14.608299999999971
11.914599999999984
11.914599999999984
11.914599999999984
13.680199999999974
11.260619999999987
13.499799999999976
13.244399999999974
12.891599999999977
12.891599999999977
12.891599999999977
13.344719999999976
12.797599999999976
13.030299999999976
11.838399999999984
13.317099999999973
12.742899999999977
11.838399999999984
12.819999999999979
13.963519999999972
11.838399999999984
12.074399999999981
12.91616999999998
13.602219999999974
13.786999999999972
13.889799999999973
11.112599999999988
11.409799999999986
13.603099999999973
12.854299999999975
12.854299999999975
12.854299999999975
12.854299999999975
12.620919999999977
11.845799999999983
11.908199999999983
13.110799999999976
11.684099999999985
12.854299999999975
10.87541999999999
12.146699999999978
12.146699999999978
11.400799999999986
12.435499999999978
14.386499999999971
12.544719999999979
11.495499999999987
12.048299999999982
12.75129999999998
13.487919999999976
12.836269999999976
10.302419999999993
13.762299999999973
11.496799999999984
11.496799999999984
11.684299999999983
12.234899999999982
12.234899999999982
11.127899999999988
13.375519999999975
11.672699999999985
11.89271999999998
12.933619999999976
12.275399999999978
12.568399999999983
12.62341999999998
11.758799999999985
12.829399999999978
13.419519999999977
13.801499999999972
13.801499999999972
12.154619999999982
12.875399999999976
11.287599999999987
11.287599999999987
11.287599999999987
12.74139999999998
13.067099999999975
11.959899999999982
12.135799999999982
12.180199999999981
12.180199999999981
12.36119999999998
13.039599999999977
10.365619999999993
11.595899999999983
11.595899999999983
12.753199999999978
12.809499999999977
11.506199999999986
12.807599999999978
12.807599999999978
12.52126999999998
10.60869999999999
13.055299999999974
11.968399999999981
12.992399999999975
10.391199999999992
10.391199999999992
12.900999999999975
11.595799999999985
12.24299999999998
14.65431999999997
13.075399999999975
10.68079999999999
11.998399999999982
12.948319999999981
11.651599999999982
11.651599999999982
11.651599999999982
11.651599999999982
11.651599999999982
12.963399999999977
13.298099999999973
9.841599999999996
12.58949999999998
11.666999999999984
12.609899999999977
12.26101999999998
12.344719999999981
12.585499999999978
13.558799999999975
11.709499999999984
10.927719999999988
13.245299999999974
11.079699999999983
11.365399999999985
11.821499999999984
11.353599999999986
11.353599999999986
12.476799999999981
11.244999999999987
12.208199999999982
10.145419999999993
10.145419999999993
10.145419999999993
10.145419999999993
10.145419999999993
10.145419999999993
10.145419999999993
12.429219999999981
11.058999999999987
11.058999999999987
11.397619999999984
11.322799999999987
11.244999999999987
12.896099999999976
11.634799999999984
11.16619999999999
11.438299999999986
12.224019999999982
10.67373999999999
10.950499999999986
10.950499999999986
11.242099999999985
12.013799999999982
12.50929999999998
12.173599999999983
11.484599999999984
11.079099999999988
10.547999999999991
12.055399999999981
12.055399999999981
11.332399999999982
9.817799999999995
9.817799999999995
11.558799999999986
12.53959999999998
11.583199999999984
10.907999999999985
11.089199999999986
12.226199999999979
10.831619999999988
11.546899999999981
13.619099999999973
10.573519999999991
11.04939999999999
11.074099999999984
10.34599999999999
11.340699999999984
11.413099999999984
11.413099999999984
11.413099999999984
12.113399999999984
11.510299999999985
11.124299999999986
11.719499999999984
10.899199999999988
10.874119999999989
11.32591999999998
10.914299999999988
10.50279999999999
10.89469999999999
11.402099999999987
11.402099999999987
11.402099999999987
11.887999999999984
11.97409999999998
10.959499999999988
11.042999999999985
11.309839999999989
10.002599999999992
12.25259999999998
10.773019999999988
11.333899999999986
11.333899999999986
13.805799999999971
11.547099999999986
10.183419999999993
11.094499999999988
11.217299999999987
11.217299999999987
11.681599999999984
12.032399999999983
9.748619999999994
9.748619999999994
11.90601999999998
11.530799999999985
12.23239999999998
8.149220000000003
10.474699999999988
11.689499999999983
11.121299999999986
12.45019999999998
10.766319999999988
11.809419999999983
10.989899999999986
10.074619999999992
11.598099999999985
11.527199999999985
13.173999999999975
12.980199999999973
12.56989999999998
9.136819999999997
10.032099999999994
12.135799999999982
11.577699999999984
11.082399999999984
12.432299999999977
10.80661999999999
10.777699999999989
9.569219999999996
10.441719999999993
12.312499999999982
11.438099999999986
9.540419999999997
11.728899999999983
9.540419999999997
11.715099999999982
10.483299999999991
10.80379999999999
10.26539999999999
11.699899999999984
11.302799999999985
11.533799999999985
12.360299999999981
11.317119999999985
10.655599999999987
10.549899999999989
11.299799999999987
10.72421999999999
12.740199999999977
11.299599999999987
10.540699999999987
10.802099999999985
11.308699999999986
10.894399999999989
10.562299999999992
12.175099999999983
10.791519999999988
12.456299999999978
11.987399999999983
10.449299999999988
12.548599999999977
10.050999999999995
10.64849999999999
11.540699999999985
8.9071
8.9071
10.954999999999988
11.629299999999985
11.002499999999985
12.753999999999976
10.666399999999989
11.375499999999986
10.728899999999989
11.593599999999984
11.533399999999983
11.526319999999984
11.433799999999986
11.036199999999987
11.270919999999986
11.98909999999998
9.584119999999995
10.905599999999987
10.498699999999992
12.482499999999977
12.515899999999977
11.925899999999983
9.679299999999996
11.115299999999985
11.945199999999984
11.333119999999987
12.146699999999976
11.187299999999986
10.888299999999989
9.842519999999997
9.959619999999994
10.506919999999992
10.709699999999993
11.042899999999989
7.299500000000005
9.653299999999996
11.14249999999999
9.877919999999992
10.840999999999989
8.699600000000002
7.955420000000006
9.695999999999994
11.333699999999984
10.103919999999992
10.599899999999987
10.507399999999992
10.89729999999999
10.355569999999991
10.344499999999991
10.132519999999992
10.363899999999992
9.761719999999997
7.3710000000000075
7.3710000000000075
7.3710000000000075
9.3379
11.260799999999985
9.888219999999993
10.63529999999999
9.19492
9.065240000000001
8.139000000000006
9.692499999999997
10.589799999999988
9.595099999999995
10.316799999999992
8.9436
11.044499999999985
7.677200000000007
6.701100000000005
6.308020000000005
8.580200000000003
9.331600000000002
9.799699999999996
6.706000000000006
7.061000000000007
10.180099999999996
7.862900000000007
7.571900000000007
8.478100000000005
7.316820000000005
10.05449999999999
5.200600000000005
5.718900000000005
7.8309800000000065
8.397620000000003
7.173900000000006
7.978520000000008
5.331800000000004
6.352000000000006
5.955620000000004
6.041100000000005
5.240500000000004
3.452200000000002
6.491100000000005
5.372100000000004
2.2490000000000006
5.094820000000004
4.792600000000004
11.681999999999984
2.3881000000000006
4.455200000000003
2.8920000000000012
3.6698200000000023
11.681199999999984
3.787900000000003
10.823919999999989
4.126000000000003
2.935220000000001
11.585599999999985
4.707200000000004
2.2923
11.163899999999988
3.176300000000002
11.190599999999987
10.123999999999993
3.372700000000002
3.043700000000001
3.941500000000003
2.9920000000000018
3.1296800000000013
2.6019000000000005
1.1515
2.2118
2.2118
0.5857
1.4929000000000001
12.017899999999981
0.8601999999999999
12.569499999999978
10.548599999999992
10.415899999999992
0.6361
11.744299999999983
12.270599999999979
11.962899999999983
3.958700000000002
10.437699999999992
9.964799999999995
12.488299999999976
11.395199999999985
10.560299999999991
10.155799999999992
10.007619999999996
11.557599999999985
11.819599999999982
9.984919999999994
11.637899999999984
11.644299999999982
9.635199999999998
12.908499999999977
11.188699999999985
12.44199999999998
9.762199999999995
10.430099999999992
10.88089999999999
12.046299999999983
11.188699999999985
12.13659999999998
10.586719999999987
10.71781999999999
11.692999999999982
12.569769999999979
13.049819999999979
10.855299999999989
10.141899999999994
10.604199999999992
12.495899999999981
10.965099999999987
12.885199999999978
11.172199999999988
10.737419999999988
10.80329999999999
9.931199999999995
11.289999999999985
11.343299999999985
12.166899999999982
9.502919999999996
12.263099999999982
11.818199999999983
12.286099999999982
11.82149999999998
11.823999999999982
11.604599999999984
12.569789999999978
12.65419999999998
10.240999999999994
11.756999999999982
12.122199999999983
12.689099999999979
