[0.6202528]
[0.60979205]
[0.70014095]
[0.6228006]
[0.5907529]
[0.5968373]
[0.5968373]
[0.5968373]
[0.5968373]
[0.5968373]
[0.5968373]
[0.5968373]
[0.5968373]
[0.5968373]
[0.5968373]
[0.5968373]
[0.5968373]
[0.59869295]
[0.5920253]
[0.50112396]
[0.5944793]
[0.5003997]
[0.5973861]
[0.5973861]
[0.5973861]
[0.5973861]
[0.5973861]
[0.5973861]
[0.5973861]
[0.62486184]
[0.49492282]
[0.49492282]
[0.7119708]
[0.7119708]
[0.7119708]
[0.5162822]
[0.584321]
[0.584321]
[0.4913479]
[0.6801352]
[0.6801352]
[0.55037403]
[0.59140056]
[0.59140056]
[0.59140056]
[0.59140056]
[0.59140056]
[0.6058402]
[0.7073384]
[0.7073384]
[0.7073384]
[0.7073384]
[0.6096366]
[0.6096366]
[0.54176915]
[0.54176915]
[0.54176915]
[0.58682245]
[0.53770244]
[0.61402065]
[0.6057737]
[0.5001186]
[0.5001186]
[0.5001186]
[0.5001186]
[0.5001186]
[0.5001186]
[0.5001186]
[0.71882445]
[0.5938018]
[0.5938018]
[0.5938018]
[0.5938018]
[0.5938018]
[0.5938018]
[0.72595745]
[0.72595745]
[0.72595745]
[0.72595745]
[0.72595745]
[0.5074104]
[0.5074104]
[0.5886419]
[0.5338601]
[0.6122571]
[0.59029794]
[0.59029794]
[0.5833768]
[0.60276]
[0.57417554]
[0.5957971]
[0.5957971]
[0.5957971]
[0.5819982]
[0.5998897]
[0.50214434]
[0.50214434]
[0.5802462]
[0.5802462]
[0.5802462]
[0.5802462]
[0.5802462]
[0.5802462]
[0.5802462]
[0.5802462]
[0.5802462]
[0.5802462]
[0.5802462]
[0.49324906]
[0.49324906]
[0.6955029]
[0.5990977]
[0.5033043]
[0.5033043]
[0.5033043]
[0.5033043]
[0.5033043]
[0.51543474]
[0.5172062]
[0.51397544]
[0.51397544]
[0.5398885]
[0.54498667]
[0.5565358]
[0.5678302]
[0.5007719]
[0.563668]
[0.563668]
[0.61527354]
[0.21784943]
[0.5677075]
[0.5677075]
[0.5677075]
[0.5875494]
[0.591312]
[0.53529924]
[0.53529924]
[0.53529924]
[0.53529924]
[0.53529924]
[0.53529924]
[0.49892822]
[0.4093106]
[0.4093106]
[0.5734782]
[0.21485712]
[0.48288658]
[0.48288658]
[0.56688637]
[0.56688637]
[0.56688637]
[0.56688637]
[0.56688637]
[0.5992594]
[0.34082443]
[0.34082443]
[0.5214423]
[0.4907638]
[0.6055132]
[0.48251188]
[0.34843668]
[0.29640236]
[0.55536056]
[0.48025537]
[0.48025537]
[0.3575067]
[0.3575067]
[0.3575067]
[0.36939606]
[0.5886436]
[0.47976837]
[0.47976837]
[0.47976837]
[0.47976837]
[0.49078426]
[0.5602733]
[0.5042716]
[0.5704759]
[0.5704759]
[0.5704759]
[0.60493195]
[0.60493195]
[0.49120077]
[0.47897515]
[0.47102147]
[0.6386792]
[0.39940917]
[0.5028983]
[0.4762143]
[0.4762143]
[0.4762143]
[0.47216764]
[0.47216764]
[0.47216764]
[0.29248458]
[0.33094203]
[0.58856857]
[0.43952402]
[0.4210567]
[0.38928637]
[0.38928637]
[0.5022361]
[0.53612626]
[0.41500798]
[0.22063273]
[0.6078492]
[0.5524597]
[0.21641752]
[0.5524837]
[0.5441909]
[0.6011748]
[0.41070125]
[0.5705113]
[0.55364335]
[0.28161955]
[0.28161955]
[0.28161955]
[0.28161955]
[0.4803435]
[0.3886484]
[0.5445027]
[0.5326842]
[0.3663001]
[0.32197544]
[0.32197544]
[0.32197544]
[0.412063]
[0.412063]
[0.412063]
[0.412063]
[0.48701084]
[0.38603586]
[0.50072855]
[0.43250468]
[0.43184578]
[0.41193628]
[0.41193628]
[0.36116895]
[0.5381201]
[0.34914958]
[0.34914958]
[0.34914958]
[0.46789047]
[0.45356518]
[0.3913596]
[0.3913596]
[0.3913596]
[0.3913596]
[0.3913596]
[0.3913596]
[0.3913596]
[0.3913596]
[0.3913596]
[0.3913596]
[0.3913596]
[0.3913596]
[0.3913596]
[0.3913596]
[0.3913596]
[0.3913596]
[0.3913596]
[0.3913596]
[0.3913596]
[0.3913596]
[0.3913596]
[0.3913596]
[0.3913596]
[0.3913596]
[0.3913596]
[0.3913596]
[0.3913596]
[0.3913596]
[0.3913596]
[0.3913596]
[0.3913596]
[0.3913596]
[0.3913596]
[0.3913596]
[0.3913596]
[0.3913596]
[0.3913596]
[0.3913596]
[0.3913596]
[0.3913596]
[0.3913596]
[0.3913596]
[0.3913596]
[0.3913596]
[0.3913596]
[0.3913596]
[0.3913596]
[0.48863828]
[0.376437]
[0.36707008]
[0.5491112]
[0.5242759]
[0.52603805]
[0.41664627]
[0.3535292]
[0.47882906]
[0.5291641]
[0.46341762]
[0.43520087]
[0.43520087]
[0.43520087]
[0.43520087]
[0.43520087]
[0.43520087]
[0.43520087]
[0.43520087]
[0.43520087]
[0.43520087]
[0.43520087]
[0.43520087]
[0.43520087]
[0.43520087]
[0.43520087]
[0.43520087]
[0.43520087]
[0.43520087]
[0.43520087]
[0.43520087]
[0.43520087]
[0.43520087]
[0.43520087]
[0.43520087]
[0.43520087]
[0.43520087]
[0.43520087]
[0.43520087]
[0.43520087]
[0.43520087]
[0.43520087]
[0.43520087]
[0.43520087]
[0.43520087]
[0.43520087]
[0.43520087]
[0.43520087]
[0.43520087]
[0.43520087]
[0.43520087]
[0.43520087]
[0.43520087]
[0.43520087]
[0.43520087]
[0.43520087]
[0.43520087]
[0.43520087]
[0.43520087]
[0.43520087]
[0.43520087]
[0.43520087]
[0.43520087]
[0.43520087]
[0.43520087]
[0.43520087]
[0.43520087]
[0.43520087]
[0.43520087]
[0.4999227]
[0.3604528]
[0.36045277]
[0.36045277]
[0.36045277]
[0.36045277]
[0.36045277]
[0.36045277]
[0.36045277]
[0.36045277]
[0.36045277]
[0.36045277]
[0.36045277]
[0.36045277]
[0.36045277]
[0.36045277]
[0.36045277]
[0.36045277]
[0.36045277]
[0.36045277]
[0.36045277]
[0.36045277]
[0.36045277]
[0.36045277]
[0.36045277]
[0.36045277]
[0.36045277]
[0.36045277]
[0.36045277]
[0.36045277]
[0.36045277]
[0.36045277]
[0.36045277]
[0.36045277]
[0.36045277]
[0.54932487]
[0.45726094]
[0.30554187]
[0.5131341]
[0.5437524]
[0.55440515]
[0.566662]
[0.27402025]
[0.5067712]
[0.49843717]
[0.49859065]
[0.43655148]
[0.5070979]
[0.41001028]
[0.40723443]
[0.4328346]
[0.32611743]
[0.3574216]
[0.42320478]
[0.47897735]
[0.36385852]
[0.49795005]
[0.3748953]
[0.2531088]
[0.37366158]
[0.41194987]
[0.461434]
[0.3300162]
[0.3497169]
[0.33681488]
[0.33672056]
[0.35089248]
[0.318314]
[0.4972801]
[0.49552932]
[0.39454496]
[0.43296283]
[0.35147294]
[0.31710675]
[0.39561012]
[0.3634804]
[0.44019455]
[0.48069432]
[0.27538243]
[0.33244175]
[0.42163152]
[0.22892655]
[0.22892655]
[0.22350845]
[0.22366793]
[0.32110578]
[0.39594427]
[0.34209216]
[0.40560043]
[0.26712734]
[0.26917583]
[0.4442635]
[0.33385792]
[0.24206597]
[0.32909355]
[0.31684583]
[0.22522356]
[0.29989657]
[0.29989657]
[0.22605558]
[0.23024899]
[0.17617314]
[0.19602528]
[0.19293144]
[0.14384207]
[0.15494946]
[0.15494946]
[0.10119683]
[0.16274871]
[0.1938318]
[0.33493236]
[0.08029298]
[0.3156641]
[0.08240937]
[0.08240937]
[0.31364733]
[0.09982879]
[0.43905497]
[0.07770578]
[0.11125379]
[0.11505087]
[0.46357784]
[0.2852648]
[0.07765498]
[0.07443223]
[0.07438478]
[0.07834385]
[0.30475798]
[0.2379849]
[0.2082133]
[0.5407319]
[0.31465298]
[0.5683224]
[0.5157762]
[0.27682757]
[0.45415393]
[0.54793173]
[0.42146406]
[0.25220135]
[0.5031398]
