[0.8147946]
[0.729842]
[0.6206246]
[0.8377569]
[0.2548303]
[0.5349313]
[0.8450686]
[0.7098191]
[0.7343388]
[0.25385913]
[0.25385913]
[0.76178694]
[0.25465056]
[0.27023318]
[0.71130854]
[0.69625485]
[0.69625485]
[0.6968701]
[0.2647973]
[0.257997]
[0.6829661]
[0.2541397]
[0.2541397]
[0.2541397]
[0.2541397]
[0.2541397]
[0.2541397]
[0.25451034]
[0.25451034]
[0.25451034]
[0.6958036]
[0.6605256]
[0.2618044]
[0.2618044]
[0.62329555]
[0.2550769]
[0.25550863]
[0.2538076]
[0.77180046]
[0.25501642]
[0.25999403]
[0.25999403]
[0.7040772]
[0.2548848]
[0.26943582]
[0.58501405]
[0.71333987]
[0.5364256]
[0.5364256]
[0.2532859]
[0.5108052]
[0.5987418]
[0.25422767]
[0.25422767]
[0.25678393]
[0.25424308]
[0.25555664]
[0.5651244]
[0.25406468]
[0.5790148]
[0.6007188]
[0.6007188]
[0.25405243]
[0.2552271]
[0.2552271]
[0.61640686]
[0.2556887]
[0.5451454]
[0.60839903]
[0.25416628]
[0.4811742]
[0.25585094]
[0.77963084]
[0.77963084]
[0.49275523]
[0.2542281]
[0.5769936]
[0.5769936]
[0.26299793]
[0.25435102]
[0.25412616]
[0.2556467]
[0.58007187]
[0.25363117]
[0.2810245]
[0.50855744]
[0.69073045]
[0.26327488]
[0.26327488]
[0.26327488]
[0.26327488]
[0.7563549]
[0.2575514]
[0.25678873]
[0.25603384]
[0.25603384]
[0.38599798]
[0.38599798]
[0.2539035]
[0.27356687]
[0.27356687]
[0.781488]
[0.781488]
[0.25444105]
[0.25444105]
[0.2571355]
[0.25373584]
[0.7753918]
[0.7753918]
[0.7753918]
[0.7753918]
[0.7753918]
[0.25361577]
[0.25361577]
[0.25361577]
[0.4986696]
[0.4986696]
[0.2700246]
[0.2700246]
[0.25582188]
[0.25667092]
[0.25516945]
[0.39587092]
[0.6577764]
[0.6415556]
[0.47430483]
[0.47430483]
[0.25724113]
[0.25724113]
[0.26745525]
[0.2650732]
[0.28191882]
[0.60157305]
[0.25387457]
[0.2536878]
[0.27105144]
[0.27105144]
[0.27105144]
[0.25684223]
[0.26411724]
[0.25524804]
[0.2563079]
[0.2825982]
[0.8094376]
[0.25641662]
[0.27620932]
[0.25478715]
[0.26182815]
[0.2605887]
[0.2857398]
[0.2857398]
[0.25386062]
[0.25713536]
[0.25713536]
[0.44609734]
[0.44609734]
[0.44609734]
[0.25595638]
[0.25614452]
[0.25469956]
[0.2556339]
[0.25277096]
[0.25277096]
[0.266013]
[0.266013]
[0.25466648]
[0.25654197]
[0.5271163]
[0.25490817]
[0.25484192]
[0.25484192]
[0.25484192]
[0.52162737]
[0.5530279]
[0.26024842]
[0.25406644]
[0.2555176]
[0.29627573]
[0.5716601]
[0.5716601]
[0.5716601]
[0.5716601]
[0.5716601]
[0.5716601]
[0.5716601]
[0.5716601]
[0.5716601]
[0.25388888]
[0.25244915]
[0.2575237]
[0.2561973]
[0.25469214]
[0.25469214]
[0.2562707]
[0.2591377]
[0.28720585]
[0.38659695]
[0.25609514]
[0.25733885]
[0.2785374]
[0.6602819]
[0.25624555]
[0.2722877]
[0.49712768]
[0.25759912]
[0.25880143]
[0.25684014]
[0.61538535]
[0.5166394]
[0.25318024]
[0.25874442]
[0.25874442]
[0.2607878]
[0.2607878]
[0.47624165]
[0.47624165]
[0.47624165]
[0.47624165]
[0.2566038]
[0.2549236]
[0.2549236]
[0.2549236]
[0.2549236]
[0.25467706]
[0.51815176]
[0.25541392]
[0.26198614]
[0.5647245]
[0.25909203]
[0.260327]
[0.26247695]
[0.25478968]
[0.2683589]
[0.258071]
[0.52048135]
[0.25577438]
[0.49482664]
[0.25634366]
[0.5694625]
[0.25204095]
[0.4471588]
[0.4471588]
[0.4471588]
[0.2561954]
[0.3330181]
[0.2530719]
[0.2537714]
[0.25266883]
[0.518585]
[0.47490963]
[0.26708767]
[0.55038524]
[0.55038524]
[0.2569963]
[0.751729]
[0.27006868]
[0.2535351]
[0.25685638]
[0.25557756]
[0.25404602]
[0.5688255]
[0.5688255]
[0.25937256]
[0.49523047]
[0.26137573]
[0.2571261]
[0.255005]
[0.25576577]
[0.28760737]
[0.25211695]
[0.2556042]
[0.25351313]
[0.25989193]
[0.2643894]
[0.26606733]
[0.25892118]
[0.4585174]
[0.4585174]
[0.49802276]
[0.51514524]
[0.51514524]
[0.26941922]
[0.47506303]
[0.47506303]
[0.7927735]
[0.29800516]
[0.27996108]
[0.25843114]
[0.45607162]
[0.4742397]
[0.4742397]
[0.4742397]
[0.41323096]
[0.7866713]
[0.27145824]
[0.46247]
[0.25548014]
[0.2544675]
[0.25672594]
[0.25507683]
[0.2526642]
[0.48108596]
[0.2573795]
[0.6287899]
[0.2550936]
[0.26436958]
[0.2579764]
[0.53659576]
[0.29574144]
[0.26072285]
[0.27100486]
[0.25591958]
[0.25387803]
[0.26315537]
[0.2618776]
[0.43690303]
[0.26405516]
[0.5479214]
[0.6803371]
[0.2558628]
[0.26133913]
[0.31075215]
[0.30998793]
[0.2545398]
[0.5160632]
[0.25227723]
[0.27429315]
[0.25580153]
[0.2542902]
[0.28872892]
[0.25425273]
[0.65639466]
[0.25722915]
[0.33404812]
[0.40735343]
[0.26564494]
[0.39714083]
[0.39714083]
[0.35469657]
[0.2546175]
[0.4170128]
[0.26222196]
[0.26222196]
[0.5343109]
[0.52802104]
[0.52802104]
[0.26138362]
[0.26063353]
[0.679236]
[0.4954276]
[0.2569473]
[0.7504155]
[0.26149225]
[0.25363016]
[0.26689637]
[0.26380932]
[0.82208145]
[0.25905457]
[0.7529847]
[0.25734288]
[0.26684606]
[0.25438973]
[0.47204256]
[0.2622168]
[0.52626985]
[0.7694545]
[0.5343973]
[0.25737607]
[0.26028395]
[0.3028772]
[0.42123374]
[0.3692706]
[0.26798913]
[0.3192421]
[0.28161365]
[0.6227917]
[0.39536285]
[0.267039]
[0.2582784]
[0.2619593]
[0.5015691]
[0.7856345]
[0.56101084]
[0.26756456]
[0.26080802]
[0.5193663]
[0.2537962]
[0.48701707]
[0.5204065]
[0.26567107]
[0.40527663]
[0.41136461]
[0.2761263]
[0.28002197]
[0.2673186]
[0.4548958]
[0.46428493]
[0.26445153]
[0.4983699]
[0.5220592]
[0.51906157]
[0.8111467]
[0.2736511]
[0.3734169]
[0.26133078]
[0.47894815]
[0.26167485]
[0.40084788]
[0.49149808]
[0.3686984]
[0.26531762]
[0.5076762]
[0.25944698]
[0.42981914]
[0.28407058]
[0.26744765]
[0.4915967]
[0.4303143]
[0.43796134]
[0.47175118]
[0.5197126]
[0.2793119]
[0.49597678]
[0.5241297]
[0.49973693]
[0.26421285]
[0.26975653]
[0.5254454]
[0.27283984]
[0.2666972]
[0.7676278]
[0.38526407]
[0.30430594]
[0.45454526]
[0.78555524]
[0.7367853]
[0.28447294]
[0.28304258]
[0.2595079]
[0.78987086]
[0.25562292]
[0.25415725]
[0.27524042]
[0.2769279]
[0.2999106]
[0.2908012]
[0.27155414]
[0.25528085]
[0.25499865]
[0.27294865]
[0.27391845]
[0.29270926]
[0.46646655]
[0.28803584]
[0.30981883]
[0.30981883]
[0.28629425]
[0.29102573]
[0.27115047]
[0.29440147]
[0.26146248]
[0.27754834]
[0.27754834]
[0.25533983]
[0.26319453]
[0.6240482]
[0.2922111]
[0.24513912]
[0.2573769]
[0.2806191]
[0.2884402]
[0.25551543]
[0.2564486]
[0.25587812]
[0.2564889]
[0.46147537]
[0.6525374]
[0.25663787]
[0.2567216]
[0.34447244]
[0.5651521]
[0.25428772]
[0.5461784]
[0.26467744]
[0.2585958]
[0.2565989]
[0.255563]
[0.25743768]
[0.51775557]
[0.56653744]
[0.62825894]
[0.25440907]
[0.733954]
[0.41633388]
[0.2738096]
[0.46641296]
[0.25573388]
[0.2591443]
[0.68423784]
[0.27692866]
