[0.6498293]
[0.6498293]
[0.6498293]
[0.6498293]
[0.6498293]
[0.6498293]
[0.6498293]
[0.64005274]
[0.6585638]
[0.6585638]
[0.6323994]
[0.6668177]
[0.6052698]
[0.6052698]
[0.6052698]
[0.6052698]
[0.6052698]
[0.6052698]
[0.6052698]
[0.63476324]
[0.6022662]
[0.5657969]
[0.61128855]
[0.5230369]
[0.5365276]
[0.53177357]
[0.49890265]
[0.49787924]
[0.5472568]
[0.4626441]
[0.47839072]
[0.48637134]
[0.47855812]
[0.47855812]
[0.47855812]
[0.47855812]
[0.41700965]
[0.41700965]
[0.41700965]
[0.41700965]
[0.41700965]
[0.41700965]
[0.41700965]
[0.41700965]
[0.41700965]
[0.41700965]
[0.41700965]
[0.46462503]
[0.46462503]
[0.46462503]
[0.4339996]
[0.4339996]
[0.4339996]
[0.4339996]
[0.4339996]
[0.4339996]
[0.4339996]
[0.4339996]
[0.4339996]
[0.4339996]
[0.4339996]
[0.4339996]
[0.4339996]
[0.4339996]
[0.4339996]
[0.4339996]
[0.4339996]
[0.4339996]
[0.4339996]
[0.4339996]
[0.4339996]
[0.47726738]
[0.45592833]
[0.45592833]
[0.45592833]
[0.45592833]
[0.45592833]
[0.45592833]
[0.45592833]
[0.45592833]
[0.45592833]
[0.45592833]
[0.45592833]
[0.45592833]
[0.45592833]
[0.45592833]
[0.45592833]
[0.45592833]
[0.45592833]
[0.45592833]
[0.45592833]
[0.4630646]
[0.4630646]
[0.4630646]
[0.4630646]
[0.4630646]
[0.49129888]
[0.5091825]
[0.4158131]
[0.43808007]
[0.37816095]
[0.4006563]
[0.4006563]
[0.4006563]
[0.47170132]
[0.47170132]
[0.47170132]
[0.47170132]
[0.47170132]
[0.47170132]
[0.47170132]
[0.47170132]
[0.47170132]
[0.47170132]
[0.47170132]
[0.47170132]
[0.47170132]
[0.47170132]
[0.47170132]
[0.47170132]
[0.3906783]
[0.3906783]
[0.3906783]
[0.41646922]
[0.42804497]
[0.30899724]
[0.4160506]
[0.4426139]
[0.3633278]
[0.39674065]
[0.39674065]
[0.39674065]
[0.39674065]
[0.39674065]
[0.39674065]
[0.43667033]
[0.43385595]
[0.40007696]
[0.40007696]
[0.40007696]
[0.40007696]
[0.38348055]
[0.38348055]
[0.38348055]
[0.38348055]
[0.39599082]
[0.38664436]
[0.33242223]
[0.32474244]
[0.39394122]
[0.39394122]
[0.39394122]
[0.39394122]
[0.39394122]
[0.39394122]
[0.39394122]
[0.44525993]
[0.36320388]
[0.28636852]
[0.34630916]
[0.41971496]
[0.4091209]
[0.3941441]
[0.3376606]
[0.3647248]
[0.3647248]
[0.3647248]
[0.34657747]
[0.29977992]
[0.2866884]
[0.3932496]
[0.45282474]
[0.3100329]
[0.28886524]
[0.28886524]
[0.28886524]
[0.3323429]
[0.3932496]
[0.3932496]
[0.3932496]
[0.3932496]
[0.3932496]
[0.3932496]
[0.3205449]
[0.23650272]
[0.32503387]
[0.39501205]
[0.27820784]
[0.30137584]
[0.36558583]
[0.36558583]
[0.36558583]
[0.36558583]
[0.35472938]
[0.35472938]
[0.3549725]
[0.35072455]
[0.29142922]
[0.35012954]
[0.31654713]
[0.31384292]
[0.29148588]
[0.29439124]
[0.3759938]
[0.3705402]
[0.3705402]
[0.3705402]
[0.3705402]
[0.3705402]
[0.33360842]
[0.25486416]
[0.25486416]
[0.25486416]
[0.25486416]
[0.25486416]
[0.25486416]
[0.25486416]
[0.25486416]
[0.25486416]
[0.3087545]
[0.3087545]
[0.3087545]
[0.3087545]
[0.3087545]
[0.3087545]
[0.3087545]
[0.3087545]
[0.3087545]
[0.28328744]
[0.25565714]
[0.25565714]
[0.25565714]
[0.29761055]
[0.2733402]
[0.2789173]
[0.30011767]
[0.30448925]
[0.3628622]
[0.31820697]
[0.28471953]
[0.28619966]
[0.3459831]
[0.36694333]
[0.2479919]
[0.32635227]
[0.32635227]
[0.32635227]
[0.32635227]
[0.32635227]
[0.32635227]
[0.32635227]
[0.32635227]
[0.32635227]
[0.32635227]
[0.32635227]
[0.32635227]
[0.32635227]
[0.32635227]
[0.32635227]
[0.32635227]
[0.32635227]
[0.32635227]
[0.32635227]
[0.32635227]
[0.32635227]
[0.32635227]
[0.32635227]
[0.32635227]
[0.32635227]
[0.32635227]
[0.32635227]
[0.32635227]
[0.32635227]
[0.32635227]
[0.32635227]
[0.32635227]
[0.32635227]
[0.32635227]
[0.32635227]
[0.32635227]
[0.32635227]
[0.32635227]
[0.32635227]
[0.32635227]
[0.32635227]
[0.32635227]
[0.32635227]
[0.32635227]
[0.32635227]
[0.32635227]
[0.32635227]
[0.32635227]
[0.32635227]
[0.32635227]
[0.32635227]
[0.32635227]
[0.32635227]
[0.32635227]
[0.32635227]
[0.32635227]
[0.32635227]
[0.32635227]
[0.32635227]
[0.32635227]
[0.32635227]
[0.32635227]
[0.32635227]
[0.32635227]
[0.32635227]
[0.32635227]
[0.32635227]
[0.32635227]
[0.32635227]
[0.32635227]
[0.32635227]
[0.32635227]
[0.32635227]
[0.32635227]
[0.32635227]
[0.32635227]
[0.32635227]
[0.32635227]
[0.32635227]
[0.32635227]
[0.32635227]
[0.32635227]
[0.32635227]
[0.32635227]
[0.32635227]
[0.32635227]
[0.32635227]
[0.32635227]
[0.32635227]
[0.32635227]
[0.32635227]
[0.32635227]
[0.32635227]
[0.32635227]
[0.32635227]
[0.32635227]
[0.32635227]
[0.32635227]
[0.32635227]
[0.32635227]
[0.32635227]
[0.32635227]
[0.32635227]
[0.32635227]
[0.32635227]
[0.32635227]
[0.32635227]
[0.32635227]
[0.32635227]
[0.32635227]
[0.32635227]
[0.32635227]
[0.32635227]
[0.32635227]
[0.32635227]
[0.32635227]
[0.32635227]
[0.32635227]
[0.32635227]
[0.32635227]
[0.32635227]
[0.32635227]
[0.32635227]
[0.32635227]
[0.32635227]
[0.32635227]
[0.32635227]
[0.32635227]
[0.32635227]
[0.32635227]
[0.32635227]
[0.32635227]
[0.32635227]
[0.32635227]
[0.32635227]
[0.32635227]
[0.32635227]
[0.32635227]
[0.32635227]
[0.32635227]
[0.32635227]
[0.32635227]
[0.32635227]
[0.32635227]
[0.32635227]
[0.32635227]
[0.32635227]
[0.32635227]
[0.32635227]
[0.32635227]
[0.32635227]
[0.32635227]
[0.32635227]
[0.32635227]
[0.32635227]
[0.32635227]
[0.32635227]
[0.32635227]
[0.32635227]
[0.32635227]
[0.32635227]
[0.32635227]
[0.32635227]
[0.32635227]
[0.32635227]
[0.32635227]
[0.32635227]
[0.32635227]
[0.32635227]
[0.32635227]
[0.32635227]
[0.32635227]
[0.32635227]
[0.32635227]
[0.32635227]
[0.32635227]
[0.32635227]
[0.32635227]
[0.32635227]
[0.30501533]
[0.30952966]
[0.30952966]
[0.30952966]
[0.30952966]
[0.30553603]
[0.26993692]
[0.31113112]
[0.3133411]
[0.3133411]
[0.3133411]
[0.33106127]
[0.45401284]
[0.41570792]
[0.29504317]
[0.31354222]
[0.2675052]
[0.28983802]
[0.28597006]
[0.28597006]
[0.2935971]
[0.2898641]
[0.2898641]
[0.24568458]
[0.29458252]
[0.24467212]
[0.29489493]
[0.29489493]
[0.22838046]
[0.28962177]
[0.27067685]
[0.24723592]
[0.18440491]
[0.23696284]
[0.23305526]
[0.29184586]
[0.24771193]
[0.13165571]
[0.29546526]
[0.13132636]
[0.25361893]
[0.23202825]
[0.2409022]
[0.11970584]
[0.15617917]
[0.15990093]
[0.1851419]
[0.1501856]
[0.1396982]
[0.1396982]
[0.1396982]
[0.17270625]
[0.11664196]
[0.13748989]
[0.11552721]
[0.14981425]
[0.14998434]
[0.24636167]
[0.24636167]
[0.24636167]
[0.24636167]
[0.10585002]
[0.10585002]
[0.1373768]
[0.11155923]
[0.13810982]
[0.10831276]
[0.11269807]
[0.10199844]
[0.09926163]
[0.1004832]
[0.10499909]
[0.10927238]
[0.09926371]
[0.10065373]
[0.10065373]
[0.20040065]
