6.829000000000005
6.829000000000005
6.829000000000005
6.829000000000005
6.829000000000005
6.829000000000005
6.829000000000005
6.829000000000005
6.829000000000005
6.481400000000004
6.321100000000005
5.846500000000005
7.129600000000005
7.129600000000005
7.129600000000005
5.352800000000005
5.841900000000003
6.524600000000004
5.650600000000005
7.799300000000005
7.799300000000005
7.302100000000005
8.447500000000002
8.174400000000004
7.251000000000005
6.518800000000004
6.518800000000004
6.374200000000005
6.171200000000004
9.849899999999993
6.715200000000005
6.715200000000005
6.715200000000005
6.739500000000004
6.739500000000004
4.356900000000004
8.907699999999998
8.335700000000003
8.335700000000003
8.335700000000003
8.259100000000002
8.259100000000002
8.259100000000002
8.259100000000002
8.259100000000002
8.259100000000002
8.259100000000002
8.259100000000002
8.259100000000002
8.259100000000002
8.259100000000002
8.259100000000002
8.259100000000002
8.259100000000002
8.259100000000002
8.259100000000002
8.259100000000002
8.259100000000002
8.259100000000002
8.259100000000002
8.259100000000002
8.259100000000002
8.259100000000002
8.259100000000002
8.259100000000002
8.259100000000002
8.259100000000002
8.259100000000002
6.179700000000005
8.549500000000002
8.983899999999998
8.983899999999998
8.983899999999998
8.983899999999998
8.983899999999998
8.983899999999998
8.983899999999998
5.319300000000005
6.515000000000004
5.409900000000004
6.344870000000004
8.541600000000003
4.9466000000000045
6.661500000000004
6.661500000000004
5.238500000000005
4.2177000000000024
4.229200000000003
6.019600000000004
7.7637000000000045
7.7637000000000045
8.7049
4.229200000000003
6.149200000000004
8.488500000000002
4.5343000000000035
3.3731000000000018
5.963200000000004
6.311400000000005
3.416600000000003
6.9264000000000046
6.501200000000005
5.422500000000003
7.390300000000005
5.127600000000004
4.765800000000003
7.721200000000004
4.100800000000003
6.339700000000004
5.718500000000003
5.718500000000003
5.718500000000003
5.718500000000003
5.718500000000003
5.890700000000004
4.765800000000003
4.765800000000003
3.4349000000000016
5.067900000000003
5.196000000000003
5.196000000000003
5.196000000000003
5.196000000000003
5.196000000000003
5.196000000000003
5.196000000000003
5.196000000000003
5.196000000000003
5.196000000000003
5.196000000000003
5.196000000000003
5.196000000000003
5.196000000000003
5.196000000000003
5.196000000000003
5.196000000000003
5.196000000000003
5.196000000000003
5.196000000000003
5.196000000000003
5.709800000000004
5.709800000000004
7.755000000000005
4.9353000000000025
2.17812
2.17812
7.745300000000004
5.348000000000004
4.834200000000004
4.834200000000004
4.834200000000004
4.834200000000004
4.834200000000004
4.834200000000004
4.834200000000004
4.834200000000004
4.834200000000004
4.834200000000004
4.834200000000004
4.834200000000004
4.834200000000004
4.834200000000004
4.834200000000004
4.834200000000004
4.834200000000004
4.834200000000004
4.834200000000004
4.834200000000004
4.834200000000004
4.834200000000004
4.834200000000004
4.834200000000004
4.834200000000004
4.834200000000004
4.834200000000004
4.834200000000004
2.2465200000000003
2.2465200000000003
2.2465200000000003
2.2465200000000003
2.2465200000000003
2.2465200000000003
6.5682000000000045
6.5682000000000045
6.5682000000000045
3.978100000000003
3.978100000000003
3.978100000000003
4.3388000000000035
5.028600000000003
5.028600000000003
5.028600000000003
6.378700000000004
4.798900000000003
4.514800000000002
4.514800000000002
4.737500000000003
4.737500000000003
4.737500000000003
4.737500000000003
4.737500000000003
4.737500000000003
4.737500000000003
6.378200000000004
4.651300000000002
3.118400000000002
1.61917
4.948900000000003
2.8947200000000013
4.906500000000002
4.906500000000002
4.906500000000002
4.906500000000002
5.631200000000003
5.791600000000002
4.805900000000003
4.7802000000000024
4.7802000000000024
3.7837000000000023
3.7837000000000023
3.7837000000000023
5.470600000000002
4.9002000000000026
5.241100000000003
5.633600000000003
5.633600000000003
5.633600000000003
5.633600000000003
5.633600000000003
5.633600000000003
5.633600000000003
5.633600000000003
5.633600000000003
5.633600000000003
5.633600000000003
5.633600000000003
5.633600000000003
5.633600000000003
5.633600000000003
5.633600000000003
5.633600000000003
5.633600000000003
5.633600000000003
5.633600000000003
5.633600000000003
5.633600000000003
4.435900000000002
5.940900000000004
2.828620000000001
5.3438000000000025
8.083100000000005
9.985699999999994
4.511700000000002
4.511700000000002
4.511700000000002
4.511700000000002
5.517700000000003
5.517700000000003
3.428100000000003
5.119800000000002
5.119800000000002
5.119800000000002
5.119800000000002
5.119800000000002
5.119800000000002
5.119800000000002
5.119800000000002
5.119800000000002
5.119800000000002
5.119800000000002
5.119800000000002
5.119800000000002
5.119800000000002
5.119800000000002
5.119800000000002
5.119800000000002
5.119800000000002
5.119800000000002
5.119800000000002
5.119800000000002
5.119800000000002
5.119800000000002
5.119800000000002
5.119800000000002
5.119800000000002
5.119800000000002
5.119800000000002
5.119800000000002
5.119800000000002
5.119800000000002
5.119800000000002
5.119800000000002
5.119800000000002
5.119800000000002
5.119800000000002
5.119800000000002
5.119800000000002
5.119800000000002
5.119800000000002
5.119800000000002
5.119800000000002
4.900900000000003
4.640500000000003
4.191500000000003
1.6620999999999997
5.938200000000004
2.9320000000000013
7.850500000000006
2.5326000000000004
3.303300000000002
4.918300000000002
4.918300000000002
4.918300000000002
4.918300000000002
4.918300000000002
3.647000000000002
4.127000000000004
4.780400000000003
3.8827000000000025
3.741200000000002
3.741200000000002
3.741200000000002
3.741200000000002
3.741200000000002
3.741200000000002
5.424400000000002
8.174500000000004
3.0947000000000013
3.0947000000000013
3.0947000000000013
3.0947000000000013
4.144500000000002
4.624400000000001
4.624400000000001
4.624400000000001
4.624400000000001
4.624400000000001
9.322599999999998
9.322599999999998
9.322599999999998
8.854099999999999
3.911400000000002
3.7341000000000024
5.907800000000004
4.994500000000002
4.994500000000002
4.994500000000002
3.8326000000000033
3.8326000000000033
3.8326000000000033
3.8326000000000033
5.212800000000004
4.385000000000002
7.1688000000000045
4.007500000000002
4.7965000000000035
4.7965000000000035
4.7965000000000035
4.7965000000000035
4.149000000000003
4.149000000000003
4.149000000000003
3.6590000000000016
6.655800000000004
4.227700000000001
7.843500000000005
2.2671
2.2671
2.2671
4.965200000000003
4.990000000000002
4.494600000000002
4.494600000000002
7.122900000000004
2.1041200000000004
2.1041200000000004
2.1041200000000004
4.975400000000004
2.3044000000000007
4.436400000000003
4.154400000000002
4.154400000000002
4.154400000000002
4.154400000000002
4.154400000000002
4.252900000000002
4.252900000000002
7.774200000000005
1.9932199999999995
2.709120000000001
2.709120000000001
2.709120000000001
2.709120000000001
2.709120000000001
2.709120000000001
2.709120000000001
2.709120000000001
2.709120000000001
2.709120000000001
8.420900000000005
3.2779000000000016
1.8739999999999999
2.7523200000000005
4.693600000000002
4.693600000000002
4.693600000000002
4.693600000000002
4.693600000000002
7.393900000000006
5.361400000000003
7.9195000000000055
4.235700000000003
4.235700000000003
4.235700000000003
4.235700000000003
4.455000000000002
5.391200000000003
9.237999999999996
4.753300000000002
4.726000000000003
4.640500000000003
4.640500000000003
4.640500000000003
4.640500000000003
4.640500000000003
2.213
4.518600000000004
4.221600000000003
4.277000000000002
4.094600000000003
4.898000000000002
3.1816000000000013
3.1816000000000013
4.614300000000003
2.2459999999999996
3.8112000000000013
4.224800000000004
3.840000000000002
3.885500000000003
6.524400000000003
4.238500000000004
4.716600000000002
2.3850000000000007
8.6818
5.015700000000003
2.2538200000000006
3.820700000000002
4.386700000000003
4.404400000000002
3.736200000000002
4.150300000000001
6.177800000000006
5.701200000000004
4.1621000000000015
3.9042000000000012
4.3807000000000045
3.8488000000000024
3.1228000000000016
1.4983
6.020500000000004
2.1491
2.1491
4.315200000000003
4.315200000000003
1.5606
2.05652
2.05652
2.05652
4.275400000000005
4.533300000000002
2.684800000000001
2.9079000000000006
4.209900000000003
2.7508000000000012
5.613700000000004
2.5016800000000003
1.9222999999999997
2.4308200000000006
0.8432
1.3994
1.6922
0.1064
3.553900000000002
2.4198000000000013
3.3192000000000013
4.038700000000003
2.6213000000000006
2.6213000000000006
4.0812000000000035
4.0812000000000035
3.8226000000000018
6.943900000000005
4.7462000000000035
6.915300000000005
5.636600000000005
7.7332000000000045
6.915800000000005
4.5750000000000055
5.482500000000005
4.923300000000005
