-6.281431695634692
-4.340100662056396
-2.214778960104809
-0.6053416116349666
-0.16464710530630616
0.009348315562482355
0.06340036349687272
0.053874198887437844
0.45258026607805973
0.6303655291215368
0.767381034361601
0.932723259677976
1.0447492399920895
1.0915097482805463
1.4431179996626449
1.6059531545449146
1.8073172637185448
1.3877844013708618
1.564938652316746
1.8149169956322693
1.9338820816102484
2.3060550761428273
2.0224062922881147
2.483823019163727
2.438478587386823
2.450212154639943
2.464110526700383
2.56975061414767
3.5808682336300026
3.017080499760608
3.294153874500934
3.320098772928614
3.223361379593458
3.3524532577532975
2.9431120894216214
3.661710485527078
4.929987460294662
3.810528705950181
3.869437845508319
3.7501289759479883
4.036016687561572
4.773170472581174
3.962004784560177
4.37081221782566
4.941313839237604
3.8884416304593477
5.550290335561941
5.119842926602252
4.653843533630635
4.550119687813697
4.445530332241894
5.420202724349749
5.173963189789508
4.739969551174932
6.516570376110552
4.942202269206884
5.4914409121500904
5.448261963322493
6.24535583032886
6.200027300256099
5.300575061071777
6.022808786495767
5.308108308631055
6.416815640777423
5.336443305004672
6.694695814321964
6.342903785087639
6.430038127846374
5.637649217925549
5.839893078872797
5.692042457248244
6.929403870536576
5.121173309012445
6.387992141820983
6.608394602339435
7.1432623352706
8.110745613486818
7.110458300114293
6.781144644013875
7.173617009297553
6.455548984788664
8.04141585354485
8.20040831756492
6.116127028704652
7.620403128069951
8.554359271111347
8.175533348905677
7.618113026998339
7.802139235593989
8.789544493007904
9.146401615652044
8.235620079666212
8.619664347298036
9.237748018512189
8.376379958301355
9.791834175680021
8.94804084500478
9.37857706984775
10.017414102231838
10.346629259769639
9.093591880291333
8.670343000675384
9.139071743035187
8.863891505927278
9.825641987848412
8.666851372940675
9.286790449326663
10.691335646539846
10.328550125459167
9.936673349513876
10.107460323165315
10.227057457073508
10.042321377950634
10.398206086197295
10.06976709704293
11.171797183710682
9.217842815739271
9.406208004030661
10.322112577625859
11.037435373270721
9.92821555870322
11.18474247475325
10.308767714356206
8.72605434001637
10.95940490311435
10.185802727977949
10.5341548082381
11.117956539735234
10.073159789002654
11.090937894004043
10.40177168399242
11.17218395749899
11.352930850105768
10.429766056309768
11.575786446144546
12.439883246650291
11.578535880247754
17.304747256980875
12.270622202293831
11.031406587900001
11.908019235962964
11.523059100559076
11.397745367296247
18.19876149913173
11.533062678633543
11.202438850777067
10.594957839237882
11.329586206418426
12.258069066964163
18.75970519251423
19.964824732093632
23.43375153946389
8.993631741026674
12.30141679601929
12.707986366762125
11.479308475398248
9.634211510097312
17.28528795494868
11.067989769296698
10.220043473912032
11.529425215758524
11.917025018962688
13.054513487529672
11.081076349602252
12.088399478714098
12.589872871510575
11.160984975948045
11.908908352613267
10.890806467941117
16.302807996047562
11.302876609254458
10.718367147082171
10.508549400164634
11.267286518350305
10.801263933425172
11.172390701878037
12.102458760065112
11.93057026011469
11.861406744044526
14.355647452690812
16.925270869331385
9.457452838544047
12.421839918080705
10.267799138104985
11.718441260272455
15.93018633255312
13.893379279763392
16.57122929584122
6.722515603421495
11.5709675070469
12.246939399660551
11.90057364762403
17.277130614523784
16.962285779818085
15.591612770735658
19.005831738684865
24.50016525699542
23.788859334605455
17.079441915200725
7.1654462682887585
12.78400134583629
12.29933710041315
11.880989892626683
16.597017604976593
15.093956984601048
18.698020493683398
20.74852675851553
21.20699250295185
22.74600242850171
2.293129671405743
7.5408629273859855
11.491232053995878
11.991554774713382
14.432690148120649
19.566084824251
16.22557909061067
18.249964560376313
10.626660768780884
12.14385169455854
12.230473719819514
10.29818206817843
16.282490596919402
15.07370797999097
24.344065647216535
24.973173532133806
28.52844539918351
26.641338395962848
-0.2948500032060978
0.8653128900495426
2.7448375977392856
3.5416567603723417
5.710900466479195
5.6470393739781715
5.869809366803205
6.183215774086476
7.497515519193374
6.744874694935457
7.273457736433476
6.10293524550948
9.051825406624769
8.4962535944348
9.046848505266468
9.015931183053404
9.064227943928595
7.2524092288391895
9.257058646294041
10.008770571147489
9.643757281867565
9.178109904550652
8.458980972862692
9.440207020486957
11.231015152642605
9.574108157352072
9.379529570734583
9.8757191351369
10.841483583805378
11.551627222345228
11.152126670007899
9.044536323825476
10.517165272437357
10.571195022789041
10.745792095840626
26.155831729478688
7.826974613796754
11.35715168982769
11.037234857156335
10.617440937109132
11.503012825590679
11.296971626772462
11.667942347669065
18.106277058511566
23.187911305408495
10.365524606535779
12.069600464939285
11.649051923733252
12.842597908373346
11.939970960560386
10.997266176598849
11.276552399805402
11.464240791451063
11.618531999035751
12.564460692349483
11.151159313019354
12.986621179026146
12.608424842672909
11.264545283244361
10.270163376522287
12.33364883718309
11.127816795966282
12.125244062003388
12.56960335154333
12.834176585905487
14.412043756165769
13.824081457089958
11.627145790026217
13.111882774941444
12.239791038681807
12.458420086759075
12.209985226170216
11.781543774094542
12.275719946336364
12.98824581112987
11.381850467346583
12.922376940454338
12.627140095187151
11.974028998053605
12.870917985427775
13.1544901872257
14.34839001102389
12.696066441088446
11.770983380244683
12.357797474930011
12.039205542166401
12.869092587049076
12.097083130047215
13.390906468713649
12.820891781156625
13.352049801593523
13.443904486278234
13.4139894988249
14.59110785870469
14.082599426537195
13.95642267729358
12.358300321802199
13.365706294894498
14.487391437304227
15.078535688524575
14.35580909369199
13.230307985301556
15.164376836994833
15.890794986118072
15.782752399351393
16.003094070110865
13.742252614462403
16.204364168131534
15.014091783411706
15.724621128361902
15.948165089249194
17.134499779545607
16.48249648579032
16.65252085365096
16.430973642302376
15.594676142774155
15.394207700206543
14.685738644797453
17.71793077218825
16.50701938594078
17.903718430898103
15.914805510247671
16.82957982091094
17.182017966675005
15.483437125715529
16.723288853978634
15.875063648114926
17.007568843563213
16.147630955290722
16.477636041113588
15.637538939788033
17.134983513013463
14.957698697918993
15.774973290719196
16.717023949494784
16.00332055485806
15.539252980101049
16.641556957313973
16.464498068876946
17.050634618336225
15.837601221297348
17.411481091140153
16.838997321873045
17.3111850907674
17.227978415174956
17.05730669941189
17.404291356124993
17.379633991252184
17.384413986136256
17.271544278352057
18.579360806954895
19.63371527552856
17.448821670014276
18.815615390410134
17.63378710868484
18.970483974396007
18.218900608308985
19.332492719492045
16.969220860957794
18.51472794544631
17.88615387083142
17.791024588867923
17.98141613656924
17.20997072604736
17.61394268749573
17.971088059911157
18.7338103073002
17.063146299873047
17.891677069742492
17.89716702581307
18.08067561619268
19.08840132135427
18.92206978302239
18.992659485033386
13.607728376534103
17.3524729743582
17.34674691966649
18.348633422022953
18.900084986800803
18.065964134743208
18.451908981007072
18.00108388838515
17.513708124235862
17.975873711157853
16.679529549389148
17.78167849057086
19.44493933261517
18.592309712146427
18.536698735567473
18.796837874530027
17.312250282147794
18.33484792436947
17.21910662013221
17.94363236463981
19.0020752300789
18.948174724351354
18.16285340088425
17.56836207102637
17.902633792761232
19.28900300677572
19.971203138051592
17.801167489214908
18.198754213644772
17.871343314998533
18.17596520698005
16.95914458696391
18.65058061178826
18.89254706868306
18.326272036173723
17.65997241560142
19.439685324895393
19.688089940077244
18.99572798315325
20.201715448733182
19.423417826711812
19.091854999070186
19.123619546221626
19.813515354248345
18.496923167840013
20.01474003640001
19.408234134147488
19.42779852929957
18.4775371699587
19.100755577458933
20.103261164925097
17.663134178554476
18.576210756659144
19.992267124689512
19.918597474625948
18.78815081242714
19.378200660291064
18.505245401372925
18.597944676365465
18.96971039041309
18.793736931324588
19.448590196043078
19.209446507326987
19.148549341425955
19.255620140190985
20.25052735069417
19.44704377855641
19.34506150857148
19.282444932863726
17.49671940076594
19.7666929951391
17.86261338654898
18.678534157058856
19.516294588853047
20.036779957788603
19.428836885051865
20.30455653383439
20.122697235709726
19.324484322729973
19.52421975776455
19.344815741069127
18.955518472422366
18.948235173548834
19.714098961810937
19.42714770149982
18.57721686231347
18.32342715425492
19.735637661318577
18.960042014750897
17.844261890305898
18.669565077305787
18.504887416606632
17.367478185772548
19.800585946123114
19.283551775603375
18.73715473837291
19.398388278096775
19.83665400022911
16.619655845241827
20.003854621431653
18.076975001290563
18.269646847276025
18.11254591470518
17.953849037762243
18.447179484720365
19.05129433018232
18.738553983373787
19.908331876519878
19.5137406139858
19.25564550989336
20.551978639330642
20.419449573271006
19.711837233642477
19.78006862689099
19.995368506910182
19.497736777596266
20.70223554904629
19.500256901396195
20.787689853576047
20.2970488767565
19.750377480258123
20.504258762230315
20.94904002369295
21.24315697592744
20.58030419503909
20.42441404875786
20.475331611608365
20.040718686416586
18.249192158864343
20.87929733099824
19.5398677112129
20.575460183341455
20.725720949251873
19.854221712157262
20.577736054460342
19.465794518137358
20.345463661002473
20.12103418773774
20.550505772720353
20.927401361169025
21.00098654597254
20.53851421229009
20.283967688355542
21.90014652759716
20.22048752214152
20.499636795905026
21.7594298182988
20.534870117306127
20.85340519052851
23.697259496393936
20.698397919180135
20.867894583054323
21.046562147927222
20.320767511956245
20.677891605576693
21.21229314892381
20.001761598001817
21.464375440110604
20.757015430792904
21.07069104109905
20.931017098056966
21.105339224766347
20.071210863674388
21.02969525826918
19.382705351462995
19.75214269019788
19.988647258076636
20.197430204913086
20.715123700511022
21.62470850810666
21.330964211170958
21.653815155830156
20.801358929525644
21.74871159322113
22.032409392972934
21.21350183045964
22.12197283855403
20.713615830036705
21.181019703044512
21.480006668871
20.885020082429094
21.27009827836366
20.562617012747225
20.666690565210086
21.291544640402265
19.85591179188279
20.796746747198235
21.205581085422512
21.000503043140192
21.242541226724622
20.767801608118592
20.868215595712858
21.71964383727549
21.553896166524297
20.64350245041267
21.614156503258968
21.676835895549985
20.988853188448562
21.111347885529007
20.440792057631086
21.460340963743466
20.764041900867277
20.92596160233203
20.21609234635537
21.024066983640502
20.331498177222972
20.761715761812493
23.096912947142698
20.286878705225686
20.13692266101985
20.632298335076936
21.079215334502624
19.973433016444968
19.53071850325843
20.450732070112178
19.733175346905274
20.992706045890227
22.353671050360482
19.438191660955095
21.111528083303522
21.58001641242523
19.938210339445455
19.861155206753907
19.96222778441447
20.234071735569056
19.44230439197188
20.95408091337722
20.221182045097933
19.612617717098875
20.777186575721984
20.828395246106318
20.261248308832513
21.210907778690455
20.117882634247916
20.39853143489527
20.307249581181214
20.025785725983603
20.653779641600813
20.23512848031713
21.114529490837178
20.28652806176265
20.524653132537612
23.106738062913077
20.195116972537402
21.187397071316017
21.461854380844247
19.628373367377893
23.468263522464536
19.6805867946521
24.322907734483618
24.424732114258557
35.24296183482262
51.268780169560195
15.125896390375928
34.11393557072053
64.04626120661399
25.145420414782137
62.610413394842396
95.62089011951316
31.398649127700367
23.693208827044778
54.66917708533064
62.546794708233854
-2.1494694252892144
1.1018843955736384
1.6656872228105233
2.1084018668319695
2.7616013682910925
3.2666804508245586
4.7034340225459434
5.497992460167082
5.607180077471094
6.35449803753704
6.278887126102674
7.1169280032509485
7.065682585028679
7.580273838237239
7.072820050843185
7.733666364927402
8.148381355710363
8.496842084924527
8.821066986618542
8.880452052775496
8.515871438270034
9.078024310397366
9.181091373667865
9.050494388027237
8.982374067086257
9.301982457954283
9.887948337139669
9.820627658162062
9.81648126807774
9.88050720179901
10.281751260737742
10.0932242970925
9.709698349694461
10.684096894894589
10.083950558515772
10.715084659026727
17.414605876194525
16.274805867503638
19.905700941991753
3.3569988247169955
10.121655758907007
11.0730859495736
11.363783077513338
10.731076679968732
10.998643287858142
11.033268384475065
11.005980498851478
11.276506537865165
11.182032068631294
11.230381921456832
11.443951814336648
11.377469488210393
11.494564104913811
11.538344243444037
11.642960317690907
11.740433577364584
11.815048322163562
14.377536873811355
14.142169569086612
18.418842335001077
23.24724941790766
28.610937231394935
21.439257330761876
1.3795345752100205
2.5034601543799804
2.636681186372666
2.9376572000435255
4.128122849917953
7.033194269887308
7.9571183799073175
8.223660870964832
9.285674223474835
9.3038154354947
9.164602169041745
9.433794822255908
9.127460217527922
8.861077335035057
8.907093366067999
9.157504682014213
9.672927706004916
10.164461867219597
10.47034392110378
10.164966296937925
10.451575509790661
10.826629590675923
11.200497904770472
11.184379616069005
11.507159691853643
11.735603827915275
12.103390582772112
12.279692406690618
11.326941083224883
12.018184334822667
12.138290673368003
12.173605803489815
12.250234711583053
12.458377259386715
12.485248197363076
12.775422213594268
13.583456022767407
12.479481816454644
13.002137562898104
12.899173452771015
13.05033545040738
13.222470860637927
13.109014672702482
13.391649539291736
13.325998007398605
12.975151251556937
12.965777893451966
13.483796689025517
13.693385321807035
13.301057439305328
13.206310473305154
13.37631384385203
13.93387906137732
14.402556044021807
13.108853342374168
13.83212415790723
13.826037506119851
13.438824193919222
13.733791041718924
14.054910962752986
14.04426358519903
14.114044242379212
13.964152421299568
14.245545198483647
13.325505065755298
12.346898217862632
12.473168163118979
12.037107365073076
13.070794676715987
14.641436895494971
12.816892582933699
13.69968453791875
13.595782356402404
13.938567144226214
13.949095793052553
13.44042427125738
13.621307096324925
14.399193469213895
14.613395252441759
15.185669257053098
14.023084978399359
15.027426821232623
16.54768804555527
9.7472565787745
15.17449588481847
13.196044632896163
13.60925267035788
13.646608098327317
13.936477584982843
13.51078261405884
12.74741456135505
13.989012417671402
14.123357168789596
12.750968796804067
13.484044552025557
12.801983656817345
13.69446652144303
13.783388701974193
12.691271063961125
14.387609304538222
13.090504193217564
13.007305693047511
13.081653153174665
14.026406321174196
14.118405631984539
13.375862518605361
15.095321123956529
14.866137951806431
14.002702674449143
14.78597509003662
14.675464697562504
13.040739732645555
12.966907122948268
14.630047643940935
14.557245821477107
12.784259447010633
14.130896805489272
14.337243081745067
13.91402743166235
13.369337645918462
14.126719261600128
13.462952231700383
13.512035783851683
14.523263453328452
14.684235563215474
15.09948319278336
14.963242283513667
16.044674889645236
15.62320470361518
14.790038411430162
14.776640307729176
13.212018894149615
13.855476282983995
14.104847685638028
13.871500325862739
15.47612957458048
14.43594622406488
14.67908469827583
14.682075127318411
14.17089342522193
15.170096735334798
14.299183270574794
14.7371300278351
13.95009408362372
13.938859346259918
17.3182635404558
15.03665613607482
17.069764214836486
12.342350449478388
14.797733910787796
11.190956290487476
15.107518095611995
13.523013577339574
14.519148673820611
14.96896821075039
13.92773845338209
16.024222947275142
13.975729042709311
14.350050562297222
14.14355108456735
13.514373885751445
14.881253508411667
13.144907050453154
13.783015648104923
14.091137064852655
14.08416552501858
14.371772686115282
14.083782885215546
14.566116194999422
14.889844081084428
14.151485602480017
13.776081750748626
13.824364614508129
18.851171474435603
20.388112281355323
17.029732605219788
18.034460301441957
20.53910504307045
33.45413614674112
33.43864596760372
92.0523036760756
0.9355768538014234
2.1540605445301475
2.981909887166298
5.172145037681416
5.732697112733739
6.132216667409697
6.31022526298579
2.9025764431867764
1.8905170160501743
1.9186822270269557
2.279844640011374
1.8065068984679888
1.4109438344514065
2.0732938267844965
2.0802106286514186
2.4131882234553683
3.9307023632124283
4.783720871621298
3.13617006616121
4.179256321125267
5.122637777997103
4.272428199081918
4.486332075477205
4.378690691446293
5.562332202950698
4.675163488119279
5.842071911091519
5.661671534540693
9.755478561851715
10.13647240006274
10.785515462545046
11.293347256468348
10.303518442818724
9.778842281653812
4.748183516450099
2.5461693291053744
2.032482616858724
2.0404431499467544
2.254895212695921
4.126308003327474
5.34039502836712
11.5208061488884
12.767248155856782
12.794067288320777
11.790190326300014
11.356852924753657
8.742989060704964
8.931204077455412
13.163436689835242
13.389496610340975
13.648564533735968
13.555597071762472
14.037578577923915
13.910441472827351
13.694481249492755
14.110908953589242
14.229604696624294
14.371729084359343
14.364061581809894
14.227222192627673
14.864754502304754
15.77415991264919
14.817165236785002
15.514638942197479
14.799975395893872
18.35827208946642
22.986859208673916
15.838139014714525
16.553634826086785
12.096594502359341
10.268689174833442
9.549045800502103
21.26509059065058
40.006643227484076
-5.278123580470317
0.33407542134017965
0.21081937941384182
0.49695084909675247
0.15174452549461845
0.4920930182105908
1.6655844581135224
2.0385157760860135
2.092609865716149
2.302752231751086
2.2689663854785658
2.2958864031383803
2.397962897331065
2.6583551165730603
3.0236412540332176
3.1255643673935776
2.7833649571007264
2.7876709545785845
