5.313800000000004
6.976000000000005
5.954800000000005
5.954800000000005
5.954800000000005
5.574320000000004
6.725900000000006
6.523420000000005
6.480400000000007
5.396900000000004
5.861000000000005
5.0579000000000045
5.0206000000000035
5.832500000000005
5.742500000000004
5.605100000000004
5.605100000000004
3.746000000000002
6.739100000000005
4.749700000000004
5.6913000000000045
4.907800000000004
5.553520000000005
5.035640000000004
4.997220000000004
4.926120000000004
4.926120000000004
4.5340000000000025
6.0255000000000045
3.2094000000000014
6.0243000000000055
4.898100000000004
4.898100000000004
4.951840000000004
4.7600200000000035
5.240700000000004
4.663000000000004
4.3671000000000015
3.746000000000002
6.080100000000003
4.122220000000002
4.122220000000002
4.727220000000003
4.727220000000003
5.220600000000005
4.583400000000003
4.583400000000003
4.583400000000003
4.991000000000003
5.245100000000004
5.245100000000004
5.207700000000003
5.207700000000003
5.207700000000003
5.207700000000003
4.759000000000002
5.165400000000004
3.9266000000000023
4.506800000000003
4.506800000000003
4.506800000000003
4.506800000000003
4.506800000000003
3.1444000000000014
4.739020000000004
4.739020000000004
2.52862
2.52862
5.017300000000003
5.103920000000003
5.103920000000003
5.103920000000003
5.103920000000003
5.723500000000005
5.565000000000005
5.446300000000004
5.066100000000002
3.861100000000002
3.4875000000000025
5.081300000000004
4.229900000000003
4.229900000000003
4.410300000000003
4.410300000000003
5.276300000000004
4.011200000000002
3.738620000000002
3.738620000000002
3.738620000000002
3.993000000000002
3.993000000000002
3.5740200000000018
4.463300000000003
3.814400000000002
3.814400000000002
3.787320000000002
5.032100000000004
3.9704400000000026
3.569300000000001
4.528300000000003
3.478900000000001
3.478900000000001
4.146220000000003
3.607120000000002
3.607120000000002
3.618000000000002
4.293600000000002
4.497900000000002
4.369920000000003
4.236800000000002
3.430200000000001
3.430200000000001
3.430200000000001
3.430200000000001
3.430200000000001
3.430200000000001
3.430200000000001
3.430200000000001
3.430200000000001
3.430200000000001
3.430200000000001
3.430200000000001
3.430200000000001
3.430200000000001
3.430200000000001
3.430200000000001
3.430200000000001
3.430200000000001
3.430200000000001
3.430200000000001
4.134020000000002
3.4245000000000005
4.136200000000003
3.916000000000003
3.916000000000003
4.075500000000003
4.724900000000003
3.265600000000002
3.265600000000002
3.265600000000002
4.919720000000003
4.383700000000003
4.383700000000003
4.063100000000002
3.662020000000002
3.662020000000002
3.662020000000002
3.662020000000002
3.662020000000002
3.662020000000002
3.662020000000002
3.662020000000002
4.449600000000003
4.575300000000003
4.674100000000003
5.555900000000004
5.555900000000004
4.602800000000003
3.353600000000001
3.353600000000001
3.353600000000001
3.353600000000001
3.353600000000001
3.353600000000001
3.353600000000001
3.353600000000001
3.353600000000001
3.353600000000001
3.353600000000001
3.3622000000000014
2.8414000000000006
3.277400000000002
3.277400000000002
3.277400000000002
3.0292000000000012
3.0292000000000012
3.0292000000000012
4.590120000000002
4.590120000000002
4.590120000000002
4.590120000000002
4.081120000000003
4.392500000000003
4.507600000000003
4.507600000000003
3.1358000000000006
3.1358000000000006
3.1358000000000006
3.4783000000000026
3.4783000000000026
4.525100000000004
4.525100000000004
4.525100000000004
4.691200000000004
5.034900000000003
3.746900000000003
4.001680000000002
4.438000000000003
4.438000000000003
4.675400000000003
5.746000000000004
7.1424000000000065
3.0124000000000013
3.0124000000000013
4.560800000000002
4.1346000000000025
3.0611000000000015
3.3953000000000015
4.871400000000003
2.6827000000000014
5.229300000000004
5.435800000000004
3.7106200000000022
2.757200000000001
3.4022000000000023
5.801600000000005
3.3211000000000013
3.3211000000000013
5.916920000000005
2.839800000000001
2.839800000000001
2.839800000000001
2.839800000000001
4.383400000000003
5.165800000000003
5.0488000000000035
3.532000000000002
4.0858000000000025
4.631600000000002
3.564720000000002
5.237200000000004
3.561700000000002
3.863900000000001
3.0570200000000014
3.6273000000000017
3.0592000000000015
3.0592000000000015
2.4201999999999995
5.954520000000004
4.414100000000003
4.220500000000003
5.912400000000003
3.9390000000000027
4.935500000000003
4.135000000000003
1.7716999999999998
2.7486000000000006
3.4106000000000014
3.092500000000001
2.6724000000000006
3.744500000000002
3.744500000000002
3.744500000000002
3.744500000000002
4.118520000000003
5.504800000000003
5.416000000000004
4.967600000000004
4.967600000000004
3.7489000000000026
3.666000000000002
2.9571000000000014
2.31642
4.088420000000003
3.7515000000000027
3.888100000000002
4.101420000000003
4.680200000000004
4.664000000000004
3.1098000000000017
4.007920000000003
4.803700000000004
3.1953000000000014
4.259800000000004
3.776200000000002
4.2116000000000025
2.4085
3.9832000000000027
3.258700000000002
1.99502
3.8767200000000024
4.2764000000000015
4.458800000000003
3.188300000000001
2.547600000000001
3.931400000000002
3.137900000000001
4.4448000000000025
3.5196200000000024
2.7197000000000005
4.934020000000004
3.354400000000001
4.094100000000003
3.9417000000000035
3.790600000000002
3.9933200000000024
3.966090000000002
3.4308000000000014
3.257100000000001
4.703700000000002
4.4326000000000025
5.115200000000004
2.897400000000001
3.5055000000000023
2.9373000000000005
2.632100000000001
3.3324000000000016
3.279720000000002
4.152620000000002
3.2429000000000014
3.930600000000002
4.4448000000000025
2.776200000000001
3.711000000000003
3.1084000000000014
3.1084000000000014
3.7364000000000024
2.971300000000001
1.5166999999999997
1.5166999999999997
4.739220000000004
2.9848000000000017
3.0553000000000017
2.909200000000001
2.5592000000000006
3.4985000000000017
2.599
4.085800000000003
2.9423000000000012
4.5237000000000025
2.1207000000000007
6.4954000000000045
2.6693000000000007
4.751500000000003
3.0629000000000017
2.0940000000000003
4.853600000000005
2.3342
2.552200000000001
2.552200000000001
2.552200000000001
3.4593000000000016
2.0255
2.2089
4.317400000000003
2.4914000000000005
3.999500000000002
2.3861000000000008
3.0911000000000017
1.9476
4.331240000000004
2.5562000000000005
2.5562000000000005
5.064000000000003
3.4654000000000016
3.751400000000002
2.526300000000001
2.2152000000000003
5.308500000000005
4.021200000000002
3.065800000000001
2.576500000000001
2.613900000000001
2.924100000000001
2.6994000000000007
2.4932000000000007
4.272000000000003
3.1960000000000015
3.2279000000000018
4.368100000000003
4.368100000000003
3.9204000000000017
2.3061999999999996
3.666000000000002
3.6290000000000013
4.612700000000002
5.121600000000004
2.1253
3.923700000000002
2.7106000000000003
3.288800000000001
4.4276000000000035
3.021300000000001
1.8925
2.8442000000000007
3.044900000000001
1.7946
3.9703200000000027
1.4438
1.4438
1.4438
3.2551000000000014
3.3877000000000024
3.005500000000001
2.0800000000000005
3.5192000000000014
2.950500000000001
2.8389000000000015
3.523500000000002
3.902300000000002
3.213300000000001
2.950500000000001
2.7440000000000015
3.173420000000002
4.003200000000002
3.227100000000002
3.416900000000002
3.173420000000002
3.825700000000003
3.0305800000000005
4.603600000000002
2.9457000000000013
3.5115000000000007
3.6797000000000026
3.1316200000000016
3.1952000000000025
2.4358000000000004
3.3412000000000015
2.453700000000001
3.126500000000001
2.9586000000000015
3.5998000000000023
4.4555000000000025
3.578400000000002
1.0262
2.862400000000001
2.4412000000000003
2.646000000000001
4.413400000000002
3.2001000000000017
2.0491
1.9145999999999999
2.2118
1.7485
1.1419
1.4766000000000001
1.6981
1.6981
1.6981
0.9275
1.3584
0.37129999999999996
1.0994
4.963300000000003
4.157600000000002
3.634400000000002
0.5857
4.628200000000003
4.767800000000003
1.6685999999999999
5.663800000000005
0.8022
-0.1849
-0.1849
5.019700000000005
4.368100000000002
2.5688000000000004
4.044200000000004
3.920320000000002
2.605900000000001
0.99258
3.849400000000002
3.359700000000002
5.0526000000000035
0.9238
3.2304000000000013
2.9087000000000014
2.9325000000000014
2.8817000000000013
0.6361
4.3076000000000025
3.5923000000000016
3.672900000000002
3.672900000000002
3.2828000000000017
2.754900000000001
3.7006000000000023
4.567400000000004
3.0200000000000014
4.933400000000003
4.933400000000003
5.437800000000005
4.965900000000002
3.5572000000000017
3.5572000000000017
4.2196000000000025
4.108300000000003
5.004120000000004
3.5947000000000022
2.900800000000001
5.565000000000005
4.547620000000004
4.383700000000003
4.532620000000003
3.1621000000000015
3.4013000000000018
5.581600000000004
6.730000000000005
5.084220000000004
4.775800000000003
