0.0
0.48872814
0.49695423
0.49343377
0.46830347
0.4397458
0.42072794
0.40743116
0.38620445
0.37364367
0.35706517
0.34132653
0.33289838
0.34187713
0.34992012
0.35498542
0.3645685
0.38306686
0.43733537
0.45842382
0.46475673
0.4557716
0.42081562
0.4051119
0.41236743
0.4359117
0.41163844
0.3776672
0.39763874
0.43584839
0.4716098
0.4339173
0.34376526
0.34696838
0.44239914
0.33771148
0.30275136
0.40460196
0.45951024
0.35560888
0.19823246
0.24434412
0.31241354
0.31012958
0.38208923
0.20075205
0.15626608
0.14829773
0.2005928
0.27516773
0.13008207
0.17121981
0.25703266
0.10697834
0.11954986
0.23824613
0.28038508
0.16727917
0.18688716
0.12898207
0.13003139
0.14085497
0.15412237
0.15744098
0.14906386
0.14388488
0.15622137
0.2593306
0.1828613
0.18137507
0.14161728
0.089091934
0.07823272
0.10616883
0.19125941
0.0714267
0.06591358
0.047248445
0.04591115
0.04106626
0.04504637
0.039876945
0.042114854
0.042937685
0.040992286
0.041782964
0.038093
0.03805882
0.041243028
0.042851977
0.06654982
0.09016051
0.07576555
0.03445447
0.047154646
0.025565377
0.030041981
0.029652528
0.025259394
0.02858827
