5.856500000000006
5.378900000000005
2.8377000000000008
5.958700000000005
5.958700000000005
5.958700000000005
5.958700000000005
5.958700000000005
5.958700000000005
5.958700000000005
5.958700000000005
5.958700000000005
5.958700000000005
5.958700000000005
5.958700000000005
5.958700000000005
5.958700000000005
5.958700000000005
5.958700000000005
5.958700000000005
5.958700000000005
5.958700000000005
5.958700000000005
5.958700000000005
5.958700000000005
5.958700000000005
5.958700000000005
5.958700000000005
5.958700000000005
5.958700000000005
5.958700000000005
5.958700000000005
5.958700000000005
5.958700000000005
5.958700000000005
5.958700000000005
5.958700000000005
5.958700000000005
5.958700000000005
5.958700000000005
5.958700000000005
5.958700000000005
5.958700000000005
3.2780000000000014
3.2780000000000014
5.312700000000005
5.312700000000005
5.568600000000004
5.463300000000005
3.207700000000001
3.207700000000001
3.207700000000001
4.908900000000004
4.908900000000004
4.908900000000004
4.908900000000004
4.908900000000004
4.908900000000004
4.908900000000004
4.908900000000004
4.908900000000004
4.908900000000004
4.908900000000004
4.908900000000004
4.908900000000004
4.908900000000004
4.908900000000004
4.908900000000004
4.908900000000004
4.908900000000004
4.908900000000004
5.730300000000006
5.730300000000006
5.781700000000004
4.840500000000004
4.077000000000003
6.213400000000006
3.133000000000002
3.133000000000002
3.133000000000002
3.133000000000002
3.133000000000002
3.133000000000002
3.133000000000002
3.6757000000000017
3.6757000000000017
3.6757000000000017
3.6757000000000017
3.6757000000000017
3.6757000000000017
3.6757000000000017
3.6757000000000017
3.6757000000000017
3.6757000000000017
3.6757000000000017
3.6757000000000017
3.6757000000000017
3.6757000000000017
3.6757000000000017
3.6757000000000017
3.6757000000000017
3.6757000000000017
3.6757000000000017
3.6757000000000017
3.6757000000000017
3.6757000000000017
3.643600000000001
3.442700000000001
3.442700000000001
3.442700000000001
3.442700000000001
3.442700000000001
3.442700000000001
3.442700000000001
3.442700000000001
3.442700000000001
3.442700000000001
3.442700000000001
3.442700000000001
3.442700000000001
3.442700000000001
3.442700000000001
3.442700000000001
3.442700000000001
3.442700000000001
3.442700000000001
3.442700000000001
3.442700000000001
3.442700000000001
3.442700000000001
3.442700000000001
3.442700000000001
3.442700000000001
3.442700000000001
3.442700000000001
3.442700000000001
3.442700000000001
3.442700000000001
3.442700000000001
3.442700000000001
3.442700000000001
3.442700000000001
3.442700000000001
3.442700000000001
3.442700000000001
3.442700000000001
3.442700000000001
3.442700000000001
3.442700000000001
3.442700000000001
3.442700000000001
3.442700000000001
3.442700000000001
3.442700000000001
3.442700000000001
3.442700000000001
3.442700000000001
3.442700000000001
3.442700000000001
3.442700000000001
3.442700000000001
3.442700000000001
3.442700000000001
3.442700000000001
3.442700000000001
3.442700000000001
3.442700000000001
3.442700000000001
3.442700000000001
3.442700000000001
3.442700000000001
3.442700000000001
5.414900000000005
5.414900000000005
5.414900000000005
5.414900000000005
5.414900000000005
5.414900000000005
5.414900000000005
5.414900000000005
5.414900000000005
5.414900000000005
5.414900000000005
5.414900000000005
5.414900000000005
5.414900000000005
2.3768999999999996
3.2081000000000017
4.140300000000002
4.140300000000002
4.140300000000002
4.919500000000005
5.389000000000005
2.686600000000001
5.691600000000005
6.4630000000000045
6.1840000000000055
6.1840000000000055
6.1840000000000055
6.1840000000000055
6.1840000000000055
6.1840000000000055
6.1840000000000055
5.290300000000004
5.290300000000004
5.290300000000004
5.290300000000004
5.290300000000004
5.290300000000004
5.290300000000004
5.290300000000004
5.290300000000004
5.290300000000004
5.290300000000004
5.290300000000004
5.290300000000004
5.290300000000004
6.192300000000005
5.282300000000005
2.669600000000001
2.669600000000001
2.669600000000001
2.669600000000001
3.9711000000000016
3.9711000000000016
3.9711000000000016
3.9711000000000016
6.963200000000006
2.2430000000000003
3.1294000000000013
5.659700000000004
4.047700000000002
3.722500000000002
3.722500000000002
3.722500000000002
3.722500000000002
5.716400000000005
5.544300000000005
2.0991
2.0991
2.0991
2.0991
2.0991
2.0991
2.0991
2.0991
4.530000000000004
4.530000000000004
4.530000000000004
4.530000000000004
4.530000000000004
4.530000000000004
5.917800000000004
5.530600000000004
5.530600000000004
5.530600000000004
5.530600000000004
5.530600000000004
5.530600000000004
4.994500000000004
3.671000000000001
6.918700000000006
6.918700000000006
6.918700000000006
3.9186000000000014
3.9186000000000014
3.9186000000000014
3.9186000000000014
3.9186000000000014
3.9186000000000014
3.9186000000000014
3.9186000000000014
3.9186000000000014
3.9186000000000014
3.9186000000000014
3.9186000000000014
3.9186000000000014
3.9186000000000014
3.9186000000000014
2.799200000000001
2.6878000000000015
3.590600000000002
3.590600000000002
3.590600000000002
2.4678000000000004
2.4678000000000004
2.4678000000000004
2.4678000000000004
2.4678000000000004
3.5256000000000007
3.5256000000000007
3.5256000000000007
3.5256000000000007
3.5256000000000007
4.375720000000003
3.6140000000000008
3.6140000000000008
3.6140000000000008
3.6140000000000008
3.6140000000000008
3.6140000000000008
3.6140000000000008
3.6140000000000008
3.6140000000000008
3.6140000000000008
3.6140000000000008
3.6140000000000008
3.6140000000000008
3.6140000000000008
3.6140000000000008
3.6140000000000008
3.6140000000000008
3.6140000000000008
3.6140000000000008
3.6140000000000008
3.6140000000000008
3.6140000000000008
3.6140000000000008
3.6140000000000008
3.6140000000000008
3.6140000000000008
3.6140000000000008
3.6140000000000008
3.6140000000000008
3.6140000000000008
3.6140000000000008
3.6140000000000008
3.6140000000000008
3.6140000000000008
3.6140000000000008
3.6140000000000008
3.6140000000000008
3.6140000000000008
3.6140000000000008
3.6140000000000008
3.6140000000000008
3.6140000000000008
3.6140000000000008
3.6140000000000008
3.6140000000000008
3.6140000000000008
3.6140000000000008
3.6140000000000008
3.6140000000000008
3.6140000000000008
3.6140000000000008
3.6140000000000008
3.6140000000000008
3.6140000000000008
3.6140000000000008
3.6140000000000008
3.6140000000000008
3.6140000000000008
3.6140000000000008
3.6140000000000008
3.6140000000000008
3.6140000000000008
3.6140000000000008
3.6140000000000008
3.6140000000000008
3.6140000000000008
3.6140000000000008
3.6140000000000008
3.1046000000000005
4.007500000000002
4.007500000000002
4.007500000000002
4.007500000000002
4.007500000000002
4.007500000000002
4.007500000000002
4.007500000000002
4.007500000000002
4.007500000000002
4.007500000000002
4.007500000000002
4.007500000000002
4.007500000000002
4.007500000000002
3.2917000000000014
6.000600000000005
6.000600000000005
6.000600000000005
6.000600000000005
6.000600000000005
6.000600000000005
1.0893000000000002
7.577200000000006
7.577200000000006
7.577200000000006
7.577200000000006
7.577200000000006
5.9653000000000045
5.981900000000003
3.917200000000002
4.011400000000003
5.100000000000005
5.296900000000004
3.262900000000002
4.472100000000002
2.9495000000000013
3.533400000000002
4.078600000000002
4.078600000000002
4.8628000000000045
5.462380000000004
4.294200000000003
4.432300000000002
4.590400000000003
4.590400000000003
4.590400000000003
4.590400000000003
4.590400000000003
4.590400000000003
4.590400000000003
4.590400000000003
4.590400000000003
4.590400000000003
4.590400000000003
4.590400000000003
4.590400000000003
6.083900000000004
6.850300000000005
4.589600000000003
6.445500000000005
4.775900000000002
4.775900000000002
4.775900000000002
5.045600000000004
3.5322000000000022
3.599800000000001
4.800500000000003
5.557100000000005
6.028100000000004
3.412700000000001
4.362400000000003
3.880700000000002
3.880700000000002
3.880700000000002
3.880700000000002
3.880700000000002
3.880700000000002
3.880700000000002
3.880700000000002
2.2775999999999996
2.2775999999999996
2.4049000000000005
3.4940000000000015
5.805000000000005
1.817
2.705700000000001
3.030900000000001
3.4912000000000023
6.156700000000004
2.0643000000000002
5.172100000000005
7.357200000000007
2.3673
2.6327000000000007
3.2619000000000016
4.868800000000004
2.1539
3.6263000000000023
4.665200000000004
6.399300000000006
3.669700000000002
2.4179000000000004
3.1836
3.3462000000000014
2.2226999999999997
0.5857
0.5857
5.958100000000005
5.320600000000003
3.5016000000000016
2.4121000000000006
0.8963
0.8963
5.131300000000004
1.2206
0.8022
0.4657
0.8007
4.028000000000001
0.7266
0.7266
3.311700000000001
7.520600000000006
5.6817000000000055
6.544100000000006
5.158100000000004
4.727000000000005
5.078800000000005
3.2060000000000013
3.436400000000001
3.436400000000001
2.0075
7.033100000000006
6.259000000000005
4.045100000000002
