[0.46869162]
[0.4430606]
[0.44790563]
[0.49132398]
[0.32586822]
[0.48644376]
[0.459944]
[0.42282748]
[0.42282748]
[0.39791524]
[0.46354514]
[0.40387258]
[0.39798385]
[0.39098063]
[0.4340979]
[0.40798292]
[0.38688526]
[0.4235667]
[0.39288887]
[0.39300168]
[0.3952512]
[0.3889685]
[0.39191857]
[0.44235903]
[0.41326123]
[0.39223978]
[0.4829862]
[0.4358895]
[0.35578653]
[0.38300905]
[0.37263975]
[0.38286376]
[0.35017714]
[0.36921072]
[0.4293544]
[0.33866316]
[0.38507542]
[0.47468495]
[0.41248474]
[0.36255747]
[0.46552718]
[0.42506033]
[0.4407855]
[0.3360687]
[0.37629455]
[0.40266716]
[0.40792453]
[0.45383775]
[0.45383775]
[0.46387777]
[0.42085272]
[0.36411178]
[0.36411178]
[0.38098]
[0.45080614]
[0.37909907]
[0.43965086]
[0.30634028]
[0.3653125]
[0.39454967]
[0.40443867]
[0.43130544]
[0.4053189]
[0.4053189]
[0.4008886]
[0.4008886]
[0.39257962]
[0.38486117]
[0.37002373]
[0.49490756]
[0.41807988]
[0.42688075]
[0.40498447]
[0.44298062]
[0.36015037]
[0.33492544]
[0.33492544]
[0.3837597]
[0.4243921]
[0.3459231]
[0.3459231]
[0.3459231]
[0.42265964]
[0.4110029]
[0.41840047]
[0.423815]
[0.34719566]
[0.34719566]
[0.43696296]
[0.42769432]
[0.3985672]
[0.36075863]
[0.38557702]
[0.41470787]
[0.3523509]
[0.43475658]
[0.3961902]
[0.4249087]
[0.38028735]
[0.42426628]
[0.3674579]
[0.40612265]
[0.36258298]
[0.39394647]
[0.37601817]
[0.37601817]
[0.39320037]
[0.39233473]
[0.3544081]
[0.39929605]
[0.3851732]
[0.36501148]
[0.36644036]
[0.36644036]
[0.34365636]
[0.34365636]
[0.34365636]
[0.34365636]
[0.3272261]
[0.3835936]
[0.36918625]
[0.3319255]
[0.3319255]
[0.33625177]
[0.34151208]
[0.46203604]
[0.35615873]
[0.35862753]
[0.4235789]
[0.4235789]
[0.4235789]
[0.32902485]
[0.32902485]
[0.45804426]
[0.31899476]
[0.31899476]
[0.3547492]
[0.3396116]
[0.34907934]
[0.3576656]
[0.42407298]
[0.33818752]
[0.35576013]
[0.3459231]
[0.36120397]
[0.3163497]
[0.32653686]
[0.32653686]
[0.32653686]
[0.32653686]
[0.32653686]
[0.32653686]
[0.30908546]
[0.3644648]
[0.32594234]
[0.3378958]
[0.31775483]
[0.3818597]
[0.3818597]
[0.3892494]
[0.31050813]
[0.31050813]
[0.31050813]
[0.31050813]
[0.37274104]
[0.35600373]
[0.3605516]
[0.38727805]
[0.369888]
[0.369888]
[0.30935538]
[0.30935538]
[0.36328325]
[0.40184426]
[0.46914557]
[0.35527265]
[0.3345091]
[0.33163023]
[0.46077642]
[0.35301155]
[0.32563624]
[0.32563624]
[0.32563624]
[0.32563624]
[0.32563624]
[0.32563624]
[0.32563624]
[0.32563624]
[0.38675937]
[0.3198697]
[0.3198697]
[0.3198697]
[0.3198697]
[0.3198697]
[0.3198697]
[0.40065008]
[0.36257082]
[0.3481583]
[0.36115083]
[0.32601598]
[0.3220049]
[0.32501778]
[0.32501778]
[0.38472092]
[0.42512196]
[0.31896713]
[0.30196735]
[0.30196735]
[0.30196735]
[0.30196735]
[0.30196735]
[0.30196735]
[0.30196735]
[0.30196735]
[0.30196735]
[0.29667452]
[0.29667452]
[0.29667452]
[0.29667452]
[0.29667452]
[0.29667452]
[0.29667452]
[0.29667452]
[0.29667452]
[0.29667452]
[0.29667452]
[0.29667452]
[0.29667452]
[0.29667452]
[0.29667452]
[0.29667452]
[0.29667452]
[0.29667452]
[0.29667452]
[0.29667452]
[0.459224]
[0.42288256]
[0.3519045]
[0.37264758]
[0.38986433]
[0.3301875]
[0.3301875]
[0.3301875]
[0.370128]
[0.40369493]
[0.36697257]
[0.36697257]
[0.3240536]
[0.35921535]
[0.35275295]
[0.39409968]
[0.41858256]
[0.36873403]
[0.3442652]
[0.3176582]
[0.32387516]
[0.32387516]
[0.30340242]
[0.30340242]
[0.30340242]
[0.37918478]
[0.33548698]
[0.33548698]
[0.4089558]
[0.35510463]
[0.31142718]
[0.32138517]
[0.33477274]
[0.3291584]
[0.3291584]
[0.3291584]
[0.3291584]
[0.28509086]
[0.28509086]
[0.28509086]
[0.28509086]
[0.28509086]
[0.28509086]
[0.28509086]
[0.31378064]
[0.36347914]
[0.38637993]
[0.31257823]
[0.31044167]
[0.31044167]
[0.31044167]
[0.31044167]
[0.31044167]
[0.31044167]
[0.31044167]
[0.31044167]
[0.32814524]
[0.394557]
[0.34774515]
[0.34019744]
[0.34019744]
[0.30232117]
[0.32170528]
[0.36618376]
[0.38794893]
[0.32422757]
[0.3541058]
[0.3198912]
[0.42356867]
[0.29320633]
[0.36515182]
[0.45974538]
[0.42462823]
[0.3553488]
[0.31242216]
[0.32629856]
[0.3531282]
[0.3281883]
[0.32773632]
[0.32773632]
[0.31842265]
[0.31842265]
[0.34624648]
[0.34624648]
[0.34624648]
[0.37845296]
[0.35104898]
[0.39297405]
[0.3327268]
[0.3327268]
[0.29885635]
[0.3933794]
[0.32631215]
[0.36317]
[0.38611415]
[0.33511814]
[0.33511814]
[0.29664916]
[0.35266083]
[0.30683345]
[0.28583267]
[0.28583267]
[0.3269438]
[0.3269791]
[0.3043743]
[0.3864462]
[0.38549477]
[0.35765177]
[0.37095204]
[0.28189182]
[0.28189182]
[0.32053444]
[0.3061609]
[0.31378278]
[0.31666505]
[0.31802312]
[0.35706785]
[0.37695867]
[0.41496968]
[0.35657415]
[0.31414607]
[0.38918865]
[0.31886584]
[0.34283206]
[0.33883795]
[0.30621216]
[0.30239898]
[0.31844306]
[0.30805862]
[0.33773485]
[0.34397128]
[0.27788448]
[0.27788448]
[0.29852155]
[0.29852155]
[0.343364]
[0.3427968]
[0.29277617]
[0.36248618]
[0.3219389]
[0.34608737]
[0.3497252]
[0.3402748]
[0.2952788]
[0.29396012]
[0.3832232]
[0.3418006]
[0.27098095]
[0.27887574]
[0.37530234]
[0.2935059]
[0.2935059]
[0.2935059]
[0.29136598]
[0.32892835]
[0.30076435]
[0.30510658]
[0.2837952]
[0.2837952]
[0.2837952]
[0.36559105]
[0.29471695]
[0.30437744]
[0.2797537]
[0.2797537]
[0.2797537]
[0.3658054]
[0.3404038]
[0.33605847]
[0.35367486]
[0.33321762]
[0.33325818]
[0.35129073]
[0.34563863]
[0.2959373]
[0.32067806]
[0.3505634]
[0.42293006]
[0.34563863]
[0.3474022]
[0.34928846]
[0.2770931]
[0.36046836]
[0.35253325]
[0.2917789]
[0.40205866]
[0.3687493]
[0.29980087]
[0.3137822]
[0.3250178]
[0.31269962]
[0.33004808]
[0.3346903]
[0.4425532]
[0.3846662]
[0.3876432]
[0.33344924]
[0.3282972]
[0.33032256]
[0.29397598]
[0.30444136]
[0.39813134]
[0.30580333]
[0.36112547]
[0.31784528]
[0.2901638]
[0.35557786]
[0.32301515]
[0.2993569]
[0.28032324]
[0.2883708]
[0.3836075]
[0.3031172]
[0.3500486]
[0.29054663]
[0.2773165]
[0.2773165]
[0.31986028]
[0.29499573]
[0.28028518]
[0.28028518]
[0.29093245]
[0.29093245]
[0.2985569]
[0.29755306]
[0.29755306]
[0.37258172]
[0.30345052]
[0.2962426]
[0.31713125]
[0.30624905]
[0.2742477]
[0.26944247]
[0.32052827]
[0.352938]
[0.3460483]
[0.28194135]
[0.26733768]
[0.26733768]
[0.28392413]
[0.2650691]
[0.2650691]
[0.34835428]
[0.3029648]
[0.32120016]
[0.32267597]
[0.29716158]
[0.362826]
[0.19362661]
[0.3530621]
[0.3530621]
[0.32420883]
[0.33248866]
[0.32562762]
[0.3537032]
[0.4382967]
[0.41022745]
[0.36949897]
[0.39998737]
[0.38714382]
[0.34612396]
[0.3822893]
[0.39451933]
[0.41229233]
[0.4198637]
