3.8421540132201244
3.6876241827828142
3.6876241827828142
3.6876241827828142
3.6876241827828142
3.6876241827828142
3.6876241827828142
3.6876241827828142
3.6876241827828142
3.6876241827828142
3.6876241827828142
3.6876241827828142
3.6876241827828142
3.6876241827828142
3.76070649940797
3.76070649940797
3.2192721855863606
3.2613776803406127
3.2613776803406127
3.2495727715198415
3.2528969886611865
3.2528969886611865
3.2528969886611865
3.2528969886611865
3.2528969886611865
3.2528969886611865
3.2528969886611865
3.2528969886611865
3.2528969886611865
3.2528969886611865
3.3610588714426797
3.3641283615031803
3.3641283615031803
3.4821873018230063
3.20807694592669
3.484192661768784
3.820103439484468
3.8285847824508945
3.8186507408019335
3.074186594852004
3.074186594852004
3.074186594852004
3.074186594852004
3.074186594852004
3.074186594852004
3.074186594852004
3.074186594852004
3.074186594852004
3.074186594852004
3.074186594852004
3.074186594852004
3.074186594852004
3.074186594852004
3.074186594852004
3.074186594852004
3.074186594852004
3.074186594852004
3.074186594852004
3.074186594852004
3.074186594852004
3.2280438909816356
3.2280438909816356
3.1020338039631774
3.1020338039631774
3.1020338039631774
3.1020338039631774
3.1020338039631774
3.1020338039631774
3.1020338039631774
3.1020338039631774
3.1020338039631774
3.1020338039631774
3.1020338039631774
3.1020338039631774
3.1020338039631774
3.1020338039631774
3.1020338039631774
3.1020338039631774
3.1020338039631774
3.1020338039631774
3.1020338039631774
3.1020338039631774
3.1020338039631774
3.1020338039631774
3.1020338039631774
3.1020338039631774
3.1020338039631774
3.1020338039631774
3.1020338039631774
3.1020338039631774
3.1020338039631774
3.1020338039631774
3.1020338039631774
3.1020338039631774
3.1020338039631774
3.1020338039631774
3.1020338039631774
3.1020338039631774
3.1020338039631774
3.1020338039631774
3.1020338039631774
3.1020338039631774
3.1020338039631774
3.1020338039631774
3.1020338039631774
3.1020338039631774
3.1020338039631774
3.1020338039631774
3.1020338039631774
3.1020338039631774
3.1020338039631774
3.1020338039631774
3.1020338039631774
3.1020338039631774
3.1020338039631774
3.1020338039631774
3.1020338039631774
3.1020338039631774
3.1020338039631774
3.1020338039631774
3.1020338039631774
3.1020338039631774
3.1020338039631774
3.1020338039631774
3.1020338039631774
3.1020338039631774
3.1020338039631774
3.1020338039631774
3.1020338039631774
3.1020338039631774
3.1020338039631774
3.1020338039631774
3.1020338039631774
3.1020338039631774
3.1020338039631774
3.1020338039631774
3.1020338039631774
3.1020338039631774
3.1020338039631774
3.1020338039631774
3.1020338039631774
3.1020338039631774
3.1020338039631774
3.1020338039631774
3.1020338039631774
3.1020338039631774
3.1020338039631774
3.1020338039631774
3.1020338039631774
3.1020338039631774
3.1020338039631774
3.1020338039631774
3.1020338039631774
3.1020338039631774
3.1020338039631774
3.1020338039631774
3.1020338039631774
3.1020338039631774
3.1020338039631774
3.1020338039631774
3.1020338039631774
3.1020338039631774
3.1020338039631774
3.1020338039631774
3.1020338039631774
3.1020338039631774
3.5831738818073786
3.174760924842298
3.5251449554703917
3.6101780390579865
3.056980594278339
3.2564225336898014
3.29846391214031
3.5899732767944137
3.108898572326834
3.2368351469507104
3.239205202008142
3.1011373286922614
3.464523135939883
3.464523135939883
3.197843747520304
3.197843747520304
3.0194273764202153
3.2890698901622883
3.019155898292393
3.675558419122181
2.939427920769827
3.0833604685701266
3.0833604685701266
3.0833604685701266
3.0833604685701266
3.8123560020863616
3.8069442384644923
3.2084489770439095
3.2544562709550213
3.6564349887044676
3.5255272844859675
2.9237513383369684
3.537588969119329
3.061805584182957
3.061805584182957
2.9964080452502113
3.4278144532775503
3.6069289251632863
3.0735231876849323
3.613267592178275
3.0819399461373385
3.0819399461373385
3.0819399461373385
3.0819399461373385
3.075432756515686
3.139580293462637
3.139580293462637
3.139580293462637
3.5720128812072405
3.0841926741067747
3.1068724967750176
3.1068724967750176
3.418069887665739
3.418069887665739
3.391417364900682
3.5519142373627854
3.2865034303005274
3.845592770457599
3.3721472032354782
3.2693166967238767
3.0121734087050553
2.984261936920671
3.291534944810384
3.0568609072369357
3.0568609072369357
3.0568609072369357
3.0568609072369357
3.0568609072369357
3.0568609072369357
3.0568609072369357
3.0568609072369357
3.0568609072369357
3.0568609072369357
3.0568609072369357
3.0568609072369357
3.0568609072369357
3.0568609072369357
3.8345455134326194
3.083822424805236
3.3371106995222606
3.2305104629838723
3.0492776533654817
3.0492776533654817
3.0492776533654817
3.0492776533654817
3.114842372455433
3.577491786557778
3.2252558142568724
3.1495216208178967
3.227284617113714
3.4132309544152974
3.4132309544152974
3.2613350786521753
3.1495967856530624
3.562546618404995
3.3843665585213634
3.179374840435324
3.094352788081345
4.142470161553211
3.2824692852663944
3.2824692852663944
3.2824692852663944
3.2824692852663944
3.2824692852663944
3.2326213204104164
3.3152493429254832
3.3152493429254832
3.228342293914551
3.552906894912887
3.2834424120266883
3.1423255900280633
3.2790713597814625
3.3092818437096962
3.6895985465864394
3.9854583243311463
3.334908305248158
3.435741215786596
3.295226134791264
3.295226134791264
3.037307162263704
3.037307162263704
3.037307162263704
3.037307162263704
3.5684069202210216
3.4404357937134113
3.2188241930936847
3.606053503910191
3.671338924303753
3.0699368603844066
3.6631374931767393
3.6794240978834365
4.0673788092694565
3.1419122879662726
3.485420440754309
3.5216668312804957
3.687352967237562
3.298495593869033
3.298495593869033
3.3696773730435767
3.292198011713256
3.7148238974701204
3.547329757070816
3.547329757070816
3.3053207666984097
3.5645454526358122
3.5645454526358122
3.370189809564809
4.382301066814897
3.595672077993134
3.4053493204104175
3.961266592718639
3.961266592718639
3.961266592718639
4.23950526322929
4.079131424654071
4.070149687530803
3.5441037577744225
3.518220546594648
3.5698309125473617
4.113992875203523
3.5512438216998277
3.5618010044835717
4.266165270807918
3.5032877103265383
3.65092075895582
4.197465167961939
3.8577872797725252
3.8151568812072405
3.933907534665562
3.935593832509092
3.9808094112824213
3.9808094112824213
3.9808094112824213
3.2037678936318184
3.898743102818411
3.898743102818411
4.283327145983916
4.076839168711987
4.270661749525544
4.143158336026504
3.038056065610295
3.9129751326789535
4.1572581492116685
3.199563379256797
4.1937744440874996
3.0623149273331096
4.131828062658279
4.15511641259479
4.346254945095369
2.714191207543589
2.714191207543589
2.8951129273774825
3.503500924106623
2.9395099901337076
3.5922122973959096
2.756539589403241
3.299220657830878
2.561952510795166
4.0022790631972
2.692414246528614
2.8095476175693364
2.8095476175693364
2.801799764583107
3.4389626050941677
2.7579477583455247
3.4483223933473273
2.7511736192880853
4.275967413263283
2.6765478620524945
4.376890091927505
2.7068958064442548
2.8861485030989282
2.8861485030989282
2.4206713101921586
2.514607509904529
4.475736616487282
3.1093984884604504
2.863896668779402
3.021715284392023
2.8788916404159384
3.075387468544344
3.019207781801084
2.8963211658208223
2.878860398078942
2.9738419213913883
2.9738419213913883
2.7832207994167337
2.6164758437022666
3.52401370939445
3.263376889242794
2.622507177506076
2.4417753968363076
3.155609730631327
2.98068400553675
2.9119210059431992
3.7939147330995695
3.7826097482556813
2.4835084882731717
4.119076863590203
2.4579578033488065
2.6410727080260514
3.0998277226384046
2.9228008971088553
3.5047240041153582
3.5047240041153582
2.455383123647282
2.455383123647282
3.0283677045286153
2.512776308680717
2.651893226207001
2.8715564770384017
2.4855451237207404
2.1877496555654723
2.461798914268666
4.301439852537409
2.4388620864728807
2.450628882176211
2.7468688200461635
2.931416540253755
2.5827470252240996
2.5827470252240996
1.896207812609786
2.6676035195494467
2.39217593653151
2.722292930264304
2.722292930264304
2.2051775561694296
2.309829083384658
2.5466834691080837
3.0268145622317775
1.5745383321927537
2.7149826388927654
2.8385795790272628
2.8733243950807736
3.036096723127841
3.036096723127841
3.2460408697788976
2.205093636545369
2.875906285172432
3.155399705859395
3.131175900097496
2.896525585692139
2.6822544305900333
1.9592204655766121
3.2339986425724128
3.5637184687640175
4.109665508178631
3.5808697403702325
3.818060078566667
3.951944971363085
3.6518331160161734
3.8001360745960557
4.357882629274983
4.192655183461772
3.040964730942676
4.595981509824622
4.043614072795545
5.56975381569875
4.651641557562615
4.65296683228789
4.65296683228789
4.388652840923788
5.6092919673892325
2.750144313393399
2.750144313393399
2.750144313393399
2.750144313393399
2.750144313393399
3.4571564777663877
4.636837438360845
3.906013193791983
4.435298407661344
5.78542911439119
4.795359808614199
5.31732601632676
4.10626414742438
3.908619686530404
3.870779777028142
4.130270540255193
5.038456755783073
4.192368096816279
5.005036002086362
5.3031320986165635
4.2174886158569285
5.256505980548584
4.79131929925811
5.102907898481278
5.114528369742034
3.7972982385666016
4.049313998022441
4.646646026482569
5.7917842970170135
5.393757063201728
5.756564371617674
