[0.00130882]
[0.00130882]
[0.00130881]
[0.00130881]
[0.00130881]
[0.00130881]
[0.00130881]
[0.00130881]
[0.00130881]
[0.00130881]
[0.00130881]
[0.00130881]
[0.00130881]
[0.00130881]
[0.00130881]
[0.00130881]
[0.00130881]
[0.00130881]
[0.00130881]
[0.00130881]
[0.00130881]
[0.00130881]
[0.00130881]
[0.00130881]
[0.00130881]
[0.00130881]
[0.00130881]
[0.00130881]
[0.00130881]
[0.00130881]
[0.00130881]
[0.00130881]
[0.00130881]
[0.00130881]
[0.00130881]
[0.00130881]
[0.00130881]
[0.00130881]
[0.00130881]
[0.00130881]
[0.00130881]
[0.00130881]
[0.00130881]
[0.00130881]
[0.00130881]
[0.00130881]
[0.00130881]
[0.00130881]
[0.00130881]
[0.00130881]
[0.00130881]
[0.00130881]
[0.00130881]
[0.00130881]
[0.00130881]
[0.00130881]
[0.00130881]
[0.00130881]
[0.00130881]
[0.00130881]
[0.00130881]
[0.00130881]
[0.00130881]
[0.00130881]
[0.00130881]
[0.00130881]
[0.00130881]
[0.00130881]
[0.00130881]
[0.00130881]
[0.00130881]
[0.00130881]
[0.00130881]
[0.00130881]
[0.00130881]
[0.00130881]
[0.00130881]
[0.00130881]
[0.00130881]
[0.00130881]
[0.00130881]
[0.00130881]
[0.00130881]
[0.00130881]
[0.00130881]
[0.00130881]
[0.00130881]
[0.00130881]
[0.00130881]
[0.00130881]
[0.00130881]
[0.00130881]
[0.00130881]
[0.00130881]
[0.00130881]
[0.00130881]
[0.00130881]
[0.00130881]
[0.00130881]
[0.00130881]
[0.00130881]
[0.00130881]
[0.00130881]
[0.00130881]
[0.00130881]
[0.00130881]
[0.00130881]
[0.00130881]
[0.00130881]
[0.00130881]
[0.00130881]
[0.00130881]
[0.00130881]
[0.00130881]
[0.00130881]
[0.00130881]
[0.00130881]
[0.00130881]
[0.00130881]
[0.00130881]
[0.00130881]
[0.00130881]
[0.00130881]
[0.00130881]
[0.00130881]
[0.00130881]
[0.00130881]
[0.00130881]
[0.00130881]
[0.00130881]
[0.00130881]
[0.00130881]
[0.00130881]
[0.00130881]
[0.00130881]
[0.00130881]
[0.00130881]
[0.00130881]
[0.00130881]
[0.00130881]
[0.00130881]
[0.00130881]
[0.00130881]
[0.00130881]
[0.00130881]
[0.00130881]
[0.00130881]
[0.00130881]
[0.00130881]
[0.00130881]
[0.00130881]
[0.00130881]
[0.00130881]
[0.00130881]
[0.00130881]
[0.00130881]
[0.00130881]
[0.00130881]
[0.00130881]
[0.00130881]
[0.00130881]
[0.00130881]
[0.00130881]
[0.00130881]
[0.00130881]
[0.00130881]
[0.00130881]
[0.00130881]
[0.00130881]
[0.00130881]
[0.00130881]
[0.00130881]
[0.00130881]
[0.00130881]
[0.00130881]
[0.00130881]
[0.00130881]
[0.00130881]
[0.00130881]
[0.00130881]
[0.00130881]
[0.00130881]
[0.00130881]
[0.00130881]
[0.00130881]
[0.00130881]
[0.00130881]
[0.00130881]
[0.00130881]
[0.00130881]
[0.00130881]
[0.00130881]
[0.00130881]
[0.00130881]
[0.00130881]
[0.00130881]
[0.00130881]
[0.00130881]
[0.00130881]
[0.00130881]
[0.00130881]
[0.00130881]
[0.00130881]
[0.00130881]
[0.00130881]
[0.00130881]
[0.00130881]
[0.00130881]
[0.00130881]
[0.00130881]
[0.00130881]
[0.00130881]
[0.00130881]
[0.00130881]
[0.00130881]
[0.00130881]
[0.00130881]
[0.00130881]
[0.00130881]
[0.00130881]
[0.00130881]
[0.00130881]
[0.00130881]
[0.00130881]
[0.00130881]
[0.00130881]
[0.00130881]
[0.00130881]
[0.00130881]
[0.00130881]
[0.00130881]
[0.00130881]
[0.00130881]
[0.00130881]
[0.00130881]
[0.00130881]
[0.00130881]
[0.00130881]
[0.00130881]
[0.00130881]
[0.00130881]
[0.00130881]
[0.00130881]
[0.00130881]
[0.00130881]
[0.00130881]
[0.00130881]
[0.00130881]
[0.00130881]
[0.00130881]
[0.00130881]
[0.00130881]
[0.00130881]
[0.00130881]
[0.00130881]
[0.00130881]
[0.00130881]
[0.00130881]
[0.00130881]
[0.00130881]
[0.00130881]
[0.00130881]
[0.00130881]
[0.00130881]
[0.00130881]
[0.00130881]
[0.00130881]
[0.00130881]
[0.00130881]
[0.00130881]
[0.00130881]
[0.00130881]
[0.00130881]
[0.00130881]
[0.00130881]
[0.00130881]
[0.00130881]
[0.00130881]
[0.00130881]
[0.00130881]
[0.00130881]
[0.00130881]
[0.00130881]
[0.00130881]
[0.00130881]
[0.00130881]
[0.00130881]
[0.00130881]
[0.00130881]
[0.00130881]
[0.00130881]
[0.00130881]
[0.00130881]
[0.00130881]
[0.00130881]
[0.00130881]
[0.00130881]
[0.00130881]
[0.00130881]
[0.00130881]
[0.00130881]
[0.00130881]
[0.00130881]
[0.00130881]
[0.00130881]
[0.00130881]
[0.00130881]
[0.00130881]
[0.00130881]
[0.00130881]
[0.00130881]
[0.00130881]
[0.00130881]
[0.00130881]
[0.00130881]
[0.00130881]
[0.00130881]
[0.00130881]
[0.00130881]
[0.00130881]
[0.00130881]
[0.00130881]
[0.00130881]
[0.00130881]
[0.00130881]
[0.00130881]
[0.00130881]
[0.00130881]
[0.00130881]
[0.00130881]
[0.00130881]
[0.00130881]
[0.00130881]
[0.00130881]
[0.00130881]
[0.00130881]
[0.00130881]
[0.00130881]
[0.00130881]
[0.00130881]
[0.00130881]
[0.00130881]
[0.00130881]
[0.00130881]
[0.00130881]
[0.00130881]
[0.00130881]
[0.00130881]
[0.00130881]
[0.00130881]
[0.00130881]
[0.00130881]
[0.00130881]
[0.00130881]
[0.00130881]
[0.00130881]
[0.00130881]
[0.00130881]
[0.00130881]
[0.00130881]
[0.00130881]
[0.00130881]
[0.00130881]
[0.00130881]
[0.00130881]
[0.00130881]
[0.00130881]
[0.00130881]
[0.00130881]
[0.00130881]
[0.00130881]
[0.00130881]
[0.00130881]
[0.00130881]
[0.00130881]
[0.00130881]
[0.00130881]
[0.00130881]
[0.00130881]
[0.00130881]
[0.00130881]
[0.00130881]
[0.00130881]
[0.00130881]
[0.00130881]
[0.00130881]
[0.00130881]
[0.00130881]
[0.00130881]
[0.00130881]
[0.00130881]
[0.00130881]
[0.00130881]
[0.00130881]
[0.00130881]
[0.00130881]
[0.00130881]
[0.00130881]
[0.00130881]
[0.00130881]
[0.00130881]
[0.00130881]
[0.00130881]
[0.00130881]
[0.00130881]
[0.00130881]
[0.00130881]
[0.00130881]
[0.00130817]
[0.00130817]
[0.00130811]
[0.00131222]
[0.00131302]
[0.00131088]
[0.00131225]
[0.00131225]
[0.00131225]
[0.00131088]
[0.00130822]
[0.00131302]
[0.00131302]
[0.00131302]
[0.00130938]
[0.00130938]
[0.00131302]
[0.00131302]
[0.00130809]
[0.00131184]
[0.00130758]
[0.00130758]
[0.00131184]
[0.00131184]
[0.00130931]
[0.00131209]
[0.00131209]
[0.00131387]
[0.00131209]
[0.00131626]
[0.00131626]
[0.00131626]
[0.00131626]
[0.00131016]
[0.00131619]
[0.00131457]
[0.00130521]
[0.00131457]
[0.00131079]
[0.00131457]
[0.00131016]
[0.00131009]
[0.00131535]
[0.00131016]
[0.00131537]
[0.00132096]
[0.00132096]
[0.00132096]
[0.00132096]
[0.00130829]
[0.00130937]
[0.00131158]
[0.02092755]
[0.00133135]
[0.00136018]
[0.00137586]
[0.00142982]
[0.00141765]
[0.00136778]
[0.00145104]
[0.00145348]
[0.00136236]
[0.00137159]
[0.00140656]
[0.02072888]
[0.0015426]
[0.00139179]
[0.00143576]
[0.00150417]
[0.00188808]
[0.0015617]
[0.00163346]
[0.00177032]
[0.00170687]
[0.00157621]
[0.00166416]
[0.00163318]
[0.00109383]
[0.00124619]
[0.00109393]
[0.00109393]
[0.00111416]
[0.00111416]
[0.0011252]
[0.00109994]
[0.00526651]
[0.00111353]
[0.00116635]
[0.00121096]
[0.00111027]
[0.00149377]
[0.0019636]
