20.438500000000012
20.438500000000012
20.438500000000012
20.38550000000001
20.005500000000005
20.005500000000005
20.005500000000005
20.005500000000005
19.942600000000006
19.832120000000003
19.832120000000003
19.832120000000003
19.832120000000003
19.794800000000006
19.794800000000006
19.794800000000006
19.794800000000006
20.073200000000007
19.794800000000006
19.794800000000006
19.794800000000006
19.794800000000006
19.643700000000003
19.643700000000003
19.495720000000002
19.495720000000002
20.189500000000013
19.794800000000002
19.794800000000002
19.794800000000002
19.794800000000002
19.809800000000003
19.809800000000003
19.809800000000003
19.809800000000003
19.809800000000003
19.809800000000003
19.809800000000003
19.809800000000003
19.809800000000003
19.809800000000003
19.809800000000003
19.809800000000003
19.809800000000003
19.809800000000003
19.809800000000003
19.809800000000003
19.809800000000003
19.809800000000003
19.809800000000003
19.794800000000002
19.755920000000003
19.755920000000003
19.888900000000007
19.888900000000007
19.888900000000007
19.888900000000007
19.888900000000007
19.888900000000007
19.888900000000007
19.888900000000007
18.7165
18.7165
20.091300000000004
19.718600000000006
19.718600000000006
19.718600000000006
19.5299
19.277300000000004
19.792900000000003
19.598
19.4493
19.718600000000006
19.718600000000006
19.718600000000006
19.718600000000006
19.718600000000006
19.718600000000006
19.718600000000006
19.718600000000006
19.718600000000006
19.718600000000006
19.1245
19.1245
19.1245
19.1245
19.1245
19.1245
19.1245
19.1245
19.1245
19.1245
19.1245
19.1245
19.1245
19.1245
19.1245
19.1245
19.1245
19.1245
19.6154
19.6154
19.6154
19.6154
19.6154
19.6154
19.6154
19.6154
19.6154
19.6154
19.6154
19.6154
19.6154
19.6154
19.6154
19.6154
19.6154
19.6154
19.6154
19.6154
19.6154
19.6154
19.6154
19.6154
19.6154
19.6154
19.6154
19.6154
19.6154
19.6154
19.718600000000006
19.718600000000006
19.718600000000006
19.718600000000006
19.718600000000006
19.718600000000006
19.718600000000006
19.718600000000006
19.718600000000006
19.718600000000006
19.718600000000006
19.718600000000006
19.718600000000006
19.718600000000006
19.718600000000006
19.718600000000006
19.718600000000006
19.718600000000006
19.718600000000006
19.718600000000006
19.718600000000006
19.718600000000006
19.718600000000006
19.718600000000006
19.718600000000006
19.718600000000006
19.718600000000006
19.718600000000006
19.718600000000006
19.718600000000006
19.718600000000006
19.718600000000006
19.718600000000006
19.718600000000006
19.718600000000006
19.718600000000006
19.718600000000006
19.718600000000006
19.718600000000006
19.718600000000006
19.718600000000006
19.718600000000006
19.718600000000006
19.718600000000006
19.718600000000006
19.718600000000006
19.718600000000006
19.718600000000006
19.718600000000006
19.722800000000003
19.52982
19.2914
19.070199999999996
19.1572
19.1572
19.1572
19.1572
19.1572
19.1572
19.1572
19.27172
19.27172
19.27172
19.27172
19.27172
19.27172
19.27172
19.27172
19.27172
19.27172
19.27172
19.27172
19.27172
19.27172
19.27172
19.27172
19.27172
19.27172
19.27172
19.27172
19.27172
19.27172
19.27172
19.27172
19.27172
19.27172
19.27172
19.27172
19.27172
19.27172
19.66302
19.195499999999996
19.2914
19.7167
18.640299999999996
18.640299999999996
18.640299999999996
18.640299999999996
18.640299999999996
18.640299999999996
18.640299999999996
18.640299999999996
18.640299999999996
18.640299999999996
18.640299999999996
18.640299999999996
18.640299999999996
18.640299999999996
18.640299999999996
19.833300000000005
19.552500000000002
19.27592
19.46462
19.710900000000006
19.886100000000006
19.1312
18.823499999999996
19.758300000000002
19.195519999999995
19.552500000000002
19.328500000000002
19.328500000000002
19.328500000000002
19.252519999999997
19.424899999999997
19.63452
18.564099999999993
18.564099999999993
19.4019
19.281
19.05919999999999
19.451700000000002
19.361
19.162399999999998
19.2152
19.281
19.2302
19.452699999999997
19.328500000000002
19.281000000000002
19.268919999999998
19.268919999999998
19.268919999999998
19.268919999999998
19.3093
19.3093
19.162399999999995
19.268919999999998
19.525299999999998
19.085119999999996
19.162399999999998
19.162399999999998
19.1666
19.5593
19.2479
18.20269999999999
18.71551999999999
19.0358
19.3804
19.256
18.80101999999999
18.80101999999999
19.281000000000002
19.101599999999998
19.204800000000002
18.69211999999999
18.34701999999999
19.310699999999997
19.068799999999992
19.068799999999992
19.349300000000003
18.993919999999996
18.12649999999999
18.862
18.69211999999999
19.08
19.472900000000003
18.556399999999993
19.22712
19.074099999999998
19.1331
18.93839999999999
19.189799999999998
18.87881999999999
18.813219999999994
19.640100000000004
19.19691999999999
18.71271999999999
18.751019999999993
19.2839
18.625499999999995
18.517099999999992
18.244819999999983
19.2839
19.068799999999992
19.102599999999992
18.76279999999999
18.76279999999999
18.946619999999996
19.113599999999998
19.415519999999994
19.113599999999998
18.519499999999994
18.519499999999994
19.113599999999998
18.519499999999994
18.801299999999994
18.743819999999992
19.113599999999998
18.032899999999987
18.755199999999988
19.833900000000007
18.76131999999999
17.939519999999984
18.9957
18.834899999999998
18.833099999999995
18.833099999999995
18.118399999999987
18.386219999999984
17.69721999999998
18.67309999999999
19.21578
18.66391999999999
19.3818
18.244599999999988
18.15779999999999
18.462099999999992
17.66409999999998
17.749019999999973
19.3327
19.4425
18.485499999999988
19.07201999999999
17.61369999999998
19.26992
19.0845
18.127019999999984
18.997899999999994
17.417999999999978
18.154299999999992
19.414299999999997
19.002799999999993
18.553299999999993
18.75891999999999
16.586899999999975
19.053599999999992
18.681619999999988
17.03199999999997
17.027799999999974
16.622719999999973
15.716899999999967
15.497199999999966
17.29409999999998
15.303199999999967
15.301499999999965
15.788599999999965
14.89439999999997
15.232399999999968
15.139399999999966
15.294499999999967
17.644499999999983
14.215799999999973
13.451819999999975
14.57379999999997
13.143399999999977
13.282499999999978
13.690419999999975
13.690419999999975
12.848999999999977
14.94719999999997
12.897219999999978
14.830199999999968
12.884799999999979
12.76691999999998
12.416599999999981
12.416599999999981
11.784819999999984
11.784819999999986
12.59809999999998
11.945899999999984
11.913199999999984
11.476399999999986
12.244699999999982
11.221219999999988
11.197519999999988
11.405299999999986
10.84909999999999
9.919019999999996
10.505199999999991
10.246199999999993
18.353699999999993
10.210419999999994
10.074299999999996
10.048999999999994
10.263199999999994
9.853299999999996
8.667700000000004
18.567999999999984
8.717620000000002
9.437399999999998
8.184700000000007
8.161420000000005
8.787500000000003
7.600200000000006
8.403220000000003
7.346220000000004
6.836300000000007
6.658500000000005
5.561240000000004
6.7492200000000055
6.102300000000005
7.121800000000005
7.164300000000005
5.245500000000004
4.695120000000004
5.837500000000006
6.5826000000000064
6.026400000000006
5.369400000000004
5.326900000000004
5.326900000000004
3.430620000000002
3.7024000000000026
4.160700000000003
2.9318000000000017
2.9318000000000017
2.9318000000000017
18.250399999999992
19.3474
3.120700000000002
3.158100000000002
2.478300000000001
0.9758
0.9758
1.0262
1.5824
1.3176
2.0457
1.532
1.4895
0.5857
-0.1849
19.155819999999995
0.6361
5.380700000000004
19.2901
10.87719999999999
18.88289999999999
18.98609999999999
18.25579999999999
13.327799999999975
19.5295
19.813499999999998
18.41689999999999
19.2596
18.086299999999984
11.456799999999985
19.618000000000002
19.086699999999993
19.563600000000005
19.3933
18.890099999999993
8.753900000000002
18.36129999999999
12.51789999999998
18.961899999999996
18.804799999999997
19.178499999999993
18.992599999999992
