22.31720000000003
22.31720000000003
21.884400000000024
22.05910000000003
22.05910000000003
22.05910000000003
22.05910000000003
22.05910000000003
22.05910000000003
22.05910000000003
22.05910000000003
22.05910000000003
22.05910000000003
22.05910000000003
22.05910000000003
22.05910000000003
22.05910000000003
22.05910000000003
22.05910000000003
22.380900000000032
21.884400000000024
21.884400000000024
21.884400000000024
21.884400000000024
21.884400000000024
22.05910000000003
22.05910000000003
22.05910000000003
22.315500000000032
21.884400000000024
22.337500000000027
22.009700000000024
21.978500000000025
21.982900000000026
21.982900000000026
21.982900000000026
21.982900000000026
21.982900000000026
21.982900000000026
21.982900000000026
21.982900000000026
21.982900000000026
21.939000000000025
21.939000000000025
21.939000000000025
21.902300000000025
22.105100000000025
21.939000000000025
21.939000000000025
21.939000000000025
21.939000000000025
21.781300000000023
21.32820000000002
21.40880000000002
21.49430000000002
21.49430000000002
21.49430000000002
21.49430000000002
21.49430000000002
21.49430000000002
21.49430000000002
21.49430000000002
21.49430000000002
21.49430000000002
21.49430000000002
21.49430000000002
21.49430000000002
21.49430000000002
21.49430000000002
21.49430000000002
21.49430000000002
21.49430000000002
21.49430000000002
21.49430000000002
21.49430000000002
21.49430000000002
21.574900000000024
21.574900000000024
21.574900000000024
21.574900000000024
21.574900000000024
21.574900000000024
21.574900000000024
21.574900000000024
21.574900000000024
21.574900000000024
21.574900000000024
21.574900000000024
21.574900000000024
21.574900000000024
21.574900000000024
21.574900000000024
21.574900000000024
21.574900000000024
21.574900000000024
21.574900000000024
21.574900000000024
21.574900000000024
21.574900000000024
21.574900000000024
21.574900000000024
21.574900000000024
21.574900000000024
21.574900000000024
21.574900000000024
21.574900000000024
21.574900000000024
21.574900000000024
21.574900000000024
21.574900000000024
21.574900000000024
21.574900000000024
21.574900000000024
21.574900000000024
21.574900000000024
21.574900000000024
21.574900000000024
21.574900000000024
21.574900000000024
21.574900000000024
21.574900000000024
21.574900000000024
21.574900000000024
21.574900000000024
21.50290000000002
21.669000000000025
21.65380000000002
21.669000000000025
21.669000000000025
22.32480000000003
22.32480000000003
21.831300000000024
21.831300000000024
21.831300000000024
21.831300000000024
21.831300000000024
21.831300000000024
21.831300000000024
21.99080000000003
21.49430000000002
21.65380000000002
21.65380000000002
21.574900000000024
21.574900000000024
21.574900000000024
21.574900000000024
21.574900000000024
21.574900000000024
21.63440000000002
21.700200000000024
21.61960000000002
21.41970000000002
21.57980000000002
21.80050000000002
21.49430000000002
21.49430000000002
22.397700000000032
21.86280000000002
21.40480000000002
21.090700000000016
21.57980000000002
21.58840000000002
21.57090000000002
21.57090000000002
21.57090000000002
22.30360000000003
21.51220000000002
21.42670000000002
22.137500000000028
22.094100000000026
21.41810000000002
21.592800000000025
21.37420000000002
21.45480000000002
21.382800000000017
21.54890000000002
21.49870000000002
21.557300000000023
21.481300000000022
21.37420000000002
21.534100000000016
21.827300000000022
20.938100000000016
21.382600000000018
22.183500000000027
21.422500000000017
21.104200000000017
21.104200000000017
21.212000000000018
21.18480000000002
21.18480000000002
21.18480000000002
21.18480000000002
21.320100000000018
21.18480000000002
21.270300000000017
21.382600000000018
21.244300000000017
22.00760000000003
21.06110000000002
21.270300000000017
21.270300000000017
20.980500000000017
21.19830000000002
21.014500000000016
21.06110000000002
21.36190000000002
21.36190000000002
21.45410000000002
21.410400000000017
21.410400000000017
21.34690000000002
21.895600000000023
21.481400000000022
21.134400000000017
21.134400000000017
21.134400000000017
21.134400000000017
21.20270000000002
21.30460000000002
21.075400000000016
21.27890000000002
20.73120000000001
21.172400000000017
20.89730000000001
20.977900000000012
21.806200000000032
20.633500000000012
20.628600000000013
20.628600000000013
20.794700000000013
20.794700000000013
21.21720000000002
20.970500000000015
20.714100000000013
21.02260000000001
20.63350000000001
21.58130000000002
20.714100000000013
21.663100000000025
21.46860000000002
21.128700000000016
20.714100000000013
21.078200000000013
21.41850000000002
20.714100000000013
21.010600000000014
21.492800000000017
20.808200000000014
20.854200000000013
20.81060000000001
20.969900000000017
20.889300000000013
20.97240000000001
20.969900000000017
20.969900000000017
20.969900000000017
21.086600000000015
20.969900000000017
20.985300000000013
20.795900000000014
21.064000000000018
21.197100000000017
20.90420000000001
20.852700000000013
21.49420000000002
21.282300000000017
20.69780000000001
21.229600000000016
20.891000000000012
21.18260000000001
20.32400000000001
21.028400000000016
20.939700000000016
20.742400000000014
20.90420000000001
20.90420000000001
20.918300000000016
20.49680000000001
20.82360000000001
21.254600000000018
20.311700000000013
20.40060000000001
21.175400000000018
20.421200000000006
20.28220000000001
20.28220000000001
20.807300000000012
20.27360000000001
20.677600000000012
20.715500000000013
21.075400000000016
21.10580000000002
20.303700000000006
20.36770000000001
20.83180000000001
20.149800000000006
20.340600000000006
21.41940000000002
21.62610000000002
20.303700000000006
21.32220000000002
21.49030000000002
20.309300000000007
20.341800000000006
20.341800000000006
20.106700000000007
20.188700000000004
20.51460000000001
19.892100000000006
20.231900000000007
20.231900000000007
20.690000000000012
19.973700000000004
20.91140000000001
19.913600000000002
19.994200000000006
20.41010000000001
20.416700000000006
20.100800000000007
21.343100000000018
21.164800000000017
21.012700000000017
21.012700000000017
21.012700000000017
20.155700000000007
20.002700000000004
21.264000000000014
19.994200000000006
21.28260000000002
21.42070000000002
19.718200000000003
19.747700000000002
19.747700000000002
21.22680000000002
19.747700000000002
19.667099999999998
21.111600000000017
20.975700000000018
19.450499999999998
21.091600000000017
21.24770000000002
21.077700000000018
19.450499999999998
19.369899999999998
19.604100000000003
20.93380000000002
20.444900000000008
19.1119
19.233999999999998
19.495199999999993
19.5442
20.91040000000001
18.813699999999994
20.991000000000014
19.121499999999997
20.578600000000012
20.98700000000001
19.285999999999998
18.62769999999999
18.62769999999999
20.527200000000004
19.019599999999993
20.482300000000006
18.207099999999983
18.23759999999999
20.228700000000007
18.305599999999988
18.49749999999999
18.474099999999993
20.709100000000014
17.897599999999983
18.058499999999984
17.826599999999978
17.304999999999975
20.561300000000013
17.657199999999982
17.517099999999978
17.61529999999998
16.837199999999974
16.82319999999997
16.224499999999967
15.717399999999964
15.509899999999964
15.004099999999966
14.953499999999966
14.953499999999966
15.336299999999966
15.060399999999966
14.892399999999965
14.52109999999997
14.810699999999969
14.314199999999971
14.508199999999968
13.951299999999971
13.365399999999974
13.367899999999974
12.863799999999975
12.566799999999978
12.559799999999976
21.513400000000022
12.63979999999998
12.828699999999976
12.24019999999998
12.257199999999981
12.272499999999981
20.414300000000008
11.370199999999986
14.611499999999968
11.486599999999987
10.65079999999999
20.869200000000014
11.471299999999985
10.042599999999995
10.748999999999988
10.748999999999988
11.490699999999984
10.656099999999991
10.729299999999988
9.1233
9.1233
9.2624
9.927999999999997
10.374999999999993
9.4056
8.376100000000005
8.542200000000003
7.039700000000006
6.315020000000006
6.315020000000006
7.721200000000008
6.989300000000006
6.989300000000006
6.946800000000006
7.165000000000007
21.790800000000022
6.608800000000007
5.7122000000000055
6.797700000000007
5.819100000000006
21.982900000000026
4.313100000000003
5.425500000000005
6.073700000000005
20.972200000000026
4.262700000000003
5.160700000000005
20.855500000000013
5.319700000000005
3.4921000000000024
5.345600000000005
3.102000000000001
3.3838000000000017
2.868400000000001
11.87869999999998
22.247000000000032
-0.3915
0.5857
0.5857
20.714100000000013
21.467000000000027
-0.1849
-0.1849
-0.1849
-0.1849
-0.1849
-0.1849
20.695600000000013
0.44689999999999996
19.430599999999995
0.15250000000000002
0.6361
21.006300000000014
22.03920000000003
20.992500000000014
19.385399999999997
20.922000000000008
20.711000000000016
18.157699999999988
21.201000000000022
21.201000000000022
21.59940000000002
20.673000000000012
21.157200000000017
20.66100000000001
20.516900000000007
20.516900000000007
20.436300000000006
20.84920000000001
14.926499999999969
19.11939999999999
21.065400000000018
20.29500000000001
21.047800000000016
20.687600000000018
20.57980000000001
20.785300000000014
20.639200000000013
20.329700000000013
21.064700000000016
