3.373829457410931
3.373829457410931
3.373829457410931
3.373829457410931
3.8227217651032372
3.8227217651032372
3.8227217651032372
3.8227217651032372
3.8227217651032372
3.8227217651032372
3.8227217651032372
3.8227217651032372
3.8227217651032372
3.8227217651032372
3.8227217651032372
3.8227217651032372
3.8227217651032372
3.8227217651032372
3.8227217651032372
3.8227217651032372
3.8227217651032372
4.170455463489635
4.142100924326331
3.9763674001153246
3.9763674001153246
5.683167523261026
4.802569059466918
4.819770534704009
4.814576892366825
4.911919587771986
4.860495110990307
3.7009471761111588
5.132369807346582
4.9383562038294055
5.643458907662861
3.4901522270000234
5.986926600695532
5.8772471678470986
5.8772471678470986
3.8814337120554825
4.451895540532151
5.225900576577351
5.761890874182353
5.761890874182353
5.861937542300622
4.773520587391047
3.63132124626917
3.63132124626917
4.303998580675878
5.853389920533588
5.853389920533588
3.484613765461561
3.484613765461561
4.576842843893193
4.792567036592443
5.179450064889805
5.904532349087145
4.700980710074212
4.700980710074212
4.700980710074212
4.61642374576544
4.834143127656629
4.834143127656629
4.834143127656629
4.834143127656629
4.834143127656629
4.834143127656629
4.834143127656629
3.2893478287080615
3.355950323192248
3.2230422231735583
3.8204203614095187
3.8204203614095187
4.637711699085202
4.878337459221671
5.690294760841064
5.949700851707679
5.277116770909336
3.799157038634984
5.522147834512157
6.22199312593406
3.960347659646354
3.64149315166162
5.751907394881665
3.849989857448552
3.9816707133764293
3.9816707133764293
3.660095500173444
3.6766501221013375
3.793289767003925
5.571767377595581
5.571767377595581
5.8191636857157745
4.520285861653786
4.867728651549512
4.867728651549512
5.5459765250392765
3.7678046500280136
3.7678046500280136
5.1540099303775
5.516626102201011
4.1106712437545525
5.19678613006755
3.7489022887772006
4.289997395648296
3.965218577096522
5.858522434270754
5.169907459168444
5.169907459168444
3.960893337810818
4.5340452360602175
3.5455197131221494
3.547428784730709
6.2035379999725135
3.6092113959100907
5.026412115038889
5.026412115038889
4.4746712595247615
3.721184347423506
6.909042728016703
3.9052839260461134
4.346070657015165
4.346070657015165
4.630591172007778
4.630591172007778
4.630591172007778
4.630591172007778
4.21561924626917
4.396937190695219
3.700665291479451
3.115012329235082
5.178118680292279
3.736762910604835
4.149511782908032
3.2643490370025487
3.2643490370025487
3.9250353921504386
3.7138432658580722
3.564432310141088
3.564432310141088
3.564432310141088
5.1427295668487805
5.1427295668487805
4.238695221572435
4.238695221572435
3.746677781675806
3.746677781675806
4.34443176671212
4.5065524844107525
4.816234787103667
3.8907226590777864
3.8907226590777864
6.151167889982108
4.2493503065797595
3.6439948800922872
3.6439948800922872
3.6439948800922872
3.6439948800922872
3.6439948800922872
4.269836213846394
4.699005130045646
3.287630101702641
3.287630101702641
5.689884588505548
4.2935437465355735
3.3590429207920085
5.1614536393040975
3.5124390194755923
2.9997100467242053
5.6777879861102205
5.6777879861102205
3.670617555297656
3.836240487132085
5.3912716812481305
3.853678463987242
3.853678463987242
3.572209857448552
3.572209857448552
3.572209857448552
4.861837821194269
4.387016723964104
3.3847191458691803
5.558499934489584
4.002595111664993
5.053202586399836
4.143801482186756
4.143801482186756
4.143801482186756
4.143801482186756
3.5508278788920364
3.5508278788920364
3.5508278788920364
3.5508278788920364
4.145620466945873
4.987484382245368
3.167015827317231
4.248165354655437
3.678525845738964
3.599523819676387
3.5472696369358303
3.2987620697281788
6.104682424089605
4.2449714853086995
3.5133525343340075
3.5133525343340075
3.5133525343340075
3.5133525343340075
3.5133525343340075
3.5133525343340075
3.5133525343340075
3.5133525343340075
3.5133525343340075
3.5133525343340075
3.5133525343340075
3.5133525343340075
3.5133525343340075
3.5133525343340075
3.5133525343340075
3.5133525343340075
3.5133525343340075
3.5133525343340075
3.5133525343340075
3.5133525343340075
3.5133525343340075
3.5133525343340075
3.5133525343340075
3.5133525343340075
3.5133525343340075
3.5133525343340075
3.5133525343340075
3.5133525343340075
3.5133525343340075
3.5133525343340075
3.5133525343340075
3.5133525343340075
3.5133525343340075
3.5133525343340075
3.5133525343340075
3.5133525343340075
3.5133525343340075
3.5133525343340075
3.5133525343340075
3.5133525343340075
3.5133525343340075
3.5133525343340075
3.5133525343340075
3.5133525343340075
3.5133525343340075
3.5133525343340075
3.5133525343340075
3.5133525343340075
3.5133525343340075
3.5133525343340075
3.5133525343340075
3.5133525343340075
3.5133525343340075
3.5133525343340075
3.5133525343340075
3.5133525343340075
3.5133525343340075
3.5133525343340075
3.5133525343340075
3.5133525343340075
3.5133525343340075
3.5133525343340075
3.5133525343340075
3.5133525343340075
3.5133525343340075
3.5133525343340075
3.5133525343340075
3.5133525343340075
3.5133525343340075
3.5133525343340075
3.5133525343340075
3.5133525343340075
3.5133525343340075
3.5133525343340075
3.5133525343340075
3.5133525343340075
3.5133525343340075
3.5133525343340075
3.5133525343340075
3.5133525343340075
3.5133525343340075
3.5133525343340075
3.5133525343340075
3.5133525343340075
3.5133525343340075
3.5133525343340075
3.5133525343340075
3.5133525343340075
3.5133525343340075
3.5133525343340075
3.5133525343340075
3.5133525343340075
3.5133525343340075
3.5133525343340075
3.5133525343340075
3.5133525343340075
3.5133525343340075
3.5133525343340075
3.5133525343340075
3.5133525343340075
3.5133525343340075
3.5133525343340075
3.5133525343340075
3.5133525343340075
3.5133525343340075
3.5133525343340075
3.5133525343340075
3.5133525343340075
3.5133525343340075
3.5133525343340075
3.5133525343340075
5.713358066455894
3.693921793205103
3.135913982186757
3.135913982186757
3.135913982186757
3.735135392150438
5.171645105678609
3.793535981057942
5.4879881826016845
4.850230823710511
4.073325736000863
3.8722498616537857
3.7229141226713374
6.0200672042500205
4.318990371662624
4.318990371662624
3.8202579725713726
3.6414293365039567
4.675657005407411
3.1887996265710328
3.6724709056311378
4.691911445325603
4.95085613356395
5.393683817860925
4.367582242266454
3.5409458307712374
3.5409458307712374
4.740570877408759
4.389884434282674
6.100413222612848
4.320089729302648
3.395571163381044
4.186937153740828
4.364683115386406
5.890434556228058
3.60267808875272
3.4295859423638237
3.7133927390318977
5.9248694821023715
3.2714278202413736
3.5276486638042375
3.6434709076987186
5.466393234724473
3.5600520708424916
3.234819782445866
3.975972613828919
4.93622355303822
5.460159701669465
3.2795234301924534
3.2795234301924534
3.2795234301924534
6.480090163448568
3.7223262364716394
5.15105874757702
3.946775955815114
5.805057900601267
4.024852477038401
6.08404146726561
3.4301116183538056
4.63684139210946
5.184876054706501
5.00461171018059
5.618435824291682
5.618435824291682
5.618435824291682
4.4909760547065005
4.308741165605324
4.160230562319271
3.6060890176578937
3.7794426314409435
4.5047813787013595
3.6708327562847867
5.141935015989458
5.289564335311908
3.8355743424515563
4.347902770163634
4.347902770163634
5.461256709983268
5.65053569740045
5.65053569740045
5.265662367637057
4.418577372650919
4.329699658197906
4.290193296361164
3.717770472571372
3.60210802954221
4.046058951792119
4.3180067650089935
3.8445190302636805
4.53378446169681
3.2994844305677393
4.914949459942553
5.1692082763792895
5.487726121262302
5.325174752190726
3.6842036409229415
5.074071980344755
5.910052582176033
4.121950984158273
6.173840351385198
4.580146462163418
4.3106676440869744
5.6229597391029476
4.817360717196359
3.946713565292055
3.243699818898059
4.192930482166803
4.789349616196184
3.5059568714317804
6.415633068195929
4.11626220323128
5.61143278289707
4.782812068692515
5.1938133770313355
5.7165960946895975
5.072678613655907
4.11899993370862
3.2562440209646493
3.3721752215724354
5.459977201217232
4.855446159601605
1.19691912603151
5.575930489158062
5.854545388633047
4.849873082678529
2.3752352010767535
3.9491732379947884
1.0
3.593739375997762
4.87291110289314
5.008213649319925
5.386817679386956
1.6876922772372112
4.01979868818016
4.15065965140698
5.613734877268966
4.889030406536866
4.929977752235734
6.628918807017132
5.155431649557264
3.0672615080064425
2.5810153541602876
4.297391346198651
5.327264730942677
3.9341097289163187
3.669121765103238
3.006787807865753
4.302122855978468
3.599188240593853
5.152576611637437
3.7899031924811366
4.107598597444745
3.967275611257083
3.967275611257083
5.428117069563683
3.6981455588253196
6.341854203662571
4.445429457410929
4.731066252110849
4.731066252110849
3.0244297069266004
4.9727654753568356
6.102944284894238
5.210197087303138
5.271000980738575
4.375579357276252
7.3284153846153846
4.387742993639886
2.392776176792454
5.6758135369900575
4.272829032757381
5.101929564328456
6.072774428782247
6.370251215963293
5.793128063632054
7.4139176056682
5.653466846728945
5.591564738565409
6.698110967161449
6.094399843768784
5.282266583352667
7.912953810711049
6.510648869465717
4.930878455834303
5.600214204250022
4.313621458863152
