[0.03140333]
[0.03145331]
[0.03145331]
[0.03145323]
[0.03147973]
[0.03147994]
[0.03147994]
[0.03147994]
[0.03147994]
[0.03147994]
[0.03147994]
[0.03147994]
[0.03147994]
[0.03142833]
[0.03145257]
[0.03128641]
[0.03128641]
[0.03144591]
[0.03149385]
[0.03149385]
[0.03149385]
[0.03149385]
[0.03146767]
[0.03178237]
[0.03165518]
[0.03147971]
[0.03147971]
[0.03147971]
[0.03147971]
[0.03147971]
[0.03147971]
[0.03131193]
[0.03131193]
[0.03131193]
[0.03131193]
[0.03131193]
[0.03131193]
[0.03131193]
[0.03131193]
[0.03131193]
[0.03131193]
[0.03131193]
[0.03131193]
[0.03131193]
[0.03131193]
[0.03131193]
[0.03131193]
[0.03131193]
[0.03131193]
[0.03131193]
[0.03131193]
[0.03131193]
[0.03131193]
[0.03131193]
[0.03131193]
[0.03131193]
[0.03131193]
[0.03131193]
[0.03131193]
[0.03131192]
[0.03131192]
[0.03131192]
[0.03189196]
[0.0315075]
[0.0315075]
[0.03149535]
[0.03149535]
[0.03149535]
[0.03149535]
[0.03131892]
[0.03131892]
[0.03131892]
[0.03131892]
[0.03131892]
[0.03131892]
[0.03194645]
[0.03194645]
[0.03194645]
[0.03190144]
[0.0315244]
[0.0315244]
[0.0315244]
[0.03145477]
[0.03139627]
[0.03139627]
[0.03139627]
[0.03139627]
[0.03139627]
[0.03139627]
[0.03139627]
[0.03139627]
[0.03139627]
[0.03139627]
[0.03139627]
[0.03139627]
[0.03139627]
[0.03139627]
[0.03139627]
[0.03139627]
[0.03139627]
[0.03139627]
[0.03139627]
[0.03139627]
[0.03139627]
[0.03139627]
[0.03139627]
[0.03139627]
[0.03139627]
[0.03139627]
[0.03139627]
[0.03139627]
[0.03139627]
[0.031512]
[0.03190279]
[0.03179638]
[0.03152576]
[0.03131133]
[0.03131133]
[0.03131133]
[0.03131133]
[0.03131133]
[0.03131133]
[0.03131133]
[0.03177382]
[0.03151978]
[0.03151978]
[0.03151978]
[0.03151978]
[0.03151978]
[0.03151978]
[0.03151978]
[0.03151978]
[0.03151978]
[0.03151978]
[0.03151978]
[0.03151978]
[0.03151978]
[0.03151978]
[0.03151978]
[0.03151978]
[0.03151978]
[0.03151978]
[0.03151978]
[0.03150774]
[0.03150774]
[0.03150774]
[0.03150774]
[0.03187734]
[0.03187734]
[0.03187734]
[0.03187734]
[0.03134036]
[0.03134036]
[0.03134036]
[0.03134036]
[0.03150956]
[0.03150956]
[0.03150723]
[0.03150723]
[0.03150723]
[0.03150723]
[0.03150723]
[0.03150723]
[0.03145748]
[0.03145748]
[0.03133516]
[0.03133516]
[0.03192651]
[0.03192651]
[0.03192651]
[0.03192651]
[0.03176703]
[0.03176703]
[0.03176703]
[0.03176703]
[0.03176703]
[0.03176703]
[0.03151111]
[0.03130533]
[0.03152468]
[0.03152468]
[0.03152468]
[0.03152468]
[0.03152468]
[0.03152468]
[0.03152468]
[0.03152468]
[0.03152468]
[0.03152468]
[0.03152468]
[0.03151069]
[0.03151069]
[0.03152478]
[0.03382995]
[0.0320577]
[0.03171248]
[0.03258022]
[0.0315316]
[0.0315316]
[0.03133472]
[0.03133472]
[0.03133472]
[0.03145533]
[0.03151996]
[0.03133479]
[0.03134079]
[0.03134079]
[0.03134079]
[0.03134079]
[0.03134079]
[0.03134079]
[0.03134079]
[0.03134079]
[0.03134079]
[0.03134079]
[0.03134079]
[0.03134079]
[0.03185485]
[0.03153942]
[0.03134086]
[0.03149568]
[0.03213555]
[0.03213555]
[0.03213555]
[0.03213555]
[0.0313941]
[0.0313941]
[0.03195627]
[0.03134082]
[0.031854]
[0.03150756]
[0.03142]
[0.03127971]
[0.03164806]
[0.03149533]
[0.03142817]
[0.03357162]
[0.03216953]
[0.03216953]
[0.03282173]
[0.03142016]
[0.03148587]
[0.03132932]
[0.03145539]
[0.03134101]
[0.03134101]
[0.03152351]
[0.03197959]
[0.03142817]
[0.03151339]
[0.03134684]
[0.03155895]
[0.03152381]
[0.03152381]
[0.03201804]
[0.03156168]
[0.03218126]
[0.03148367]
[0.03487526]
[0.03178976]
[0.031335]
[0.03150386]
[0.03174385]
[0.03178123]
[0.03153387]
[0.03430937]
[0.03227919]
[0.03202664]
[0.03245587]
[0.03178513]
[0.03150429]
[0.03174385]
[0.0318615]
[0.03258661]
[0.03147515]
[0.03150167]
[0.03186098]
[0.03159217]
[0.03157779]
[0.03157779]
[0.03202396]
[0.03153387]
[0.03153497]
[0.03155763]
[0.03134922]
[0.03401585]
[0.03151693]
[0.03213777]
[0.03179849]
[0.03213657]
[0.03155116]
[0.03135371]
[0.03195426]
[0.03233409]
[0.03189497]
[0.03140267]
[0.03176249]
[0.03174195]
[0.03229386]
[0.03307151]
[0.0327597]
[0.03151825]
[0.03139937]
[0.03259605]
[0.03174195]
[0.03163528]
[0.03199932]
[0.0317641]
[0.03205608]
[0.03296199]
[0.03202925]
[0.03153554]
[0.03183389]
[0.03183379]
[0.03156333]
[0.03207272]
[0.03138323]
[0.03158119]
[0.03152746]
[0.0315801]
[0.03154159]
[0.03153308]
[0.03176554]
[0.03154325]
[0.03153041]
[0.03153041]
[0.03155591]
[0.03374037]
[0.03179847]
[0.03189681]
[0.03144454]
[0.03146511]
[0.03386279]
[0.03189109]
[0.03307128]
[0.03174616]
[0.03154418]
[0.03455648]
[0.03290237]
[0.03192626]
[0.03190847]
[0.0316943]
[0.03183524]
[0.03148735]
[0.031833]
[0.03240704]
[0.03119879]
[0.03151976]
[0.03165397]
[0.03162242]
[0.03311928]
[0.03199727]
[0.03128375]
[0.03781541]
[0.03148141]
[0.03126751]
[0.03170482]
[0.03173018]
[0.03154291]
[0.03151128]
[0.03857784]
[0.03287913]
[0.0317556]
[0.03291929]
[0.03296095]
[0.0317231]
[0.03225765]
[0.03225765]
[0.03236061]
[0.03202916]
[0.03193428]
[0.03164501]
[0.03163233]
[0.0324104]
[0.03138518]
[0.03147584]
[0.03198232]
[0.03147679]
[0.03328522]
[0.03434874]
[0.03268158]
[0.03189914]
[0.03259378]
[0.03189417]
[0.03602785]
[0.03249023]
[0.0362602]
[0.03220279]
[0.03258946]
[0.03181195]
[0.03284023]
[0.03217522]
[0.03283452]
[0.03498581]
[0.03284969]
[0.03198611]
[0.03275597]
[0.0340099]
[0.03347423]
[0.03161456]
[0.03223332]
[0.03434134]
[0.03647807]
[0.032257]
[0.03917461]
[0.03377116]
[0.03316921]
[0.03673863]
[0.03292476]
[0.03784943]
[0.03748362]
[0.03746721]
[0.03425528]
[0.03548363]
[0.03378967]
[0.03569046]
[0.04151828]
[0.05233576]
[0.04195876]
[0.04195876]
[0.03511922]
[0.08432131]
[0.05557047]
[0.05557047]
[0.03502591]
[0.03465721]
[0.03562238]
[0.04277284]
[0.03702165]
[0.03676762]
[0.09126379]
[0.04572378]
[0.04074543]
[0.0407536]
[0.06561936]
[0.03862502]
[0.0486392]
[0.05997479]
[0.04939784]
[0.07051555]
[0.08498931]
[0.03557625]
[0.05433669]
[0.07974525]
[0.4163802]
[0.05498968]
[0.15321249]
[0.06257703]
[0.05113487]
[0.0789741]
[0.05899016]
[0.24140768]
[0.06097084]
[0.12038365]
[0.16164872]
[0.18654792]
[0.21412733]
[0.10411891]
[0.3323737]
[0.13499802]
[0.07829411]
[0.05252692]
[0.06729416]
[0.26801124]
[0.11913256]
[0.1752324]
[0.06431908]
[0.18822865]
[0.18112339]
[0.1371539]
[0.07604463]
[0.10645802]
[0.0557766]
[0.03130838]
[0.03093354]
[0.04446042]
[0.04446042]
[0.05457784]
[0.03218538]
[0.08162119]
[0.03153719]
[0.08066259]
[0.03296519]
[0.03396033]
[0.03128916]
[0.03433274]
[0.03242865]
[0.03138551]
[0.03659023]
[0.03206304]
[0.03244156]
[0.03498241]
[0.04614811]
[0.21225646]
[0.21225646]
[0.03293088]
[0.03231895]
[0.03231895]
[0.03120485]
[0.03235668]
