25.856300000000058
25.923800000000057
25.923800000000057
25.75980000000006
25.48490000000006
25.484900000000057
25.484900000000057
25.484900000000057
25.484900000000057
25.484900000000057
25.484900000000057
25.484900000000057
25.484900000000057
25.20810000000006
25.576200000000057
25.100720000000052
25.100720000000052
24.746800000000057
25.416700000000052
25.416700000000052
25.416700000000052
25.416700000000052
25.230920000000054
25.51560000000005
25.392000000000053
25.275600000000054
25.275600000000054
25.275600000000054
25.275600000000054
25.275600000000054
25.275600000000054
24.865520000000053
24.865520000000053
24.865520000000053
24.865520000000053
24.865520000000053
24.865520000000053
24.865520000000053
24.865520000000053
24.865520000000053
24.865520000000053
24.865520000000053
24.865520000000053
24.865520000000053
24.865520000000053
24.865520000000053
24.865520000000053
24.865520000000053
24.865520000000053
24.865520000000053
24.865520000000053
24.865520000000053
24.865520000000053
24.865520000000053
24.865520000000053
24.865520000000053
24.865520000000053
24.865520000000053
24.865520000000053
24.865520000000057
24.865520000000057
24.865520000000057
25.667700000000057
25.05400000000006
25.05400000000006
24.912900000000057
24.912900000000057
24.912900000000057
24.912900000000057
24.842620000000053
24.842620000000053
24.842620000000053
24.842620000000053
24.842620000000053
24.842620000000053
25.403100000000055
25.403100000000055
25.403100000000055
25.43600000000006
25.356200000000054
25.356200000000054
25.356200000000054
25.007000000000055
24.84580000000005
24.84580000000005
24.84580000000005
24.84580000000005
24.84580000000005
24.84580000000005
24.84580000000005
24.84580000000005
24.84580000000005
24.84580000000005
24.84580000000005
24.84580000000005
24.84580000000005
24.84580000000005
24.84580000000005
24.84580000000005
24.84580000000005
24.84580000000005
24.84580000000005
24.84580000000005
24.84580000000005
24.84580000000005
24.84580000000005
24.84580000000005
24.84580000000005
24.84580000000005
24.84580000000005
24.84580000000005
24.84580000000005
25.14522000000005
25.38270000000006
24.92240000000005
25.12232000000005
24.63080000000005
24.63080000000005
24.63080000000005
24.63080000000005
24.63080000000005
24.63080000000005
24.63080000000005
25.07550000000006
24.977800000000055
24.977800000000055
24.977800000000055
24.977800000000055
24.977800000000055
24.977800000000055
24.977800000000055
24.977800000000055
24.977800000000055
24.977800000000055
24.977800000000055
24.977800000000055
24.977800000000055
24.977800000000055
24.977800000000055
24.977800000000055
24.977800000000055
24.977800000000055
24.977800000000055
24.955400000000058
24.955400000000058
24.955400000000058
24.955400000000058
25.24160000000006
25.24160000000006
25.24160000000006
25.24160000000006
24.471300000000053
24.471300000000053
24.471300000000053
24.471300000000053
24.707400000000053
24.707400000000053
24.836700000000054
24.836700000000054
24.836700000000054
24.836700000000054
24.836700000000054
24.836700000000054
24.559900000000052
24.559900000000052
24.38132000000005
24.38132000000005
25.315400000000054
25.315400000000054
25.315400000000054
25.315400000000054
25.125500000000045
25.125500000000045
25.125500000000045
25.125500000000045
25.125500000000045
25.125500000000045
24.883320000000055
24.47542000000005
25.05160000000005
25.05160000000005
25.05160000000005
25.05160000000005
25.05160000000005
25.05160000000005
25.05160000000005
25.05160000000005
25.05160000000005
25.05160000000005
25.05160000000005
24.910500000000052
24.910500000000052
25.051600000000054
25.63570000000006
24.98710000000005
24.620500000000053
25.38930000000004
24.45792000000005
24.45792000000005
24.21732000000005
24.21732000000005
24.21732000000005
24.704700000000052
24.879200000000054
24.21732000000005
24.35842000000005
24.35842000000005
24.35842000000005
24.35842000000005
24.35842000000005
24.35842000000005
24.35842000000005
24.35842000000005
24.35842000000005
24.35842000000005
24.35842000000005
24.35842000000005
24.987620000000057
24.975400000000054
24.35842000000005
24.58272000000005
25.077900000000064
25.077900000000064
25.077900000000064
25.077900000000064
24.332000000000047
24.332000000000047
24.896000000000054
24.194420000000047
24.851500000000055
24.58770000000005
24.197600000000048
24.42842000000005
24.71950000000005
24.44660000000005
24.33870000000005
25.29267000000005
25.120400000000064
25.120400000000064
24.713400000000053
24.197600000000048
24.86530000000005
23.908900000000045
24.04610000000005
24.25982000000005
24.25982000000005
24.464000000000052
25.290700000000047
24.285400000000045
24.56490000000005
24.236920000000048
24.509120000000053
24.188500000000047
24.188500000000047
24.888600000000054
24.74210000000005
25.032600000000055
24.345000000000052
25.155700000000063
24.325100000000052
23.968320000000045
24.47492000000005
24.260520000000053
24.477300000000042
24.32960000000005
25.021800000000063
24.85390000000006
24.827220000000054
24.700200000000052
24.16552000000005
24.47492000000005
24.260520000000053
24.519500000000054
24.67060000000005
24.09102000000005
24.47492000000005
23.970400000000044
25.156100000000055
24.013100000000037
24.013100000000037
24.54190000000005
24.231000000000048
24.423220000000054
24.27440000000005
23.569120000000044
25.185100000000055
24.35342000000005
24.73030000000006
24.165600000000047
24.730300000000064
23.950820000000043
23.710220000000042
24.52170000000006
24.475700000000035
24.41880000000005
24.302020000000045
24.455200000000048
24.025800000000043
24.24080000000005
24.74590000000004
24.807500000000054
23.616500000000045
23.595320000000044
24.372800000000048
24.025800000000043
23.847920000000045
24.456400000000052
23.866300000000052
24.53550000000005
24.445300000000042
24.47880000000005
24.12672000000005
24.27102000000005
24.271020000000053
23.919200000000046
23.77772000000004
23.55180000000004
24.10100000000005
24.121900000000046
24.79940000000005
23.733420000000045
23.681400000000046
23.753420000000048
23.96782000000005
23.592320000000047
23.592320000000047
24.010320000000046
24.508100000000056
23.99430000000005
23.87410000000005
23.726500000000044
24.58902000000006
24.27310000000005
23.572600000000037
24.44100000000005
23.303900000000038
24.510880000000046
24.339100000000055
25.285100000000046
23.834200000000045
23.811800000000048
23.515100000000043
23.913620000000048
23.680520000000044
23.678900000000045
24.33330000000005
24.280420000000053
23.228120000000043
23.20562000000004
23.95142000000005
24.03410000000005
24.606900000000046
24.41560000000005
24.886400000000055
23.632400000000047
24.48940000000005
23.665400000000044
24.10520000000005
22.378200000000035
22.427500000000038
24.229100000000056
24.01200000000005
22.121400000000033
24.054500000000054
24.07690000000005
22.201300000000035
23.22480000000004
23.22480000000004
22.520800000000037
23.522800000000043
22.159600000000033
23.194100000000034
21.95470000000003
23.57580000000004
22.13570000000003
21.041520000000027
22.76090000000003
20.756820000000022
22.683400000000038
22.544600000000035
21.217220000000026
20.230000000000015
19.582220000000017
19.83990000000001
20.16120000000002
18.82810000000001
20.135700000000018
18.932700000000004
18.653200000000002
15.870399999999968
15.71841999999997
15.644819999999969
15.483699999999969
15.698699999999972
15.933799999999962
24.84640000000005
15.47879999999997
15.71589999999997
15.394419999999974
24.364420000000052
14.763799999999975
15.351519999999969
15.794399999999971
24.32720000000005
15.470819999999968
14.828299999999972
14.855219999999973
14.130599999999978
14.189299999999971
13.607199999999976
13.151219999999979
13.413099999999975
12.59591999999998
12.52169999999998
12.180819999999983
12.582119999999978
11.890219999999985
11.880699999999985
12.019099999999987
12.019099999999987
11.390619999999986
11.469199999999988
11.607599999999989
11.607599999999989
10.996399999999987
11.476719999999986
9.882399999999992
10.366419999999989
9.614799999999995
9.385899999999996
10.22369999999999
9.595219999999994
9.075419999999998
8.651399999999999
10.696199999999987
7.667520000000005
7.498200000000004
8.217100000000002
7.084720000000004
7.834100000000006
7.386600000000004
23.367220000000046
6.838100000000005
7.555900000000005
6.178620000000004
6.674100000000005
7.339400000000004
6.586220000000004
3.839800000000003
4.285320000000002
6.1845000000000026
6.955700000000004
3.7420000000000018
5.860300000000002
4.004400000000003
4.089900000000003
1.3921999999999999
4.176920000000003
4.9715000000000025
3.527820000000002
2.283720000000001
2.2923
2.697200000000001
3.7988000000000026
2.7997200000000015
1.3659
1.5824
1.7127000000000001
1.8966
2.6542000000000017
5.301900000000002
1.3404
0.5396
22.92762000000004
1.4489
0.546
0.546
0.6947
24.310620000000053
0.6361
22.940800000000035
8.203400000000004
24.931900000000056
25.44432000000005
24.677800000000044
24.74510000000006
24.310620000000053
22.96560000000004
25.404400000000063
25.11160000000005
25.31620000000004
24.422900000000045
24.250200000000046
19.225800000000007
19.225800000000007
14.017799999999978
14.453299999999976
14.453299999999976
23.95240000000004
21.635700000000025
