3.8220097814763685
3.8404632512075
3.8404632512075
3.8404632512075
3.8404632512075
3.707141322390048
4.270254224989968
2.834577893384445
2.834577893384445
2.834577893384445
4.289055376530375
4.519978784767542
4.291982308523066
4.291982308523066
4.291982308523066
4.291982308523066
4.291982308523066
4.291982308523066
4.291982308523066
4.291982308523066
4.291982308523066
4.291982308523066
4.291982308523066
4.291982308523066
4.291982308523066
4.291982308523066
4.291982308523066
4.291982308523066
4.291982308523066
4.291982308523066
4.291982308523066
4.291982308523066
4.291982308523066
4.291982308523066
4.291982308523066
4.291982308523066
4.79585596236922
4.79585596236922
4.79585596236922
4.79585596236922
4.79585596236922
3.188890226332717
3.188890226332717
3.188890226332717
4.0259311409200125
3.7677049870641985
3.7677049870641985
3.310673871710918
3.310673871710918
3.310673871710918
3.310673871710918
3.310673871710918
3.310673871710918
3.310673871710918
3.310673871710918
3.310673871710918
3.310673871710918
3.310673871710918
3.310673871710918
3.310673871710918
3.310673871710918
3.310673871710918
3.310673871710918
3.310673871710918
3.310673871710918
3.438970550076517
3.00179170124216
3.466290427149503
4.296267693138452
5.3479435357647205
4.205521389299367
4.205521389299367
4.205521389299367
4.205521389299367
4.205521389299367
4.205521389299367
4.205521389299367
4.205521389299367
4.205521389299367
4.205521389299367
4.205521389299367
4.205521389299367
4.205521389299367
4.205521389299367
4.205521389299367
4.205521389299367
4.205521389299367
4.205521389299367
4.205521389299367
4.205521389299367
4.205521389299367
4.205521389299367
4.205521389299367
4.205521389299367
4.205521389299367
4.205521389299367
4.205521389299367
4.205521389299367
4.205521389299367
4.205521389299367
4.205521389299367
4.205521389299367
4.205521389299367
4.798348864710962
3.5635806936928196
3.5635806936928196
3.3752617312599043
3.3752617312599043
3.3752617312599043
4.376906045938916
2.9568810494944486
3.3336573639225815
3.3336573639225815
3.3336573639225815
3.3336573639225815
3.3336573639225815
3.3336573639225815
3.3336573639225815
3.624721123030925
3.624721123030925
3.624721123030925
3.624721123030925
3.624721123030925
3.624721123030925
3.555453323388706
2.4917515161589687
2.4917515161589687
2.4917515161589687
2.4917515161589687
4.10043516802738
3.38190060631418
3.38190060631418
3.38190060631418
3.38190060631418
3.38190060631418
3.38190060631418
3.38190060631418
3.38190060631418
3.38190060631418
3.38190060631418
3.38190060631418
3.38190060631418
3.38190060631418
3.38190060631418
3.38190060631418
3.38190060631418
3.38190060631418
3.38190060631418
3.38190060631418
3.38190060631418
3.38190060631418
3.38190060631418
3.38190060631418
3.38190060631418
3.38190060631418
3.38190060631418
3.38190060631418
3.38190060631418
3.38190060631418
3.38190060631418
3.38190060631418
3.38190060631418
3.38190060631418
3.38190060631418
3.38190060631418
3.38190060631418
3.38190060631418
3.38190060631418
3.38190060631418
3.38190060631418
3.38190060631418
3.38190060631418
3.38190060631418
3.38190060631418
3.38190060631418
3.38190060631418
3.38190060631418
3.38190060631418
3.38190060631418
3.38190060631418
3.38190060631418
3.38190060631418
3.38190060631418
3.38190060631418
3.38190060631418
3.38190060631418
3.38190060631418
3.38190060631418
3.38190060631418
3.38190060631418
3.38190060631418
3.38190060631418
3.38190060631418
3.38190060631418
3.38190060631418
3.38190060631418
3.6854082986218737
3.6854082986218737
4.908758064289942
3.182654164925628
4.9229629331975975
3.545071928039868
5.512311375540795
4.7301559623692215
3.60571450807507
3.026554824212382
5.098634577167912
3.3950890327573813
3.3950890327573813
3.3950890327573813
3.3950890327573813
3.3950890327573813
3.3950890327573813
3.3950890327573813
3.3950890327573813
3.3950890327573813
3.3950890327573813
3.3950890327573813
3.3950890327573813
3.3950890327573813
3.3950890327573813
3.3950890327573813
3.3950890327573813
3.3950890327573813
3.3950890327573813
3.3950890327573813
3.3950890327573813
3.3950890327573813
3.3950890327573813
3.3950890327573813
3.3950890327573813
4.089706245739116
3.473103937520799
2.816028147765234
3.9275968097941103
3.238382404437477
3.238382404437477
3.238382404437477
3.238382404437477
3.238382404437477
3.238382404437477
3.238382404437477
3.238382404437477
3.238382404437477
3.238382404437477
3.238382404437477
3.238382404437477
3.238382404437477
3.238382404437477
3.238382404437477
3.238382404437477
3.238382404437477
3.238382404437477
3.238382404437477
3.238382404437477
3.238382404437477
3.238382404437477
3.238382404437477
3.238382404437477
3.238382404437477
3.238382404437477
3.238382404437477
3.238382404437477
3.238382404437477
3.238382404437477
3.238382404437477
3.238382404437477
3.238382404437477
3.238382404437477
2.6539305856921374
2.6539305856921374
2.6539305856921374
2.6539305856921374
2.6539305856921374
2.6539305856921374
2.6539305856921374
2.6539305856921374
3.3718509806926757
3.3718509806926757
3.3718509806926757
3.3718509806926757
3.3718509806926757
2.9029431241777637
3.44826027425996
3.44826027425996
3.44826027425996
3.44826027425996
3.5535903638081034
3.5535903638081034
3.5535903638081034
2.7018666093036945
2.7018666093036945
2.7018666093036945
2.7018666093036945
2.7018666093036945
2.7018666093036945
3.124378505115752
3.269728577207607
3.269728577207607
3.269728577207607
3.269728577207607
3.269728577207607
3.269728577207607
3.269728577207607
3.269728577207607
3.269728577207607
3.269728577207607
3.269728577207607
3.269728577207607
3.269728577207607
3.269728577207607
3.269728577207607
3.269728577207607
3.269728577207607
3.269728577207607
3.269728577207607
3.269728577207607
3.269728577207607
3.269728577207607
3.269728577207607
3.269728577207607
3.269728577207607
3.269728577207607
3.269728577207607
3.269728577207607
3.269728577207607
3.269728577207607
3.269728577207607
3.269728577207607
3.269728577207607
3.269728577207607
3.269728577207607
3.269728577207607
3.269728577207607
3.269728577207607
3.269728577207607
3.269728577207607
3.269728577207607
3.269728577207607
3.269728577207607
3.269728577207607
3.269728577207607
3.269728577207607
3.269728577207607
3.269728577207607
3.269728577207607
3.269728577207607
3.269728577207607
3.269728577207607
3.269728577207607
3.269728577207607
3.269728577207607
3.269728577207607
3.269728577207607
3.269728577207607
3.269728577207607
3.269728577207607
3.269728577207607
3.269728577207607
3.269728577207607
3.269728577207607
3.269728577207607
3.269728577207607
3.269728577207607
3.269728577207607
3.269728577207607
3.269728577207607
3.269728577207607
3.269728577207607
3.269728577207607
3.269728577207607
3.269728577207607
3.269728577207607
3.269728577207607
3.269728577207607
3.269728577207607
3.269728577207607
3.269728577207607
3.269728577207607
3.269728577207607
3.269728577207607
3.269728577207607
3.269728577207607
3.269728577207607
3.269728577207607
3.269728577207607
3.269728577207607
3.269728577207607
3.269728577207607
3.269728577207607
3.269728577207607
3.269728577207607
3.269728577207607
3.269728577207607
3.269728577207607
3.269728577207607
3.269728577207607
3.269728577207607
3.269728577207607
3.269728577207607
3.269728577207607
3.269728577207607
3.269728577207607
3.269728577207607
3.269728577207607
3.269728577207607
3.269728577207607
3.269728577207607
3.269728577207607
3.269728577207607
3.269728577207607
3.4716791975550017
3.4716791975550017
3.4716791975550017
3.4716791975550017
3.586417187431639
3.6961116921775456
3.8664465937180506
3.106668240212045
3.9370986577058416
3.5259559449984046
4.4057849922288295
3.742038671076731
3.499204834843418
4.198411635044487
3.946045367387061
3.410792301988149
5.151958282600164
3.5561934994439586
3.9107299484489975
4.72620588735726
3.7133975479267853
3.4988932963818797
5.019311473374341
3.513533173668246
4.336966085836885
4.423802519005849
5.310869341209735
3.2894823484127933
4.571215668921834
3.567854830472979
3.3566669014788975
4.0567454626626525
3.0022301611184226
4.1826503746181665
5.914790156275488
4.584611057789293
3.297231041426615
3.297231041426615
2.359806485975561
3.1050407536364615
5.028470327680943
4.561376551830933
3.8104757685013917
3.3393888444909052
4.458442280813241
4.214672745942099
4.8986544454629515
3.9459218561384386
3.8634005226012036
4.631991982388463
3.7046279290304938
5.306308289757176
5.382211342915471
4.112161902906519
4.564408063996934
4.179562583346401
3.3359589651357453
3.3359589651357453
2.701044842026315
4.1583586098413505
3.298784645381435
4.438396305126738
3.973858199110257
3.9283658451190533
4.07778094496803
4.3544362695153005
2.6171324713630852
4.622817162815548
3.057204713649309
5.047661673504162
3.669121765103238
3.7758928914498613
6.118762429335272
4.73674768303409
4.492506380487854
7.3284153846153846
7.3284153846153846
5.053116577788423
5.37528497612075
3.674013102715935
5.234237763262608
5.345801797570765
4.166746886238747
6.663520408972924
5.162589781483295
5.458370186603533
4.886870946202693
6.110549552302249
4.92158137061424
