[0.00091807]
[0.00091807]
[0.00091807]
[0.00091809]
[0.00091809]
[0.00091809]
[0.00091811]
[0.00091811]
[0.00091811]
[0.00091811]
[0.00091811]
[0.00091811]
[0.00091811]
[0.00091807]
[0.00091807]
[0.00091807]
[0.00091807]
[0.0009182]
[0.0009182]
[0.0009182]
[0.0009182]
[0.0009182]
[0.0009182]
[0.0009182]
[0.0009182]
[0.0009182]
[0.0009182]
[0.0009182]
[0.0009182]
[0.0009182]
[0.0009182]
[0.0009182]
[0.0009182]
[0.0009182]
[0.0009182]
[0.0009182]
[0.0009182]
[0.0009182]
[0.0009182]
[0.0009182]
[0.0009182]
[0.0009182]
[0.0009182]
[0.0009182]
[0.0009182]
[0.0009182]
[0.0009182]
[0.0009182]
[0.0009182]
[0.0009182]
[0.0009182]
[0.0009182]
[0.0009182]
[0.0009182]
[0.0009182]
[0.0009182]
[0.0009182]
[0.0009182]
[0.0009182]
[0.0009182]
[0.0009182]
[0.0009182]
[0.0009182]
[0.0009182]
[0.0009182]
[0.0009182]
[0.0009182]
[0.0009182]
[0.0009182]
[0.0009182]
[0.0009182]
[0.0009182]
[0.0009182]
[0.0009182]
[0.0009182]
[0.0009182]
[0.0009182]
[0.0009182]
[0.0009182]
[0.0009182]
[0.0009182]
[0.0009182]
[0.0009182]
[0.0009182]
[0.0009182]
[0.0009182]
[0.0009182]
[0.0009182]
[0.0009182]
[0.0009182]
[0.0009182]
[0.0009182]
[0.0009182]
[0.0009182]
[0.0009182]
[0.0009182]
[0.0009182]
[0.0009182]
[0.0009182]
[0.0009182]
[0.0009182]
[0.0009182]
[0.0009182]
[0.0009182]
[0.0009182]
[0.0009182]
[0.0009182]
[0.0009182]
[0.0009182]
[0.0009182]
[0.0009182]
[0.0009182]
[0.0009182]
[0.0009182]
[0.0009182]
[0.0009182]
[0.0009182]
[0.0009182]
[0.0009182]
[0.0009182]
[0.0009182]
[0.0009182]
[0.0009182]
[0.0009182]
[0.0009182]
[0.0009182]
[0.0009182]
[0.0009182]
[0.0009182]
[0.0009182]
[0.0009182]
[0.0009182]
[0.0009182]
[0.0009182]
[0.0009182]
[0.0009182]
[0.0009182]
[0.0009182]
[0.0009182]
[0.0009182]
[0.0009182]
[0.0009182]
[0.0009182]
[0.0009182]
[0.0009182]
[0.0009182]
[0.0009182]
[0.0009182]
[0.0009182]
[0.0009182]
[0.0009182]
[0.0009182]
[0.0009182]
[0.0009182]
[0.0009182]
[0.0009182]
[0.0009182]
[0.0009182]
[0.0009182]
[0.0009182]
[0.0009182]
[0.0009182]
[0.0009182]
[0.0009182]
[0.0009182]
[0.0009182]
[0.0009182]
[0.0009182]
[0.0009182]
[0.0009182]
[0.0009182]
[0.0009182]
[0.0009182]
[0.0009182]
[0.0009182]
[0.0009182]
[0.0009182]
[0.0009182]
[0.0009182]
[0.0009182]
[0.0009182]
[0.0009182]
[0.0009182]
[0.0009182]
[0.0009182]
[0.0009182]
[0.0009182]
[0.0009182]
[0.0009182]
[0.0009182]
[0.0009182]
[0.0009182]
[0.0009182]
[0.0009182]
[0.0009182]
[0.0009182]
[0.0009182]
[0.0009182]
[0.0009182]
[0.0009182]
[0.0009182]
[0.0009182]
[0.0009182]
[0.0009182]
[0.0009182]
[0.0009182]
[0.0009182]
[0.0009182]
[0.0009182]
[0.0009182]
[0.0009182]
[0.0009182]
[0.0009182]
[0.0009182]
[0.0009182]
[0.0009182]
[0.0009182]
[0.0009182]
[0.0009182]
[0.0009182]
[0.0009182]
[0.0009182]
[0.0009182]
[0.0009182]
[0.0009182]
[0.0009182]
[0.0009182]
[0.0009182]
[0.0009182]
[0.0009182]
[0.0009182]
[0.0009182]
[0.0009182]
[0.0009182]
[0.0009182]
[0.0009182]
[0.0009182]
[0.0009182]
[0.0009182]
[0.0009182]
[0.0009182]
[0.0009182]
[0.0009182]
[0.0009182]
[0.0009182]
[0.0009182]
[0.0009182]
[0.0009182]
[0.0009182]
[0.0009182]
[0.0009182]
[0.0009182]
[0.0009182]
[0.0009182]
[0.0009182]
[0.0009182]
[0.0009182]
[0.0009182]
[0.0009182]
[0.0009182]
[0.0009182]
[0.0009182]
[0.0009182]
[0.0009182]
[0.0009182]
[0.0009182]
[0.0009182]
[0.0009182]
[0.0009182]
[0.0009182]
[0.0009182]
[0.0009182]
[0.0009182]
[0.0009182]
[0.0009182]
[0.0009182]
[0.0009182]
[0.0009182]
[0.0009182]
[0.0009182]
[0.0009182]
[0.0009182]
[0.0009182]
[0.0009182]
[0.0009182]
[0.0009182]
[0.0009182]
[0.0009182]
[0.0009182]
[0.0009182]
[0.0009182]
[0.0009182]
[0.0009182]
[0.0009182]
[0.0009182]
[0.0009182]
[0.0009182]
[0.0009182]
[0.0009182]
[0.0009182]
[0.0009182]
[0.0009182]
[0.0009182]
[0.0009182]
[0.0009182]
[0.0009182]
[0.0009182]
[0.0009182]
[0.0009182]
[0.0009182]
[0.0009182]
[0.0009182]
[0.0009182]
[0.0009182]
[0.0009182]
[0.0009182]
[0.0009182]
[0.0009182]
[0.0009182]
[0.0009182]
[0.0009182]
[0.0009182]
[0.0009182]
[0.0009182]
[0.0009182]
[0.0009182]
[0.0009182]
[0.0009182]
[0.0009182]
[0.0009182]
[0.0009182]
[0.0009182]
[0.0009182]
[0.0009182]
[0.0009182]
[0.0009182]
[0.0009182]
[0.0009182]
[0.0009182]
[0.0009182]
[0.0009182]
[0.0009182]
[0.0009182]
[0.0009182]
[0.0009182]
[0.00091809]
[0.00091809]
[0.00091809]
[0.00091809]
[0.00091809]
[0.00091809]
[0.00091813]
[0.00091813]
[0.00091824]
[0.00091806]
[0.0009181]
[0.00091825]
[0.00091822]
[0.00091822]
[0.00091822]
[0.00091823]
[0.00091823]
[0.00091823]
[0.00091823]
[0.00091815]
[0.0009182]
[0.00091825]
[0.00091815]
[0.00091815]
[0.00091825]
[0.00091825]
[0.00091822]
[0.00091825]
[0.00091825]
[0.00091825]
[0.00091813]
[0.00091825]
[0.00091823]
[0.00091825]
[0.00091825]
[0.00091825]
[0.00091816]
[0.00091825]
[0.00091825]
[0.00091813]
[0.00091826]
[0.00091823]
[0.00091824]
[0.00091823]
[0.00091818]
[0.00091818]
[0.00091818]
[0.00091806]
[0.00091828]
[0.00091828]
[0.00091828]
[0.00091828]
[0.00091828]
[0.00091828]
[0.00091816]
[0.00091815]
[0.00091829]
[0.00091831]
[0.00091827]
[0.00091823]
[0.00091823]
[0.00091823]
[0.00091826]
[0.00091818]
[0.00091833]
[0.00091833]
[0.00091833]
[0.00091833]
[0.00091815]
[0.00091839]
[0.00091855]
[0.00091828]
[0.0009184]
[0.0009188]
[0.0009188]
[0.0009188]
[0.00091869]
[0.00091943]
[0.00091905]
[0.00091907]
[0.00091875]
[0.00091885]
[0.00091989]
[0.00091954]
[0.00091999]
[0.00091994]
[0.00092045]
[0.00092227]
[0.00092444]
[0.0009234]
[0.00092898]
[0.00093356]
[0.00093356]
[0.00093356]
[0.00092945]
[0.00092948]
[0.00093379]
[0.00093356]
[0.0009412]
[0.00093324]
[0.00093324]
[0.00093324]
[0.00093324]
[0.00093324]
[0.00093324]
[0.00093324]
[0.00093324]
[0.00093324]
[0.00093324]
[0.00093324]
[0.00093141]
[0.00093219]
[0.00092959]
[0.00093332]
[0.00093632]
[0.00093246]
[0.00094563]
[0.00093723]
[0.00093115]
[0.00093115]
[0.00093239]
[0.00093239]
[0.00093209]
[0.00093449]
[0.00093395]
[0.0009312]
[0.00093462]
[0.00094114]
[0.00094202]
[0.00095347]
[0.00099934]
[0.00105818]
[0.00096984]
[0.00329644]
[0.00329644]
[0.00202313]
[0.00202313]
[0.00158269]
[0.00161269]
[0.00143594]
[0.0017175]
[0.00136026]
[0.00120337]
[0.00126033]
[0.00126033]
[0.00126033]
[0.00126033]
[0.00126033]
[0.00126033]
[0.00126033]
[0.00127607]
[0.00173148]
[0.00096211]
[0.00098541]
[0.00091998]
