5.27786121087757
5.27786121087757
5.27786121087757
5.27786121087757
5.27786121087757
5.27786121087757
5.27786121087757
5.27786121087757
5.27786121087757
5.27786121087757
5.27786121087757
5.27786121087757
5.27786121087757
5.27786121087757
5.27786121087757
5.27786121087757
5.27786121087757
5.27786121087757
5.27786121087757
5.27786121087757
5.27786121087757
5.27786121087757
5.27786121087757
5.27786121087757
5.27786121087757
5.27786121087757
5.27786121087757
5.27786121087757
5.27786121087757
5.27786121087757
5.27786121087757
5.27786121087757
5.27786121087757
5.27786121087757
5.27786121087757
5.27786121087757
5.27786121087757
5.27786121087757
5.27786121087757
5.27786121087757
5.27786121087757
5.27786121087757
5.27786121087757
5.27786121087757
5.27786121087757
5.27786121087757
5.27786121087757
5.27786121087757
5.27786121087757
5.27786121087757
5.27786121087757
5.27786121087757
5.27786121087757
5.27786121087757
5.27786121087757
5.27786121087757
5.27786121087757
5.27786121087757
5.27786121087757
5.27786121087757
5.27786121087757
5.27786121087757
5.27786121087757
5.27786121087757
5.27786121087757
5.27786121087757
5.27786121087757
5.27786121087757
5.27786121087757
5.27786121087757
5.27786121087757
5.27786121087757
5.27786121087757
5.27786121087757
5.27786121087757
5.27786121087757
5.27786121087757
5.27786121087757
5.27786121087757
5.27786121087757
5.27786121087757
5.27786121087757
5.27786121087757
5.27786121087757
5.309904965151001
5.353729278856104
5.816865570485058
5.816865570485058
5.816865570485058
5.816865570485058
5.816865570485058
5.816865570485058
5.816865570485058
5.816865570485058
5.816865570485058
5.816865570485058
5.816865570485058
5.816865570485058
5.816865570485058
5.816865570485058
5.816865570485058
5.816865570485058
5.816865570485058
5.816865570485058
5.816865570485058
5.816865570485058
5.816865570485058
5.816865570485058
5.816865570485058
5.816865570485058
5.816865570485058
5.816865570485058
5.816865570485058
5.816865570485058
5.816865570485058
5.816865570485058
5.816865570485058
5.816865570485058
5.816865570485058
5.816865570485058
5.816865570485058
5.577140996208519
5.577140996208519
5.577140996208519
5.577140996208519
5.577140996208519
5.577140996208519
5.577140996208519
5.577140996208519
5.577140996208519
5.577140996208519
5.577140996208519
5.577140996208519
5.577140996208519
5.577140996208519
5.577140996208519
5.704185075979564
5.3404087958507365
5.791043317737805
5.791043317737805
5.7606074775629015
5.7606074775629015
5.7606074775629015
5.7606074775629015
5.7606074775629015
5.7606074775629015
5.7606074775629015
5.7606074775629015
5.7606074775629015
5.7606074775629015
5.7606074775629015
5.7606074775629015
5.7606074775629015
5.7606074775629015
5.7606074775629015
5.7606074775629015
5.7606074775629015
5.7606074775629015
5.7606074775629015
5.7606074775629015
5.7606074775629015
5.7606074775629015
5.7606074775629015
5.7606074775629015
5.7606074775629015
5.7606074775629015
5.7606074775629015
5.7606074775629015
5.7606074775629015
5.7606074775629015
5.7606074775629015
5.7606074775629015
5.7606074775629015
5.7606074775629015
5.7606074775629015
5.7606074775629015
5.7606074775629015
5.7606074775629015
5.7606074775629015
5.7606074775629015
5.7606074775629015
5.7606074775629015
5.7606074775629015
5.7606074775629015
5.7606074775629015
5.7606074775629015
5.7606074775629015
5.7606074775629015
5.7606074775629015
5.7606074775629015
5.7606074775629015
5.7606074775629015
5.7606074775629015
5.7606074775629015
5.7606074775629015
5.7606074775629015
5.7606074775629015
5.7606074775629015
5.7606074775629015
5.7606074775629015
5.7606074775629015
5.7606074775629015
5.7606074775629015
5.7606074775629015
5.7606074775629015
5.7606074775629015
5.7606074775629015
5.7606074775629015
5.7606074775629015
5.7606074775629015
5.7606074775629015
5.7606074775629015
5.7606074775629015
5.7606074775629015
5.7606074775629015
5.7606074775629015
5.7606074775629015
5.7606074775629015
5.7606074775629015
5.7606074775629015
5.7606074775629015
5.7606074775629015
5.7606074775629015
5.7606074775629015
5.7606074775629015
5.7606074775629015
5.7606074775629015
5.7606074775629015
5.7606074775629015
5.7606074775629015
5.7606074775629015
5.7606074775629015
5.7606074775629015
5.7606074775629015
5.7606074775629015
5.7606074775629015
5.7606074775629015
5.7606074775629015
5.7606074775629015
5.7606074775629015
5.7606074775629015
5.7606074775629015
5.7606074775629015
5.7606074775629015
5.7606074775629015
5.7606074775629015
5.7606074775629015
5.7606074775629015
5.7606074775629015
5.7606074775629015
5.7606074775629015
5.7606074775629015
5.7606074775629015
5.7606074775629015
5.7606074775629015
5.7606074775629015
5.7606074775629015
5.7606074775629015
5.7606074775629015
5.7606074775629015
5.7606074775629015
5.7606074775629015
5.7606074775629015
5.7606074775629015
5.7606074775629015
5.7606074775629015
5.7606074775629015
5.7606074775629015
5.7606074775629015
5.7606074775629015
5.7606074775629015
5.7606074775629015
5.7606074775629015
5.7606074775629015
5.7606074775629015
5.7606074775629015
5.7606074775629015
5.7606074775629015
5.7606074775629015
5.7606074775629015
5.7606074775629015
5.7606074775629015
5.7606074775629015
5.7606074775629015
5.7606074775629015
5.7606074775629015
5.7606074775629015
5.7606074775629015
5.7606074775629015
5.7606074775629015
5.7606074775629015
5.7606074775629015
5.7606074775629015
5.7606074775629015
5.7606074775629015
5.7606074775629015
5.7606074775629015
5.7606074775629015
5.7606074775629015
5.7606074775629015
5.7606074775629015
5.7606074775629015
5.7606074775629015
5.7606074775629015
5.7606074775629015
5.7606074775629015
5.7606074775629015
5.7606074775629015
5.7606074775629015
5.7606074775629015
5.7606074775629015
5.7606074775629015
5.7606074775629015
5.7606074775629015
5.7606074775629015
5.7606074775629015
5.7606074775629015
5.7606074775629015
5.7606074775629015
5.7606074775629015
5.7606074775629015
5.7606074775629015
5.7606074775629015
5.7606074775629015
5.7606074775629015
5.7606074775629015
5.7606074775629015
5.7606074775629015
5.7606074775629015
5.7606074775629015
5.7606074775629015
5.7606074775629015
5.7606074775629015
5.7606074775629015
5.7606074775629015
5.7606074775629015
5.7606074775629015
5.7606074775629015
5.7606074775629015
5.7606074775629015
5.7606074775629015
5.7606074775629015
5.7606074775629015
5.7606074775629015
5.7606074775629015
5.7606074775629015
5.7606074775629015
5.7606074775629015
5.7606074775629015
5.7606074775629015
5.443509511414243
5.787023812243301
5.675597516355907
5.675597516355907
5.675597516355907
5.675597516355907
5.745862823232311
5.745862823232311
5.745862823232311
5.745862823232311
5.745862823232311
5.745862823232311
5.745862823232311
5.745862823232311
5.745862823232311
5.745862823232311
5.745862823232311
5.745862823232311
5.745862823232311
5.745862823232311
5.745862823232311
5.745862823232311
5.745862823232311
5.745862823232311
5.745862823232311
5.745862823232311
5.745862823232311
5.745862823232311
5.745862823232311
5.745862823232311
5.745862823232311
5.745862823232311
5.745862823232311
5.745862823232311
5.745862823232311
5.745862823232311
5.745862823232311
5.745862823232311
5.745862823232311
5.745862823232311
5.745862823232311
5.745862823232311
5.745862823232311
5.745862823232311
5.745862823232311
5.745862823232311
5.745862823232311
5.745862823232311
5.745862823232311
5.745862823232311
5.745862823232311
5.745862823232311
5.745862823232311
5.745862823232311
5.745862823232311
5.745862823232311
5.745862823232311
5.745862823232311
5.745862823232311
5.745862823232311
5.745862823232311
5.745862823232311
5.745862823232311
5.745862823232311
5.745862823232311
5.745862823232311
5.745862823232311
5.745862823232311
5.745862823232311
5.745862823232311
5.745862823232311
5.745862823232311
5.745862823232311
5.745862823232311
5.745862823232311
5.745862823232311
5.745862823232311
5.745862823232311
5.745862823232311
5.745862823232311
5.623837884831321
5.766217493561981
5.766217493561981
5.766217493561981
5.766217493561981
5.766217493561981
5.766217493561981
5.766217493561981
5.766217493561981
5.766217493561981
5.766217493561981
5.766217493561981
5.766217493561981
5.766217493561981
5.766217493561981
5.766217493561981
5.766217493561981
5.766217493561981
5.766217493561981
5.766217493561981
5.766217493561981
5.766217493561981
5.766217493561981
5.766217493561981
5.766217493561981
5.766217493561981
5.766217493561981
5.766217493561981
5.766217493561981
5.766217493561981
5.766217493561981
5.766217493561981
5.70370148423904
5.933764960080383
5.844191262074954
5.587776469175545
5.204247102136446
5.70779365755787
4.055804358495216
4.055804358495216
4.055804358495216
4.055804358495216
4.055804358495216
4.001530334315373
4.001530334315373
4.001530334315373
4.001530334315373
4.001530334315373
4.001530334315373
3.8088554184633576
3.8088554184633576
3.9146147735197694
3.8119043141221534
3.8754311709159524
4.111359561442127
4.351395707876914
3.9197142100550177
4.882878900047446
4.174096270585975
4.877179978408337
3.7058310494944484
3.3849611273493814
3.713503620432169
4.4316867444188155
5.8631483990985895
5.868476923076923
5.071792906697798
5.071792906697798
5.090762778484229
5.090762778484229
