[0.1876578]
[0.1876578]
[0.00110927]
[0.00110927]
[0.00110927]
[0.00110927]
[0.00110927]
[0.00110927]
[0.00110927]
[0.00110927]
[0.00110927]
[0.00110927]
[0.00110927]
[0.00110927]
[0.00110927]
[0.00110927]
[0.00110927]
[0.00110927]
[0.00110927]
[0.00110927]
[0.00110927]
[0.00110927]
[0.00110927]
[0.00110927]
[0.00110927]
[0.00110927]
[0.00110927]
[0.00110927]
[0.00110927]
[0.00110927]
[0.00110927]
[0.00110927]
[0.00110927]
[0.00110927]
[0.00110927]
[0.00110927]
[0.00110927]
[0.00110927]
[0.00110927]
[0.00110927]
[0.00110927]
[0.00110927]
[0.00110927]
[0.00110927]
[0.00110927]
[0.00110927]
[0.00110927]
[0.00110927]
[0.00110927]
[0.00110927]
[0.00110927]
[0.00110927]
[0.00110927]
[0.00110927]
[0.00110927]
[0.00110927]
[0.00110927]
[0.00110927]
[0.00110927]
[0.00110927]
[0.00110927]
[0.00110927]
[0.00110927]
[0.00110927]
[0.00110927]
[0.00110927]
[0.00110927]
[0.00110927]
[0.00110927]
[0.00110927]
[0.00110927]
[0.00110927]
[0.00110927]
[0.00110927]
[0.00110927]
[0.00110927]
[0.00110927]
[0.00110927]
[0.00110927]
[0.00110927]
[0.00110927]
[0.00110927]
[0.00110927]
[0.00110927]
[0.00110927]
[0.00110927]
[0.00110927]
[0.00110927]
[0.00110927]
[0.00110927]
[0.00110927]
[0.00110927]
[0.00110927]
[0.00110927]
[0.00110927]
[0.00110927]
[0.00110927]
[0.00110927]
[0.00110927]
[0.00110927]
[0.00110927]
[0.00110927]
[0.00110927]
[0.00110927]
[0.00110927]
[0.00110927]
[0.00110927]
[0.00110927]
[0.00110927]
[0.00110927]
[0.00110927]
[0.00110927]
[0.00110927]
[0.00110927]
[0.00110927]
[0.00110927]
[0.00110927]
[0.00110927]
[0.00110927]
[0.00110927]
[0.00110927]
[0.00110927]
[0.00110927]
[0.00110927]
[0.00110927]
[0.00110927]
[0.00110927]
[0.00110927]
[0.00110927]
[0.00110927]
[0.00110927]
[0.00110927]
[0.00110927]
[0.00110927]
[0.00110927]
[0.00110927]
[0.00110927]
[0.00110927]
[0.00110927]
[0.00110927]
[0.00110927]
[0.00110927]
[0.00110927]
[0.00110927]
[0.00110927]
[0.00110927]
[0.00110927]
[0.00110927]
[0.00110927]
[0.00110927]
[0.00110927]
[0.00110927]
[0.00110927]
[0.00110927]
[0.00110927]
[0.00110927]
[0.00110927]
[0.00110927]
[0.00110927]
[0.00110927]
[0.00110927]
[0.00110927]
[0.00110927]
[0.00110927]
[0.00110927]
[0.00110927]
[0.00110927]
[0.00110927]
[0.00110927]
[0.00110927]
[0.00110927]
[0.00110927]
[0.00110927]
[0.00110927]
[0.00110927]
[0.00110927]
[0.00110927]
[0.00110927]
[0.00110927]
[0.00110927]
[0.00110927]
[0.00110927]
[0.00110927]
[0.00110927]
[0.00110927]
[0.00110927]
[0.00110927]
[0.00110927]
[0.00110927]
[0.00110927]
[0.00110927]
[0.00110927]
[0.00110927]
[0.00110927]
[0.00110927]
[0.00110927]
[0.00110927]
[0.00110927]
[0.00110927]
[0.00110927]
[0.00110927]
[0.00110927]
[0.00110927]
[0.00110927]
[0.00110927]
[0.00110927]
[0.00110927]
[0.00110927]
[0.00110927]
[0.00110927]
[0.00110927]
[0.00110927]
[0.00110927]
[0.00110927]
[0.00110927]
[0.00110927]
[0.00110927]
[0.00110927]
[0.00110927]
[0.00110927]
[0.00110927]
[0.00110927]
[0.00110927]
[0.00110927]
[0.00110927]
[0.00110927]
[0.00110927]
[0.00110927]
[0.00110927]
[0.00110927]
[0.00110927]
[0.00110927]
[0.00110927]
[0.00110927]
[0.00110927]
[0.00110927]
[0.00110927]
[0.00110927]
[0.00110927]
[0.00110927]
[0.00110927]
[0.00110927]
[0.00110927]
[0.00110927]
[0.00110927]
[0.00110927]
[0.00110927]
[0.00110927]
[0.00110927]
[0.00110927]
[0.00110927]
[0.00110927]
[0.00110927]
[0.00110927]
[0.00110927]
[0.00110927]
[0.00110927]
[0.00110927]
[0.00110927]
[0.00110927]
[0.00110927]
[0.00110927]
[0.00110927]
[0.00110927]
[0.00110927]
[0.00110927]
[0.00110927]
[0.00110927]
[0.00110927]
[0.00110927]
[0.00110927]
[0.00110927]
[0.00110927]
[0.00110927]
[0.00110927]
[0.00110927]
[0.00110927]
[0.00110927]
[0.00110927]
[0.00110927]
[0.00110927]
[0.00110927]
[0.00110927]
[0.00110927]
[0.00110927]
[0.00110927]
[0.00110927]
[0.00110927]
[0.00110927]
[0.00110927]
[0.00110927]
[0.00110927]
[0.00110927]
[0.00110927]
[0.00110927]
[0.00110927]
[0.00110927]
[0.00110927]
[0.00110927]
[0.00110927]
[0.00110927]
[0.00110927]
[0.00110927]
[0.00110927]
[0.00110927]
[0.00110927]
[0.00110927]
[0.00110927]
[0.00110927]
[0.00110927]
[0.00110927]
[0.00110927]
[0.00110927]
[0.00110927]
[0.00110927]
[0.00110927]
[0.00110927]
[0.00110927]
[0.00110927]
[0.00110927]
[0.00110927]
[0.00110927]
[0.00110927]
[0.00110927]
[0.00110927]
[0.00110927]
[0.00110927]
[0.00110927]
[0.00110927]
[0.00110927]
[0.00110927]
[0.00110927]
[0.00110927]
[0.00110927]
[0.00110927]
[0.00110927]
[0.00110927]
[0.00110927]
[0.00110927]
[0.00110927]
[0.00110927]
[0.00110927]
[0.00110927]
[0.00110927]
[0.00110927]
[0.00110927]
[0.00110927]
[0.00110927]
[0.00110927]
[0.00110927]
[0.00110927]
[0.00110927]
[0.00110927]
[0.00110927]
[0.00110927]
[0.00110927]
[0.00110927]
[0.00110927]
[0.00110927]
[0.00110927]
[0.00110927]
[0.00110927]
[0.00110927]
[0.00110927]
[0.00110927]
[0.00110927]
[0.00110927]
[0.00110927]
[0.00110927]
[0.00110927]
[0.00110927]
[0.00110927]
[0.00110927]
[0.00110927]
[0.00110927]
[0.00110927]
[0.00110927]
[0.00110927]
[0.00110927]
[0.00110927]
[0.00110927]
[0.00110927]
[0.00110927]
[0.00110927]
[0.00110927]
[0.00110927]
[0.00110927]
[0.00110927]
[0.00110927]
[0.00110927]
[0.00110927]
[0.00110927]
[0.00110927]
[0.00110927]
[0.00110927]
[0.00110927]
[0.00110927]
[0.00110927]
[0.00110927]
[0.00110927]
[0.00110927]
[0.00108607]
[0.00109809]
[0.00109992]
[0.00113847]
[0.00109997]
[0.0011266]
[0.0011266]
[0.0011266]
[0.00112658]
[0.00112658]
[0.00112658]
[0.00113847]
[0.00113847]
[0.00113847]
[0.00113847]
[0.00109965]
[0.00113847]
[0.00109135]
[0.00115494]
[0.00115494]
[0.00112958]
[0.00113851]
[0.00113851]
[0.00110191]
[0.00112933]
[0.00113851]
[0.00112958]
[0.00109109]
[0.00112933]
[0.00114688]
[0.00114688]
[0.00111575]
[0.00111575]
[0.00115494]
[0.00115494]
[0.00114686]
[0.00114686]
[0.00114683]
[0.00114683]
[0.00114681]
[0.00114681]
[0.00114459]
[0.00114459]
[0.00114459]
[0.00114459]
[0.00114459]
[0.00111359]
[0.00117066]
[0.00117066]
[0.00117063]
[0.00110394]
[0.00115563]
[0.00117408]
[0.00114432]
[0.00116759]
[0.00122796]
[0.00121956]
[0.00179051]
[0.00137417]
[0.00162342]
[0.00175287]
[0.0017999]
[0.00250493]
[0.00509535]
[0.00169519]
[0.00291005]
[0.00244706]
[0.00282628]
[0.0033566]
[0.00176136]
[0.00213201]
[0.00212132]
[0.00206383]
[0.00147634]
[0.00137791]
[0.00137791]
[0.00110712]
[0.00081712]
[0.00836229]
[0.00081712]
[0.00081712]
[0.00081712]
[0.00081712]
[0.00081712]
[0.0008215]
[0.00082613]
[0.0019851]
[0.0019851]
[0.0019851]
[0.00081712]
[0.00084637]
[0.00084637]
[0.00084988]
[0.00083131]
[0.0008179]
[0.00087785]
[0.00081616]
[0.00256302]
[0.008295]
