9.850199999999997
9.860899999999996
13.861399999999973
14.18399999999997
10.121919999999994
9.185600000000003
9.790099999999997
10.455199999999992
10.455199999999992
10.455199999999992
13.111499999999978
9.474599999999999
5.128400000000004
13.323199999999977
11.11361999999999
10.378999999999992
12.817599999999977
12.817599999999977
9.835799999999995
5.882300000000003
9.582999999999998
9.582999999999998
6.167700000000005
5.990900000000004
11.00529999999999
12.95899999999998
12.95899999999998
4.414100000000003
12.305099999999982
5.834000000000005
5.777600000000004
4.597100000000003
3.757900000000002
12.51699999999998
12.370099999999983
12.775999999999977
6.705500000000004
12.51699999999998
12.51699999999998
10.542299999999994
12.965999999999978
7.2923000000000044
3.9948000000000023
3.9948000000000023
4.149200000000001
4.149200000000001
3.853200000000002
12.377099999999983
3.853200000000002
12.615499999999981
12.00069999999998
12.840599999999979
4.294500000000003
4.332600000000003
4.332600000000003
8.801969999999999
6.341200000000006
3.9665000000000017
3.9665000000000017
3.9665000000000017
3.9665000000000017
6.468800000000005
6.440600000000005
9.923799999999996
9.923799999999996
11.529999999999985
11.529999999999985
4.589400000000002
3.952300000000002
3.428600000000001
13.026299999999976
12.82039999999998
3.806700000000003
3.806700000000003
5.204500000000005
5.204500000000005
11.879519999999982
10.079599999999996
4.327600000000002
4.327600000000002
12.212299999999981
9.792299999999997
12.63619999999998
6.088500000000005
4.854200000000003
4.074400000000003
3.491500000000001
4.965800000000003
12.934599999999978
12.104199999999983
12.104199999999983
12.104199999999983
12.104199999999983
12.104199999999983
12.104199999999983
3.962200000000001
12.286199999999983
12.286199999999983
4.327200000000003
11.453799999999985
12.371699999999983
5.242970000000004
5.085200000000003
11.891699999999984
12.578999999999981
4.480200000000002
6.1197000000000035
11.804099999999986
5.512000000000004
12.674499999999977
4.362900000000002
6.633400000000004
6.633400000000004
4.737600000000003
4.458200000000002
4.458200000000002
4.500700000000003
4.500700000000003
4.144500000000002
4.144500000000002
4.144500000000002
12.412199999999979
11.815499999999984
3.3080000000000016
12.24251999999998
12.109919999999981
11.672599999999987
4.615200000000002
11.862899999999986
11.948399999999983
6.293100000000004
5.142700000000004
5.142700000000004
5.142700000000004
5.142700000000004
5.142700000000004
4.213800000000003
12.173799999999982
11.745019999999982
4.317100000000002
4.928900000000003
3.351300000000002
4.362900000000002
4.362900000000002
4.362900000000002
4.362900000000002
4.362900000000002
4.362900000000002
4.362900000000002
4.362900000000002
4.362900000000002
4.320400000000002
11.620099999999985
3.3088000000000024
6.864900000000006
11.295399999999987
3.0889000000000006
3.3869000000000016
5.656400000000004
4.117300000000003
3.421800000000001
12.427399999999983
7.2145000000000055
11.228699999999987
2.5935000000000006
2.5935000000000006
2.5935000000000006
2.5935000000000006
5.296200000000004
3.9059000000000026
3.9059000000000026
3.9059000000000026
3.9059000000000026
6.788500000000005
5.509300000000003
12.334119999999983
11.911599999999982
3.5077000000000025
3.8593000000000037
4.5751000000000035
11.965599999999982
11.569099999999988
12.345199999999982
11.766899999999984
5.1536000000000035
5.1536000000000035
5.654100000000004
4.731300000000002
3.732700000000002
5.4082000000000034
5.4082000000000034
12.956399999999979
4.554900000000003
3.8735000000000026
3.8735000000000026
3.8735000000000026
6.123100000000004
6.123100000000004
3.818200000000002
3.818200000000002
3.818200000000002
3.818200000000002
4.532600000000003
4.374400000000003
4.762900000000004
5.563000000000004
11.080999999999989
3.948900000000002
3.948900000000002
3.948900000000002
6.739000000000006
6.739000000000006
6.739000000000006
6.739000000000006
6.739000000000006
6.739000000000006
4.813600000000003
11.944019999999986
2.763
3.368000000000001
3.368000000000001
3.7828000000000017
4.6068000000000024
5.272100000000004
2.8714000000000013
11.833299999999983
5.608200000000004
3.4086000000000016
5.418600000000003
4.762900000000004
4.762900000000004
3.3668000000000022
3.3668000000000022
4.386600000000002
4.417100000000002
3.5238000000000014
7.192200000000005
4.431300000000003
2.9254000000000007
2.6477000000000004
3.5010000000000012
12.517499999999979
5.058800000000002
4.132100000000003
5.174500000000004
5.785020000000004
5.785020000000004
5.785020000000004
5.785020000000004
8.196270000000004
5.243600000000003
5.243600000000003
5.243600000000003
5.243600000000003
5.065100000000003
6.700300000000005
11.291499999999989
5.476600000000003
5.476600000000003
5.476600000000003
5.476600000000003
5.476600000000003
5.476600000000003
4.640400000000003
5.064700000000004
5.443500000000004
3.748300000000003
4.402300000000002
4.402300000000002
4.882000000000003
4.882000000000003
5.3949200000000035
5.3949200000000035
4.236200000000001
4.303400000000003
11.704579999999986
3.7650000000000023
3.119600000000001
4.544800000000002
3.443900000000002
3.443900000000002
5.178900000000003
5.178900000000003
4.520300000000002
3.9102000000000023
4.686400000000003
4.686400000000003
5.193100000000004
4.831300000000003
4.317600000000002
4.371500000000002
4.317600000000002
4.898400000000004
5.965000000000004
3.2323000000000004
4.822770000000003
4.842200000000003
4.842200000000003
3.818900000000003
5.040200000000003
5.040200000000003
5.040200000000003
5.040200000000003
4.089400000000002
4.089400000000002
4.089400000000002
4.831300000000003
4.831300000000003
4.831300000000003
6.421120000000005
3.836000000000002
5.1033000000000035
3.3157000000000014
2.8817000000000013
10.902799999999989
4.863800000000003
5.409200000000004
5.409200000000004
3.410800000000001
4.645600000000003
4.788800000000003
9.258300000000004
11.385299999999988
2.8992000000000004
2.7605000000000004
4.746300000000002
4.452000000000003
5.318100000000002
5.687800000000004
9.211969999999997
4.473100000000003
6.548720000000004
5.338100000000003
2.528900000000001
3.140600000000002
7.565600000000006
2.990800000000001
4.945300000000003
4.261800000000004
5.965600000000005
6.517100000000005
3.8607000000000022
2.2828999999999997
3.3649000000000013
5.206300000000004
4.462800000000003
3.8721000000000023
5.6871000000000045
4.017000000000002
4.158300000000002
8.155500000000004
3.3247000000000027
3.7492000000000028
5.725220000000005
3.444700000000002
4.018100000000002
3.3103000000000016
3.2376000000000014
3.180900000000001
4.4832000000000045
4.439300000000002
4.574000000000003
6.746000000000004
4.569500000000003
3.9600000000000026
3.7199000000000018
3.842100000000002
4.176500000000002
4.542300000000004
2.0431
5.564300000000005
3.3417000000000012
3.4902000000000024
4.811500000000003
4.587670000000004
3.784200000000002
5.677220000000004
4.429700000000004
2.6627
2.6627
5.107400000000004
3.492700000000002
3.8956000000000017
5.056000000000004
4.125600000000004
5.614620000000004
3.238200000000001
4.156900000000003
2.630000000000001
3.7697000000000025
2.870400000000001
4.225500000000004
4.225500000000004
4.225500000000004
4.587100000000003
2.990120000000001
3.6244000000000014
5.512920000000004
3.930200000000002
3.8354000000000026
3.2257000000000016
5.980700000000005
2.7628000000000013
4.028400000000003
2.6870000000000003
3.6808000000000023
2.544400000000001
2.4080000000000004
3.5000000000000027
2.3346999999999998
13.087099999999976
5.012600000000003
3.668000000000003
4.536970000000003
5.533500000000004
5.342300000000003
3.274400000000001
3.653900000000002
2.8901000000000012
6.5377000000000045
1.1875
1.3960999999999997
4.147000000000003
3.921700000000002
3.3897000000000013
2.0015
1.3697
3.4167000000000014
3.3878000000000013
4.280500000000003
4.179300000000003
1.8881
2.0714999999999995
4.925500000000004
2.987000000000002
4.715400000000003
1.5771
3.262500000000002
3.774300000000002
3.806000000000002
1.3144999999999998
0.7561
2.729300000000001
5.519200000000004
0.982
5.443400000000004
4.794800000000004
5.459500000000004
-0.13679999999999998
2.1712
2.0837000000000003
3.5244000000000018
0.1461
4.501300000000003
4.472900000000003
1.6981
6.241500000000005
2.725600000000001
1.9598999999999998
4.739700000000004
0.4283000000000001
0.6448
0.38580000000000014
-0.17039999999999988
-0.17039999999999988
0.03489999999999999
4.020000000000002
3.7905000000000024
1.6002
0.16199999999999998
5.648900000000004
3.4487000000000023
12.088119999999986
7.876700000000008
11.953899999999981
3.1812000000000014
4.634200000000003
3.741500000000003
4.079500000000003
5.3754000000000035
3.3935000000000013
2.5893000000000006
3.382200000000002
3.943500000000003
4.580400000000003
11.511999999999984
3.8984000000000014
5.648900000000003
6.893700000000007
10.437199999999992
4.911300000000003
5.524800000000004
4.932100000000003
4.797900000000003
5.289300000000004
4.452700000000004
3.9948000000000032
12.79959999999998
3.481900000000002
13.728019999999972
