[0.15126656]
[0.1418788]
[0.04609641]
[0.04371747]
[0.04371747]
[0.04371747]
[0.04371747]
[0.04371747]
[0.04371747]
[0.04371747]
[0.04371747]
[0.04371747]
[0.04371747]
[0.04371747]
[0.04371747]
[0.04371747]
[0.04371747]
[0.04371747]
[0.04371747]
[0.02653698]
[0.0284235]
[0.00054114]
[0.00054114]
[0.00054114]
[0.00054114]
[0.00054114]
[0.00054114]
[0.00054114]
[0.00054114]
[0.00054114]
[0.00054114]
[0.00054114]
[0.00054114]
[0.00054114]
[0.00054114]
[0.00054114]
[0.00054114]
[0.00054114]
[0.00054114]
[0.00054114]
[0.00054114]
[0.00054114]
[0.00054114]
[0.00054114]
[0.00054114]
[0.00054114]
[0.00054114]
[0.00054114]
[0.00054114]
[0.00054114]
[0.00054114]
[0.00054114]
[0.00054114]
[0.00054114]
[0.00054114]
[0.00054114]
[0.00054114]
[0.00054114]
[0.00054114]
[0.00054114]
[0.00054114]
[0.00054114]
[0.00054114]
[0.00054114]
[0.00054114]
[0.00054114]
[0.00054114]
[0.00054114]
[0.00054114]
[0.00054114]
[0.00054114]
[0.00054114]
[0.00054114]
[0.00054114]
[0.00054114]
[0.00054114]
[0.00054114]
[0.00054114]
[0.00054114]
[0.00054114]
[0.00054114]
[0.00054114]
[0.00054114]
[0.00054114]
[0.00054114]
[0.00054114]
[0.00054114]
[0.00054114]
[0.00054114]
[0.00054114]
[0.00054114]
[0.00054114]
[0.00054114]
[0.00054114]
[0.00054114]
[0.00054114]
[0.00054114]
[0.00054114]
[0.00054114]
[0.00054114]
[0.00054114]
[0.00054114]
[0.00054114]
[0.00054114]
[0.00054114]
[0.00054114]
[0.00054114]
[0.00054114]
[0.00054114]
[0.00054114]
[0.00054114]
[0.00054114]
[0.00054114]
[0.00054114]
[0.00054114]
[0.00054114]
[0.00054114]
[0.00054114]
[0.00054114]
[0.00054114]
[0.00054114]
[0.00054114]
[0.00054114]
[0.00054114]
[0.00054114]
[0.00054114]
[0.00054114]
[0.00054114]
[0.00054114]
[0.00054114]
[0.00054114]
[0.00054114]
[0.00054114]
[0.00054114]
[0.00054114]
[0.00054114]
[0.00054114]
[0.00054114]
[0.00054114]
[0.00054114]
[0.00054114]
[0.00054114]
[0.00054114]
[0.00054114]
[0.00054114]
[0.00054114]
[0.00054114]
[0.00054114]
[0.00054114]
[0.00054114]
[0.00054114]
[0.00054114]
[0.00054114]
[0.00054114]
[0.00054114]
[0.00054114]
[0.00054114]
[0.00054114]
[0.00054114]
[0.00054114]
[0.00054114]
[0.00054114]
[0.00054114]
[0.00054114]
[0.00054114]
[0.00054114]
[0.00054114]
[0.00054114]
[0.00054114]
[0.00054114]
[0.00054114]
[0.00054114]
[0.00054114]
[0.00054114]
[0.00054114]
[0.00054114]
[0.00054114]
[0.00054114]
[0.00054114]
[0.00054114]
[0.00054114]
[0.00054114]
[0.00054114]
[0.00054114]
[0.00054114]
[0.00054114]
[0.00054114]
[0.00054114]
[0.00054114]
[0.00054114]
[0.00054114]
[0.00054114]
[0.00054114]
[0.00054114]
[0.00054114]
[0.00054114]
[0.00054114]
[0.00054114]
[0.00054114]
[0.00054114]
[0.00054114]
[0.00054114]
[0.00054114]
[0.00054114]
[0.00054114]
[0.00054114]
[0.00054114]
[0.00054114]
[0.00054114]
[0.00054114]
[0.00054114]
[0.00054114]
[0.00054114]
[0.00054114]
[0.00054114]
[0.00054114]
[0.00054114]
[0.00054114]
[0.00054114]
[0.00054114]
[0.00054114]
[0.00054114]
[0.00054114]
[0.00054114]
[0.00054114]
[0.00054114]
[0.00054114]
[0.00054114]
[0.00054114]
[0.00054114]
[0.00054114]
[0.00054114]
[0.00054114]
[0.00054114]
[0.00054114]
[0.00054114]
[0.00054114]
[0.00054114]
[0.00054114]
[0.00054114]
[0.00054114]
[0.00054114]
[0.00054114]
[0.00054114]
[0.00054114]
[0.00054114]
[0.00054114]
[0.00054114]
[0.00054114]
[0.00054114]
[0.00054114]
[0.00054114]
[0.00054114]
[0.00054114]
[0.00054114]
[0.00054114]
[0.00054114]
[0.00054114]
[0.00054114]
[0.00054114]
[0.00054114]
[0.00054114]
[0.00054114]
[0.00054114]
[0.00054114]
[0.00054114]
[0.00054114]
[0.00054114]
[0.00054114]
[0.00054114]
[0.00054114]
[0.00054114]
[0.00054114]
[0.00054114]
[0.00054114]
[0.00054114]
[0.00054114]
[0.00054114]
[0.00054114]
[0.00054114]
[0.00054114]
[0.00054114]
[0.00054114]
[0.00054114]
[0.00054114]
[0.00054114]
[0.00054114]
[0.00054114]
[0.00054114]
[0.00054114]
[0.00054114]
[0.00054114]
[0.00054114]
[0.00054114]
[0.00054114]
[0.00054114]
[0.00054114]
[0.00054114]
[0.00054114]
[0.00054114]
[0.00054114]
[0.00054114]
[0.00054114]
[0.00054114]
[0.00054114]
[0.00054114]
[0.00054114]
[0.00054114]
[0.00054114]
[0.00054114]
[0.00054114]
[0.00054114]
[0.00054114]
[0.00054114]
[0.00054114]
[0.00054114]
[0.00054114]
[0.00054114]
[0.00054114]
[0.00054114]
[0.00054114]
[0.00054114]
[0.00054114]
[0.03018031]
[0.00054122]
[0.00054122]
[0.00054122]
[0.00054122]
[0.00054122]
[0.00054115]
[0.00054115]
[0.00054115]
[0.00054115]
[0.0005415]
[0.0005415]
[0.00054137]
[0.00054137]
[0.00054131]
[0.0005414]
[0.00054139]
[0.00054141]
[0.0005414]
[0.0005414]
[0.0005414]
[0.00054145]
[0.00054135]
[0.00054149]
[0.00054261]
[0.01728042]
[0.01728042]
[0.01728042]
[0.01728042]
[0.01728042]
[0.01728042]
[0.01728042]
[0.01728042]
[0.01728042]
[0.01728042]
[0.01728042]
[0.01728042]
[0.01728042]
[0.01728042]
[0.01728042]
[0.01728042]
[0.01728042]
[0.01728042]
[0.01728042]
[0.01728042]
[0.01728042]
[0.01728042]
[0.01728042]
[0.01728042]
[0.01728042]
[0.01728042]
[0.01728042]
[0.01728042]
[0.01728042]
[0.00054392]
[0.00054291]
[0.00054428]
[0.00054356]
[0.00054423]
[0.00054752]
[0.0129448]
[0.0129448]
[0.0129448]
[0.0129448]
[0.0129448]
[0.0129448]
[0.0129448]
[0.0129448]
[0.0129448]
[0.0129448]
[0.0129448]
[0.0129448]
[0.0129448]
[0.0129448]
[0.0129448]
[0.0129448]
[0.0129448]
[0.0129448]
[0.0129448]
[0.0129448]
[0.02000979]
[0.00055029]
[0.00054849]
[0.01929361]
[0.00055066]
[0.00055099]
[0.02002621]
[0.0005541]
[0.0005514]
[0.00055113]
[0.00055353]
[0.00055382]
[0.00931908]
[0.00931908]
[0.00931908]
[0.00931908]
[0.01455708]
[0.01258016]
[0.01258016]
[0.01258016]
[0.01258016]
[0.00056645]
[0.00058345]
[0.00058012]
[0.01339358]
[0.01339358]
[0.01339358]
[0.01339358]
[0.01339358]
[0.01339358]
[0.01339358]
[0.01339358]
[0.01339358]
[0.01339358]
[0.01339358]
[0.01339358]
[0.01339358]
[0.01339358]
[0.01339358]
[0.01339358]
[0.01339358]
[0.01339358]
[0.00057462]
[0.00057912]
[0.00057912]
[0.00810915]
[0.00059654]
[0.0113786]
[0.0113786]
[0.00058626]
[0.00058626]
[0.00061853]
[0.00061114]
[0.00060244]
[0.00060076]
[0.00064419]
[0.00354738]
[0.01062019]
[0.00253856]
[0.00072131]
[0.00073199]
[0.00083494]
[0.00753772]
[0.00083407]
[0.00958571]
[0.00958571]
[0.00958571]
[0.00958571]
[0.00958571]
[0.00958571]
[0.00958571]
[0.00958571]
[0.00958571]
[0.00958571]
[0.00958571]
[0.00958571]
[0.00958571]
[0.00958571]
[0.00958571]
[0.00958571]
[0.00958571]
[0.00958571]
[0.00958571]
[0.00958571]
[0.0087457]
[0.00049421]
[0.00639759]
[0.00139829]
[0.00139829]
[0.00139829]
[0.00139829]
[0.00521894]
[0.00370113]
[0.00370113]
[0.00060326]
[0.00337616]
[0.00054957]
