7.902300000000005
6.996020000000005
7.710200000000006
7.709000000000006
7.271000000000006
7.686900000000006
7.831000000000007
7.196400000000005
8.698520000000002
7.870000000000006
7.440900000000006
7.580000000000005
7.879600000000007
5.0206000000000035
5.0206000000000035
5.0206000000000035
7.592200000000006
6.235300000000004
6.235300000000004
6.235300000000004
6.235300000000004
7.003820000000006
6.320100000000005
6.320100000000005
6.320100000000005
6.159100000000004
6.159100000000004
7.924300000000006
7.924300000000006
7.924300000000006
5.329020000000003
5.329020000000003
5.454320000000003
6.442120000000006
8.448520000000004
6.1337000000000055
6.1337000000000055
6.1337000000000055
6.7214000000000045
5.549440000000004
5.4950000000000045
6.513900000000005
6.744000000000006
5.138800000000004
5.721500000000003
6.311520000000006
6.651700000000005
6.658500000000005
6.658500000000005
5.252820000000004
8.674000000000003
5.939300000000006
6.350420000000005
6.350420000000005
7.5735000000000054
6.522720000000006
6.522720000000006
6.522720000000006
6.522720000000006
6.4100000000000055
7.448700000000006
6.042000000000004
5.853800000000005
6.685000000000006
6.685000000000006
6.685000000000006
6.685000000000006
6.667800000000006
6.667800000000006
6.667800000000006
6.667800000000006
6.667800000000006
7.214300000000006
7.214300000000006
7.214300000000006
6.214300000000005
6.214300000000005
6.214300000000005
6.214300000000005
6.214300000000005
6.214300000000005
6.214300000000005
5.1236400000000035
6.164000000000005
4.815220000000003
6.328320000000005
5.658100000000005
5.658100000000005
5.658100000000005
5.658100000000005
4.815220000000004
5.885920000000005
4.506800000000003
4.506800000000003
4.506800000000003
6.000100000000004
5.187400000000004
6.019900000000005
6.019900000000005
5.010200000000004
5.921420000000005
5.921420000000005
6.925300000000006
6.925300000000006
6.925300000000006
6.925300000000006
6.544200000000005
5.501900000000004
5.501900000000004
5.501900000000004
5.501900000000004
4.7272200000000035
4.7272200000000035
4.7272200000000035
7.553970000000006
6.312000000000005
6.312000000000005
6.257520000000006
5.576420000000004
5.385500000000005
5.385500000000005
5.385500000000005
5.554100000000004
5.602800000000003
6.083700000000005
5.578200000000004
4.739020000000004
4.430600000000003
4.430600000000003
4.430600000000003
4.430600000000003
4.430600000000003
4.430600000000003
4.430600000000003
4.430600000000003
4.430600000000003
5.773900000000005
5.773900000000005
5.773900000000005
5.268000000000004
6.5274000000000045
6.5274000000000045
4.946620000000004
5.554100000000004
5.554100000000004
5.554100000000004
6.422100000000005
6.422100000000005
6.822900000000006
6.822900000000006
5.383800000000004
7.031520000000005
7.031520000000005
5.712820000000004
5.759620000000005
5.759620000000005
3.9704400000000026
3.9704400000000026
6.251800000000006
5.278400000000004
5.505570000000004
5.9089000000000045
5.4512000000000045
5.4512000000000045
5.4512000000000045
5.4512000000000045
5.4512000000000045
5.4512000000000045
5.4512000000000045
5.4512000000000045
6.094200000000005
7.1943000000000055
7.1943000000000055
6.146600000000005
3.662020000000002
3.662020000000002
5.921900000000004
7.438300000000005
5.215500000000004
5.215500000000004
5.853000000000004
5.9177200000000045
3.353600000000001
3.353600000000001
3.353600000000001
3.353600000000001
3.353600000000001
3.353600000000001
3.353600000000001
3.353600000000001
3.353600000000001
3.353600000000001
3.353600000000001
3.353600000000001
3.353600000000001
3.353600000000001
3.353600000000001
3.353600000000001
3.353600000000001
6.494000000000005
5.492800000000004
6.804200000000005
3.738620000000002
3.738620000000002
5.590800000000005
5.590800000000005
5.590800000000005
5.590800000000005
3.430200000000001
3.430200000000001
4.942900000000003
4.942900000000003
4.942900000000003
3.7802200000000026
6.949300000000006
6.703300000000005
6.703300000000005
6.703300000000005
6.703300000000005
7.121000000000004
4.910900000000004
6.848200000000006
6.848200000000006
5.552600000000005
3.585820000000002
5.381600000000004
5.028400000000004
5.8452000000000055
5.356900000000004
6.414100000000005
6.085220000000005
5.036200000000004
4.310500000000004
4.310500000000004
5.084000000000005
5.6128000000000045
4.885000000000004
4.992700000000004
6.186500000000005
6.103900000000005
6.103900000000005
4.571420000000003
4.571420000000003
7.330400000000006
4.328800000000003
6.248000000000005
2.839800000000001
6.287100000000005
4.944200000000005
4.273900000000002
5.168900000000004
5.168900000000004
5.979900000000005
6.884100000000005
5.857900000000004
5.711000000000005
3.8256000000000023
5.3346000000000044
5.562420000000005
6.099600000000004
6.959300000000005
4.429100000000003
4.230600000000003
6.672200000000005
3.367620000000002
4.514600000000003
6.479900000000006
4.7375200000000035
4.923100000000003
6.412420000000005
6.028800000000004
6.468500000000006
4.846200000000004
5.2431000000000045
5.634600000000005
4.775000000000004
4.431200000000003
5.448200000000005
4.464100000000004
6.416600000000006
5.034100000000003
5.686900000000004
5.686900000000004
6.907000000000006
6.1585000000000045
6.829570000000005
6.774800000000005
3.2578000000000014
6.763300000000006
2.7486000000000006
2.7486000000000006
4.813700000000003
4.941100000000003
4.974900000000003
6.090600000000005
6.710820000000005
6.710820000000005
4.911500000000003
4.141600000000003
5.208800000000004
3.566220000000002
6.444800000000004
3.7124000000000024
6.103900000000005
5.142500000000004
5.142500000000004
4.824800000000003
5.600700000000004
4.784600000000004
1.99502
1.99502
3.915300000000003
6.558700000000005
2.8252000000000006
6.702400000000005
5.9756000000000045
5.804120000000005
6.013000000000004
4.2809000000000035
6.4314000000000044
5.733500000000006
1.8256999999999999
6.014200000000004
6.613900000000006
5.892700000000005
3.5683000000000025
4.441600000000004
5.652100000000004
6.3772000000000055
5.731420000000004
5.452800000000005
2.7197000000000005
6.103900000000005
5.987300000000005
4.2074000000000025
6.168100000000004
4.5324000000000035
6.971300000000006
3.9956000000000023
4.843200000000004
4.619200000000003
2.4151000000000007
4.714000000000003
3.958400000000003
2.3296
3.917600000000003
4.910500000000004
3.275900000000002
5.322800000000004
5.739720000000005
3.5843200000000017
4.409100000000003
3.442000000000002
4.089900000000003
2.8858000000000006
2.639800000000001
2.639800000000001
2.639800000000001
2.639800000000001
4.395200000000003
3.0299000000000014
3.0299000000000014
3.0299000000000014
3.0299000000000014
4.526620000000004
4.772300000000002
5.076620000000005
5.0694000000000035
5.458100000000004
2.971300000000001
4.477400000000003
3.8161000000000023
4.625820000000004
6.521300000000005
3.1830000000000016
5.626620000000005
1.8181
3.455720000000002
4.722020000000004
2.646000000000001
2.646000000000001
4.012000000000003
6.676400000000005
4.480300000000002
3.3324000000000016
5.213600000000004
5.405000000000004
4.547000000000003
6.829570000000006
5.520700000000005
4.188700000000002
3.3447000000000022
3.4251200000000024
3.312420000000002
5.649700000000005
5.317720000000005
5.238300000000004
4.887500000000004
5.6551000000000045
4.064200000000003
2.8215000000000012
2.9589000000000008
3.2860000000000014
2.834720000000001
5.164300000000005
4.781300000000004
4.605300000000004
3.3835000000000024
5.261920000000004
3.0721800000000012
5.063700000000004
2.977400000000001
4.702600000000004
6.176100000000005
1.5824
1.5824
2.5012000000000008
5.174700000000004
0.9758
1.5824
3.750300000000003
1.1923
1.5061
3.2001000000000017
2.2559000000000005
1.7485
3.3552000000000017
2.0457
5.578200000000004
3.130200000000001
5.647020000000004
3.249500000000002
1.532
3.1601000000000017
1.6981
0.37129999999999996
0.37129999999999996
0.37129999999999996
5.918400000000004
1.0994
1.6556
0.5857
0.5857
5.875700000000004
6.269200000000005
3.8945200000000026
1.3569
-0.1849
-0.1849
1.9788
4.717900000000004
0.8176999999999999
2.977400000000001
4.460000000000003
5.243400000000004
5.034400000000004
6.5274000000000045
5.815120000000005
7.631770000000006
4.605400000000003
7.156800000000006
5.874400000000005
3.672900000000002
4.7633000000000045
6.591900000000006
3.2828000000000017
3.2828000000000017
5.072600000000003
4.785300000000003
5.0267000000000035
3.981320000000003
4.011300000000003
6.207500000000003
4.479100000000003
7.852820000000006
4.2699000000000025
6.309200000000005
7.5441000000000065
7.152800000000006
6.241800000000005
4.843900000000003
7.329100000000007
5.9371000000000045
6.110800000000004
6.7035000000000045
4.355400000000003
4.1513000000000035
4.095400000000003
7.361700000000005
6.540520000000006
5.425500000000005
4.142520000000004
6.127900000000004
4.997100000000004
5.392600000000006
6.206200000000005
6.163700000000006
6.591900000000005
6.020800000000006
6.563900000000006
