[0.67934173]
[0.6071494]
[0.5956739]
[0.51896954]
[0.89617217]
[0.8821771]
[0.4846619]
[0.4399829]
[0.4112327]
[0.88244456]
[0.89299864]
[0.46296862]
[0.84196746]
[0.24903922]
[0.51080626]
[0.2112865]
[0.23151784]
[0.38606325]
[0.36572242]
[0.33087966]
[0.33087966]
[0.21685274]
[0.20772704]
[0.20586662]
[0.20586662]
[0.20586662]
[0.20586662]
[0.20586662]
[0.30261827]
[0.22161542]
[0.22161542]
[0.22161542]
[0.20749931]
[0.3071423]
[0.20469761]
[0.88665026]
[0.24656336]
[0.4386066]
[0.29505917]
[0.29505917]
[0.26033399]
[0.20710935]
[0.24744608]
[0.20711108]
[0.20711108]
[0.20598538]
[0.278336]
[0.278336]
[0.20848626]
[0.23903286]
[0.21520457]
[0.21520457]
[0.2108781]
[0.23049527]
[0.2657295]
[0.26359883]
[0.3130176]
[0.2074299]
[0.24441776]
[0.24441776]
[0.24516724]
[0.2553863]
[0.22063741]
[0.22063741]
[0.22063741]
[0.22063741]
[0.22063741]
[0.22063741]
[0.22063741]
[0.23876168]
[0.2443237]
[0.31092912]
[0.24097282]
[0.21215576]
[0.21215576]
[0.21215576]
[0.21215576]
[0.21215576]
[0.21215576]
[0.21215576]
[0.21814044]
[0.27502644]
[0.27502644]
[0.27502644]
[0.27502644]
[0.27502644]
[0.23338033]
[0.22575292]
[0.22575292]
[0.21767898]
[0.24103533]
[0.27382132]
[0.21729948]
[0.6877739]
[0.21918271]
[0.21868056]
[0.21868056]
[0.21868056]
[0.21868056]
[0.21868056]
[0.23604168]
[0.23807335]
[0.22801237]
[0.36072555]
[0.21345446]
[0.21345446]
[0.21359624]
[0.22766721]
[0.22766721]
[0.25051162]
[0.25051162]
[0.25051162]
[0.2309418]
[0.22575153]
[0.24427743]
[0.24427743]
[0.24427743]
[0.24156824]
[0.24156824]
[0.24441776]
[0.32435668]
[0.23168623]
[0.23838007]
[0.23897608]
[0.24933504]
[0.27176577]
[0.20621864]
[0.22767903]
[0.2259127]
[0.2259127]
[0.22715089]
[0.22715089]
[0.22715089]
[0.22715089]
[0.22715089]
[0.20904556]
[0.37937966]
[0.23823011]
[0.23823011]
[0.24163266]
[0.23821041]
[0.21332708]
[0.2024462]
[0.2024462]
[0.2024462]
[0.2024462]
[0.20275898]
[0.20287956]
[0.25321665]
[0.25321665]
[0.2698679]
[0.2698679]
[0.2698679]
[0.22522613]
[0.2445974]
[0.22678135]
[0.21457456]
[0.23006536]
[0.23006536]
[0.27604532]
[0.22357254]
[0.22877215]
[0.22877215]
[0.24051972]
[0.21831112]
[0.21831112]
[0.21831112]
[0.21831112]
[0.21831112]
[0.21831112]
[0.21831112]
[0.21831112]
[0.22739914]
[0.23611481]
[0.23611481]
[0.23611481]
[0.23611481]
[0.24089313]
[0.21832381]
[0.21832381]
[0.21832381]
[0.21832381]
[0.21832381]
[0.21832381]
[0.21832381]
[0.21832381]
[0.21832381]
[0.21832381]
[0.21832381]
[0.21832381]
[0.21832381]
[0.21832381]
[0.21832381]
[0.21832381]
[0.21832381]
[0.21832381]
[0.21832381]
[0.21832381]
[0.21832381]
[0.21504892]
[0.20973387]
[0.21482167]
[0.21560453]
[0.22995561]
[0.21890765]
[0.2707253]
[0.21791545]
[0.21791545]
[0.21791545]
[0.21661074]
[0.24075243]
[0.2286684]
[0.2286684]
[0.2286684]
[0.2286684]
[0.34338385]
[0.3268974]
[0.21371576]
[0.22874296]
[0.25034434]
[0.22206636]
[0.26494235]
[0.23071796]
[0.23071796]
[0.26627174]
[0.28421637]
[0.20219363]
[0.2379058]
[0.21521531]
[0.23530045]
[0.2352934]
[0.24277969]
[0.22004744]
[0.22005673]
[0.22005673]
[0.20460491]
[0.24189207]
[0.2200615]
[0.23682745]
[0.29582915]
[0.21273372]
[0.20050709]
[0.21797338]
[0.23615797]
[0.23615797]
[0.24653871]
[0.22003695]
[0.21834579]
[0.2191091]
[0.21416162]
[0.2465672]
[0.22808155]
[0.24653429]
[0.22662783]
[0.2434269]
[0.30474082]
[0.21943012]
[0.21943012]
[0.21964316]
[0.26218474]
[0.2739272]
[0.23301479]
[0.23301479]
[0.23301479]
[0.23301479]
[0.23396611]
[0.22212833]
[0.2290682]
[0.24988371]
[0.23448025]
[0.24669111]
[0.24669111]
[0.26449168]
[0.20327725]
[0.26905906]
[0.2009602]
[0.27318263]
[0.25207296]
[0.28632852]
[0.24329491]
[0.22277711]
[0.2730521]
[0.23844458]
[0.24525402]
[0.887032]
[0.887032]
[0.887032]
[0.887032]
[0.887032]
[0.22299074]
[0.21965146]
[0.21965146]
[0.21965146]
[0.24100395]
[0.21363315]
[0.23242189]
[0.23094288]
[0.2194516]
[0.24652915]
[0.2031891]
[0.21652187]
[0.21738394]
[0.22537522]
[0.22537522]
[0.22537522]
[0.2058974]
[0.2058974]
[0.25473964]
[0.268547]
[0.24484377]
[0.22660674]
[0.23623885]
[0.2079643]
[0.20923258]
[0.20756836]
[0.21530588]
[0.22883359]
[0.2453695]
[0.21652934]
[0.20154408]
[0.20154408]
[0.20154408]
[0.3144101]
[0.26626337]
[0.21506678]
[0.29403198]
[0.22330911]
[0.23201738]
[0.2464116]
[0.2520516]
[0.22346821]
[0.23943442]
[0.21643539]
[0.20302606]
[0.22691876]
[0.23577736]
[0.2164348]
[0.2471518]
[0.22955936]
[0.203391]
[0.23890859]
[0.2489603]
[0.21819195]
[0.21646439]
[0.22534558]
[0.26412687]
[0.21039145]
[0.20711991]
[0.20679778]
[0.2121848]
[0.20173939]
[0.23117389]
[0.25255498]
[0.26090226]
[0.24587213]
[0.22919248]
[0.23150271]
[0.22510427]
[0.20577526]
[0.23286813]
[0.21548364]
[0.2173112]
[0.23227891]
[0.24913788]
[0.22295853]
[0.23768032]
[0.2075446]
[0.22740267]
[0.21314602]
[0.21890396]
[0.22895707]
[0.23151551]
[0.19768593]
[0.25037202]
[0.2083377]
[0.26895478]
[0.2329059]
[0.21970096]
[0.23213431]
[0.26528642]
[0.5774114]
[0.23027086]
[0.20936519]
[0.20936519]
[0.28561172]
[0.22495732]
[0.2590333]
[0.2307069]
[0.25511736]
[0.2380044]
[0.25581676]
[0.22295894]
[0.2229172]
[0.25468975]
[0.2962922]
[0.26782802]
[0.20334478]
[0.21019992]
[0.25298706]
[0.28775233]
[0.22880729]
[0.22177708]
[0.22897585]
[0.5175379]
[0.268482]
[0.26479256]
[0.29641113]
[0.27235734]
[0.3069188]
[0.50927687]
[0.6304829]
[0.5274596]
[0.5152892]
[0.23143713]
[0.7440231]
[0.41263443]
[0.54454046]
[0.397828]
[0.533778]
[0.3361933]
[0.29435694]
[0.5133057]
[0.5133057]
[0.5314384]
[0.54062515]
[0.27202266]
[0.2530034]
[0.26049656]
[0.3141173]
[0.281397]
[0.327844]
[0.25904104]
[0.228586]
[0.22524828]
[0.31562337]
[0.52704567]
[0.2374525]
[0.8176806]
[0.22468507]
[0.53769696]
[0.2247844]
[0.3579041]
[0.34636223]
[0.36649942]
[0.36649942]
[0.5485027]
[0.5519338]
[0.33966807]
[0.842155]
[0.5067625]
[0.22715406]
[0.21084481]
[0.2677705]
[0.4512568]
[0.24158394]
[0.20178264]
[0.25406885]
[0.2934983]
[0.82294255]
[0.23047012]
[0.25769243]
[0.2650114]
[0.22589862]
[0.21648021]
[0.2529551]
[0.2186743]
[0.26295826]
[0.2303082]
[0.27217185]
[0.2329037]
[0.23730445]
[0.2441656]
[0.23234344]
[0.22278415]
[0.22658245]
[0.26986933]
[0.21377286]
[0.297636]
[0.2758954]
[0.2480539]
[0.21301636]
[0.22074917]
[0.22344238]
[0.24249908]
[0.22011456]
[0.20599595]
[0.21268572]
[0.24907707]
[0.22983782]
[0.20366639]
[0.21282804]
[0.21102741]
[0.23404507]
[0.25448567]
[0.29177076]
[0.21639608]
[0.23021206]
[0.25485596]
[0.21647923]
[0.23562261]
