[0.57963634]
[0.5521877]
[0.6187291]
[0.60892737]
[0.6039754]
[0.49077702]
[0.6245577]
[0.6019991]
[0.62853694]
[0.7050739]
[0.62000865]
[0.66819066]
[0.66819066]
[0.65332186]
[0.615562]
[0.52713066]
[0.5524621]
[0.6621977]
[0.5636383]
[0.5648053]
[0.5356579]
[0.52628523]
[0.56021154]
[0.7026869]
[0.6098937]
[0.61214584]
[0.6199751]
[0.60065466]
[0.60065466]
[0.63146335]
[0.50193363]
[0.617081]
[0.65565467]
[0.52106607]
[0.5222566]
[0.45471817]
[0.54250956]
[0.7007515]
[0.49026036]
[0.5949722]
[0.5261619]
[0.56921774]
[0.49404776]
[0.49404776]
[0.49404776]
[0.49404776]
[0.49404776]
[0.5461821]
[0.45103782]
[0.3940547]
[0.5066389]
[0.34991118]
[0.6545426]
[0.43094987]
[0.5943106]
[0.6710133]
[0.6588367]
[0.4768602]
[0.5178519]
[0.47429237]
[0.49253917]
[0.6055708]
[0.6055708]
[0.6055708]
[0.36659554]
[0.6164395]
[0.4038846]
[0.600438]
[0.47486416]
[0.47307503]
[0.47307503]
[0.47307503]
[0.47307503]
[0.47307503]
[0.59981525]
[0.5055968]
[0.31223592]
[0.31223592]
[0.17082588]
[0.30875382]
[0.5081461]
[0.5303119]
[0.41953987]
[0.41953987]
[0.5731229]
[0.36652887]
[0.47861055]
[0.4669422]
[0.41184127]
[0.41184127]
[0.41184127]
[0.41184127]
[0.49663445]
[0.4838089]
[0.4838089]
[0.5944035]
[0.4217562]
[0.4217562]
[0.4217562]
[0.42016703]
[0.5188614]
[0.421315]
[0.421315]
[0.40281606]
[0.17788155]
[0.17788155]
[0.34445444]
[0.20522067]
[0.19716744]
[0.43807346]
[0.44326878]
[0.49736288]
[0.4073]
[0.4073]
[0.4073]
[0.4073]
[0.5896447]
[0.43207043]
[0.18822765]
[0.5510364]
[0.528635]
[0.61378896]
[0.35962957]
[0.35962957]
[0.17145595]
[0.27027956]
[0.2364719]
[0.2364719]
[0.46673906]
[0.23749477]
[0.3217993]
[0.22585449]
[0.30192173]
[0.3353601]
[0.4653962]
[0.43191525]
[0.56298107]
[0.17364919]
[0.4034722]
[0.4034722]
[0.4034722]
[0.2875298]
[0.2875298]
[0.2875298]
[0.47559962]
[0.42039874]
[0.18126999]
[0.17853564]
[0.40774685]
[0.44068718]
[0.33368275]
[0.17370352]
[0.17049281]
[0.17039323]
[0.17039323]
[0.17039323]
[0.5131786]
[0.16960928]
[0.35264203]
[0.35264203]
[0.35264203]
[0.38887253]
[0.1696001]
[0.41712478]
[0.36159712]
[0.36159712]
[0.36159712]
[0.22487622]
[0.33954498]
[0.17881608]
[0.21729907]
[0.40356696]
[0.30515397]
[0.39467323]
[0.36963242]
[0.36963242]
[0.28755686]
[0.41472608]
[0.32008165]
[0.32008165]
[0.2517635]
[0.30598846]
[0.45966664]
[0.4017012]
[0.4163316]
[0.33292145]
[0.30638385]
[0.2566947]
[0.17220043]
[0.4982767]
[0.34438244]
[0.34438244]
[0.2361751]
[0.32513097]
[0.17512491]
[0.17512491]
[0.25667056]
[0.44084543]
[0.18408136]
[0.18993193]
[0.18993193]
[0.2840857]
[0.3158165]
[0.25854594]
[0.19231223]
[0.2179578]
[0.3994919]
[0.18106629]
[0.18106629]
[0.2832869]
[0.17918219]
[0.2407407]
[0.2407407]
[0.18315439]
[0.18554248]
[0.26492915]
[0.26492915]
[0.2127523]
[0.2127523]
[0.3486647]
[0.33834317]
[0.48236027]
[0.32977173]
[0.3228875]
[0.19503874]
[0.19503874]
[0.17882775]
[0.17882775]
[0.42684802]
[0.23108761]
[0.40447193]
[0.2838911]
[0.19002017]
[0.19002017]
[0.19002017]
[0.33912632]
[0.2675977]
[0.2675977]
[0.3288273]
[0.19157895]
[0.18212146]
[0.19597556]
[0.26285714]
[0.26638284]
[0.24823084]
[0.48410308]
[0.19960892]
[0.19960892]
[0.37154865]
[0.18240194]
[0.23483971]
[0.39031297]
[0.39031297]
[0.1831767]
[0.20582248]
[0.20582248]
[0.18168527]
[0.5090806]
[0.18198232]
[0.3318791]
[0.3830331]
[0.61949027]
[0.20738779]
[0.32454622]
[0.20963971]
[0.20963971]
[0.19591823]
[0.17657371]
[0.17022893]
[0.18649492]
[0.34926403]
[0.34926403]
[0.2983218]
[0.23866291]
[0.4039153]
[0.29422584]
[0.33781463]
[0.25027835]
[0.3005059]
[0.3005059]
[0.19493061]
[0.4794698]
[0.24877818]
[0.37990734]
[0.37990734]
[0.40070027]
[0.43455744]
[0.51199013]
[0.34897774]
[0.26669717]
[0.26823214]
[0.25611222]
[0.26150012]
[0.26150012]
[0.26150012]
[0.19666545]
[0.2886552]
[0.2886552]
[0.2886552]
[0.26435027]
[0.26435027]
[0.18362263]
[0.19883534]
[0.35130528]
[0.3359327]
[0.28839397]
[0.28839397]
[0.46442547]
[0.45752203]
[0.28847277]
[0.3188715]
[0.18503553]
[0.16918406]
[0.23461162]
[0.20922628]
[0.20922628]
[0.20922628]
[0.6075855]
[0.4036996]
[0.37901905]
[0.49440807]
[0.37211385]
[0.20987004]
[0.26261562]
[0.29181242]
[0.20163822]
[0.3630794]
[0.52331847]
[0.36981326]
[0.36305606]
[0.20563243]
[0.20563243]
[0.18973434]
[0.18187161]
[0.32781795]
[0.38558868]
[0.18175225]
[0.1842275]
[0.44816867]
[0.24327509]
[0.21627764]
[0.41379222]
[0.30245352]
[0.3064887]
[0.3064887]
[0.4587256]
[0.19770184]
[0.25598398]
[0.36753988]
[0.1767891]
[0.28220657]
[0.22612704]
[0.30034363]
[0.30034363]
[0.30034363]
[0.21822147]
[0.21822147]
[0.31919175]
[0.19877246]
[0.19877246]
[0.23555034]
[0.23555034]
[0.19982243]
[0.2741703]
[0.21106738]
[0.21593645]
[0.23314747]
[0.4882797]
[0.2788828]
[0.18697175]
[0.19880323]
[0.29051703]
[0.44780862]
[0.24482614]
[0.378305]
[0.23324059]
[0.30885825]
[0.3121251]
[0.20811228]
[0.355602]
[0.1836276]
[0.21195446]
[0.22179523]
[0.26424277]
[0.2485388]
[0.4479397]
[0.3418776]
[0.31752804]
[0.24385218]
[0.26276895]
[0.2087693]
[0.17714252]
[0.23424333]
[0.19326018]
[0.29599255]
[0.29599255]
[0.20640573]
[0.20821956]
[0.28195396]
[0.3924479]
[0.19678496]
[0.19148341]
[0.18830974]
[0.19403821]
[0.18367055]
[0.23781553]
[0.29628748]
[0.31691936]
[0.20745167]
[0.24412459]
[0.20293683]
[0.48756135]
[0.19704218]
[0.27179155]
[0.28243884]
[0.30117288]
[0.19302182]
[0.18355519]
[0.339806]
[0.4171933]
[0.237924]
[0.27083954]
[0.40961292]
[0.270824]
[0.23446497]
[0.23446497]
[0.28996646]
[0.4812803]
[0.2954412]
[0.2090165]
[0.44531184]
[0.2420948]
[0.28033412]
[0.17165561]
[0.27441153]
[0.35878262]
[0.19635913]
[0.34028524]
[0.2786058]
[0.23776843]
[0.23776843]
[0.23776843]
[0.38469326]
[0.2965748]
[0.28630805]
[0.26667055]
[0.23215318]
[0.2986828]
[0.19293857]
[0.21203683]
[0.1769862]
[0.22745535]
[0.22745535]
[0.2712817]
[0.19113027]
[0.22502807]
[0.21550901]
[0.23289964]
[0.58627385]
[0.5378486]
[0.22711119]
[0.38214526]
[0.32003263]
[0.18325411]
[0.34559754]
[0.43053624]
[0.34207344]
[0.4867319]
[0.18007027]
[0.2338924]
[0.2918956]
[0.17265478]
[0.45069203]
[0.18843208]
[0.5519288]
[0.2115389]
[0.44242102]
[0.17468649]
[0.25871664]
[0.23502001]
[0.2820558]
[0.46154845]
[0.46154845]
[0.17663132]
[0.33659753]
[0.18697096]
[0.35009253]
[0.20402385]
[0.16987741]
[0.19008775]
[0.30999094]
[0.4039061]
[0.48237857]
[0.3898841]
[0.405446]
[0.3504654]
[0.3504654]
[0.3419622]
[0.57378006]
[0.46074697]
