20.804200000000026
20.804200000000026
20.804200000000026
20.804200000000026
20.804200000000026
20.804200000000026
20.804200000000026
20.804200000000026
20.804200000000026
20.804200000000026
20.804200000000026
20.554500000000022
20.554500000000022
20.554500000000022
20.554500000000022
20.554500000000022
20.804200000000026
20.804200000000026
20.804200000000026
20.804200000000026
20.804200000000026
20.804200000000026
20.804200000000026
20.804200000000026
20.804200000000026
20.804200000000026
20.52110000000002
20.52110000000002
20.52110000000002
20.52110000000002
20.54610000000002
20.54610000000002
20.54610000000002
20.54610000000002
20.54610000000002
20.54610000000002
20.54610000000002
20.54610000000002
20.54610000000002
20.54610000000002
20.54610000000002
20.305500000000016
20.42250000000002
20.42250000000002
20.42250000000002
20.380000000000017
20.380000000000017
20.380000000000017
20.380000000000017
20.380000000000017
20.380000000000017
20.380000000000017
20.380000000000017
20.380000000000017
20.380000000000017
20.380000000000017
20.380000000000017
20.380000000000017
20.380000000000017
20.380000000000017
20.380000000000017
20.380000000000017
20.380000000000017
20.380000000000017
20.380000000000017
20.380000000000017
20.139400000000016
20.422500000000017
20.164400000000015
20.164400000000015
20.164400000000015
20.164400000000015
20.164400000000015
20.164400000000015
20.164400000000015
20.164400000000015
20.164400000000015
20.164400000000015
20.164400000000015
20.164400000000015
20.164400000000015
20.164400000000015
20.164400000000015
20.164400000000015
20.164400000000015
20.164400000000015
20.164400000000015
20.164400000000015
20.164400000000015
20.164400000000015
20.164400000000015
20.164400000000015
20.164400000000015
20.164400000000015
20.164400000000015
20.164400000000015
20.164400000000015
20.164400000000015
20.164400000000015
20.164400000000015
20.164400000000015
20.164400000000015
20.164400000000015
20.164400000000015
20.164400000000015
20.164400000000015
20.164400000000015
20.164400000000015
20.164400000000015
20.164400000000015
20.164400000000015
20.164400000000015
20.164400000000015
20.164400000000015
20.164400000000015
20.164400000000015
20.164400000000015
19.998300000000015
19.998300000000015
19.998300000000015
19.998300000000015
20.748100000000022
20.164400000000015
20.297100000000018
20.297100000000018
20.297100000000018
20.297100000000018
20.297100000000018
20.297100000000018
20.297100000000018
20.297100000000018
20.297100000000018
20.297100000000018
20.297100000000018
20.297100000000018
20.297100000000018
20.297100000000018
20.297100000000015
20.297100000000015
20.297100000000015
20.297100000000015
20.297100000000015
20.297100000000015
20.297100000000015
20.297100000000015
20.297100000000015
20.297100000000015
20.297100000000015
20.297100000000015
20.297100000000015
20.297100000000015
20.297100000000015
20.297100000000015
20.297100000000015
20.297100000000015
20.297100000000015
20.297100000000015
20.297100000000015
20.297100000000015
20.297100000000015
20.297100000000015
20.297100000000015
20.297100000000015
20.297100000000015
20.297100000000015
20.297100000000015
20.297100000000015
20.297100000000015
20.297100000000015
20.297100000000015
20.297100000000015
20.297100000000015
20.297100000000015
20.297100000000015
20.297100000000015
20.297100000000015
20.297100000000015
20.297100000000015
20.297100000000015
20.297100000000015
20.297100000000015
20.297100000000015
20.297100000000015
20.297100000000015
20.297100000000015
20.297100000000015
20.297100000000015
20.297100000000015
20.297100000000015
20.297100000000015
20.297100000000015
20.297100000000015
20.297100000000015
20.297100000000015
20.297100000000015
20.297100000000015
20.297100000000015
20.297100000000015
20.297100000000015
20.297100000000015
20.297100000000015
20.297100000000015
20.297100000000015
20.297100000000015
20.297100000000015
20.297100000000015
20.297100000000015
20.297100000000015
20.297100000000015
20.297100000000015
20.297100000000015
20.297100000000015
20.297100000000015
20.297100000000015
20.297100000000015
20.297100000000015
20.297100000000015
20.297100000000015
20.297100000000015
20.297100000000015
20.297100000000015
20.297100000000015
20.297100000000015
20.297100000000015
20.297100000000015
20.297100000000015
20.297100000000015
20.297100000000015
20.297100000000015
20.297100000000015
20.297100000000015
20.297100000000015
20.297100000000015
20.297100000000015
20.297100000000015
20.297100000000015
20.297100000000015
20.297100000000015
20.297100000000015
20.297100000000015
20.297100000000015
20.297100000000015
20.846200000000024
20.131000000000014
20.081900000000015
20.292400000000015
20.156000000000017
20.156000000000017
20.156000000000017
20.156000000000017
20.156000000000017
20.156000000000017
20.156000000000017
20.156000000000017
20.156000000000017
20.156000000000017
20.156000000000017
20.156000000000017
20.156000000000017
20.156000000000017
20.156000000000017
20.156000000000017
20.156000000000017
20.156000000000017
20.156000000000017
20.156000000000017
20.156000000000017
20.156000000000017
20.156000000000017
20.156000000000017
20.156000000000017
20.156000000000017
20.156000000000017
20.156000000000017
20.156000000000017
20.156000000000017
20.156000000000017
20.156000000000017
20.156000000000017
20.156000000000017
20.156000000000017
20.156000000000017
20.156000000000017
20.156000000000017
20.156000000000017
20.156000000000017
20.156000000000017
20.156000000000017
20.156000000000017
20.156000000000017
20.156000000000017
20.156000000000017
20.156000000000017
20.156000000000017
20.156000000000017
20.156000000000017
20.156000000000017
20.156000000000017
20.156000000000017
20.156000000000017
20.156000000000017
20.156000000000017
20.156000000000017
20.156000000000017
20.156000000000017
20.156000000000017
20.156000000000017
20.156000000000017
20.156000000000017
20.156000000000017
20.156000000000017
20.156000000000017
20.156000000000017
20.156000000000017
20.156000000000017
20.156000000000017
20.156000000000017
20.156000000000017
20.156000000000017
20.156000000000017
20.156000000000017
20.156000000000017
20.000700000000013
19.823800000000013
20.198500000000017
19.989900000000016
19.989900000000013
19.989900000000013
19.989900000000013
19.87200000000001
20.039000000000012
20.198500000000017
19.90700000000001
19.68020000000001
19.940400000000015
19.77430000000001
19.77430000000001
19.77430000000001
19.77430000000001
19.77430000000001
19.812900000000013
19.90700000000001
20.124000000000013
19.79710000000001
19.853500000000015
19.853500000000015
20.19920000000002
19.57480000000001
20.266000000000016
19.68530000000001
19.74840000000001
19.51620000000001
20.099900000000016
20.198000000000018
20.198000000000018
20.099900000000016
19.43370000000001
19.43370000000001
19.691400000000012
19.884400000000014
19.59980000000001
20.072100000000017
19.66670000000001
19.507800000000007
19.69140000000001
19.426100000000005
20.155500000000014
19.71500000000001
19.71500000000001
19.436300000000006
19.552100000000006
19.516900000000007
19.516900000000007
19.634680000000007
19.769200000000012
19.60320000000001
19.213900000000006
19.769200000000012
19.55100000000001
19.80790000000001
19.80790000000001
19.49430000000001
19.76540000000001
19.38760000000001
18.994100000000007
19.000700000000002
19.136800000000004
19.0007
19.66190000000001
19.48090000000001
19.53630000000001
19.294200000000004
19.77010000000001
19.27050000000001
19.51830000000001
19.77010000000001
19.153499999999998
19.153500000000005
19.100900000000003
19.765600000000013
18.352499999999992
20.24200000000002
18.4384
18.19759999999999
19.602200000000007
17.54109999999999
17.508699999999987
19.54930000000001
17.52749999999999
18.101499999999994
18.272499999999994
17.251299999999983
17.444599999999987
17.533199999999987
16.600819999999974
19.172500000000007
18.6393
16.431499999999975
16.909999999999982
17.004999999999985
17.160099999999982
18.803800000000003
16.230499999999978
17.018999999999984
16.279699999999977
17.424399999999988
15.524899999999969
15.504099999999973
14.469599999999975
15.37869999999997
14.418599999999973
14.18559999999997
13.081599999999977
13.463299999999975
12.783499999999979
13.395799999999975
13.429899999999972
12.797199999999977
12.13469999999998
11.837599999999982
12.642299999999977
10.886999999999986
10.40829999999999
9.686399999999995
10.771999999999988
9.956399999999993
9.481799999999996
9.566299999999996
9.0027
8.9342
8.378000000000004
7.4390200000000055
6.928700000000005
7.352900000000005
7.6443000000000065
6.962800000000005
6.962800000000005
8.173700000000006
6.569300000000005
6.105400000000005
5.500300000000004
6.473200000000005
6.272100000000004
5.765000000000004
5.881400000000005
5.881400000000005
6.2492000000000045
6.2492000000000045
5.782500000000004
7.240070000000006
5.258800000000003
5.034800000000002
5.034800000000002
5.034800000000002
5.034800000000002
5.684700000000004
4.847300000000004
4.605800000000004
4.381800000000004
4.381800000000004
4.381800000000004
6.680370000000005
0.5052000000000001
0.11280000000000001
8.773100000000001
20.343900000000023
11.702099999999982
11.478099999999984
6.026100000000004
20.31940000000002
3.991100000000003
20.755800000000026
6.167200000000005
19.310500000000005
15.209699999999966
20.004700000000014
16.838499999999975
20.065900000000017
18.514400000000002
19.5241
