12.301599999999981
11.427299999999988
11.479199999999988
11.364099999999988
11.027399999999991
11.09079999999999
11.09079999999999
11.09079999999999
11.423299999999989
10.256499999999996
11.08929999999999
7.806200000000007
6.7442000000000055
6.139200000000005
6.139200000000005
6.139200000000005
6.139200000000005
8.693300000000002
8.693300000000002
8.693300000000002
5.995100000000005
5.995100000000005
5.995100000000005
6.189700000000005
6.189700000000005
6.189700000000005
6.189700000000005
6.189700000000005
6.1612000000000045
5.491000000000004
5.491000000000004
6.569600000000005
7.125900000000007
4.324400000000003
4.324400000000003
5.734080000000005
5.734080000000005
6.323600000000004
6.323600000000004
6.323600000000004
6.323600000000004
6.323600000000004
6.580400000000004
5.316500000000004
5.916000000000004
5.2290000000000045
5.717900000000005
5.717900000000005
7.2461000000000055
4.5808000000000035
5.933500000000004
8.901200000000003
4.926400000000004
4.926400000000004
4.926400000000004
4.926400000000004
5.529600000000003
6.522200000000006
5.301900000000004
4.8585800000000035
4.782300000000004
3.8839000000000024
3.8839000000000024
3.8839000000000024
5.256000000000004
6.054800000000003
6.054800000000003
6.054800000000003
6.054800000000003
6.054800000000003
7.432500000000005
4.595700000000003
3.834900000000002
4.222800000000002
4.222800000000002
4.222800000000002
4.222800000000002
4.222800000000002
5.412200000000004
6.939700000000007
6.082900000000004
6.164800000000003
3.5416000000000016
6.002700000000004
5.165300000000003
5.165300000000003
5.165300000000003
4.736500000000003
3.073500000000001
3.073500000000001
4.109800000000002
4.643600000000003
3.577600000000002
4.718600000000004
4.346400000000002
4.346400000000002
4.346400000000002
4.346400000000002
4.346400000000002
4.346400000000002
4.346400000000002
4.346400000000002
4.346400000000002
4.346400000000002
4.346400000000002
4.346400000000002
4.204800000000003
3.312900000000001
3.7491800000000017
7.053800000000005
4.749300000000003
4.209200000000002
4.7752000000000026
4.7752000000000026
4.7752000000000026
4.591000000000003
4.412200000000003
3.5351000000000017
3.5351000000000017
3.6989000000000027
3.6989000000000027
4.580700000000003
5.390400000000004
5.043400000000004
5.9322000000000035
4.004100000000002
4.004100000000002
4.004100000000002
4.004100000000002
4.004100000000002
4.004100000000002
5.031100000000005
3.5097000000000014
3.690500000000002
6.516700000000007
6.202900000000006
3.180200000000002
4.501500000000003
2.5376200000000004
5.038700000000004
4.200200000000002
3.2719000000000014
3.493000000000001
3.2039000000000017
2.7640000000000002
5.405100000000003
5.405100000000003
2.7037200000000006
2.7037200000000006
2.7037200000000006
2.7037200000000006
2.7037200000000006
3.786200000000002
3.786200000000002
3.786200000000002
3.594000000000001
3.684800000000002
2.844800000000001
3.828700000000002
5.773300000000004
6.734300000000004
4.439000000000003
4.439000000000003
4.439000000000003
4.439000000000003
4.439000000000003
4.043700000000001
4.002500000000002
4.002500000000002
4.019100000000003
3.0311200000000005
3.725800000000002
3.3389000000000015
4.538500000000003
4.550100000000003
3.304700000000002
2.1182
4.066200000000003
3.102400000000001
4.714800000000002
0.067
0.067
0.067
0.067
0.067
0.067
0.067
0.067
0.067
0.067
0.067
0.067
0.067
0.067
0.067
0.067
0.067
0.067
0.067
0.067
0.067
0.067
0.067
0.067
0.067
0.067
0.067
0.067
0.067
0.067
0.067
0.067
0.067
0.067
0.067
0.067
0.067
0.067
0.067
0.067
0.067
0.067
0.067
0.067
0.067
0.067
0.067
0.067
0.067
0.067
0.067
0.067
0.067
0.067
0.067
0.067
0.067
0.067
0.067
0.067
0.067
0.067
0.067
0.067
0.067
0.067
0.067
0.067
0.067
0.067
0.067
0.067
0.067
0.067
0.067
0.067
0.067
0.067
0.067
0.067
0.067
0.067
0.067
0.067
0.067
0.067
0.067
0.067
0.067
0.067
0.067
0.067
0.067
0.067
0.067
0.067
0.067
0.067
0.067
0.067
0.067
0.067
0.067
0.067
0.067
0.067
0.067
0.067
0.067
0.067
0.067
0.067
0.067
0.067
0.067
0.067
0.067
0.067
0.067
0.067
0.067
0.067
0.067
0.067
0.067
0.067
0.067
0.067
0.067
0.067
0.067
0.067
0.067
0.067
0.067
0.067
0.067
0.067
0.067
0.067
0.067
0.067
0.067
0.067
0.067
0.067
0.067
0.067
0.067
0.067
0.067
0.067
0.067
0.067
0.067
0.067
0.067
0.067
0.067
0.067
0.067
0.067
0.067
0.067
0.067
0.067
0.067
0.067
0.067
0.067
0.067
0.067
0.067
0.067
0.067
0.067
0.067
0.067
0.067
0.067
0.067
0.067
0.067
0.067
0.067
0.067
0.067
0.067
0.067
0.067
0.067
0.067
0.067
0.067
0.067
0.067
0.067
0.067
0.067
0.067
0.067
0.067
0.067
0.067
0.067
0.067
0.067
0.067
0.067
0.067
0.067
0.067
0.067
0.067
0.067
0.067
0.067
0.067
0.067
0.067
0.067
0.067
0.067
0.067
0.067
0.067
0.067
0.067
0.067
0.067
0.067
0.067
0.067
0.067
0.067
0.067
0.067
0.067
0.067
0.067
0.067
0.067
0.067
0.067
0.067
0.067
0.067
0.067
0.067
0.067
0.067
0.067
0.067
0.067
0.067
4.611500000000002
6.251800000000005
4.417600000000003
3.2898000000000023
2.2623000000000006
3.861500000000002
2.954200000000001
2.954200000000001
4.376700000000002
5.023080000000004
4.948400000000004
5.057380000000004
0.10580000000000006
2.736300000000001
5.809500000000004
0.4959
3.1256000000000013
0.01739999999999997
2.4163000000000006
4.289000000000003
1.2619
-0.051000000000000045
3.4117000000000015
3.3846000000000016
3.949900000000003
2.4328000000000003
2.4328000000000003
-0.6078000000000001
-0.6078000000000001
2.3127000000000004
3.823800000000001
1.9771
3.1008000000000013
3.8308000000000026
1.8870699999999998
6.170600000000005
2.958000000000001
2.6641000000000004
4.303900000000001
2.6227000000000014
3.443900000000002
0.33157000000000003
1.0276
2.9967000000000015
0.8938999999999999
0.8938999999999999
-0.8247
3.8750000000000018
2.763200000000001
3.5070000000000023
5.544680000000005
4.694800000000002
4.201700000000002
2.0168
3.641300000000002
0.6814999999999999
1.2339
3.2155000000000014
-0.1849
-0.1849
0.8022
-0.5952999999999999
0.16199999999999998
0.8007
0.11280000000000001
