[0.47007138]
[0.426598]
[0.44925675]
[0.44925675]
[0.38523483]
[0.470976]
[0.41268393]
[0.46175185]
[0.46175185]
[0.45159867]
[0.47009292]
[0.43145886]
[0.43578297]
[0.47162345]
[0.47162345]
[0.44445413]
[0.42891273]
[0.47407815]
[0.43808648]
[0.43808648]
[0.43808648]
[0.43808648]
[0.4474422]
[0.4511778]
[0.4550642]
[0.4550642]
[0.4550642]
[0.4535946]
[0.46478468]
[0.42559683]
[0.46648648]
[0.44953322]
[0.41073698]
[0.4431081]
[0.4431081]
[0.4431081]
[0.44945952]
[0.47859734]
[0.4415597]
[0.40501627]
[0.47330683]
[0.43597975]
[0.4511858]
[0.46306047]
[0.45599377]
[0.38567695]
[0.38567695]
[0.4093844]
[0.39849326]
[0.45609835]
[0.42947963]
[0.4658638]
[0.46057928]
[0.4704686]
[0.4542096]
[0.4542096]
[0.4542096]
[0.47864702]
[0.46681482]
[0.48955202]
[0.37911615]
[0.36960265]
[0.37842095]
[0.44115525]
[0.42942607]
[0.45055115]
[0.3932841]
[0.4603522]
[0.4637637]
[0.37975004]
[0.37975004]
[0.3730259]
[0.41191894]
[0.46469405]
[0.4053816]
[0.46039006]
[0.35170692]
[0.35170692]
[0.35170692]
[0.35170692]
[0.35170692]
[0.35170692]
[0.35170692]
[0.35170692]
[0.3917492]
[0.4551466]
[0.44789597]
[0.35642627]
[0.35642627]
[0.3897359]
[0.40845135]
[0.47364926]
[0.4669648]
[0.42896277]
[0.485592]
[0.3529509]
[0.43586338]
[0.37531492]
[0.37531492]
[0.37531492]
[0.44458923]
[0.47063482]
[0.43306226]
[0.46483397]
[0.36723447]
[0.47184917]
[0.45986566]
[0.37904894]
[0.37904894]
[0.37904894]
[0.37009993]
[0.37009993]
[0.37009993]
[0.46480685]
[0.4496]
[0.33479482]
[0.33479482]
[0.33479482]
[0.33479482]
[0.33479482]
[0.33479482]
[0.33479482]
[0.33479482]
[0.33479482]
[0.43501762]
[0.43501762]
[0.43501762]
[0.42423886]
[0.45644727]
[0.42066893]
[0.42436448]
[0.4084787]
[0.45459792]
[0.48168424]
[0.3583139]
[0.37890023]
[0.37890023]
[0.37890023]
[0.352631]
[0.38864946]
[0.38250494]
[0.35236326]
[0.35236326]
[0.35236326]
[0.40774944]
[0.40774944]
[0.356117]
[0.356117]
[0.356117]
[0.38562548]
[0.35082603]
[0.35082603]
[0.40338317]
[0.40338317]
[0.3865198]
[0.40878886]
[0.4483772]
[0.3880155]
[0.31544775]
[0.36389172]
[0.3963888]
[0.3963888]
[0.38864946]
[0.38279054]
[0.38279054]
[0.44543433]
[0.37185228]
[0.37185228]
[0.37185228]
[0.41500133]
[0.42504534]
[0.33073044]
[0.33073044]
[0.33073044]
[0.34158874]
[0.37668076]
[0.37668076]
[0.37668076]
[0.37668076]
[0.44288805]
[0.3721301]
[0.39802358]
[0.39802358]
[0.40987918]
[0.41349742]
[0.38402414]
[0.46090233]
[0.39871493]
[0.33169165]
[0.33169165]
[0.34743765]
[0.38005614]
[0.36024484]
[0.36024484]
[0.36024484]
[0.36024484]
[0.36971727]
[0.41104567]
[0.36601615]
[0.36601615]
[0.39515907]
[0.31030133]
[0.31030133]
[0.31030133]
[0.31030133]
[0.31030133]
[0.367536]
[0.367536]
[0.367536]
[0.367536]
[0.35629517]
[0.35629517]
[0.35629517]
[0.35629517]
[0.41069907]
[0.41521814]
[0.40859193]
[0.37130347]
[0.37349945]
[0.37349945]
[0.4429919]
[0.42411277]
[0.38272217]
[0.36115113]
[0.3075065]
[0.3784111]
[0.38118607]
[0.39016008]
[0.32994106]
[0.32994106]
[0.32994106]
[0.44414175]
[0.3568277]
[0.39205098]
[0.3707826]
[0.3707826]
[0.3912805]
[0.31383097]
[0.31383097]
[0.31383097]
[0.31383097]
[0.31383097]
[0.31383097]
[0.31383097]
[0.31383097]
[0.31383097]
[0.31383097]
[0.31383097]
[0.31383097]
[0.31383097]
[0.31383097]
[0.31383097]
[0.31383097]
[0.31383097]
[0.31383097]
[0.39458603]
[0.40748015]
[0.3731194]
[0.37865978]
[0.38249058]
[0.31012526]
[0.38446358]
[0.3501299]
[0.362365]
[0.35028166]
[0.36660436]
[0.39840922]
[0.37284485]
[0.38646087]
[0.3614404]
[0.3614404]
[0.41104552]
[0.32464728]
[0.4684656]
[0.3678214]
[0.3678214]
[0.3678214]
[0.41362998]
[0.36730692]
[0.34971136]
[0.34427]
[0.37284312]
[0.37284312]
[0.37284312]
[0.42114675]
[0.33685634]
[0.3472498]
[0.36710462]
[0.33664894]
[0.33664894]
[0.4294432]
[0.3517811]
[0.32626605]
[0.32626605]
[0.36829948]
[0.33688983]
[0.33688983]
[0.33688983]
[0.33688983]
[0.3807291]
[0.35243434]
[0.40397656]
[0.35084835]
[0.40387243]
[0.35995516]
[0.3843235]
[0.39071795]
[0.38704184]
[0.29385012]
[0.29385012]
[0.29385012]
[0.29385012]
[0.29385012]
[0.29385012]
[0.29385012]
[0.29385012]
[0.4085238]
[0.33579168]
[0.4380705]
[0.29431865]
[0.33106816]
[0.33106816]
[0.37192363]
[0.42831042]
[0.37868953]
[0.30489343]
[0.34489495]
[0.4008807]
[0.33334005]
[0.37696424]
[0.28531557]
[0.34675598]
[0.3577406]
[0.3884717]
[0.3337921]
[0.32662973]
[0.3613347]
[0.30483323]
[0.30483323]
[0.30483323]
[0.3794705]
[0.3786388]
[0.45472708]
[0.35557166]
[0.33371106]
[0.28151414]
[0.28151414]
[0.28151414]
[0.28151414]
[0.39658248]
[0.37214762]
[0.41176692]
[0.35921723]
[0.3877939]
[0.3735789]
[0.3074639]
[0.41297412]
[0.3179514]
[0.3607443]
[0.36941504]
[0.29256162]
[0.31305373]
[0.38023087]
[0.41217962]
[0.3506857]
[0.36552307]
[0.42687857]
[0.2920967]
[0.41888142]
[0.3851842]
[0.30815226]
[0.33674034]
[0.36863023]
[0.3575141]
[0.36516333]
[0.3712838]
[0.32360294]
[0.29702854]
[0.3595887]
[0.3568057]
[0.36034265]
[0.31764263]
[0.35062435]
[0.3326716]
[0.28049257]
[0.3522523]
[0.3242291]
[0.42377016]
[0.3531175]
[0.3531175]
[0.3531175]
[0.3389852]
[0.3804407]
[0.34953037]
[0.33459446]
[0.2748653]
[0.38385776]
[0.29872838]
[0.36287862]
[0.35480392]
[0.3936228]
[0.32887304]
[0.41107795]
[0.3688051]
[0.34494534]
[0.36245432]
[0.35530317]
[0.31748873]
[0.31748873]
[0.39122716]
[0.3202672]
[0.3142238]
[0.3967518]
[0.332884]
[0.32349962]
[0.32349962]
[0.34622723]
[0.35018122]
[0.31664458]
[0.31664458]
[0.38045588]
[0.33373404]
[0.42968675]
[0.36801934]
[0.34038702]
[0.32060117]
[0.362445]
[0.25928387]
[0.26908305]
[0.36359936]
[0.28772724]
[0.28772724]
[0.28772724]
[0.3741859]
[0.33615884]
[0.3376156]
[0.35674745]
[0.34618434]
[0.37659755]
[0.28985134]
[0.30235127]
[0.31684494]
[0.31416082]
[0.36350286]
[0.31629273]
[0.31629273]
[0.29769492]
[0.38741404]
[0.3349341]
[0.2759924]
[0.3263113]
[0.295253]
[0.26298133]
[0.29744112]
[0.26864356]
[0.2738825]
[0.2826751]
[0.32961786]
[0.27391547]
[0.3741298]
[0.29689664]
[0.2645247]
[0.2645247]
[0.30886838]
[0.29861626]
[0.41819355]
[0.33041063]
[0.25357118]
[0.3309403]
[0.35169035]
[0.36125138]
[0.31144747]
[0.37687233]
[0.3224256]
[0.3219624]
[0.41436905]
[0.3115062]
[0.34538364]
[0.44789034]
[0.34182626]
[0.34182626]
[0.3510959]
[0.32147005]
[0.4048452]
[0.42890176]
[0.29752398]
[0.40745553]
[0.3797428]
[0.39256552]
[0.3607343]
[0.4128425]
[0.40363178]
[0.37260398]
[0.37028807]
[0.37133956]
[0.38751483]
[0.4173917]
[0.44792172]
[0.44792172]
[0.44896594]
