[0.30856964]
[0.00057023]
[0.00057023]
[0.00057023]
[0.00057023]
[0.00057023]
[0.00057023]
[0.00057023]
[0.00057023]
[0.00057023]
[0.00057023]
[0.00057023]
[0.00057023]
[0.00057023]
[0.00057023]
[0.00057023]
[0.00057023]
[0.00057023]
[0.00057023]
[0.00057023]
[0.00057023]
[0.00057023]
[0.00057023]
[0.00057023]
[0.00057023]
[0.00057023]
[0.00057023]
[0.00057023]
[0.00057023]
[0.00057023]
[0.00057023]
[0.00057023]
[0.00057023]
[0.00057023]
[0.00057023]
[0.00057023]
[0.00057023]
[0.00057023]
[0.00057023]
[0.00057023]
[0.00057023]
[0.00057023]
[0.00057023]
[0.00057023]
[0.00057023]
[0.00057023]
[0.00057023]
[0.00057023]
[0.00057023]
[0.00057023]
[0.00057023]
[0.00057023]
[0.00057023]
[0.00057023]
[0.00057023]
[0.00057023]
[0.00057023]
[0.00057023]
[0.00057023]
[0.00057023]
[0.00057023]
[0.00057023]
[0.00057023]
[0.00057023]
[0.00057023]
[0.00057023]
[0.00057023]
[0.00057023]
[0.00057023]
[0.00057023]
[0.00057023]
[0.00057023]
[0.00057023]
[0.00057023]
[0.00057023]
[0.00057023]
[0.00057023]
[0.00057023]
[0.00057023]
[0.00057023]
[0.00057023]
[0.00057023]
[0.00057023]
[0.00057023]
[0.00057023]
[0.00057023]
[0.00057023]
[0.00057023]
[0.00057023]
[0.00057023]
[0.00057023]
[0.00057023]
[0.00057023]
[0.00057023]
[0.00057023]
[0.00057023]
[0.00057023]
[0.00057023]
[0.00057023]
[0.00057023]
[0.00057023]
[0.00057023]
[0.00057023]
[0.00057023]
[0.00057023]
[0.00057023]
[0.00057023]
[0.00057023]
[0.00057023]
[0.00057023]
[0.00057023]
[0.00057023]
[0.00057023]
[0.00057023]
[0.00057023]
[0.00057023]
[0.00057023]
[0.00057023]
[0.00057023]
[0.00057023]
[0.00057023]
[0.00057023]
[0.00057023]
[0.00057023]
[0.00057023]
[0.00057023]
[0.00057023]
[0.00057023]
[0.00057023]
[0.00057023]
[0.00057023]
[0.00057023]
[0.00057023]
[0.00057023]
[0.00057023]
[0.00057023]
[0.00057023]
[0.00057023]
[0.00057023]
[0.00057023]
[0.00057023]
[0.00057023]
[0.00057023]
[0.00057023]
[0.00057023]
[0.00057023]
[0.00057023]
[0.00057023]
[0.00057023]
[0.00057023]
[0.00057023]
[0.00057023]
[0.00057023]
[0.00057023]
[0.00057023]
[0.00057023]
[0.00057023]
[0.00057023]
[0.00057023]
[0.00057023]
[0.00057023]
[0.00057023]
[0.00057023]
[0.00057023]
[0.00057023]
[0.00057023]
[0.00057023]
[0.00057023]
[0.00057023]
[0.00057023]
[0.00057023]
[0.00057023]
[0.00057023]
[0.00057023]
[0.00057023]
[0.00057023]
[0.00057023]
[0.00057023]
[0.00057023]
[0.00057023]
[0.00057023]
[0.00057023]
[0.00057023]
[0.00057023]
[0.00057023]
[0.00057023]
[0.00057023]
[0.00057023]
[0.00057023]
[0.00057023]
[0.00057023]
[0.00057023]
[0.00057023]
[0.00057023]
[0.00057023]
[0.00057023]
[0.00057023]
[0.00057023]
[0.00057023]
[0.00057023]
[0.00057023]
[0.00057023]
[0.00057023]
[0.00057023]
[0.00057023]
[0.00057023]
[0.00057023]
[0.00057023]
[0.00057023]
[0.00057023]
[0.00057023]
[0.00057023]
[0.00057023]
[0.00057023]
[0.00057023]
[0.00057023]
[0.00057023]
[0.00057023]
[0.00057023]
[0.00057023]
[0.00057023]
[0.00057023]
[0.00057023]
[0.00057023]
[0.00057023]
[0.00057023]
[0.00057023]
[0.00057023]
[0.00057023]
[0.00057023]
[0.00057023]
[0.00057023]
[0.00057023]
[0.00057023]
[0.00057023]
[0.00057023]
[0.00057023]
[0.00057023]
[0.00057023]
[0.00057023]
[0.00057023]
[0.00057023]
[0.00057023]
[0.00057023]
[0.00057023]
[0.00057023]
[0.00057023]
[0.00057023]
[0.00057023]
[0.00057023]
[0.00057023]
[0.00057023]
[0.00057023]
[0.00057023]
[0.00057023]
[0.00057023]
[0.00057023]
[0.00057023]
[0.00057023]
[0.00057023]
[0.00057023]
[0.00057023]
[0.00057023]
[0.00057023]
[0.00057023]
[0.00057023]
[0.00057023]
[0.00057023]
[0.00057023]
[0.00057023]
[0.00057023]
[0.00057023]
[0.00057023]
[0.00057023]
[0.00057023]
[0.00057023]
[0.00057023]
[0.00057023]
[0.00057023]
[0.00057023]
[0.00057023]
[0.00057023]
[0.00057023]
[0.00057023]
[0.00057023]
[0.00057023]
[0.00057023]
[0.00057023]
[0.00057023]
[0.00057023]
[0.00057023]
[0.00057023]
[0.00057023]
[0.00057023]
[0.00057023]
[0.00057023]
[0.00057023]
[0.00057023]
[0.00057023]
[0.00057023]
[0.00057023]
[0.00057023]
[0.00057023]
[0.00057023]
[0.00057023]
[0.00057023]
[0.00057023]
[0.00057023]
[0.00057023]
[0.00057023]
[0.00057023]
[0.00057023]
[0.00057023]
[0.00057023]
[0.00057023]
[0.00057023]
[0.00057023]
[0.00057023]
[0.00057023]
[0.00057023]
[0.00057023]
[0.00057023]
[0.00057023]
[0.00057023]
[0.00057023]
[0.00057023]
[0.00057023]
[0.00057023]
[0.00057023]
[0.00057023]
[0.00057023]
[0.00057023]
[0.00057023]
[0.00057023]
[0.00057023]
[0.00057023]
[0.00057023]
[0.00057023]
[0.00057023]
[0.00057023]
[0.00057023]
[0.00057023]
[0.00057023]
[0.00057023]
[0.00057023]
[0.00057023]
[0.00057023]
[0.00057023]
[0.00057023]
[0.00057023]
[0.00057023]
[0.00057023]
[0.00057023]
[0.00057023]
[0.00057023]
[0.00057023]
[0.00057023]
[0.00057023]
[0.00057023]
[0.00057023]
[0.00057023]
[0.00057023]
[0.00057023]
[0.00057023]
[0.00057023]
[0.00057023]
[0.00057023]
[0.00057052]
[0.00057052]
[0.00057052]
[0.00057052]
[0.00057052]
[0.00057052]
[0.00057052]
[0.00057052]
[0.00057052]
[0.00057052]
[0.00057052]
[0.00057052]
[0.00057052]
[0.00057052]
[0.00057052]
[0.00057052]
[0.00057034]
[0.00057034]
[0.00057005]
[0.00057017]
[0.00057032]
[0.00057032]
[0.00057032]
[0.00057032]
[0.00057032]
[0.00057032]
[0.00057032]
[0.00057032]
[0.00057052]
[0.00057052]
[0.00057052]
[0.00057031]
[0.00057025]
[0.00057029]
[0.00057029]
[0.00057029]
[0.00057025]
[0.00057025]
[0.00057025]
[0.00056976]
[0.00057056]
[0.00057056]
[0.00057056]
[0.00057056]
[0.00057056]
[0.00057056]
[0.00057041]
[0.00057041]
[0.00057041]
[0.00057041]
[0.0005699]
[0.00057023]
[0.00057023]
[0.00057023]
[0.00057023]
[0.00057023]
[0.00056977]
[0.0005698]
[0.00057052]
[0.00057031]
[0.0005699]
[0.00057127]
[0.00057128]
[0.00057128]
[0.00057133]
[0.00057206]
[0.00057181]
[0.00057214]
[0.00057135]
[0.00057135]
[0.00057175]
[0.00057588]
[0.00057844]
[0.00057562]
[0.00057562]
[0.00057976]
[0.00057787]
[0.00057787]
[0.00057787]
[0.00057903]
[0.00057675]
[0.00057957]
[0.00058036]
[0.00057939]
[0.0005782]
[0.00058183]
[0.00057904]
[0.00057863]
[0.00057859]
[0.00058201]
[0.00057764]
[0.00057506]
[0.0005893]
[0.00059012]
[0.00327477]
[0.00556327]
[0.00061957]
[0.00064105]
[0.00070452]
[0.00066343]
[0.00064459]
[0.0006427]
[0.00061531]
[0.00094923]
[0.00099218]
[0.00099218]
[0.00099218]
[0.00099218]
[0.00099218]
[0.00070011]
[0.00137046]
[0.00080808]
[0.00080808]
[0.00076316]
[0.00076316]
[0.00076316]
[0.00076316]
[0.00076316]
[0.00106776]
[0.00174012]
[0.00079689]
[0.00103376]
[0.00103376]
[0.00138324]
[0.00058281]
[0.01723423]
[0.00058029]
[0.00058031]
[0.00059536]
[0.00057201]
[0.00058023]
[0.00057954]
[0.0005716]
