12.159669999999982
10.77009999999999
10.77009999999999
10.77009999999999
10.300599999999992
10.300599999999992
10.300599999999992
10.300599999999992
10.300599999999992
10.300599999999992
10.300599999999992
10.300599999999992
10.300599999999992
10.300599999999992
10.300599999999992
10.300599999999992
10.300599999999992
10.300599999999992
10.300599999999992
10.300599999999992
10.300599999999992
10.439699999999991
11.546469999999985
11.546469999999985
11.546469999999985
11.460969999999985
11.460969999999985
11.460969999999985
11.460969999999985
11.460969999999985
11.460969999999985
11.460969999999985
11.460969999999985
11.460969999999985
11.460969999999985
11.460969999999985
11.460969999999985
11.460969999999985
11.460969999999985
11.460969999999985
11.460969999999985
11.460969999999985
11.460969999999985
11.460969999999985
11.460969999999985
11.460969999999985
11.460969999999985
11.460969999999985
11.460969999999985
11.460969999999985
11.460969999999985
11.460969999999985
11.460969999999985
11.460969999999985
11.460969999999985
11.460969999999985
11.460969999999985
11.460969999999985
11.460969999999985
11.460969999999985
11.460969999999985
11.460969999999985
11.460969999999985
11.460969999999985
11.460969999999985
11.460969999999985
11.460969999999985
11.460969999999985
11.460969999999985
11.460969999999985
11.460969999999985
11.460969999999985
11.460969999999985
11.460969999999985
11.460969999999985
11.460969999999985
10.492669999999993
10.492669999999993
10.492669999999993
10.492669999999993
10.492669999999993
10.492669999999993
10.492669999999993
10.492669999999993
10.492669999999993
10.492669999999993
10.492669999999993
10.492669999999993
10.492669999999993
10.492669999999993
10.492669999999993
10.492669999999993
10.492669999999993
10.492669999999993
10.492669999999993
10.492669999999993
10.492669999999993
10.492669999999993
10.492669999999993
10.492669999999993
10.492669999999993
10.492669999999993
10.492669999999993
10.492669999999993
10.492669999999993
10.492669999999993
10.492669999999993
10.492669999999993
10.492669999999993
10.492669999999993
10.492669999999993
10.492669999999993
10.492669999999993
10.492669999999993
10.492669999999993
10.492669999999993
10.492669999999993
10.492669999999993
10.492669999999993
10.492669999999993
10.492669999999993
10.492669999999993
10.492669999999993
10.492669999999993
10.492669999999993
10.492669999999993
10.492669999999993
10.492669999999993
10.492669999999993
10.492669999999993
10.492669999999993
10.492669999999993
10.492669999999993
10.492669999999993
10.492669999999993
10.492669999999993
10.492669999999993
10.492669999999993
10.492669999999993
10.492669999999993
10.492669999999993
10.492669999999993
10.492669999999993
10.492669999999993
10.492669999999993
10.492669999999993
10.492669999999993
10.492669999999993
10.492669999999993
10.492669999999993
10.492669999999993
10.492669999999993
10.492669999999993
10.492669999999993
10.492669999999993
10.492669999999993
10.492669999999993
10.492669999999993
10.492669999999993
10.492669999999993
10.492669999999993
10.492669999999993
10.492669999999993
10.492669999999993
10.492669999999993
10.492669999999993
10.492669999999993
10.492669999999993
10.492669999999993
10.492669999999993
10.492669999999993
10.492669999999993
10.492669999999993
10.492669999999993
10.492669999999993
10.492669999999993
10.492669999999993
10.492669999999993
10.492669999999993
10.492669999999993
10.492669999999993
10.492669999999993
10.492669999999993
10.492669999999993
10.492669999999993
10.492669999999993
10.492669999999993
10.492669999999993
10.492669999999993
10.492669999999993
10.492669999999993
10.492669999999993
10.492669999999993
10.492669999999993
10.492669999999993
10.492669999999993
10.492669999999993
10.492669999999993
10.492669999999993
10.492669999999993
10.492669999999993
10.492669999999993
10.492669999999993
10.492669999999993
10.492669999999993
10.492669999999993
10.578169999999993
10.578169999999993
10.578169999999993
10.578169999999993
10.54449999999999
10.54449999999999
10.54449999999999
10.54449999999999
10.54449999999999
10.54449999999999
10.54449999999999
10.298269999999995
10.298269999999995
10.298269999999995
10.298269999999995
10.298269999999995
10.298269999999995
10.298269999999995
10.298269999999995
10.298269999999995
10.298269999999995
10.298269999999995
10.298269999999995
10.298269999999995
10.298269999999995
10.298269999999995
10.298269999999995
10.298269999999995
10.298269999999995
10.298269999999995
10.298269999999995
10.298269999999995
10.298269999999995
10.298269999999995
10.298269999999995
10.298269999999995
10.298269999999995
10.298269999999995
10.298269999999995
10.298269999999995
10.298269999999995
10.298269999999995
10.298269999999995
10.298269999999995
10.298269999999995
10.298269999999995
10.298269999999995
10.298269999999995
10.298269999999995
10.298269999999995
10.298269999999995
10.298269999999995
10.298269999999995
10.298269999999995
10.298269999999995
10.298269999999995
10.298269999999995
10.298269999999995
10.298269999999995
10.298269999999995
10.298269999999995
10.298269999999995
10.298269999999995
10.298269999999995
10.298269999999995
10.298269999999995
10.298269999999995
10.298269999999995
10.298269999999995
10.298269999999995
10.298269999999995
10.298269999999995
10.298269999999995
10.298269999999995
10.298269999999995
10.298269999999995
10.298269999999995
10.298269999999995
10.298269999999995
10.298269999999995
10.298269999999995
10.298269999999995
10.298269999999995
10.298269999999995
10.298269999999995
10.298269999999995
10.298269999999995
10.298269999999995
10.298269999999995
10.298269999999995
10.298269999999995
10.298269999999995
10.298269999999995
10.298269999999995
10.298269999999995
10.298269999999995
10.298269999999995
10.298269999999995
10.298269999999995
10.298269999999995
10.298269999999995
10.298269999999995
10.298269999999995
10.298269999999995
10.298269999999995
10.298269999999995
10.298269999999995
10.298269999999995
10.298269999999995
10.298269999999995
10.298269999999995
10.298269999999995
10.298269999999995
10.298269999999995
10.298269999999995
10.298269999999995
10.298269999999995
10.298269999999995
10.298269999999995
10.298269999999995
10.298269999999995
10.298269999999995
10.298269999999995
10.298269999999995
10.298269999999995
10.298269999999995
10.298269999999995
10.298269999999995
10.298269999999995
10.298269999999995
10.298269999999995
10.298269999999995
10.298269999999995
10.298269999999995
10.298269999999995
10.298269999999995
10.298269999999995
10.298269999999995
10.298269999999995
10.298269999999995
10.298269999999995
10.298269999999995
10.298269999999995
10.298269999999995
10.298269999999995
10.298269999999995
10.298269999999995
10.298269999999995
10.298269999999995
10.298269999999995
10.298269999999995
10.298269999999995
10.298269999999995
10.298269999999995
10.298269999999995
10.298269999999995
10.298269999999995
10.298269999999995
10.298269999999995
10.298269999999995
10.298269999999995
10.298269999999995
10.298269999999995
10.298269999999995
10.298269999999995
10.298269999999995
10.750169999999992
9.904999999999996
9.904999999999996
10.298269999999995
10.38899999999999
10.38899999999999
9.978969999999997
10.229869999999995
10.102569999999996
10.102569999999996
10.102569999999996
9.908169999999997
9.908169999999997
9.908169999999997
10.268669999999995
10.268669999999995
10.268669999999995
10.268669999999995
10.188069999999996
10.188069999999996
9.993669999999996
9.993669999999996
9.993669999999996
9.993669999999996
9.993669999999996
9.993669999999996
9.993669999999996
9.993669999999996
9.993669999999996
9.993669999999996
10.242669999999995
9.588869999999998
10.034169999999998
10.772599999999988
10.007269999999997
9.603569999999998
9.887669999999998
9.732969999999998
9.938069999999996
8.633600000000003
8.633600000000003
8.633600000000003
8.633600000000003
8.633600000000003
8.633600000000003
9.327969999999999
9.606969999999999
9.229470000000001
9.229470000000001
9.229470000000001
9.229470000000001
9.229470000000001
9.229470000000001
8.557400000000005
8.557400000000005
8.557400000000005
8.557400000000005
8.557400000000005
8.557400000000005
8.557400000000005
8.557400000000005
8.557400000000005
8.557400000000005
8.557400000000005
8.557400000000005
8.557400000000005
8.557400000000005
8.557400000000005
8.557400000000005
8.557400000000005
8.557400000000005
8.557400000000005
8.557400000000005
8.557400000000005
8.557400000000005
8.557400000000005
8.557400000000005
8.557400000000005
8.557400000000005
8.557400000000005
8.557400000000005
8.557400000000005
8.557400000000005
8.557400000000005
8.557400000000005
8.557400000000005
8.557400000000005
8.557400000000005
8.557400000000005
8.557400000000005
8.557400000000005
8.557400000000005
8.557400000000005
8.557400000000005
8.557400000000005
8.557400000000005
8.557400000000005
8.557400000000005
8.557400000000005
8.557400000000005
8.557400000000005
8.557400000000005
8.557400000000005
8.557400000000005
8.557400000000005
8.557400000000005
8.557400000000005
8.557400000000005
9.588869999999998
10.79886999999999
9.077570000000001
9.47177
8.077200000000008
10.207469999999994
8.189570000000009
8.275070000000007
9.48927
8.327600000000006
7.985500000000008
8.147000000000004
8.372700000000004
6.067900000000005
6.673670000000006
1.6866
9.801869999999997
4.884600000000003
2.2118
9.54797
