[0.00082652]
[0.00082652]
[0.00082652]
[0.00082652]
[0.00082652]
[0.00082652]
[0.00082652]
[0.00082652]
[0.00082652]
[0.00082652]
[0.00082652]
[0.00082652]
[0.00082652]
[0.00082805]
[0.00082698]
[0.00082698]
[0.00082698]
[0.00082698]
[0.00082698]
[0.00082698]
[0.00082698]
[0.00082698]
[0.00082698]
[0.00082698]
[0.00082698]
[0.00082698]
[0.00082698]
[0.00082698]
[0.00082698]
[0.00082698]
[0.00082698]
[0.00082698]
[0.00082698]
[0.00082698]
[0.00082698]
[0.00082698]
[0.00082698]
[0.00082698]
[0.00082698]
[0.00082698]
[0.00082698]
[0.00082698]
[0.00082698]
[0.00082698]
[0.00082698]
[0.00082698]
[0.00082698]
[0.00082698]
[0.00082698]
[0.00082698]
[0.00082698]
[0.00082698]
[0.00082698]
[0.00082698]
[0.00082698]
[0.00082698]
[0.00082698]
[0.00082698]
[0.00082698]
[0.00082698]
[0.00082698]
[0.00082698]
[0.00082698]
[0.00082698]
[0.00082698]
[0.00082698]
[0.00082698]
[0.00082698]
[0.00082698]
[0.00082698]
[0.00082698]
[0.00082698]
[0.00082698]
[0.00082698]
[0.00082698]
[0.00082698]
[0.00082698]
[0.00082698]
[0.00082698]
[0.00082698]
[0.00082698]
[0.00082698]
[0.00082698]
[0.00082698]
[0.00082698]
[0.00082698]
[0.00082698]
[0.00082698]
[0.00082698]
[0.00082698]
[0.00082698]
[0.00082698]
[0.00082698]
[0.00082698]
[0.00082698]
[0.00082698]
[0.00082698]
[0.00082698]
[0.00082698]
[0.00082698]
[0.00082698]
[0.00082698]
[0.00082698]
[0.00082698]
[0.00082698]
[0.00082698]
[0.00082698]
[0.00082698]
[0.00082698]
[0.00082698]
[0.00082698]
[0.00082698]
[0.00082698]
[0.00082698]
[0.00082698]
[0.00082698]
[0.00082698]
[0.00082698]
[0.00082698]
[0.00082698]
[0.00082698]
[0.00082698]
[0.00082698]
[0.00082698]
[0.00082698]
[0.00082698]
[0.00082698]
[0.00082698]
[0.00082698]
[0.00082698]
[0.00082698]
[0.00082698]
[0.00082698]
[0.00082698]
[0.00082698]
[0.00082698]
[0.00082698]
[0.00082698]
[0.00082698]
[0.00082698]
[0.00082698]
[0.00082698]
[0.00082698]
[0.00082698]
[0.00082698]
[0.00082698]
[0.00082698]
[0.00082698]
[0.00082698]
[0.00082698]
[0.00082698]
[0.00082698]
[0.00082698]
[0.00082698]
[0.00082698]
[0.00082698]
[0.00082698]
[0.00082698]
[0.00082698]
[0.00082698]
[0.00082698]
[0.00082698]
[0.00082698]
[0.00082698]
[0.00082698]
[0.00082698]
[0.00082698]
[0.00082698]
[0.00082698]
[0.00082698]
[0.00082698]
[0.00082698]
[0.00082698]
[0.00082698]
[0.00082698]
[0.00082698]
[0.00082698]
[0.00082698]
[0.00082698]
[0.00082698]
[0.00082698]
[0.00082698]
[0.00082698]
[0.00082698]
[0.00082698]
[0.00082698]
[0.00082698]
[0.00082698]
[0.00082698]
[0.00082698]
[0.00082698]
[0.00082698]
[0.00082698]
[0.00082698]
[0.00082698]
[0.00082698]
[0.00082698]
[0.00082698]
[0.00082698]
[0.00082698]
[0.00082698]
[0.00082698]
[0.00082698]
[0.00082698]
[0.00082698]
[0.00082698]
[0.00082698]
[0.00082698]
[0.00082698]
[0.00082698]
[0.00082698]
[0.00082698]
[0.00082698]
[0.00082698]
[0.00082698]
[0.00082698]
[0.00082698]
[0.00082698]
[0.00082698]
[0.00082698]
[0.00082698]
[0.00082698]
[0.00082698]
[0.00082698]
[0.00082698]
[0.00082698]
[0.00082698]
[0.00082698]
[0.00082698]
[0.00082698]
[0.00082698]
[0.00082698]
[0.00082698]
[0.00082698]
[0.00082698]
[0.00082698]
[0.00082698]
[0.00082698]
[0.00082698]
[0.00082698]
[0.00082698]
[0.00082698]
[0.00082698]
[0.00082698]
[0.00082698]
[0.00082698]
[0.00082698]
[0.00082698]
[0.00082698]
[0.00082698]
[0.00082698]
[0.00082698]
[0.00082698]
[0.00082698]
[0.00082698]
[0.00082698]
[0.00082698]
[0.00082698]
[0.00082698]
[0.00082698]
[0.00082698]
[0.00082698]
[0.00082698]
[0.00082698]
[0.00082698]
[0.00082698]
[0.00082698]
[0.00082698]
[0.00082698]
[0.00082698]
[0.00082698]
[0.00082698]
[0.00082698]
[0.00082698]
[0.00082698]
[0.00082698]
[0.00082698]
[0.00082698]
[0.00082698]
[0.00082698]
[0.00082698]
[0.00082698]
[0.00082698]
[0.00082698]
[0.00082698]
[0.00082698]
[0.00082698]
[0.00082698]
[0.00082698]
[0.00082698]
[0.00082698]
[0.00082698]
[0.00082698]
[0.00082698]
[0.00082698]
[0.00082698]
[0.00082698]
[0.00082698]
[0.00082698]
[0.00082698]
[0.00082698]
[0.00082698]
[0.00082698]
[0.00082698]
[0.00082698]
[0.00082698]
[0.00082698]
[0.00082698]
[0.00082698]
[0.00082698]
[0.00082698]
[0.00082698]
[0.00082698]
[0.00082698]
[0.00082698]
[0.00082698]
[0.00082698]
[0.00082698]
[0.00082698]
[0.00082698]
[0.00082698]
[0.00082698]
[0.00082698]
[0.00082698]
[0.00082698]
[0.00082698]
[0.00082698]
[0.00082698]
[0.00082698]
[0.00082698]
[0.00082698]
[0.00082698]
[0.00082698]
[0.00082698]
[0.00082698]
[0.00082698]
[0.00082698]
[0.00082698]
[0.00082698]
[0.00082698]
[0.00082698]
[0.00082698]
[0.00082698]
[0.00082698]
[0.00082698]
[0.00082698]
[0.00082698]
[0.00082698]
[0.00082698]
[0.00082698]
[0.00082698]
[0.00082698]
[0.00082698]
[0.00082698]
[0.00082698]
[0.00082698]
[0.00082698]
[0.00082698]
[0.00082698]
[0.00082698]
[0.00082698]
[0.00082698]
[0.00082698]
[0.00082698]
[0.00082698]
[0.00082698]
[0.00082698]
[0.00082698]
[0.00082698]
[0.00082861]
[0.00082861]
[0.00082677]
[0.00082677]
[0.00082677]
[0.00082861]
[0.00082839]
[0.0008284]
[0.00082861]
[0.00082839]
[0.00082839]
[0.00082839]
[0.00082839]
[0.00082839]
[0.00082839]
[0.00082839]
[0.00082839]
[0.00082839]
[0.00082839]
[0.00082839]
[0.00082839]
[0.00082839]
[0.00082839]
[0.00082839]
[0.00082839]
[0.00082839]
[0.00082839]
[0.00082839]
[0.00082839]
[0.00082861]
[0.0008284]
[0.00082634]
[0.00082634]
[0.00082634]
[0.00082634]
[0.00082634]
[0.00082557]
[0.00082861]
[0.00082634]
[0.00082861]
[0.00082818]
[0.00082913]
[0.00082937]
[0.00082868]
[0.00082746]
[0.00082703]
[0.00083007]
[0.00082683]
[0.00082768]
[0.00083005]
[0.00083005]
[0.00083005]
[0.00083005]
[0.00083005]
[0.00083005]
[0.00083005]
[0.00082614]
[0.00082845]
[0.00082635]
[0.00082767]
[0.00082913]
[0.00082845]
[0.00082845]
[0.00082845]
[0.00082683]
[0.00082613]
[0.00083201]
[0.00083203]
[0.00083202]
[0.00082656]
[0.00083091]
[0.00083036]
[0.0008261]
[0.00082696]
[0.00083275]
[0.00082548]
[0.0008309]
[0.00083031]
[0.00083082]
[0.00083952]
[0.00083952]
[0.00082439]
[0.00083126]
[0.0008342]
[0.00083261]
[0.0008332]
[0.0008332]
[0.0008332]
[0.0008332]
[0.00083604]
[0.00083604]
[0.00083219]
[0.00083219]
[0.00083874]
[0.00084913]
[0.00083722]
[0.00083722]
[0.00085806]
[0.00084482]
[0.00084482]
[0.00084377]
[0.00084099]
[0.00085491]
[0.00084572]
[0.000877]
[0.00086121]
[0.00085199]
[0.00088619]
[0.0008859]
[0.00092766]
[0.00087108]
[0.00085674]
[0.00086808]
[0.00092033]
[0.00090269]
[0.00087509]
[0.00085885]
[0.00085885]
[0.00176841]
[0.00109217]
[0.0011257]
[0.00103469]
[0.00103469]
[0.00126846]
[0.00251052]
[0.0010577]
[0.00150325]
[0.00080626]
[0.01646182]
[0.00080627]
[0.00080885]
