4.4323171449435055
4.4323171449435055
4.4323171449435055
4.4323171449435055
4.4323171449435055
4.4323171449435055
4.4323171449435055
4.4323171449435055
4.4323171449435055
4.4323171449435055
4.4323171449435055
4.4323171449435055
4.4323171449435055
4.4323171449435055
4.4323171449435055
4.4323171449435055
4.4323171449435055
4.328159402298774
4.328159402298774
4.328159402298774
4.328159402298774
4.328159402298774
4.328159402298774
4.328159402298774
4.328159402298774
4.551114936258546
5.113322286621585
5.113322286621585
5.113322286621585
5.113322286621585
5.113322286621585
4.953464581402281
4.467512627740414
4.467512627740414
4.467512627740414
4.467512627740414
4.467512627740414
4.467512627740414
4.467512627740414
4.467512627740414
4.467512627740414
4.467512627740414
4.467512627740414
4.467512627740414
4.467512627740414
4.467512627740414
4.467512627740414
4.467512627740414
4.467512627740414
4.467512627740414
4.467512627740414
4.467512627740414
4.467512627740414
4.467512627740414
4.467512627740414
4.467512627740414
4.467512627740414
4.467512627740414
4.467512627740414
4.467512627740414
4.467512627740414
4.467512627740414
4.467512627740414
4.467512627740414
4.467512627740414
4.467512627740414
4.467512627740414
4.467512627740414
4.467512627740414
4.467512627740414
4.467512627740414
4.467512627740414
4.467512627740414
4.467512627740414
4.467512627740414
4.467512627740414
4.467512627740414
4.467512627740414
4.467512627740414
4.467512627740414
4.467512627740414
4.467512627740414
4.467512627740414
4.467512627740414
4.467512627740414
4.467512627740414
4.467512627740414
4.467512627740414
4.467512627740414
4.467512627740414
4.467512627740414
4.467512627740414
4.467512627740414
4.467512627740414
4.467512627740414
4.467512627740414
4.467512627740414
4.467512627740414
4.467512627740414
4.467512627740414
4.467512627740414
4.467512627740414
4.467512627740414
4.467512627740414
4.467512627740414
4.467512627740414
4.467512627740414
4.467512627740414
4.467512627740414
4.467512627740414
4.467512627740414
4.467512627740414
4.467512627740414
4.467512627740414
4.467512627740414
4.467512627740414
4.467512627740414
4.467512627740414
4.467512627740414
4.867160391208939
4.867160391208939
4.867160391208939
5.467598719929146
5.467598719929146
5.467598719929146
5.467598719929146
5.467598719929146
5.467598719929146
5.467598719929146
5.467598719929146
5.467598719929146
5.467598719929146
5.467598719929146
5.467598719929146
5.467598719929146
5.471358952149755
5.471358952149755
5.471358952149755
5.471358952149755
5.427023393368913
5.427023393368913
5.427023393368913
5.427023393368913
5.427023393368913
5.427023393368913
5.427023393368913
5.427023393368913
5.427023393368913
5.427023393368913
5.427023393368913
4.652752784651161
4.652752784651161
4.652752784651161
5.4985307529306535
5.4985307529306535
5.4985307529306535
5.4985307529306535
5.4985307529306535
5.4985307529306535
5.4985307529306535
5.4985307529306535
5.4985307529306535
5.4985307529306535
5.4985307529306535
4.645552784651161
4.420829418966246
4.420829418966246
4.420829418966246
5.4587068213067225
5.424596564896466
5.424596564896466
5.424596564896466
5.424596564896466
5.424596564896466
5.424596564896466
5.424596564896466
5.424596564896466
5.424596564896466
4.4115775920431695
5.50906403197559
5.50906403197559
5.50906403197559
5.50906403197559
5.50906403197559
5.50906403197559
5.50906403197559
5.50906403197559
5.50906403197559
5.50906403197559
5.50906403197559
5.50906403197559
5.50906403197559
5.50906403197559
5.50906403197559
5.50906403197559
5.50906403197559
5.50906403197559
5.50906403197559
5.286419781713944
5.286419781713944
5.286419781713944
5.286419781713944
5.286419781713944
5.286419781713944
5.286419781713944
5.286419781713944
5.286419781713944
5.259774972878025
5.259774972878025
5.259774972878025
5.259774972878025
5.259774972878025
5.259774972878025
5.259774972878025
5.259774972878025
5.259774972878025
5.259774972878025
5.259774972878025
5.259774972878025
5.259774972878025
5.259774972878025
5.259774972878025
5.259774972878025
5.259774972878025
5.259774972878025
5.259774972878025
5.259774972878025
5.259774972878025
5.259774972878025
5.259774972878025
5.259774972878025
5.259774972878025
5.259774972878025
5.259774972878025
5.259774972878025
5.259774972878025
5.259774972878025
5.259774972878025
5.259774972878025
5.259774972878025
5.259774972878025
5.259774972878025
5.259774972878025
5.259774972878025
5.259774972878025
5.259774972878025
5.259774972878025
5.259774972878025
5.259774972878025
5.259774972878025
5.259774972878025
5.259774972878025
5.259774972878025
5.259774972878025
5.259774972878025
5.259774972878025
5.259774972878025
5.259774972878025
5.259774972878025
5.259774972878025
5.259774972878025
5.259774972878025
5.259774972878025
5.259774972878025
5.259774972878025
5.259774972878025
5.259774972878025
5.259774972878025
5.259774972878025
5.259774972878025
5.259774972878025
5.259774972878025
5.259774972878025
5.259774972878025
5.259774972878025
5.259774972878025
5.259774972878025
5.259774972878025
5.259774972878025
5.259774972878025
5.259774972878025
5.259774972878025
5.259774972878025
5.259774972878025
5.259774972878025
4.40713869753346
5.188211135051262
5.406641208621218
5.406641208621218
5.406641208621218
5.406641208621218
5.406641208621218
5.406641208621218
5.406641208621218
5.406641208621218
5.406641208621218
5.406641208621218
5.406641208621218
5.406641208621218
5.406641208621218
5.406641208621218
5.406641208621218
5.406641208621218
5.406641208621218
5.406641208621218
5.406641208621218
5.406641208621218
5.406641208621218
5.406641208621218
5.406641208621218
5.406641208621218
5.406641208621218
5.406641208621218
5.406641208621218
5.406641208621218
5.406641208621218
5.406641208621218
5.406641208621218
5.406641208621218
5.406641208621218
5.406641208621218
5.406641208621218
5.406641208621218
5.406641208621218
5.406641208621218
5.406641208621218
5.406641208621218
5.406641208621218
5.406641208621218
5.406641208621218
5.406641208621218
5.406641208621218
5.406641208621218
5.406641208621218
5.406641208621218
5.406641208621218
5.406641208621218
5.406641208621218
5.406641208621218
5.406641208621218
5.406641208621218
5.406641208621218
5.406641208621218
5.406641208621218
5.406641208621218
5.406641208621218
5.406641208621218
5.406641208621218
5.406641208621218
5.406641208621218
5.406641208621218
5.406641208621218
5.406641208621218
5.406641208621218
5.406641208621218
5.406641208621218
5.406641208621218
5.406641208621218
5.406641208621218
5.406641208621218
5.406641208621218
5.406641208621218
5.406641208621218
5.406641208621218
5.406641208621218
5.406641208621218
5.406641208621218
5.406641208621218
5.406641208621218
5.406641208621218
5.406641208621218
5.406641208621218
5.406641208621218
5.406641208621218
5.406641208621218
5.406641208621218
5.406641208621218
5.406641208621218
5.406641208621218
5.406641208621218
5.406641208621218
5.406641208621218
5.406641208621218
5.406641208621218
5.406641208621218
5.406641208621218
5.406641208621218
5.406641208621218
5.406641208621218
5.406641208621218
5.406641208621218
5.406641208621218
5.406641208621218
5.406641208621218
5.406641208621218
5.406641208621218
5.406641208621218
5.406641208621218
5.406641208621218
5.406641208621218
5.406641208621218
5.406641208621218
5.406641208621218
4.662490258698412
5.446448937635967
5.467300026170074
4.66065510161131
5.5392281888280905
5.5392281888280905
5.5392281888280905
5.5392281888280905
5.5392281888280905
5.5392281888280905
5.363549475654246
5.319074048857903
5.319074048857903
5.319074048857903
5.497670998593877
5.6358512657511675
5.437856484805779
5.437856484805779
5.437856484805779
5.437856484805779
5.437856484805779
5.437856484805779
5.437856484805779
5.437856484805779
5.437856484805779
5.437856484805779
5.437856484805779
5.437856484805779
5.437856484805779
5.437856484805779
5.437856484805779
5.437856484805779
5.437856484805779
5.437856484805779
5.437856484805779
5.437856484805779
5.437856484805779
5.437856484805779
5.437856484805779
5.4319193292252566
5.106197177692036
5.231483862447453
5.689952300089855
5.189768175024716
5.284518825632629
5.225100017600744
5.344795347324805
5.3738514559220905
5.2192291621565445
5.50654974516062
5.482101827302597
5.371240816313586
5.394862354775125
5.530495277751939
5.6374030587456465
5.4870758240058315
5.738853582048159
5.669373626414049
4.476551034848807
5.948944786248609
6.031468095836257
5.282002362653158
6.02839443166625
5.096065080780415
5.235351423058073
5.325955593422387
5.6172616228224
3.546375915465889
3.426929534404085
4.479089412127776
5.347374670345465
4.09801344078109
3.514761070435071
3.989889039797119
2.3166341040983607
3.7531988579130156
3.7554598718990295
1.7240436619033517
2.101880475434987
2.876513650843986
2.876513650843986
5.954222078509515
3.0224625002079035
2.7532198337771376
3.3723586937252197
1.9568570386349844
5.792435953777176
2.9490615080064426
4.489225334845274
5.537646841382545
5.9668774239736315
4.9743940459183476
4.972838502914991
5.897255657824222
5.716749708929199
6.536245876885797
6.536245876885797
