6.305490000000005
4.515100000000004
5.564400000000005
6.870900000000005
6.241100000000004
5.725900000000005
5.725900000000005
5.723000000000004
4.877800000000004
5.010500000000004
2.8188000000000004
8.699700000000004
5.954700000000006
5.475900000000003
8.180600000000007
6.278200000000004
6.5373000000000046
6.3369000000000035
4.121900000000002
7.510780000000007
7.445200000000005
9.0448
7.261400000000006
6.085200000000005
5.153600000000003
5.2729000000000035
6.980820000000006
7.155420000000006
7.827200000000007
7.8502400000000065
6.496920000000005
8.631300000000005
8.444720000000004
9.249799999999999
2.552900000000001
2.6205000000000007
6.6578900000000045
2.5035000000000007
3.389800000000002
9.496499999999997
7.805100000000007
8.010400000000008
8.010400000000008
7.4977400000000065
2.1345
2.876100000000001
2.876100000000001
2.876100000000001
2.876100000000001
2.876100000000001
2.876100000000001
8.241200000000006
7.248900000000006
7.149600000000005
6.802400000000006
4.635100000000004
4.635100000000004
4.635100000000004
4.635100000000004
7.176500000000007
7.855120000000007
6.742000000000004
6.663300000000006
6.663300000000006
7.620300000000007
5.691500000000004
5.691500000000004
4.129300000000003
6.254520000000006
7.118200000000007
4.206900000000004
6.889390000000005
5.433700000000003
4.121400000000003
6.169400000000006
7.310400000000007
1.7921999999999998
4.795500000000004
4.795500000000004
4.795500000000004
5.649000000000003
5.649000000000003
5.649000000000003
5.649000000000003
5.649000000000003
5.649000000000003
5.649000000000003
5.649000000000003
5.780000000000006
7.150900000000007
5.580720000000005
2.1628
2.1628
2.1628
6.081100000000005
5.946100000000006
5.946100000000006
7.650600000000007
6.091300000000006
2.8336000000000006
7.813200000000008
2.3199000000000005
2.3199000000000005
7.075100000000006
5.6946000000000065
6.5620000000000065
8.797200000000002
2.8336000000000006
6.364470000000004
5.337600000000005
2.5505000000000004
2.5505000000000004
2.5505000000000004
2.5505000000000004
2.5505000000000004
6.092600000000005
7.350000000000007
4.884500000000003
7.264500000000007
7.264500000000007
7.264500000000007
7.264500000000007
7.264500000000007
5.236400000000003
7.228000000000007
8.123400000000007
6.793800000000006
6.793800000000006
5.264100000000004
5.264100000000004
6.604400000000006
6.604400000000006
2.3454999999999995
7.430600000000007
4.9688000000000025
6.604400000000006
6.604400000000006
6.604400000000006
5.691000000000004
5.691000000000004
4.535200000000003
5.292100000000003
6.356620000000006
4.935700000000003
4.935700000000003
5.780900000000003
6.0636000000000045
5.138800000000004
5.138800000000004
7.998900000000007
4.914100000000005
5.509500000000004
4.932400000000004
7.540000000000006
6.048200000000005
6.048200000000005
10.334499999999993
5.477700000000005
2.7166000000000006
2.7166000000000006
2.7166000000000006
2.7166000000000006
2.7166000000000006
2.7166000000000006
2.7166000000000006
5.916300000000005
7.115200000000006
6.048200000000005
6.032900000000006
6.589200000000005
6.959900000000006
2.5272000000000006
6.8083900000000055
6.121770000000004
6.1078000000000054
5.408370000000004
7.173800000000006
6.874400000000007
5.946200000000005
7.426300000000005
3.798770000000002
3.798770000000002
7.510400000000007
7.016520000000007
7.350700000000007
5.959400000000005
5.011000000000004
4.659100000000004
4.837600000000005
4.148900000000002
5.750100000000003
6.740600000000007
7.040500000000007
5.390900000000004
5.390900000000004
5.2295000000000025
6.2687400000000055
7.608800000000007
7.608800000000007
6.641920000000006
3.8186000000000027
3.8186000000000027
8.106300000000006
8.106300000000006
8.106300000000006
8.106300000000006
8.106300000000006
8.106300000000006
8.106300000000006
8.106300000000006
6.746720000000006
5.631600000000007
5.138400000000003
7.057100000000006
8.146000000000006
7.152800000000007
7.408000000000007
6.853600000000007
2.1604
5.507400000000004
8.343100000000007
7.524200000000007
4.689000000000004
4.689000000000004
5.099400000000003
4.624700000000003
4.624700000000003
4.624700000000003
4.624700000000003
4.624700000000003
4.624700000000003
8.365300000000005
5.717700000000005
6.507520000000007
6.507520000000007
6.507520000000007
6.507520000000007
6.713900000000006
5.099400000000003
8.562900000000003
2.8827000000000007
4.753800000000004
3.3916000000000013
5.477690000000003
5.5438000000000045
7.036200000000005
5.138400000000003
2.8153000000000006
7.052600000000005
5.4729000000000045
6.199500000000006
6.260620000000006
5.916800000000006
3.792100000000003
5.817600000000003
6.745600000000006
6.745600000000006
7.716200000000007
6.596100000000006
6.596100000000006
6.596100000000006
5.119400000000003
5.351200000000005
5.351200000000005
5.550470000000003
6.615220000000005
5.0008000000000035
6.308120000000005
6.964700000000007
5.0008000000000035
6.391400000000005
6.391400000000005
8.261400000000005
7.130800000000006
7.130800000000006
6.289390000000005
6.391400000000005
4.888800000000004
5.831400000000005
5.5846000000000044
5.360000000000003
3.916000000000003
5.8487200000000055
5.8487200000000055
7.757400000000007
3.0660000000000016
3.3732000000000024
5.276400000000004
7.349600000000007
6.367800000000007
2.8779000000000003
2.2412
6.085720000000006
6.809500000000007
6.039900000000006
4.293700000000003
4.700200000000003
6.6154000000000055
3.4811000000000023
6.881800000000006
6.380800000000006
6.261520000000004
5.969620000000005
2.595600000000001
3.6559000000000026
2.248
6.617900000000007
4.460600000000003
6.500720000000006
6.8848000000000065
5.950200000000006
6.276900000000006
4.080100000000003
4.287500000000004
4.748300000000003
7.501440000000006
7.152400000000006
6.207700000000005
2.924900000000001
2.924900000000001
2.924900000000001
5.263700000000005
8.035500000000006
5.726970000000004
2.8695000000000013
3.583000000000002
5.622390000000005
4.737300000000003
6.347800000000006
4.269900000000003
3.0768000000000013
3.0768000000000013
3.0768000000000013
3.0768000000000013
5.875800000000004
5.119200000000005
4.125200000000003
5.259800000000004
4.571000000000004
6.750500000000007
2.559
7.249200000000006
5.487300000000004
5.1448000000000045
2.639100000000001
5.292520000000005
5.202300000000005
2.7425000000000006
5.386490000000005
6.164600000000005
7.083100000000006
5.978100000000006
3.2914200000000027
2.990800000000001
6.468300000000005
6.007000000000007
2.4186000000000005
2.778200000000002
5.531970000000004
4.216800000000002
5.522500000000004
2.545070000000001
4.440170000000004
5.446900000000004
3.9751000000000034
3.8838000000000035
3.7577000000000025
4.9516000000000036
3.286170000000001
6.562820000000008
4.480000000000004
3.1414700000000013
3.2379000000000016
6.0205000000000055
2.9233000000000007
2.733970000000001
4.821500000000004
5.4543000000000035
2.1447000000000003
5.814600000000006
2.4248700000000007
5.413800000000005
5.814600000000004
4.962700000000004
3.2309700000000023
6.617620000000007
4.947900000000004
1.3921999999999999
4.169100000000003
7.211400000000006
4.014400000000003
6.265980000000005
3.8941000000000034
4.467500000000004
2.6596
3.121700000000002
4.785500000000004
4.264700000000003
1.8519
4.047420000000003
5.207470000000003
4.682000000000005
5.208720000000004
3.121700000000002
5.529000000000004
3.856100000000003
4.580500000000003
1.6121999999999999
3.7623000000000015
2.2456000000000005
2.5287000000000006
2.0881
3.223770000000002
2.3692
2.868400000000001
3.0401700000000007
2.3122000000000007
1.2777999999999998
4.343300000000004
4.178900000000002
3.8082000000000016
3.2394000000000016
2.478300000000001
2.3047000000000004
0.9758
3.009000000000002
1.7086999999999999
1.7086999999999999
3.0711000000000013
0.8876999999999999
3.0802000000000027
6.626370000000005
1.2143
1.7485
1.7485
1.8829999999999998
2.0457
1.1743
1.6239999999999999
1.8926
1.4895
2.0721000000000003
1.6981
6.613200000000005
2.1117999999999997
0.9837699999999998
0.9503
0.18499999999999994
-0.017800000000000038
0.0040000000000000036
0.9786
-0.4486999999999999
0.8007
6.501720000000005
3.915770000000003
6.277620000000005
6.573800000000004
7.437500000000007
6.118800000000005
6.421000000000005
4.5534000000000034
6.837720000000006
3.2752000000000017
7.535800000000006
7.682100000000006
1.7315999999999998
6.066000000000005
4.3907000000000025
5.814800000000005
5.814800000000005
1.9755999999999998
5.653600000000004
4.574000000000003
4.574000000000003
4.431200000000003
5.3320000000000025
5.389900000000004
2.4334000000000007
2.769400000000001
6.817300000000007
4.901900000000004
7.902000000000006
4.1624000000000025
2.490900000000001
5.390300000000004
6.289800000000005
4.699520000000004
6.0205000000000055
5.553300000000005
6.025000000000005
5.977600000000005
7.160600000000006
3.788300000000002
7.399400000000006
2.8534000000000006
2.9429000000000016
3.3842000000000025
8.074000000000005
6.638100000000005
6.128600000000006
