4.84845613513391
5.2825382676609
5.025078605374548
5.025078605374548
4.900977191047413
5.430730510765427
4.938363873022154
4.938363873022154
4.938363873022154
4.938363873022154
4.938363873022154
4.938363873022154
4.938363873022154
4.938363873022154
4.938363873022154
4.938363873022154
4.938363873022154
4.938363873022154
4.938363873022154
4.938363873022154
4.938363873022154
4.938363873022154
4.938363873022154
4.938363873022154
4.938363873022154
4.938363873022154
4.938363873022154
4.938363873022154
4.938363873022154
5.417315887800154
5.417315887800154
4.870353089551508
4.870353089551508
4.870353089551508
4.866514216973705
4.866514216973705
4.866514216973705
4.866514216973705
4.866514216973705
4.866514216973705
4.866514216973705
4.866514216973705
4.866514216973705
4.866514216973705
4.866514216973705
4.866514216973705
4.866514216973705
4.866514216973705
4.866514216973705
4.866514216973705
4.866514216973705
4.866514216973705
4.866514216973705
4.866514216973705
4.866514216973705
4.866514216973705
4.866514216973705
4.866514216973705
4.866514216973705
4.866514216973705
4.866514216973705
4.866514216973705
4.866514216973705
4.866514216973705
4.866514216973705
4.866514216973705
4.866514216973705
4.866514216973705
4.866514216973705
4.866514216973705
4.866514216973705
4.866514216973705
4.866514216973705
4.866514216973705
4.866514216973705
4.866514216973705
4.866514216973705
4.866514216973705
4.866514216973705
4.866514216973705
4.866514216973705
4.866514216973705
4.866514216973705
4.866514216973705
4.866514216973705
4.866514216973705
4.866514216973705
4.866514216973705
4.942811647075925
4.942811647075925
4.942811647075925
4.942811647075925
4.942811647075925
4.942811647075925
4.942811647075925
4.942811647075925
4.942811647075925
4.942811647075925
4.942811647075925
4.942811647075925
4.942811647075925
4.942811647075925
4.942811647075925
4.942811647075925
5.391002908613428
5.391002908613428
5.038450317400178
5.038450317400178
5.038450317400178
4.790850193319136
4.79496036368568
5.10282769103197
5.10282769103197
5.10282769103197
5.10282769103197
5.10282769103197
5.10282769103197
5.10282769103197
5.10282769103197
5.10282769103197
5.10282769103197
5.10282769103197
5.10282769103197
5.10282769103197
4.968512587230176
4.968512587230176
4.968512587230176
4.968512587230176
4.968512587230176
4.968512587230176
4.968512587230176
4.968512587230176
5.054577575254869
5.784964649636935
5.784964649636935
5.784964649636935
4.877872694580418
4.877872694580418
5.068687838811188
5.068687838811188
5.5149123097632735
5.5149123097632735
5.5149123097632735
5.5149123097632735
5.127833237603634
4.854555640747934
4.854555640747934
4.854555640747934
4.854555640747934
4.854555640747934
4.854555640747934
4.854555640747934
4.854555640747934
4.854555640747934
4.854555640747934
4.854555640747934
4.854555640747934
4.854555640747934
4.854555640747934
4.854555640747934
4.854555640747934
4.854555640747934
4.854555640747934
4.854555640747934
4.854555640747934
4.854555640747934
4.854555640747934
4.854555640747934
4.854555640747934
4.854555640747934
4.854555640747934
4.854555640747934
4.854555640747934
4.854555640747934
4.854555640747934
4.854555640747934
4.854555640747934
4.854555640747934
4.854555640747934
4.854555640747934
4.854555640747934
4.882478020702299
4.882478020702299
5.1053205894400655
5.006226137114632
5.0090706323257
5.0090706323257
5.0090706323257
5.0090706323257
5.0090706323257
5.0090706323257
5.0090706323257
5.0090706323257
5.0090706323257
5.0090706323257
5.0090706323257
5.0090706323257
5.0090706323257
5.0090706323257
5.0090706323257
5.0090706323257
5.0090706323257
5.0090706323257
5.0090706323257
5.0090706323257
5.0090706323257
5.0090706323257
5.0090706323257
5.0090706323257
5.0090706323257
5.0090706323257
5.0090706323257
5.0090706323257
5.0090706323257
5.0090706323257
5.0090706323257
5.0090706323257
5.0090706323257
5.0090706323257
5.766197809211765
5.766197809211765
5.766197809211765
5.766197809211765
5.766197809211765
5.766197809211765
5.766197809211765
5.766197809211765
5.766197809211765
5.766197809211765
5.155552150033012
5.155552150033012
5.155552150033012
4.780769843171408
4.780769843171408
4.780769843171408
4.780769843171408
4.780769843171408
4.780769843171408
4.780769843171408
4.780769843171408
4.780769843171408
4.780769843171408
4.780769843171408
4.780769843171408
4.780769843171408
4.780769843171408
4.780769843171408
4.780769843171408
4.780769843171408
4.780769843171408
4.780769843171408
4.780769843171408
4.780769843171408
4.780769843171408
4.780769843171408
4.780769843171408
4.780769843171408
4.780769843171408
4.780769843171408
4.780769843171408
5.43877206235199
5.755724330451719
4.968997691031969
4.799717476380183
5.230588319580418
5.086944231691123
5.086944231691123
5.717010897615899
5.717010897615899
5.717010897615899
5.717010897615899
5.717010897615899
5.717010897615899
5.717010897615899
5.717010897615899
5.5257181351307825
5.5257181351307825
5.5257181351307825
5.5257181351307825
5.120201647075925
5.400687983240294
5.632936912410658
5.6174074532990215
5.6174074532990215
5.6174074532990215
4.861808075088744
5.106123576241166
5.110946733041956
5.0900980865698
5.6574092192363565
5.6574092192363565
5.369960887947528
5.304868465444656
5.304868465444656
5.133479209900629
4.995004461312702
4.995004461312702
5.381740508733069
5.555524780011459
5.555524780011459
5.555524780011459
5.555524780011459
5.555524780011459
5.555524780011459
5.555524780011459
5.555524780011459
5.555524780011459
5.555524780011459
5.555524780011459
5.555524780011459
5.555524780011459
5.555524780011459
5.555524780011459
5.555524780011459
5.555524780011459
4.78820523282808
4.907662660896195
5.690592425343228
5.690592425343228
5.690592425343228
5.690592425343228
4.907707571763665
5.066083738220161
5.071316444580418
5.573747416007606
5.573747416007606
5.2414120443371806
5.2414120443371806
5.2414120443371806
5.2414120443371806
5.379288205363908
5.738455725401947
5.108711395941646
5.070950877845157
5.679879095924554
5.679879095924554
5.406047948440243
5.326758590383605
5.248771909761533
5.508616642899147
5.344608993573245
5.344608993573245
5.344608993573245
5.344608993573245
4.956774504218783
5.577317442695977
5.577317442695977
5.577317442695977
5.577317442695977
5.577317442695977
5.577317442695977
5.577317442695977
5.577317442695977
5.577317442695977
5.577317442695977
5.577317442695977
5.577317442695977
5.577317442695977
5.577317442695977
5.577317442695977
5.577317442695977
5.577317442695977
5.577317442695977
5.577317442695977
5.577317442695977
5.577317442695977
5.577317442695977
5.577317442695977
5.577317442695977
5.577317442695977
5.577317442695977
5.421575040166109
5.414884850475346
5.546054823696453
5.546054823696453
5.546054823696453
5.546054823696453
5.597492779900833
4.882565242657342
5.5962550560297615
5.07824452006127
5.364956730185685
5.364956730185685
5.364956730185685
5.364956730185685
5.364956730185685
5.364956730185685
5.364956730185685
5.364956730185685
5.364956730185685
5.364956730185685
5.364956730185685
5.364956730185685
5.364956730185685
4.81032621515763
5.667636959613602
5.6019292980759126
5.6019292980759126
5.6019292980759126
5.6019292980759126
5.6019292980759126
5.6019292980759126
5.6019292980759126
5.6019292980759126
5.6019292980759126
5.6019292980759126
5.6019292980759126
5.6019292980759126
5.0463182763561365
5.461102678992304
5.565621804619343
5.565621804619343
5.741090124310349
5.581671409042131
4.986410222384963
5.387997454195803
5.387997454195803
5.236369269118595
5.609705519882276
4.991251462311334
5.629560159964345
5.713142713460528
5.779546651437768
5.735111624587096
5.241834258045012
5.2513697171721185
5.45528140866365
4.320896215206885
4.9695804466548505
6.723203741079011
6.28171008260198
5.103250417069051
5.357283209529518
5.637586014844484
5.173432358004857
5.383871727653512
4.197566304669793
5.286176783649375
6.139046795100063
6.052476336674141
5.281363127235625
5.146934466829449
5.892115229672129
5.885533636188847
4.415733062429737
5.3073119498415915
5.567990116904074
5.64675911102679
5.504975748889909
6.017861948484541
1.4390300694453533
6.325225008462538
5.367924858041956
4.042950292328067
6.47517442527579
6.132772154043559
6.2757898514448325
3.624421354922907
3.719704338586503
4.924256526106891
5.035607074388914
5.035607074388914
5.035607074388914
4.8355510642882455
6.2072211655715135
6.2171363182160055
4.745283703602398
4.745283703602398
5.064189547422412
5.057709633214794
5.730953435325611
5.625694604525085
6.107430080352673
6.107430080352673
5.150820186584344
6.0812165049814455
6.0812165049814455
4.743583303564777
6.419751508924101
4.937938431083365
6.526874185885666
5.611008885399869
5.672189329033925
5.037839572228154
5.057297193900954
5.653951389906372
5.793237543752526
5.987983469705295
6.1400540267344725
5.763192934371629
5.7472944728331665
5.86859984563856
5.814575111991379
6.584992700584136
6.411793150358888
6.608357628492341
6.455618642085279
5.342388381236736
5.877410065837532
6.269902602350829
