[0.00168649]
[0.00168649]
[0.00168649]
[0.00168649]
[0.00168649]
[0.00168649]
[0.00168649]
[0.00168649]
[0.00168649]
[0.00168649]
[0.00168649]
[0.00168649]
[0.00168649]
[0.00168649]
[0.00168649]
[0.00168649]
[0.00168649]
[0.00168649]
[0.00168649]
[0.00168649]
[0.00168649]
[0.00168649]
[0.00168649]
[0.00168649]
[0.00168649]
[0.00168649]
[0.00168649]
[0.00168649]
[0.00168649]
[0.00168649]
[0.00168649]
[0.00168649]
[0.00168649]
[0.00168649]
[0.00168649]
[0.00168649]
[0.00168649]
[0.00168649]
[0.00168649]
[0.00168649]
[0.00168649]
[0.00168649]
[0.00168649]
[0.00168649]
[0.00168649]
[0.00168649]
[0.00168649]
[0.00168649]
[0.00168649]
[0.00168649]
[0.00168649]
[0.00168649]
[0.00168649]
[0.00168649]
[0.00168649]
[0.00168649]
[0.00168649]
[0.00168649]
[0.00168649]
[0.00168649]
[0.00168649]
[0.00168649]
[0.00168649]
[0.00168649]
[0.00168649]
[0.00168649]
[0.00168649]
[0.00168649]
[0.00168649]
[0.00168649]
[0.00168649]
[0.00168649]
[0.00168649]
[0.00168649]
[0.00168649]
[0.00168649]
[0.00168649]
[0.00168649]
[0.00168649]
[0.00168649]
[0.00168649]
[0.00168649]
[0.00168649]
[0.00168649]
[0.00168649]
[0.00168649]
[0.00168649]
[0.00168649]
[0.00168649]
[0.00168649]
[0.00168649]
[0.00168649]
[0.00168649]
[0.00168649]
[0.00168649]
[0.00168649]
[0.00168649]
[0.00168649]
[0.00168649]
[0.00168649]
[0.00168649]
[0.00171912]
[0.00171912]
[0.00171912]
[0.00168648]
[0.00168648]
[0.00170519]
[0.00170519]
[0.00170519]
[0.00170519]
[0.00170519]
[0.00170519]
[0.00170519]
[0.00170519]
[0.00170519]
[0.00170519]
[0.00170519]
[0.00170519]
[0.00170519]
[0.00170519]
[0.00170519]
[0.00170519]
[0.00170519]
[0.00170519]
[0.00170519]
[0.00170519]
[0.00170519]
[0.00170519]
[0.00170519]
[0.00170519]
[0.00170519]
[0.00170519]
[0.00170519]
[0.00170519]
[0.00170519]
[0.00170519]
[0.00170519]
[0.00170519]
[0.00170519]
[0.00170519]
[0.00170519]
[0.00170519]
[0.00170519]
[0.00170519]
[0.00170519]
[0.00174692]
[0.00170519]
[0.00170519]
[0.00170519]
[0.00170519]
[0.00170519]
[0.00170519]
[0.00170519]
[0.00170519]
[0.00170519]
[0.00170519]
[0.00170519]
[0.00170519]
[0.00170519]
[0.00170519]
[0.00170519]
[0.00172872]
[0.00172872]
[0.00172872]
[0.00172872]
[0.00172872]
[0.00172872]
[0.00172872]
[0.00172872]
[0.00172872]
[0.00172872]
[0.00172872]
[0.00172872]
[0.00172872]
[0.00172872]
[0.00172872]
[0.00172872]
[0.00172872]
[0.00172872]
[0.00172872]
[0.00172872]
[0.00172872]
[0.00172872]
[0.00172872]
[0.00174489]
[0.00168814]
[0.0017052]
[0.0017052]
[0.0017052]
[0.0017052]
[0.0017052]
[0.00166645]
[0.00172265]
[0.00172265]
[0.00172265]
[0.00172265]
[0.00172265]
[0.00172265]
[0.00172265]
[0.00172265]
[0.00171389]
[0.00171342]
[0.00171342]
[0.00171342]
[0.00171342]
[0.00171342]
[0.00171342]
[0.00171342]
[0.00171342]
[0.00171342]
[0.00171342]
[0.00171342]
[0.00171342]
[0.00171342]
[0.00171342]
[0.00171342]
[0.00171342]
[0.00171342]
[0.00171342]
[0.00171342]
[0.00171342]
[0.00171342]
[0.00171342]
[0.00171342]
[0.00171342]
[0.00171342]
[0.00171342]
[0.00171342]
[0.00171342]
[0.00171342]
[0.00171342]
[0.00171342]
[0.00171342]
[0.00171342]
[0.00171342]
[0.00171342]
[0.00171342]
[0.00171342]
[0.00171342]
[0.00171342]
[0.00171342]
[0.00171342]
[0.00171342]
[0.00171342]
[0.00171342]
[0.00171342]
[0.00171342]
[0.00171342]
[0.00171342]
[0.00171342]
[0.00171342]
[0.00171342]
[0.00171342]
[0.00171342]
[0.00171342]
[0.00171342]
[0.00171342]
[0.00171342]
[0.00171342]
[0.00171342]
[0.00171342]
[0.00171342]
[0.00171342]
[0.00171342]
[0.00171342]
[0.00171342]
[0.00171342]
[0.00171342]
[0.00171342]
[0.00171342]
[0.00171342]
[0.00171342]
[0.00171342]
[0.00171342]
[0.00171342]
[0.00171342]
[0.00171342]
[0.00171342]
[0.00171342]
[0.00171342]
[0.00171342]
[0.00171342]
[0.00171342]
[0.00171342]
[0.00171342]
[0.00171342]
[0.00171342]
[0.00171342]
[0.00171342]
[0.00171342]
[0.00171342]
[0.00171342]
[0.00171342]
[0.00171342]
[0.00171342]
[0.00171342]
[0.00171342]
[0.00171342]
[0.00171342]
[0.00171342]
[0.00171342]
[0.00171342]
[0.00171342]
[0.00171342]
[0.00171342]
[0.00171342]
[0.00171342]
[0.00171342]
[0.00171342]
[0.00171342]
[0.00171342]
[0.00171342]
[0.00171342]
[0.00171342]
[0.00171342]
[0.00171342]
[0.00171342]
[0.00171342]
[0.00171342]
[0.00171342]
[0.00171342]
[0.00171342]
[0.00171342]
[0.00171342]
[0.00171342]
[0.00171342]
[0.00171342]
[0.00171342]
[0.00171342]
[0.00171342]
[0.00171342]
[0.00171342]
[0.00171342]
[0.00171342]
[0.00171342]
[0.00171342]
[0.00171342]
[0.00171342]
[0.00171342]
[0.00171342]
[0.00171342]
[0.00171342]
[0.00171342]
[0.00171342]
[0.00171342]
[0.00171342]
[0.00171342]
[0.00171342]
[0.00171342]
[0.00171342]
[0.00171342]
[0.00171342]
[0.00171342]
[0.00171342]
[0.00171342]
[0.00171342]
[0.00171342]
[0.00171342]
[0.0017796]
[0.00170227]
[0.00172497]
[0.00172496]
[0.0017189]
[0.00167511]
[0.00171889]
[0.00172376]
[0.00175569]
[0.00175009]
[0.00173519]
[0.0017432]
[0.00173418]
[0.00173302]
[0.00173304]
[0.00185174]
[0.00171889]
[0.00171889]
[0.00171889]
[0.00171889]
[0.00182126]
[0.00171754]
[0.00182073]
[0.00173605]
[0.00171032]
[0.00174511]
[0.0017447]
[0.00176473]
[0.00172918]
[0.00178444]
[0.0017102]
[0.00170337]
[0.00171497]
[0.00171676]
[0.0016746]
[0.00182322]
[0.00182301]
[0.00172862]
[0.00170467]
[0.00177517]
[0.00179306]
[0.00181245]
[0.0020631]
[0.00173125]
[0.00233755]
[0.00214544]
[0.00230606]
[0.01866575]
[0.00428393]
[0.00233098]
[0.00458324]
[0.003121]
[0.003121]
[0.003121]
[0.003121]
[0.003121]
[0.003121]
[0.003121]
[0.00249039]
[0.00280554]
[0.00280554]
[0.00289316]
[0.01110587]
[0.02446068]
[0.00964101]
[0.00231092]
[0.00284086]
[0.01653967]
[0.00868987]
[0.01020654]
[0.07326868]
[0.01731674]
[0.00174899]
[0.32108974]
[0.00160815]
[0.00170267]
[0.00326651]
[0.00326651]
[0.00326651]
[0.00326651]
[0.00326651]
[0.00340528]
[0.00317742]
[0.00171056]
[0.00187281]
[0.0024522]
[0.0024522]
[0.0024522]
[0.0024522]
[0.00258486]
[0.00258486]
[0.00253328]
[0.00253328]
[0.00253328]
[0.00253328]
[0.00253328]
[0.00253328]
[0.00253328]
[0.00253328]
[0.00253328]
[0.00253328]
[0.00253328]
[0.00253328]
[0.00253328]
[0.00253328]
[0.00253328]
[0.00253328]
[0.00253328]
[0.00253328]
[0.00253328]
[0.00253328]
[0.00253328]
[0.00253328]
[0.00253328]
[0.00253328]
[0.00253328]
[0.00253328]
[0.00253328]
[0.00253328]
[0.00253328]
[0.00253328]
[0.00253328]
[0.00253328]
[0.00253328]
[0.00253328]
[0.00253328]
[0.00253328]
[0.00253328]
[0.00253328]
[0.00253328]
[0.00253328]
[0.00253328]
[0.00184887]
[0.00343656]
[0.00176059]
[0.00172257]
[0.00176571]
[0.00170763]
[0.00172575]
[0.00204235]
[0.00192251]
[0.00168642]
