5.499800000000004
4.854900000000004
4.095740000000003
3.670620000000002
3.916000000000003
3.430200000000001
3.662020000000002
3.277400000000002
4.635700000000004
3.353600000000001
3.353600000000001
3.353600000000001
4.704700000000003
2.8252000000000006
2.8252000000000006
3.4022000000000023
4.533500000000003
4.290900000000003
2.8815000000000017
3.2696000000000014
3.482800000000002
3.148220000000002
3.7504200000000028
2.839800000000001
3.9189000000000025
3.2401000000000018
3.748800000000003
3.3614000000000024
3.5501200000000024
3.634500000000002
3.576920000000003
3.4482000000000017
2.639100000000001
3.4482000000000026
3.4200000000000017
3.0794200000000016
3.442000000000002
3.442000000000002
2.977500000000001
2.977500000000001
3.275900000000002
3.275900000000002
3.275900000000002
3.275900000000002
3.275900000000002
3.2855000000000025
3.2417000000000016
3.730700000000002
3.3340000000000014
3.586100000000002
3.275900000000002
2.4171000000000005
3.2075000000000014
2.7368000000000006
2.7368000000000006
3.0281200000000013
3.1942200000000014
3.1942200000000014
3.1942200000000014
2.5574200000000005
2.0036199999999997
3.263700000000002
2.7235200000000006
2.7235200000000006
2.4549000000000003
2.4549000000000003
2.4549000000000003
3.4689000000000023
3.0299000000000014
3.0299000000000014
1.7368999999999999
3.1830000000000016
2.3881000000000006
2.3881000000000006
3.0581000000000014
4.291800000000004
3.298700000000002
3.1960000000000015
3.1960000000000015
2.2490000000000006
2.2490000000000006
2.2490000000000006
2.2490000000000006
2.2490000000000006
2.2490000000000006
2.2490000000000006
2.2490000000000006
2.2490000000000006
2.2490000000000006
2.2490000000000006
2.2490000000000006
2.2490000000000006
2.2490000000000006
2.2490000000000006
2.2490000000000006
3.2863000000000016
3.6197200000000027
3.225600000000002
2.30344
2.30344
2.30344
2.30344
2.7197000000000005
2.8858000000000006
2.8858000000000006
3.168300000000002
3.6033000000000026
3.3493200000000014
2.03672
2.7253000000000007
3.568500000000002
3.568500000000002
2.4085
2.4085
2.4085
2.4085
3.6796200000000026
2.1341200000000002
2.1341200000000002
2.601700000000001
2.4645200000000003
1.2214
3.9017000000000026
3.8305000000000016
2.639800000000001
1.48732
1.48732
3.0409000000000015
3.323400000000002
4.0115000000000025
1.99502
1.99502
1.99502
1.99502
1.99502
1.99502
1.99502
1.99502
1.99502
1.99502
1.99502
1.99502
1.99502
1.99502
1.99502
1.99502
1.99502
1.99502
1.99502
1.99502
1.99502
1.99502
1.99502
1.99502
1.99502
1.99502
1.99502
1.99502
1.99502
1.99502
1.99502
1.99502
1.99502
1.7283
3.5907000000000027
3.5907000000000027
3.5907000000000027
2.812100000000001
2.0877
2.778200000000002
2.778200000000002
1.9524199999999998
1.8256999999999999
1.8256999999999999
1.8256999999999999
1.8256999999999999
1.8256999999999999
1.1789
1.1789
1.1789
1.1789
1.70062
3.3145200000000017
3.7337000000000025
3.012500000000002
1.8617000000000001
3.5676000000000023
3.253800000000002
1.57722
1.644
1.1453
1.1453
1.1453
2.0352
3.5385000000000018
2.4035
1.5312999999999999
3.4365000000000023
1.4079
3.695700000000003
1.3921999999999999
1.3921999999999999
1.3921999999999999
1.3921999999999999
1.3921999999999999
1.3921999999999999
2.820100000000001
2.283720000000001
1.6866
1.6866
1.6866
1.6866
1.6866
1.6866
1.6866
1.6866
1.6866
1.6866
1.6866
1.6866
1.6866
1.6866
1.6866
1.6866
1.6866
1.6866
1.6866
1.6866
1.6866
1.6866
1.6866
1.6866
1.6866
1.6866
1.6866
1.6866
1.6866
1.6866
1.6866
1.6866
1.6866
1.6866
1.6866
1.6866
2.2559000000000005
3.251000000000002
3.251000000000002
2.2923
3.246800000000002
3.128700000000002
1.2688000000000001
1.2688000000000001
1.2688000000000001
1.2688000000000001
1.2688000000000001
3.1212000000000018
3.5722000000000023
2.7802000000000016
3.075800000000002
3.3294000000000015
2.547620000000001
2.0187
2.9844000000000017
1.9752999999999996
3.229000000000002
3.158100000000002
3.0050000000000017
2.5521000000000003
1.68427
1.68427
2.8183000000000016
1.7435999999999998
2.977800000000001
1.5908
1.5908
1.0816
1.6669999999999998
2.3626000000000005
3.8871000000000038
2.950000000000001
2.6728000000000014
2.6948000000000008
3.557000000000002
2.6948000000000008
2.6948000000000008
2.5096000000000007
2.5287000000000006
3.2302000000000017
1.8297999999999999
2.1166
3.0050000000000017
2.827300000000001
3.0291000000000015
2.7432000000000016
2.937000000000001
2.2827
2.6149000000000004
2.6149000000000004
2.6149000000000004
2.6149000000000004
2.8499000000000008
2.2827
2.4488000000000003
2.6948000000000008
2.1904
3.0970000000000013
2.4488000000000003
2.799500000000001
2.6053000000000006
2.6053000000000006
2.6053000000000006
2.6636000000000015
1.4766000000000001
2.3047000000000004
2.3047000000000004
2.3047000000000004
2.4488000000000003
2.5833000000000004
1.8163
1.8667
2.1386000000000003
2.1386000000000003
2.1386000000000003
2.1386000000000003
2.1386000000000003
2.1386000000000003
1.8966
1.9725
1.9725
1.9725
1.9528999999999999
2.0237
1.8926
2.1386000000000003
2.1386000000000003
2.3077000000000005
1.89922
1.111
3.527400000000002
2.717500000000001
3.158100000000002
1.8926
1.3364
2.706900000000001
2.8606000000000016
1.4617
1.5191
1.8926
1.8926
1.5025
1.5025
1.5025
1.8651
3.5923000000000025
1.5507
1.1124
1.1124
1.1124
1.1124
1.1124
1.1124
2.7590000000000012
2.0587
1.5824
1.5824
1.5824
1.9744
1.7265
2.2118
2.2118
1.7772000000000001
1.4766000000000001
1.8926
1.76827
1.5824
3.090200000000001
1.9145999999999999
1.9145999999999999
1.9145999999999999
1.9145999999999999
3.287700000000002
0.5356999999999998
2.0587
1.7485
1.1923000000000001
1.1923000000000001
1.4766000000000001
1.3404
0.7208999999999999
1.7485
1.7485
1.7485
1.7485
1.7485
1.7485
1.7485
1.7485
1.7485
1.1664
0.9981
1.5025
1.5025
1.5025
1.5025
1.5025
1.5025
1.5025
1.5025
1.5025
1.5025
2.5947000000000005
3.535300000000002
2.3168000000000006
1.4749999999999999
0.9758
1.6685999999999999
1.6685999999999999
1.6685999999999999
0.45959999999999995
2.0697
0.3454
1.8406
0.4749
0.5548
1.0349000000000002
1.1923
1.1923
1.1923
1.1923
1.1923
1.0262
0.9462999999999999
0.9462999999999999
0.9462999999999999
0.7614000000000001
2.1178
1.8031
1.1419
2.2138
1.3584
1.3584
1.1164
1.1124
1.6556
1.229
0.9462999999999999
0.9462999999999999
1.5954000000000002
1.5025
1.5025
0.4619
0.9503
2.2028
2.2028
1.7277
1.7277
1.5940999999999999
1.6859
1.7277
1.7277
2.8389000000000015
1.6954
2.0255
1.8127
1.1124
1.7008999999999999
0.5857
0.5857
1.19118
1.5836
0.8022
0.5601999999999999
0.5601999999999999
2.2827
0.39880000000000015
1.2957999999999998
1.3376
1.18949
1.4927
1.3053
1.1929999999999998
3.2417000000000016
2.0587
2.0587
-0.1849
1.4225999999999999
2.7914000000000003
2.4871000000000008
0.067
0.067
3.2828000000000017
2.7437000000000005
-0.3363
1.45
1.9259000000000002
0.6361
2.4488000000000003
2.4488000000000003
1.4927
1.6426999999999998
