[0.7779543]
[0.7779543]
[0.7272557]
[0.45831764]
[0.454579]
[0.42076945]
[0.28905454]
[0.2764781]
[0.2671237]
[0.25404185]
[0.25610846]
[0.25168464]
[0.23124412]
[0.1846443]
[0.17772861]
[0.17286287]
[0.16193113]
[0.15604962]
[0.14813817]
[0.14813817]
[0.14813817]
[0.14813817]
[0.14813817]
[0.14116432]
[0.14116432]
[0.14116432]
[0.151211]
[0.13488445]
[0.13488445]
[0.13488445]
[0.12866786]
[0.14325576]
[0.14325576]
[0.11056636]
[0.11056636]
[0.10151727]
[0.0908283]
[0.0908283]
[0.0908283]
[0.0908283]
[0.0908283]
[0.0908283]
[0.07541317]
[0.07541317]
[0.07541317]
[0.07541317]
[0.07541317]
[0.07541317]
[0.07541317]
[0.07541317]
[0.07541317]
[0.07541317]
[0.07541317]
[0.07541317]
[0.07541317]
[0.07541317]
[0.07541317]
[0.07541317]
[0.07541317]
[0.07541317]
[0.07541317]
[0.07541317]
[0.07541317]
[0.07541317]
[0.07541317]
[0.07541317]
[0.07541317]
[0.07541317]
[0.07541317]
[0.07541317]
[0.07541317]
[0.07541317]
[0.07541317]
[0.07541317]
[0.07541317]
[0.07541317]
[0.07541317]
[0.07541317]
[0.07541317]
[0.07541317]
[0.07541317]
[0.07541317]
[0.07541317]
[0.07541317]
[0.07541317]
[0.07541317]
[0.07541317]
[0.0741144]
[0.07237907]
[0.06849191]
[0.06920145]
[0.06817628]
[0.06817628]
[0.06817628]
[0.06817628]
[0.06715023]
[0.05884545]
[0.05884545]
[0.05884545]
[0.05884545]
[0.05884545]
[0.05884545]
[0.05884545]
[0.05884545]
[0.05884545]
[0.05884545]
[0.05884545]
[0.06007944]
[0.06007944]
[0.06007944]
[0.06007944]
[0.06007944]
[0.06007944]
[0.05533869]
[0.05533869]
[0.05350857]
[0.05350445]
[0.06240373]
[0.05346892]
[0.05346892]
[0.05346892]
[0.05346892]
[0.05346892]
[0.05346892]
[0.05346892]
[0.05346892]
[0.05346892]
[0.05346892]
[0.05346892]
[0.05346892]
[0.05346892]
[0.05346892]
[0.05346892]
[0.05346892]
[0.05346892]
[0.05346892]
[0.05346892]
[0.05346892]
[0.05346892]
[0.05346892]
[0.05346892]
[0.05346892]
[0.05346892]
[0.05346892]
[0.05346892]
[0.05346892]
[0.05346892]
[0.05346892]
[0.05346892]
[0.05346892]
[0.05346892]
[0.05346892]
[0.05346892]
[0.05346892]
[0.05346892]
[0.05346892]
[0.05346892]
[0.05346892]
[0.05346892]
[0.05346892]
[0.05346892]
[0.05346892]
[0.05346892]
[0.05346892]
[0.05346892]
[0.05346892]
[0.05346892]
[0.05346892]
[0.05346892]
[0.05346892]
[0.05346892]
[0.05346892]
[0.05346892]
[0.05346892]
[0.05346892]
[0.05346892]
[0.05346892]
[0.05346892]
[0.05346892]
[0.05346892]
[0.04909447]
[0.05105444]
[0.09465522]
[0.05748806]
[0.04691743]
[0.05027122]
[0.05027122]
[0.05027122]
[0.06231796]
[0.06231796]
[0.06231796]
[0.04299844]
[0.04265803]
[0.04265803]
[0.0454263]
[0.0454263]
[0.0454263]
[0.0454263]
[0.04446114]
[0.0461683]
[0.04402969]
[0.04402969]
[0.04402969]
[0.04402969]
[0.04402969]
[0.04402969]
[0.04402969]
[0.04402969]
[0.04402969]
[0.04402969]
[0.04402969]
[0.04402969]
[0.04402969]
[0.04402969]
[0.04402969]
[0.04402969]
[0.04402969]
[0.04402969]
[0.04402969]
[0.04402969]
[0.04402969]
[0.04402969]
[0.04402969]
[0.04402969]
[0.04402969]
[0.04402969]
[0.04402969]
[0.04095377]
[0.03480953]
[0.03667093]
[0.03667093]
[0.04485656]
[0.03391441]
[0.03678367]
[0.03678367]
[0.03678367]
[0.03678367]
[0.03678367]
[0.03678367]
[0.03678367]
[0.03678367]
[0.03678367]
[0.04196088]
[0.04196088]
[0.04196088]
[0.04196088]
[0.04196088]
[0.03545598]
[0.03078433]
[0.03072434]
[0.03072434]
[0.03072434]
[0.03072434]
[0.03072434]
[0.03072434]
[0.03072434]
[0.03072434]
[0.03072434]
[0.04579303]
[0.03110894]
[0.03110894]
[0.03110894]
[0.03110894]
[0.03110894]
[0.03110894]
[0.03616484]
[0.03007835]
[0.03007835]
[0.03007835]
[0.03007835]
[0.03007835]
[0.02939158]
[0.02939158]
[0.02939158]
[0.02939158]
[0.02939158]
[0.02939158]
[0.02939158]
[0.02939158]
[0.02878339]
[0.03472591]
[0.03472591]
[0.03472591]
[0.03472591]
[0.02661636]
[0.0316091]
[0.0316091]
[0.0316091]
[0.0316091]
[0.0316091]
[0.02903579]
[0.02903579]
[0.02903579]
[0.02903579]
[0.02903579]
[0.02903579]
[0.02903579]
[0.02903579]
[0.02903579]
[0.02903579]
[0.02903579]
[0.02903579]
[0.02903579]
[0.02903579]
[0.02903579]
[0.02903579]
[0.02903579]
[0.02903579]
[0.02593264]
[0.0247418]
[0.0247418]
[0.0247418]
[0.0247418]
[0.0247418]
[0.0247418]
[0.0247418]
[0.0247418]
[0.0247418]
[0.0247418]
[0.0247418]
[0.0247418]
[0.0247418]
[0.0247418]
[0.0247418]
[0.03097564]
[0.03097564]
[0.03097564]
[0.03097564]
[0.03097564]
[0.03097564]
[0.03097564]
[0.03097564]
[0.03097564]
[0.03097564]
[0.03097564]
[0.03097564]
[0.03097564]
[0.03097564]
[0.03097564]
[0.03097564]
[0.03097564]
[0.03097564]
[0.03097564]
[0.03097564]
[0.03097564]
[0.03097564]
[0.03097564]
[0.03097564]
[0.03097564]
[0.03097564]
[0.03097564]
[0.03097564]
[0.03097564]
[0.03097564]
[0.02379756]
[0.02379756]
[0.02379756]
[0.02379756]
[0.02379756]
[0.02379756]
[0.02379756]
[0.02379756]
[0.02379756]
[0.02379756]
[0.02379756]
[0.02379756]
[0.03138492]
[0.02737789]
[0.02737789]
[0.02737789]
[0.02737789]
[0.02737789]
[0.02737789]
[0.02737789]
[0.02737789]
[0.02471847]
[0.02471847]
[0.02408194]
[0.02408194]
[0.03026402]
[0.03012835]
[0.02654029]
[0.0271729]
[0.0271729]
[0.0271729]
[0.0271729]
[0.0271729]
[0.0271729]
[0.0271729]
[0.0271729]
[0.0271729]
[0.02884528]
[0.02884528]
[0.02884528]
[0.02884528]
[0.02777768]
[0.02777768]
[0.02777768]
[0.02777768]
[0.04596519]
[0.01254957]
[0.01254957]
[0.01254957]
[0.02119986]
[0.01256588]
[0.01255749]
[0.02540704]
[0.02540704]
[0.02540704]
[0.02240015]
[0.02240015]
[0.02240015]
[0.02240015]
[0.02240015]
[0.02240015]
[0.02240015]
[0.02240015]
[0.02240015]
[0.02240015]
[0.02240015]
[0.02240015]
[0.02240015]
[0.02240015]
[0.02240015]
[0.02240015]
[0.02240015]
[0.02240015]
[0.02240015]
[0.02240015]
[0.02240015]
[0.02240015]
[0.02240015]
[0.02240015]
[0.02240015]
[0.02240015]
[0.02240015]
[0.02240015]
[0.02240015]
[0.02240015]
[0.02240015]
[0.02240015]
[0.02240015]
[0.02240015]
[0.02240015]
[0.02240015]
[0.02240015]
[0.02240015]
[0.02240015]
[0.02240015]
[0.02240015]
[0.02240015]
[0.02240015]
[0.02240015]
[0.02240015]
[0.02240015]
[0.02240015]
[0.02240015]
[0.02097617]
[0.01253298]
[0.02444598]
[0.02444598]
[0.02444598]
[0.02444598]
[0.02444598]
[0.02444598]
[0.02444598]
[0.02444598]
[0.02444598]
[0.01953565]
[0.02792166]
[0.02792166]
[0.02792166]
[0.01270659]
[0.01946833]
[0.01662675]
[0.01939331]
[0.01939331]
[0.01939331]
[0.01939331]
[0.01694704]
[0.01884479]
[0.01976897]
[0.01869418]
[0.03035141]
[0.01449453]
[0.01812583]
[0.01349828]
[0.01254983]
[0.01249505]
[0.01262633]
[0.01336998]
[0.0338494]
[0.0490037]
[0.01316092]
[0.01321569]
[0.01294675]
[0.01311188]
[0.02235191]
[0.01448328]
[0.01729942]
