3.385835441352656
4.096646794196817
3.6766298004064897
4.132294495607832
3.958051709991082
3.839548627040781
4.015763611244718
3.265138624868208
3.3954875555582715
3.417536620150779
3.3311310473710787
3.950157789052861
3.500985360659156
3.676164273158431
3.5690314661973757
4.036058738055953
4.104247675567329
3.4187669726680205
3.7632835080892377
4.109147866364465
4.1697886923262
4.683860077495684
4.004296611571855
4.30283469527688
3.690898655972209
3.690898655972209
3.690898655972209
3.690898655972209
3.690898655972209
3.690898655972209
3.878094413639385
3.878094413639385
3.6633778205162733
3.933978431825496
3.944078959561331
3.944078959561331
3.814519622465845
3.4885232354504847
3.36854975854634
3.2417737127300175
3.2417737127300175
3.867373542198476
3.643443298437652
3.643443298437652
3.643443298437652
3.2982967640972554
3.8159329832508933
3.8159329832508933
3.8159329832508933
3.49298784485028
3.49298784485028
4.046115772630386
4.046115772630386
4.046115772630386
4.046115772630386
4.046115772630386
4.316705668490055
3.689774650082641
3.689774650082641
3.7919341729301363
3.7919341729301363
3.7919341729301363
3.754895634417231
3.152066386032911
3.152066386032911
3.152066386032911
3.152066386032911
3.9086377779627126
3.9086377779627126
3.9086377779627126
3.9086377779627126
3.9086377779627126
4.033722976658554
3.469545464507651
3.5529699260490757
3.5529699260490757
3.5529699260490757
3.728789435391465
3.8653652609187246
4.004546477773213
3.6193978764175254
3.867422785175589
3.599887756623847
4.819353013548677
3.8366485671735013
3.701656471331521
3.701656471331521
3.701656471331521
3.701656471331521
3.701656471331521
3.701656471331521
4.810774939410313
3.254655901565455
3.9911199499100594
4.0570262894512235
4.0570262894512235
3.8819510215984483
3.9596720347419163
3.3709083683357344
3.9720907117792157
3.7532945110329106
3.7532945110329106
4.65764514392176
3.8725221472379
3.1927563568760533
3.748589683729996
3.978151230831169
4.060170445295379
3.621700507491921
3.9479500852002696
4.7883811021221305
3.73802607558022
3.8761668395832807
3.8244662655716217
3.8244662655716217
3.8244662655716217
3.646729622046431
3.6501951165519264
4.7658042953183735
3.7975002861301297
3.7975002861301297
3.628594753635282
3.9380281648790643
2.8675889675135977
4.162633303415766
4.162633303415766
3.725520387096381
3.455117724457563
4.4168036541457125
3.411144513665316
3.992584225122984
4.3401481850242725
2.7885062556397155
3.9385817151018356
3.9385817151018356
3.9385817151018356
3.7477062601113618
3.7477062601113618
3.7477062601113618
3.779388416542764
3.9872006183862894
4.069594397069414
3.649307643625492
1.1195146313685314
1.1195146313685314
2.8896781296089458
4.108821445579953
4.5240327829577165
3.6238965424206437
3.6238965424206437
3.6238965424206437
3.6238965424206437
3.6238965424206437
3.9254995073437557
4.127453936526436
3.912652430049153
3.81837167517316
3.81837167517316
3.81837167517316
3.781580865854436
4.492478077222636
4.8424965340650035
4.032371237077819
3.949158061448756
3.949158061448756
3.949158061448756
3.9668149963320856
4.539166414487478
2.6388951553157085
4.173073242498177
2.5310121314430294
3.174300874354457
2.6577975425836122
2.6577975425836122
3.8722717828130016
3.8722717828130016
3.922065416765256
4.122793023770238
4.265230403502656
3.902361812435746
4.172397034524329
4.172397034524329
4.001414201539136
4.352588732415123
4.157827599426107
3.7145855724315044
3.7145855724315044
3.7145855724315044
3.7145855724315044
3.7145855724315044
3.2264665238349126
1.454132691425233
4.297958891566315
4.297958891566315
4.297958891566315
4.297958891566315
3.9159772900412495
4.018864067703226
3.774264957232127
3.309609577795878
4.804973216514439
4.615847307991867
4.8600264806224445
4.058565424494448
3.87771039321275
3.87771039321275
4.366478252864503
4.297952207216184
3.9954380764669395
3.8310280710877027
2.59072630044707
3.9569405901198094
4.200329084824309
3.8957669406408746
4.289383665912011
2.8430085089316677
3.771370457685612
4.729135562338154
3.9757801007320657
4.025451580022007
4.0450784196438345
4.63532969189281
2.683079903326318
4.098678921188013
4.098678921188013
4.098678921188013
4.331058745889323
4.258049501645892
4.076320794079488
2.509177355586621
2.509177355586621
2.509177355586621
2.509177355586621
2.509177355586621
2.509177355586621
2.509177355586621
3.9621118187252176
3.556605715587027
4.274445805904303
3.6462074918021417
3.0284202321867575
3.21271104574826
4.913423656270394
4.913423656270394
4.215780334211865
3.700414958916892
3.814559109630382
4.59945587830478
3.9901977626619907
4.730858147072301
4.005263599766063
4.166657519245087
4.173227811886707
3.463796962500192
4.063367912029829
4.773977966620689
4.134557826088554
4.197254263663572
3.8873109051581984
4.280950065675
4.280950065675
4.03602308254775
3.7030805268573683
3.7030805268573683
4.195008989514376
4.038101397280104
4.452079846351253
2.876585660555987
2.876585660555987
2.876585660555987
4.283607626998795
4.287780815747961
3.692398268895401
4.172312959265122
4.101225572812398
3.4290219148790637
3.942801758876639
4.339218207240941
4.328622619808003
3.7287656386224466
4.164362830915891
3.3613869785728197
3.3613869785728197
3.3613869785728197
4.318147988906334
3.6362490204494122
4.292448102028507
4.369996742075155
4.4348415958129666
4.733786902828124
3.72516152085041
4.042938676160521
2.7382408607036144
2.7382408607036144
2.565841208547818
3.5418674050629786
2.839861494456599
4.024861658571059
2.639472113925626
3.1279475071392104
4.379528429093994
3.2263053298050623
4.275444370534592
1.4218907484697816
5.116221752842247
4.259361043490731
4.116105115603166
3.748289328139901
3.240010802052307
3.779040837991044
3.0554225666476293
4.834249732257433
3.9266479245237758
3.877103792317447
3.585615236970355
4.431112488206519
4.431112488206519
4.431112488206519
4.724411325905763
4.188670160852036
2.8524250565078084
2.8524250565078084
4.340197671810635
4.449648667745896
4.50475340526368
3.0726844126101387
4.397161421913973
2.9678391663422374
4.327760640347465
2.7964500914728436
4.778370730381068
4.220359527367872
4.982358428500804
4.283897738721674
4.283897738721674
4.57692706184484
4.338974179961239
3.3758486117002846
3.0379151083457137
4.73964938484176
4.002455864845084
2.083233402628398
4.687669439799965
4.327105228725339
3.6820894863491116
4.625507295186125
4.4552839007250675
5.571028749245332
3.6415907006571864
2.9563466744944495
4.421543041596897
3.5139485384649563
4.758384099625108
4.7420698578077145
3.929747569009198
4.638888251860343
3.329145749249511
4.254825919393243
3.2230408738423524
5.24214226984038
1.9557937837210737
3.4135350469083736
3.2018453362280894
3.5650887396885205
3.323909554361296
4.851726758899855
4.489571999188499
5.231761429170824
4.99372230442663
5.430209169076757
4.046982048426179
4.904406647886335
4.481510959650329
4.76884715526368
5.353905641962
3.764719751417526
4.147921111356686
3.381177402183213
3.5345428350186925
4.790704654480089
4.927269611861892
4.867741869876276
4.637368047692982
4.2854949529951405
2.824432200413213
2.6444847959652407
4.6973771601429135
4.841372379173604
4.851503468419674
4.340739156678781
3.955121047293689
2.6984395190167536
4.531235210817279
3.862484650028013
4.08616467970077
2.985938405684122
3.973439459962397
4.342979886728566
4.307880123933865
5.709544503156003
5.464189718454906
4.5119605969215515
5.9182970778504345
3.0607260768794893
5.94891120657885
4.256093226588776
4.995529374156929
3.1554159605761942
5.330378813260399
2.6679786781463513
4.50527917725792
4.626589432979696
3.659606767895516
5.577948083207371
4.96665600491748
3.8460405939504545
3.9983111605079698
3.3415924942067194
4.04711171519093
4.04711171519093
3.0820948361563323
3.161375488564037
2.582069163217792
1.405027910734498
1.8547462897524358
3.277990869778897
2.7166272154049906
3.9845231314028187
4.300536475261881
3.4190032958144005
4.374048881473153
4.4928599983370585
4.712644429247309
4.492002345132489
3.543873785428743
3.610225960082107
4.51833514542768
3.1638132405938526
4.038523192422913
3.040964730942676
3.9051363175169307
3.524015354160288
4.108664314917863
3.7020997790553922
3.827595043601633
4.1425666634471545
3.9164850139914904
4.4508870134446425
4.319288502207722
3.845003267342636
4.5260650505032665
5.851758946369258
5.362080246073786
4.844729163304736
5.1496787896908724
3.9319321915670127
5.212004231044702
3.983313551149058
2.959077345067607
4.831801166729706
3.2710612297735064
4.881918124255582
5.079651307067586
4.353979034717934
4.185193120510455
4.681356767511456
5.517925006284293
4.305540822462192
4.644647483633734
5.0887528318135224
4.441243090670292
6.193178347427116
5.5466871616107944
4.389233826435029
4.463099931696042
5.319376630559716
5.71039516793312
5.179377789065483
4.398611381613339
6.334022221594422
4.322231376567775
5.187077299327662
6.149667401702477
3.7258053493022594
4.200370757401723
5.010493679318465
5.052025883993136
5.333697411302962
5.413081449018252
4.137252456907916
5.308536064045153
7.283318092191422
4.292717168588119
3.127348893538664
5.829117574201504
4.837549545158208
5.747727340887068
4.676407793867023
6.060691000948456
4.776229088384504
