[0.01886225]
[0.01886225]
[0.01886225]
[0.01864216]
[0.01864216]
[0.01886831]
[0.01870698]
[0.01870698]
[0.01870698]
[0.01870698]
[0.01870698]
[0.01870698]
[0.01870698]
[0.02283381]
[0.01903622]
[0.01903622]
[0.01903622]
[0.01903622]
[0.01903622]
[0.01903622]
[0.01903622]
[0.01903622]
[0.01903622]
[0.01903622]
[0.01903622]
[0.01903622]
[0.01903622]
[0.01854199]
[0.01859635]
[0.01859635]
[0.01859635]
[0.01865082]
[0.01865082]
[0.01865082]
[0.01865082]
[0.01865082]
[0.01865082]
[0.01865082]
[0.01865053]
[0.01865053]
[0.01865053]
[0.01865053]
[0.01865053]
[0.01865053]
[0.01865053]
[0.01865053]
[0.01865053]
[0.01865053]
[0.01865053]
[0.01865053]
[0.01865053]
[0.01865053]
[0.01865053]
[0.01865053]
[0.01865053]
[0.01865053]
[0.01865053]
[0.01865053]
[0.01865053]
[0.01865053]
[0.01865053]
[0.01865053]
[0.01865053]
[0.01865053]
[0.01865053]
[0.01865053]
[0.01865053]
[0.01865053]
[0.01865053]
[0.01865053]
[0.01865053]
[0.01865053]
[0.01865053]
[0.01865053]
[0.01865053]
[0.01865053]
[0.01865053]
[0.01865053]
[0.01865053]
[0.01865053]
[0.01865053]
[0.01865053]
[0.01865053]
[0.01865053]
[0.01865053]
[0.01865053]
[0.01865053]
[0.01865053]
[0.01865053]
[0.01865053]
[0.01865053]
[0.01865053]
[0.01865053]
[0.01865053]
[0.01865053]
[0.01894929]
[0.01894929]
[0.01894929]
[0.01894929]
[0.01894929]
[0.01878378]
[0.018707]
[0.018707]
[0.018707]
[0.018707]
[0.018707]
[0.018707]
[0.018707]
[0.01886252]
[0.01886252]
[0.01886252]
[0.01886252]
[0.01892683]
[0.01901207]
[0.01901207]
[0.01901207]
[0.01901207]
[0.01901207]
[0.0185925]
[0.01871874]
[0.01871874]
[0.01871874]
[0.01871874]
[0.01871874]
[0.01871874]
[0.01871874]
[0.01871874]
[0.01871874]
[0.01871874]
[0.01871874]
[0.01871874]
[0.01871874]
[0.01871874]
[0.01871874]
[0.01871874]
[0.01871874]
[0.01871874]
[0.01871874]
[0.01871874]
[0.01871874]
[0.01871874]
[0.01871874]
[0.01871874]
[0.01871874]
[0.01871874]
[0.01871874]
[0.01871874]
[0.01871874]
[0.01871874]
[0.01871874]
[0.01871874]
[0.01871874]
[0.01877885]
[0.01859226]
[0.01859226]
[0.01859226]
[0.01859226]
[0.01859226]
[0.01884918]
[0.01884918]
[0.01884918]
[0.01884918]
[0.01884918]
[0.01884918]
[0.01884918]
[0.01884918]
[0.01884918]
[0.01884918]
[0.01884918]
[0.01884918]
[0.01884918]
[0.01884918]
[0.01884918]
[0.01884918]
[0.01884918]
[0.01884918]
[0.01884918]
[0.01884918]
[0.01884918]
[0.01884918]
[0.01884918]
[0.01884918]
[0.01884918]
[0.01884918]
[0.01884918]
[0.01884918]
[0.01884918]
[0.01884918]
[0.01884918]
[0.01884918]
[0.01884918]
[0.01884918]
[0.01884918]
[0.01884918]
[0.01884918]
[0.01884918]
[0.01884918]
[0.01884918]
[0.01884918]
[0.01884918]
[0.01884918]
[0.01884918]
[0.01884918]
[0.01884918]
[0.01884918]
[0.01884918]
[0.01884918]
[0.01884918]
[0.01914222]
[0.02049314]
[0.01870345]
[0.01880854]
[0.01893524]
[0.01870618]
[0.01870618]
[0.01870618]
[0.01865957]
[0.01865957]
[0.01865957]
[0.01904851]
[0.01865466]
[0.01865466]
[0.01871633]
[0.01871633]
[0.01854745]
[0.01854745]
[0.01854745]
[0.01854745]
[0.01871484]
[0.01871484]
[0.01871697]
[0.01860215]
[0.01860215]
[0.0193777]
[0.0193777]
[0.0193777]
[0.01871657]
[0.01871657]
[0.01871657]
[0.01871657]
[0.01871387]
[0.01877886]
[0.01877886]
[0.01877886]
[0.01877886]
[0.01858365]
[0.01857454]
[0.01900944]
[0.01910271]
[0.02043855]
[0.01858365]
[0.01864409]
[0.01870988]
[0.01870389]
[0.01870389]
[0.01880118]
[0.01880118]
[0.01893564]
[0.01893564]
[0.01893564]
[0.0187749]
[0.01898023]
[0.01865937]
[0.0186626]
[0.01877478]
[0.01890988]
[0.01906679]
[0.01938055]
[0.01883545]
[0.01924412]
[0.01875675]
[0.01859598]
[0.01865108]
[0.01915739]
[0.02009494]
[0.01872071]
[0.01872071]
[0.01865663]
[0.01865663]
[0.01917994]
[0.02199144]
[0.02137184]
[0.01903622]
[0.01940321]
[0.01919447]
[0.01856791]
[0.02076983]
[0.02045138]
[0.01910796]
[0.01960206]
[0.01894763]
[0.01894763]
[0.02223853]
[0.01913021]
[0.01920816]
[0.01913021]
[0.02109078]
[0.01941371]
[0.01903214]
[0.01939346]
[0.01939346]
[0.01939346]
[0.01939346]
[0.01882136]
[0.01904329]
[0.02360698]
[0.02360698]
[0.02360698]
[0.01859718]
[0.0191247]
[0.0191247]
[0.0192622]
[0.01910143]
[0.01926247]
[0.02054031]
[0.01927302]
[0.01943219]
[0.02054916]
[0.01915012]
[0.01859657]
[0.02073042]
[0.0188718]
[0.01871963]
[0.01894248]
[0.02224106]
[0.01872663]
[0.01872663]
[0.01899678]
[0.02077212]
[0.02077212]
[0.01902476]
[0.0200223]
[0.02027795]
[0.01846861]
[0.02174317]
[0.02029207]
[0.01935579]
[0.01935579]
[0.02077327]
[0.02079022]
[0.01879403]
[0.01914587]
[0.02109061]
[0.01958124]
[0.02138775]
[0.02124557]
[0.02077208]
[0.02399717]
[0.02048193]
[0.01867887]
[0.01910455]
[0.02197947]
[0.01971068]
[0.02008051]
[0.02030577]
[0.02313967]
[0.02065192]
[0.01847702]
[0.02077212]
[0.01990321]
[0.01990321]
[0.01951979]
[0.02109266]
[0.02081283]
[0.01960853]
[0.01973486]
[0.02011098]
[0.01910395]
[0.02226784]
[0.02156118]
[0.01934069]
[0.01952921]
[0.0193271]
[0.02009722]
[0.02219168]
[0.0232478]
[0.01990543]
[0.02160691]
[0.02120315]
[0.02008314]
[0.02124105]
[0.01992431]
[0.0197622]
[0.02146156]
[0.01963636]
[0.02092377]
[0.02021243]
[0.02210233]
[0.02171858]
[0.02143461]
[0.02096947]
[0.02139917]
[0.02199835]
[0.02167932]
[0.03024687]
[0.02111596]
[0.02012335]
[0.0230769]
[0.02113664]
[0.02037668]
[0.02155142]
[0.0235131]
[0.02434957]
[0.02166497]
[0.02368096]
[0.02176166]
[0.0439158]
[0.03428139]
[0.0248112]
[0.02388958]
[0.02923757]
[0.02455299]
[0.03243907]
[0.03176094]
[0.02940273]
[0.02800233]
[0.02418675]
[0.02496172]
[0.02475574]
[0.0470871]
[0.02906138]
[0.03198011]
[0.04793072]
[0.04891862]
[0.0446226]
[0.04870914]
[0.05295882]
[0.04714006]
[0.04458462]
[0.08940469]
[0.04081637]
[0.04131328]
[0.04596891]
[0.04484234]
[0.05087696]
[0.26267675]
[0.03820985]
[0.04889648]
[0.05942206]
[0.05942206]
[0.05604095]
[0.02912022]
[0.0553174]
[0.02678932]
[0.04651541]
[0.05591407]
[0.07706758]
[0.08419202]
[0.23225679]
[0.06850547]
[0.06850547]
[0.0604843]
[0.0604843]
[0.04117518]
[0.04289087]
[0.05367509]
[0.02813524]
[0.02862526]
[0.08632175]
[0.08968314]
[0.06539843]
[0.04597605]
[0.02801886]
[0.05077436]
[0.17516412]
[0.0607372]
[0.02935421]
[0.37458754]
[0.02119603]
[0.02825687]
[0.03480725]
[0.03480725]
[0.02757382]
[0.01935003]
[0.02166841]
[0.01892859]
[0.1280755]
[0.01855111]
[0.01865494]
[0.06977937]
[0.06863838]
[0.01983355]
[0.02673062]
[0.02126455]
[0.02411163]
[0.01990411]
[0.02757506]
[0.02307875]
[0.019047]
[0.01883714]
[0.01953479]
[0.01895104]
[0.01872227]
[0.01937661]
[0.01844184]
[0.0203704]
[0.01864831]
[0.01851604]
[0.01867164]
[0.01844607]
