3.3110896415452844
2.556551197225172
2.556551197225172
2.556551197225172
2.556551197225172
2.556551197225172
2.556551197225172
3.7077051001839374
3.7077051001839374
2.4824746291944866
2.4824746291944866
2.4824746291944866
2.4824746291944866
2.4824746291944866
2.4824746291944866
2.4824746291944866
2.5958653984252553
4.2817388332277035
2.627240496297711
3.4611409991585127
3.488199207563367
3.488199207563367
3.4844289924372136
3.0961834132203077
3.7214285274869283
3.710726141551966
4.077248664568361
3.3330880920155366
3.1521359268199873
3.798984541719678
3.0700680844927
3.4952892743465194
3.148083083268313
3.148083083268313
3.148083083268313
3.148083083268313
3.148083083268313
3.148083083268313
3.148083083268313
3.148083083268313
3.148083083268313
3.148083083268313
3.148083083268313
3.148083083268313
3.148083083268313
3.148083083268313
3.148083083268313
3.148083083268313
3.148083083268313
3.148083083268313
3.148083083268313
3.148083083268313
3.148083083268313
3.148083083268313
3.148083083268313
3.148083083268313
3.148083083268313
3.148083083268313
2.889648405290126
3.917522412540583
3.917522412540583
2.99072854816386
2.99072854816386
2.112434563728039
2.112434563728039
3.488421914879064
2.906737284286052
2.906737284286052
2.906737284286052
2.906737284286052
3.2616474423165176
2.9472648956482956
3.2423957509022614
3.2423957509022614
3.2423957509022614
3.2423957509022614
4.567259405678509
4.137873597571372
4.137873597571372
4.137873597571372
4.137873597571372
4.137873597571372
4.137873597571372
4.137873597571372
4.137873597571372
4.589152428934322
4.589152428934322
4.589152428934322
4.589152428934322
3.746779559902535
3.746779559902535
2.4470908895328645
3.175757263236772
3.850185322440441
3.850185322440441
3.850185322440441
3.8796632399445308
2.7357175433790193
4.204387843767857
4.368959942351138
4.368959942351138
4.368959942351138
4.368959942351138
4.368959942351138
4.368959942351138
3.085567581888177
3.085567581888177
3.085567581888177
3.085567581888177
3.085567581888177
3.085567581888177
3.085567581888177
3.8833337303222795
3.495085376417526
3.495085376417526
2.861877464231073
3.2050653450676077
3.8145349192972393
3.8145349192972393
3.8145349192972393
3.8145349192972393
3.8145349192972393
3.8145349192972393
3.8145349192972393
2.5979258666014413
2.5979258666014413
2.5979258666014413
2.5979258666014413
3.8761190391682847
3.4443191242311837
3.4556089284843345
3.676276397543294
3.963145007569622
3.8952653152287144
3.4160886837315134
3.4160886837315134
3.745950532380954
3.745950532380954
3.745950532380954
3.745950532380954
3.745950532380954
3.745950532380954
3.745950532380954
3.745950532380954
3.745950532380954
3.745950532380954
3.745950532380954
3.745950532380954
3.745950532380954
3.745950532380954
3.745950532380954
3.745950532380954
3.745950532380954
3.745950532380954
3.745950532380954
3.745950532380954
3.745950532380954
3.745950532380954
3.745950532380954
3.7176693124584705
3.7176693124584705
3.7176693124584705
3.8198809764436685
5.363933367276566
3.7812496593587612
3.7812496593587612
3.7812496593587612
3.7812496593587612
4.693508989040451
3.668139593765
3.249866104724946
3.2714951926072517
2.3563044279944023
3.69379926719113
3.5690911658651174
4.062248918387638
4.062248918387638
3.317155021667081
4.1070659052636795
2.801493082330488
3.7940953614095196
3.7940953614095196
3.7940953614095196
3.7674174821315614
3.543695776833154
3.557105383833563
4.055423357186758
3.6796014001153248
4.496921403283822
3.8086260380145873
3.8316944770384005
3.4605996647377104
4.517159817572847
4.517159817572847
5.264944257509928
5.264944257509928
5.264944257509928
5.264944257509928
5.264944257509928
3.5710899415568687
3.8466777040668623
3.8264182635074224
3.939102636825613
3.939102636825613
2.9400668922424664
3.9813324600080335
3.9813324600080335
3.9813324600080335
3.9813324600080335
3.9813324600080335
3.3682865418015027
4.122953609304032
3.1881742643808533
3.7190326314211806
3.7190326314211806
3.2870962947129634
2.7404752022192795
3.2692571252480214
3.04945645163294
3.0194116965609545
3.0194116965609545
3.0194116965609545
3.0194116965609545
2.948811949237591
2.948811949237591
2.6136390534146265
3.227085026160669
4.283719615684175
3.4821447193332684
3.4821447193332684
3.4821447193332684
3.4821447193332684
3.4821447193332684
3.4821447193332684
3.4821447193332684
3.4821447193332684
3.4821447193332684
3.4821447193332684
3.4821447193332684
3.4821447193332684
3.4821447193332684
3.4821447193332684
3.4821447193332684
3.4821447193332684
3.4821447193332684
3.4821447193332684
3.4821447193332684
3.4821447193332684
3.4821447193332684
3.4821447193332684
3.4821447193332684
3.4821447193332684
3.4821447193332684
3.4821447193332684
3.4821447193332684
3.4821447193332684
3.4821447193332684
3.4821447193332684
3.4821447193332684
3.4821447193332684
3.4821447193332684
3.4821447193332684
3.4821447193332684
3.4821447193332684
3.4821447193332684
3.4821447193332684
3.4821447193332684
3.900916210784864
4.534258508769638
5.140433877861911
5.140433877861911
5.140433877861911
3.6168443362077367
3.6168443362077367
3.6168443362077367
3.6168443362077367
3.6168443362077367
3.0379291054678372
3.8201165082001394
3.4619730075364084
2.961269996156096
2.961269996156096
3.8324979837871425
4.897546845622419
3.700858119552784
4.112841495132272
3.622428951592352
3.622428951592352
3.622428951592352
3.622428951592352
3.588283140553859
3.516946917135467
3.516946917135467
3.516946917135467
4.121119487283645
5.35021011749264
4.258098537865232
3.3551864775750264
3.7038481193486934
4.312876130640289
4.18364732409132
3.848016690080848
4.004145260841241
4.004145260841241
4.004145260841241
4.004145260841241
3.3155447193332686
3.3155447193332686
5.075044586175032
4.713768817620947
3.117524400345805
4.490565481198333
4.695179350848561
4.695179350848561
4.855518106762032
3.756372459311617
3.756372459311617
3.6491352452986447
3.2231850261606683
3.2231850261606683
4.209890327512346
3.6047420554116094
4.032884657810232
4.1549064081684906
3.2440851249856166
3.9077273840190783
3.5969727927197948
4.072037130337703
3.5211841203020953
3.863672425305893
3.7708768967196526
2.761242419374634
3.7897933651706
3.9647051588937074
3.7233645207474666
3.795082766571749
3.842194685858086
3.8401767754318934
3.2102244219906844
4.239665315228715
4.239665315228715
4.239665315228715
4.239665315228715
3.7618798182227025
3.865018062119515
3.7511470693889315
5.021550581840557
2.808141986224136
2.808141986224136
3.405806017034201
2.4375003035590677
2.4375003035590677
3.6136433714086174
2.11132103934502
3.823602883813976
4.434663954919073
5.069743238032457
3.2704851116823255
4.724699661998085
4.951913434219353
3.399843690647093
3.2463160797557054
3.398578953291013
4.040133449183815
3.010692828340604
4.80236881415509
4.459793179716323
5.107252067868499
4.644150451774754
4.347042883813977
2.9630493090007057
4.09903415730102
5.032357385583662
5.032357385583662
5.079482917310971
4.582732743290637
4.533315961192736
4.669679328615368
4.669679328615368
2.26133673953829
4.1462699716937115
4.661589349906647
5.073656965368872
4.214224114796203
4.6746446500280125
5.1539427686344625
4.132839009731787
4.010545994234047
4.088214448942827
5.099527532695586
3.7098466634471556
3.763028252291651
5.883309275963092
3.48971605614763
5.734306668435764
3.9144422383056385
4.891852384019078
5.205939840387893
3.525230671251469
4.707426482186756
3.276111939357939
4.667488392151792
5.28007390314519
3.629209129117033
3.1361549810435205
4.09407234306512
3.6085536050394165
4.560100354547706
4.924597532695586
4.631503077466477
3.8643233571867572
3.707478971139463
3.688777686366235
3.688777686366235
4.570989260574718
4.119667532171158
3.0231674326779245
4.131663755334564
4.165896783760183
4.251400224658834
4.34145173348602
5.135224583691206
5.138471367781222
3.8901127184683597
4.619851546267691
3.6696756303577285
2.995875611257084
4.3237877276805055
5.208906553894703
4.221120543509093
5.405319494013964
4.573645844070624
3.0984369045537665
4.806065795391437
3.400693444213763
5.064987882727252
4.789731049494449
4.883116821424725
4.771934843151425
4.202822370097945
5.395688513244276
5.737354396733965
5.267562301933037
5.283706115838948
5.7379781763578634
3.427942228442209
3.427942228442209
4.280955708344257
2.7044402401433825
5.475958866310797
3.9383754313395887
6.027561531480464
4.785633544450127
3.3479816847735453
4.533388240593853
5.160412011950223
2.428071794483346
3.1573185770965218
5.474049078340602
5.34186024021914
4.38611595625286
5.785282783674646
4.391846123391057
4.186869802406706
4.186869802406706
3.8008767021323147
3.4259432128293597
4.01979868818016
5.558096142754838
4.844484847946742
2.192434657265455
5.144872057488179
4.5664841095579245
4.660834379279137
6.963984615384615
7.299787807865753
4.938246676417636
4.847602925598901
5.3284861863057635
6.3261050269773245
4.250084584886613
4.250084584886613
5.366975036996162
4.8493473687800694
5.184949641545284
4.991389829405584
6.783574237345727
4.687206244701405
4.687206244701405
5.284068365395566
5.520610593853287
4.360860977065814
7.004909789283986
5.934872911307252
5.976462142076483
4.360843910623598
5.846944735542261
5.406938758326007
5.06354846304371
6.103466230853479
