6.021370000000005
5.757470000000004
5.757470000000004
5.757470000000004
5.757470000000004
5.757470000000004
5.757470000000004
5.757470000000004
5.757470000000004
5.757470000000004
5.757470000000004
5.757470000000004
5.757470000000004
5.757470000000004
5.757470000000004
5.757470000000004
5.757470000000004
5.757470000000004
5.757470000000004
5.757470000000004
5.757470000000004
5.757470000000004
5.757470000000004
5.757470000000004
5.757470000000004
5.757470000000004
5.757470000000004
5.757470000000004
5.757470000000004
5.757470000000004
5.757470000000004
5.757470000000004
5.757470000000004
6.461900000000006
6.461900000000006
6.461900000000006
6.461900000000006
5.623670000000006
5.623670000000006
5.623670000000006
5.623670000000006
5.623670000000006
5.623670000000006
5.623670000000006
5.623670000000006
5.623670000000006
5.623670000000006
5.623670000000006
5.623670000000006
5.623670000000006
5.623670000000006
5.623670000000006
5.623670000000006
5.623670000000006
5.623670000000006
5.623670000000006
5.623670000000006
5.623670000000006
5.623670000000006
4.879300000000004
4.879300000000004
4.879300000000004
4.879300000000004
6.215700000000004
6.215700000000004
6.215700000000004
6.215700000000004
5.233570000000006
5.233570000000006
5.233570000000006
5.233570000000006
5.233570000000006
5.233570000000006
5.233570000000006
5.233570000000006
5.619670000000005
6.076370000000004
5.302870000000004
5.856900000000006
5.580100000000003
5.580100000000003
5.580100000000003
5.580100000000003
4.212470000000003
4.212470000000003
4.212470000000003
4.212470000000003
4.212470000000003
4.212470000000003
4.212470000000003
4.229070000000003
4.229070000000003
4.229070000000003
4.229070000000003
4.229070000000003
4.229070000000003
4.229070000000003
4.229070000000003
4.229070000000003
4.229070000000003
4.229070000000003
4.229070000000003
4.229070000000003
4.229070000000003
4.229070000000003
4.229070000000003
4.229070000000003
4.229070000000003
4.569100000000003
3.500400000000001
3.500400000000001
5.332370000000004
5.332370000000004
5.332370000000004
5.332370000000004
5.332370000000004
5.332370000000004
5.332370000000004
5.332370000000004
5.332370000000004
5.332370000000004
5.332370000000004
5.332370000000004
5.332370000000004
5.332370000000004
5.332370000000004
5.332370000000004
5.332370000000004
5.332370000000004
5.332370000000004
5.332370000000004
5.332370000000004
5.332370000000004
5.332370000000004
5.332370000000004
5.332370000000004
5.332370000000004
5.332370000000004
5.332370000000004
5.332370000000004
5.332370000000004
5.332370000000004
5.332370000000004
5.332370000000004
5.332370000000004
5.332370000000004
5.332370000000004
5.332370000000004
5.332370000000004
5.332370000000004
5.332370000000004
5.332370000000004
5.332370000000004
5.332370000000004
5.332370000000004
5.332370000000004
5.332370000000004
5.332370000000004
5.332370000000004
5.332370000000004
5.332370000000004
5.332370000000004
5.332370000000004
5.332370000000004
5.332370000000004
5.332370000000004
5.332370000000004
5.332370000000004
5.332370000000004
5.332370000000004
5.332370000000004
5.332370000000004
5.332370000000004
5.332370000000004
5.332370000000004
5.332370000000004
5.332370000000004
5.332370000000004
5.332370000000004
5.332370000000004
5.332370000000004
5.332370000000004
5.332370000000004
5.7366700000000055
3.955000000000002
4.493970000000004
4.493970000000004
4.493970000000004
4.493970000000004
4.493970000000004
4.493970000000004
4.493970000000004
4.493970000000004
4.493970000000004
4.493970000000004
4.493970000000004
4.493970000000004
4.493970000000004
4.493970000000004
4.493970000000004
4.493970000000004
4.493970000000004
4.493970000000004
4.493970000000004
4.493970000000004
4.493970000000004
4.493970000000004
4.493970000000004
4.493970000000004
4.493970000000004
4.493970000000004
4.493970000000004
4.493970000000004
4.493970000000004
4.493970000000004
4.493970000000004
4.493970000000004
4.493970000000004
4.493970000000004
4.493970000000004
4.493970000000004
4.493970000000004
4.493970000000004
4.323100000000003
4.323100000000003
4.323100000000003
4.323100000000003
4.323100000000003
4.323100000000003
4.323100000000003
4.323100000000003
4.323100000000003
4.323100000000003
4.323100000000003
4.323100000000003
4.323100000000003
4.323100000000003
4.323100000000003
4.323100000000003
4.323100000000003
4.323100000000003
4.323100000000003
4.323100000000003
4.323100000000003
4.323100000000003
4.323100000000003
4.323100000000003
4.323100000000003
4.323100000000003
4.323100000000003
4.323100000000003
4.323100000000003
4.323100000000003
4.323100000000003
5.498470000000004
5.487470000000004
4.495570000000004
4.495570000000004
4.495570000000004
4.495570000000004
4.495570000000004
4.495570000000004
4.495570000000004
4.495570000000004
4.495570000000004
4.495570000000004
4.495570000000004
4.495570000000004
4.495570000000004
4.495570000000004
4.495570000000004
4.495570000000004
4.495570000000004
4.495570000000004
4.495570000000004
4.495570000000004
4.495570000000004
4.495570000000004
4.495570000000004
4.495570000000004
4.495570000000004
4.495570000000004
4.495570000000004
4.495570000000004
4.495570000000004
4.495570000000004
4.495570000000004
4.495570000000004
4.495570000000004
4.495570000000004
4.495570000000004
4.495570000000004
4.179000000000002
4.179000000000002
4.179000000000002
4.179000000000002
4.179000000000002
4.179000000000002
4.179000000000002
4.179000000000002
4.179000000000002
4.179000000000002
4.179000000000002
4.179000000000002
4.179000000000002
4.179000000000002
4.179000000000002
4.179000000000002
3.7981700000000016
3.714900000000001
3.714900000000001
3.714900000000001
3.714900000000001
3.714900000000001
3.714900000000001
3.714900000000001
3.714900000000001
3.714900000000001
3.714900000000001
3.714900000000001
3.714900000000001
3.714900000000001
3.714900000000001
3.714900000000001
3.714900000000001
3.714900000000001
3.714900000000001
3.714900000000001
3.714900000000001
3.714900000000001
3.714900000000001
3.714900000000001
3.714900000000001
3.714900000000001
4.883300000000004
5.548870000000006
3.9688000000000025
3.9688000000000025
3.9688000000000025
3.9688000000000025
3.9688000000000025
3.9688000000000025
3.9688000000000025
3.9688000000000025
3.9688000000000025
3.9688000000000025
3.9688000000000025
3.9688000000000025
3.9688000000000025
3.9688000000000025
3.9688000000000025
3.9688000000000025
3.9688000000000025
3.9688000000000025
3.9688000000000025
3.9688000000000025
3.9688000000000025
3.9688000000000025
3.9688000000000025
3.9688000000000025
3.9688000000000025
3.9688000000000025
4.765470000000004
4.765470000000004
4.765470000000004
3.412600000000002
1.5824
2.9867000000000017
3.336000000000002
3.336000000000002
3.336000000000002
3.336000000000002
3.336000000000002
3.336000000000002
3.336000000000002
3.336000000000002
3.336000000000002
3.336000000000002
3.336000000000002
3.336000000000002
3.336000000000002
3.336000000000002
3.336000000000002
3.336000000000002
3.336000000000002
3.336000000000002
3.336000000000002
3.336000000000002
3.336000000000002
3.336000000000002
3.336000000000002
3.336000000000002
3.336000000000002
3.336000000000002
3.336000000000002
4.265270000000003
2.3644
3.1919000000000004
3.1919000000000004
3.1919000000000004
4.247200000000004
4.247200000000004
4.247200000000004
4.247200000000004
4.247200000000004
4.247200000000004
4.247200000000004
4.247200000000004
4.2245700000000035
3.966470000000002
3.966470000000002
3.966470000000002
3.966470000000002
3.966470000000002
3.966470000000002
3.966470000000002
3.966470000000002
3.966470000000002
3.966470000000002
3.966470000000002
3.966470000000002
3.966470000000002
3.966470000000002
3.966470000000002
3.966470000000002
3.966470000000002
3.966470000000002
3.966470000000002
3.966470000000002
3.966470000000002
3.966470000000002
3.966470000000002
3.966470000000002
3.966470000000002
3.966470000000002
3.966470000000002
3.966470000000002
3.966470000000002
2.8277
3.6202000000000023
2.7905000000000006
4.323700000000003
5.642570000000004
5.642570000000004
5.642570000000004
5.642570000000004
5.642570000000004
5.642570000000004
5.642570000000004
5.642570000000004
5.642570000000004
5.642570000000004
5.642570000000004
5.642570000000004
5.642570000000004
5.642570000000004
5.642570000000004
5.642570000000004
5.642570000000004
5.642570000000004
5.642570000000004
5.642570000000004
5.642570000000004
5.642570000000004
5.642570000000004
5.642570000000004
5.642570000000004
5.000170000000005
4.633300000000003
4.633300000000003
4.633300000000003
4.633300000000003
4.633300000000003
4.633300000000003
4.633300000000003
4.633300000000003
4.633300000000003
4.633300000000003
4.633300000000003
4.633300000000003
4.805770000000004
4.805770000000004
4.805770000000004
5.280770000000004
5.280770000000004
3.646200000000003
3.646200000000003
-0.8247
0.16199999999999998
6.023070000000004
5.891970000000004
3.8956000000000017
4.250600000000004
5.607970000000005
4.941370000000004
4.941370000000004
4.941370000000004
2.945000000000001
5.864470000000004
6.751400000000006
