[0.4916604]
[0.46505073]
[0.46505073]
[0.46505073]
[0.46505073]
[0.46505073]
[0.46505073]
[0.41352957]
[0.46492788]
[0.53924996]
[0.53924996]
[0.53924996]
[0.53924996]
[0.53924996]
[0.53924996]
[0.53924996]
[0.53924996]
[0.53924996]
[0.53924996]
[0.53924996]
[0.53924996]
[0.53924996]
[0.53924996]
[0.53924996]
[0.53924996]
[0.53924996]
[0.53924996]
[0.53924996]
[0.53924996]
[0.53924996]
[0.53924996]
[0.53924996]
[0.53924996]
[0.53924996]
[0.53924996]
[0.53924996]
[0.53924996]
[0.53924996]
[0.53924996]
[0.53924996]
[0.53924996]
[0.53924996]
[0.53924996]
[0.53924996]
[0.53924996]
[0.53924996]
[0.53924996]
[0.4498661]
[0.4498661]
[0.4498661]
[0.4498661]
[0.4498661]
[0.4498661]
[0.6089475]
[0.6089475]
[0.6089475]
[0.6089475]
[0.6089475]
[0.6089475]
[0.6089475]
[0.6089475]
[0.6089475]
[0.6089475]
[0.6089475]
[0.6089475]
[0.6089475]
[0.6089475]
[0.6089475]
[0.6089475]
[0.6089475]
[0.6089475]
[0.6089475]
[0.57606107]
[0.43102795]
[0.43102795]
[0.43100193]
[0.43100193]
[0.4363096]
[0.4358384]
[0.5775347]
[0.43115425]
[0.6943627]
[0.4477009]
[0.4477009]
[0.4477009]
[0.43737182]
[0.68181986]
[0.68181986]
[0.44863877]
[0.4280172]
[0.4111204]
[0.4111204]
[0.4111204]
[0.4111204]
[0.4111204]
[0.4111204]
[0.38213697]
[0.39048168]
[0.40032023]
[0.38143262]
[0.3856224]
[0.44743738]
[0.48576096]
[0.42679814]
[0.5076095]
[0.39560297]
[0.38196874]
[0.38414425]
[0.46436465]
[0.42761213]
[0.42761213]
[0.42761213]
[0.4341011]
[0.50529194]
[0.53812957]
[0.44619355]
[0.48413143]
[0.5144614]
[0.5144614]
[0.4130732]
[0.4130732]
[0.41418266]
[0.4680842]
[0.42735118]
[0.44094476]
[0.49744287]
[0.49744287]
[0.49744287]
[0.40713754]
[0.45824343]
[0.45824343]
[0.45824343]
[0.4134288]
[0.43392217]
[0.4840472]
[0.4840472]
[0.4840472]
[0.4840472]
[0.4840472]
[0.5420299]
[0.5420299]
[0.50412387]
[0.45766452]
[0.40577063]
[0.6187952]
[0.6187952]
[0.6187952]
[0.6187952]
[0.53224665]
[0.53224665]
[0.53224665]
[0.53224665]
[0.53224665]
[0.53224665]
[0.53224665]
[0.47077373]
[0.47077373]
[0.4356014]
[0.4975953]
[0.5016961]
[0.50881314]
[0.5134853]
[0.5941647]
[0.4587956]
[0.4587956]
[0.4587956]
[0.4587956]
[0.5140416]
[0.5140416]
[0.47815403]
[0.65780675]
[0.4059123]
[0.41847235]
[0.41352776]
[0.4223518]
[0.4223518]
[0.4223518]
[0.42152232]
[0.5193454]
[0.41326615]
[0.41326615]
[0.462256]
[0.462256]
[0.462256]
[0.462256]
[0.462256]
[0.4755451]
[0.51974]
[0.43983662]
[0.43983662]
[0.43983662]
[0.42320576]
[0.42320576]
[0.65563965]
[0.41243315]
[0.4806357]
[0.41353887]
[0.41657835]
[0.47532317]
[0.4718351]
[0.46343693]
[0.46343693]
[0.46343693]
[0.4199052]
[0.4199052]
[0.4199052]
[0.45412436]
[0.45412436]
[0.4249596]
[0.42494226]
[0.51500696]
[0.42442998]
[0.4492501]
[0.4492501]
[0.42111105]
[0.45906055]
[0.46375766]
[0.46375766]
[0.46375766]
[0.46375766]
[0.46375766]
[0.42434067]
[0.42434067]
[0.44864658]
[0.44864658]
[0.44864658]
[0.5028468]
[0.5028468]
[0.50566125]
[0.50566125]
[0.50566125]
[0.39269716]
[0.41336945]
[0.41336945]
[0.5153911]
[0.5153911]
[0.5153911]
[0.5153911]
[0.5153911]
[0.5153911]
[0.5153911]
[0.5153911]
[0.5153911]
[0.5153911]
[0.5153911]
[0.46312934]
[0.5975188]
[0.5975188]
[0.5975188]
[0.5975188]
[0.5975188]
[0.5975188]
[0.4182866]
[0.47352472]
[0.47352472]
[0.47352472]
[0.47352472]
[0.47352472]
[0.41590655]
[0.46212777]
[0.46212777]
[0.5163616]
[0.5163616]
[0.42430732]
[0.42430732]
[0.4150175]
[0.48474768]
[0.4880593]
[0.46459663]
[0.4188953]
[0.4188953]
[0.44768786]
[0.44768786]
[0.4623723]
[0.4623723]
[0.4623723]
[0.4623723]
[0.4623723]
[0.4623723]
[0.4623723]
[0.4623723]
[0.4623723]
[0.4623723]
[0.42362463]
[0.5249042]
[0.42986798]
[0.6038392]
[0.6038392]
[0.6485893]
[0.43497312]
[0.43497312]
[0.41393235]
[0.4208639]
[0.4333452]
[0.4479917]
[0.41601422]
[0.4439564]
[0.4439564]
[0.52811897]
[0.39256468]
[0.43772104]
[0.52909964]
[0.5023379]
[0.42508945]
[0.40338567]
[0.40338567]
[0.40338567]
[0.40338567]
[0.48019418]
[0.48019418]
[0.48019418]
[0.48019418]
[0.48019418]
[0.40923718]
[0.40923718]
[0.40923718]
[0.44671094]
[0.5295021]
[0.41156846]
[0.38665935]
[0.4186521]
[0.4151814]
[0.5254416]
[0.57686937]
[0.5690266]
[0.5690266]
[0.5690266]
[0.5690266]
[0.5690266]
[0.5690266]
[0.5690266]
[0.5690266]
[0.5690266]
[0.5690266]
[0.5690266]
[0.5690266]
[0.5690266]
[0.5690266]
[0.5690266]
[0.47108158]
[0.45880702]
[0.45880702]
[0.51645434]
[0.48066604]
[0.5054931]
[0.4943392]
[0.52749085]
[0.508234]
[0.46461144]
[0.50289667]
[0.47085175]
[0.44323513]
[0.39874732]
[0.47122377]
[0.36006948]
[0.44421682]
[0.44421682]
[0.4257485]
[0.38568574]
[0.41423172]
[0.39997497]
[0.37495542]
[0.4443883]
[0.4443883]
[0.4443883]
[0.48373944]
[0.46114933]
[0.46114933]
[0.42439717]
[0.39997974]
[0.4388235]
[0.4499859]
[0.39943343]
[0.47074246]
[0.43244305]
[0.3949647]
[0.44233298]
[0.4625119]
[0.4625119]
[0.4625119]
[0.52934235]
[0.38338426]
[0.48406777]
[0.38474602]
[0.38474602]
[0.38474602]
[0.38759354]
[0.47475922]
[0.47475922]
[0.4384119]
[0.4476304]
[0.4241187]
[0.45215693]
[0.43112049]
[0.48274118]
[0.3947167]
[0.49372342]
[0.49372342]
[0.5506194]
[0.5610223]
[0.3698507]
[0.44880155]
[0.53002745]
[0.53002745]
[0.53002745]
[0.5481216]
[0.45889974]
[0.46230665]
[0.38678634]
[0.43842775]
[0.38744858]
[0.56172585]
[0.38168368]
[0.4449292]
[0.4449292]
[0.4449292]
[0.3832066]
[0.49416396]
[0.51697135]
[0.5274695]
[0.50273687]
[0.3787932]
[0.540165]
[0.4330272]
[0.3714778]
[0.39185324]
[0.48282433]
[0.3799695]
[0.5005286]
[0.45396388]
[0.5301638]
[0.4144992]
[0.5465303]
[0.43858832]
[0.49571154]
[0.56838125]
[0.41091156]
[0.4314132]
[0.41450515]
[0.4510543]
[0.41643423]
[0.46316832]
[0.40307817]
[0.3791032]
[0.39677638]
[0.44047055]
[0.41228238]
[0.37997434]
[0.4880493]
[0.3836997]
[0.5163473]
[0.4513893]
[0.4201657]
[0.5220313]
[0.4506378]
[0.44909212]
[0.43571952]
[0.40888146]
[0.41533792]
[0.41664588]
[0.38767487]
[0.4689745]
[0.32609957]
[0.50150853]
[0.14212137]
[0.38329807]
[0.25858313]
[0.15148495]
[0.20175846]
[0.16416444]
[0.16704717]
[0.14951704]
[0.14599052]
[0.41422758]
[0.08033414]
[0.09284329]
[0.11042067]
[0.11042067]
[0.07581276]
[0.07581276]
[0.07578995]
[0.3868971]
[0.0758606]
[0.0758606]
[0.0758606]
[0.0758606]
[0.0758606]
[0.0758606]
[0.09332775]
[0.4079062]
[0.3897722]
[0.35727307]
[0.47244284]
[0.34500763]
[0.39040527]
[0.40985247]
[0.4082988]
[0.42063498]
[0.3871763]
[0.3688812]
