21.60730000000002
21.40620000000002
21.217200000000016
21.217200000000016
21.495020000000018
21.495020000000018
21.495020000000018
21.495020000000018
21.236920000000016
21.236920000000016
21.236920000000016
21.236920000000016
21.236920000000016
21.236920000000016
21.236920000000016
21.40620000000002
21.40620000000002
21.40620000000002
21.383300000000016
21.383300000000016
21.383300000000016
21.383300000000016
21.383300000000016
21.383300000000016
21.383300000000016
21.383300000000016
21.383300000000016
21.383300000000016
21.383300000000016
21.383300000000016
21.383300000000016
21.383300000000016
21.383300000000016
21.383300000000016
21.383300000000016
21.383300000000016
21.383300000000016
21.383300000000016
21.383300000000016
21.383300000000016
21.383300000000016
21.383300000000016
21.383300000000016
21.383300000000016
21.383300000000016
21.383300000000016
21.383300000000016
21.383300000000016
21.383300000000016
21.383300000000016
21.383300000000016
21.383300000000016
21.383300000000016
21.383300000000016
21.383300000000016
21.242200000000015
21.350600000000018
21.350600000000018
21.350600000000018
21.350600000000018
21.350600000000018
21.350600000000018
21.350600000000018
21.350600000000018
21.350600000000018
21.350600000000018
21.350600000000018
21.350600000000018
21.350600000000018
21.350600000000018
21.17140000000002
21.35060000000002
21.35060000000002
21.35060000000002
21.35060000000002
21.35060000000002
21.35060000000002
21.35060000000002
21.35060000000002
21.35060000000002
21.29500000000002
20.89000000000001
21.092500000000015
21.092500000000015
21.092500000000015
21.092500000000015
21.092500000000015
21.092500000000015
21.092500000000015
21.092500000000015
21.092500000000015
21.092500000000015
21.092500000000015
21.092500000000015
21.27630000000002
21.27630000000002
21.27630000000002
21.27630000000002
21.27630000000002
21.27630000000002
21.27630000000002
21.27630000000002
21.27630000000002
21.27630000000002
21.27630000000002
21.27630000000002
21.184500000000018
21.110200000000017
20.77150000000001
20.67080000000001
20.67080000000001
20.836900000000014
20.836900000000014
20.836900000000014
20.836900000000014
20.836900000000014
20.836900000000014
20.836900000000014
20.827100000000012
20.827100000000012
20.927420000000016
20.90242000000001
20.844720000000013
20.844720000000013
20.844720000000013
20.844720000000013
20.844720000000013
20.838600000000014
20.84682000000001
20.84682000000001
20.84682000000001
20.84682000000001
20.84682000000001
20.84682000000001
21.010820000000013
21.010820000000013
21.010820000000013
21.010820000000013
20.993200000000012
20.993200000000012
20.993200000000012
20.993200000000012
20.993200000000012
20.993200000000012
20.738800000000015
20.738800000000015
20.883300000000013
20.738800000000012
21.12890000000002
21.12890000000002
21.12890000000002
20.75800000000001
20.75800000000001
20.75800000000001
20.75800000000001
20.75800000000001
20.75800000000001
20.75800000000001
20.75800000000001
20.75800000000001
20.75800000000001
21.04670000000002
20.75800000000001
20.75800000000001
20.75800000000001
20.75800000000001
20.75800000000001
20.75800000000001
20.75800000000001
20.75800000000001
20.75800000000001
20.75800000000001
20.75800000000001
20.75800000000001
20.75800000000001
20.75800000000001
20.75800000000001
20.75800000000001
20.75800000000001
20.75800000000001
20.75800000000001
20.75800000000001
20.75800000000001
20.75800000000001
20.75800000000001
20.75800000000001
20.75800000000001
20.75800000000001
20.75800000000001
20.75800000000001
20.75800000000001
20.75800000000001
20.75800000000001
20.75800000000001
20.75800000000001
20.75800000000001
20.75800000000001
20.75800000000001
20.75800000000001
20.75800000000001
20.75800000000001
20.75800000000001
20.75800000000001
20.75800000000001
20.75800000000001
20.75800000000001
20.960500000000014
20.861900000000013
20.861900000000013
20.738800000000012
20.664500000000015
20.664300000000008
20.70240000000001
20.64100000000001
20.64100000000001
20.64100000000001
20.64100000000001
20.64100000000001
20.64100000000001
20.64100000000001
21.05452000000002
20.992000000000015
20.64100000000001
20.64100000000001
20.64100000000001
20.64100000000001
20.64100000000001
20.64100000000001
20.64100000000001
20.64100000000001
20.64100000000001
20.53630000000001
20.53630000000001
20.942800000000013
20.70240000000001
20.70240000000001
20.70240000000001
20.70240000000001
20.70240000000001
20.70240000000001
20.70240000000001
20.70240000000001
20.70240000000001
20.70240000000001
20.70240000000001
20.70240000000001
20.70240000000001
20.70240000000001
20.70240000000001
20.70240000000001
20.70240000000001
20.70240000000001
20.843500000000013
20.381400000000006
20.60490000000001
20.591900000000013
20.456720000000008
20.696700000000014
20.979600000000012
20.235020000000006
20.799820000000015
20.603100000000012
20.692900000000012
20.77830000000001
21.104420000000015
20.684900000000013
20.36790000000001
20.503720000000005
20.36790000000001
20.67040000000001
20.691400000000012
20.815200000000008
20.797800000000016
20.736700000000013
20.242200000000008
20.733100000000015
20.570400000000014
20.45360000000001
20.733100000000015
20.61480000000001
20.250900000000005
20.250900000000005
20.31230000000001
20.72230000000001
20.736500000000017
20.63730000000001
20.31230000000001
20.199700000000004
20.090600000000006
20.23500000000001
20.109800000000007
20.109800000000007
19.924500000000005
20.940100000000015
19.992800000000003
20.38480000000001
20.55620000000001
20.152300000000004
19.900520000000004
20.928200000000018
20.487500000000008
20.20050000000001
20.609900000000007
20.596100000000014
20.221200000000007
20.320500000000006
20.341500000000003
20.156700000000008
20.51480000000001
20.203400000000002
20.231900000000007
20.546400000000016
20.265300000000007
20.2889
20.31230000000001
20.34300000000001
19.6256
20.400620000000007
20.077800000000003
20.367400000000007
19.6256
19.6947
20.17690000000001
20.405820000000006
20.153000000000002
20.0864
19.8608
19.8608
20.111500000000007
19.71442
20.48710000000001
20.323100000000007
19.461599999999997
19.786700000000007
20.33160000000001
20.256200000000007
20.097400000000004
20.097000000000005
20.097000000000005
19.406
19.980000000000004
20.447800000000008
19.5877
19.624100000000002
19.962000000000007
19.8118
19.868300000000012
19.802599999999998
19.6043
19.730500000000003
20.06072
20.719200000000015
19.279199999999996
19.279199999999996
19.340299999999996
19.579800000000002
19.7494
19.61372
19.668300000000002
19.143199999999993
19.223299999999995
19.890700000000002
20.352700000000013
19.177299999999995
18.775799999999993
20.201000000000004
19.962000000000003
18.698199999999993
20.145400000000002
19.612000000000002
18.935699999999997
19.001899999999996
18.585799999999992
18.652599999999993
18.64969999999999
19.961500000000004
19.14159999999999
19.440899999999996
18.61819999999999
18.99909999999999
18.40339999999999
19.6343
18.027299999999986
19.4412
17.909219999999983
19.523300000000006
18.013299999999987
18.043699999999983
17.673599999999983
17.65589999999998
19.6548
18.41739999999999
17.389799999999976
17.265799999999977
17.441499999999976
17.28341999999998
17.206299999999974
18.315099999999983
17.13499999999998
16.36989999999997
16.39279999999997
16.07909999999997
15.490619999999968
15.904519999999968
15.947019999999966
15.513099999999966
15.880699999999965
15.57179999999997
15.342299999999966
15.187099999999969
15.805499999999968
15.915999999999967
15.301719999999968
15.119999999999969
14.345499999999971
15.008999999999968
14.008499999999973
14.580799999999972
13.938599999999973
14.009199999999973
13.303799999999978
12.61589999999998
12.57959999999998
12.724899999999979
12.320599999999981
12.023399999999981
10.438199999999991
11.806899999999983
11.828099999999981
12.22399999999998
11.158699999999987
11.628899999999984
10.60249999999999
19.623100000000004
11.036299999999986
11.036299999999986
10.305299999999992
9.07962
9.865699999999995
9.865699999999995
9.223899999999999
8.353400000000004
8.672600000000001
8.469100000000003
8.709000000000001
8.723600000000003
9.246199999999996
8.881920000000001
7.660120000000005
7.263000000000006
8.261800000000003
7.613600000000006
7.021000000000006
6.038900000000005
6.544700000000006
6.889600000000005
5.648800000000004
4.876100000000004
6.333320000000004
5.389800000000004
5.432300000000004
6.8640200000000045
6.5556000000000045
5.924200000000004
2.4085
3.832100000000003
2.1561000000000003
4.640220000000003
2.9716200000000015
3.225500000000001
3.4784000000000015
2.6268000000000002
3.047500000000001
4.049980000000002
3.4573800000000023
1.5824
1.1923
0.37129999999999996
1.0994
1.6002
1.6556
1.0865
1.1164
21.490500000000022
21.490500000000022
20.865200000000016
9.168419999999998
17.036619999999978
7.882400000000006
6.600400000000004
20.779300000000013
20.872400000000017
20.224200000000007
14.655499999999972
21.113400000000023
20.97900000000002
20.639220000000016
12.066099999999981
21.141800000000025
19.791900000000002
