4.942600000000003
5.233900000000003
5.233900000000003
5.233900000000003
5.233900000000003
5.233900000000003
5.233900000000003
5.233900000000003
5.233900000000003
5.233900000000003
5.233900000000003
2.838800000000001
5.875900000000003
5.875900000000003
4.237820000000004
4.237820000000004
4.876400000000004
4.876400000000004
4.876400000000004
4.876400000000004
4.772600000000002
4.772600000000002
2.7868000000000013
2.7868000000000013
20.02132
19.85522
18.711019999999984
18.96911999999999
18.96911999999999
18.96911999999999
18.96911999999999
18.96911999999999
4.7767000000000035
4.7767000000000035
4.7767000000000035
4.7767000000000035
4.7767000000000035
4.7767000000000035
19.411099999999994
18.91381999999999
19.924419999999998
18.774719999999988
18.774719999999988
18.774719999999988
18.774719999999988
18.774719999999988
18.774719999999988
19.818119999999997
5.9726000000000035
5.9726000000000035
5.918400000000004
19.594119999999997
19.594119999999997
2.847600000000001
18.821319999999986
20.018819999999995
20.018819999999995
19.371519999999993
19.399319999999992
19.351419999999994
18.49841999999998
19.517519999999994
19.517519999999994
19.517519999999994
19.517519999999994
19.517519999999994
18.96761999999999
2.098900000000001
19.645419999999994
19.40721999999999
19.695319999999995
4.339100000000003
18.92981999999999
18.92981999999999
4.564200000000001
19.453719999999993
19.453719999999993
19.30101999999999
5.310500000000003
19.459519999999994
19.534319999999994
19.534319999999994
19.534319999999994
19.534319999999994
18.84541999999999
19.155719999999988
19.155719999999988
19.155719999999988
19.155719999999988
19.155719999999988
19.155719999999988
6.483800000000004
18.96021999999999
18.96021999999999
19.930519999999994
19.01361999999999
5.580900000000003
5.580900000000003
5.580900000000003
19.29351999999999
19.628719999999994
19.689419999999995
19.00921999999999
4.457100000000003
4.457100000000003
18.88071999999999
18.900299999999987
19.22971999999999
19.22971999999999
18.26091999999998
18.26091999999998
18.26091999999998
6.536600000000004
6.536600000000004
6.536600000000004
6.536600000000004
19.19661999999999
19.19661999999999
17.906019999999977
6.423200000000005
18.723119999999987
6.432100000000005
6.432100000000005
19.507619999999992
18.86441999999999
18.685019999999984
18.83761999999999
19.012019999999993
17.96891999999998
17.984619999999982
17.829819999999977
17.829819999999977
18.98031999999999
19.15171999999999
18.765619999999988
19.23551999999999
19.108719999999995
18.453819999999983
19.06941999999999
19.064019999999992
19.01559999999999
18.90341999999999
19.385419999999993
5.967300000000003
5.967300000000003
5.967300000000003
5.967300000000003
5.967300000000003
5.967300000000003
5.967300000000003
5.967300000000003
5.967300000000003
5.967300000000003
5.967300000000003
5.967300000000003
5.967300000000003
5.967300000000003
5.967300000000003
5.967300000000003
5.967300000000003
5.967300000000003
5.967300000000003
5.967300000000003
5.967300000000003
5.967300000000003
5.967300000000003
5.967300000000003
5.967300000000003
5.967300000000003
5.967300000000003
5.967300000000003
5.967300000000003
5.967300000000003
5.967300000000003
5.967300000000003
5.967300000000003
5.967300000000003
5.967300000000003
5.967300000000003
5.967300000000003
5.967300000000003
5.967300000000003
5.967300000000003
5.967300000000003
18.988819999999986
18.92071999999999
18.36591999999998
19.072519999999987
18.312019999999983
18.91251999999999
5.842000000000004
18.71489999999999
17.96651999999998
2.2527
2.2527
4.113100000000003
18.596419999999984
18.711419999999986
18.804119999999987
5.979200000000004
17.91731999999998
18.993819999999992
19.15031999999999
18.55631999999998
18.014919999999982
18.56129999999998
4.440700000000003
6.448600000000004
7.044500000000006
18.726199999999988
18.726199999999988
18.918519999999983
18.443589999999986
18.529019999999985
4.895200000000003
4.895200000000003
4.895200000000003
4.895200000000003
4.895200000000003
4.895200000000003
4.895200000000003
4.895200000000003
4.895200000000003
4.895200000000003
4.895200000000003
4.895200000000003
18.24441999999998
18.688519999999983
18.543619999999983
4.5180000000000025
18.45161999999998
3.831400000000002
18.20681999999998
17.983019999999975
17.92991999999998
18.902619999999985
18.847019999999986
5.959900000000004
18.28551999999998
19.012419999999988
17.655919999999977
6.6155000000000035
3.7089000000000008
19.00901999999999
6.0675000000000034
6.0675000000000034
5.493600000000004
17.359399999999976
18.575319999999984
18.58961999999999
1.4537
6.460400000000004
6.460400000000004
6.460400000000004
6.460400000000004
6.460400000000004
6.460400000000004
6.460400000000004
6.460400000000004
6.460400000000004
6.460400000000004
6.460400000000004
6.460400000000004
6.460400000000004
6.460400000000004
6.460400000000004
6.460400000000004
6.460400000000004
6.460400000000004
6.460400000000004
6.460400000000004
6.460400000000004
6.460400000000004
6.460400000000004
6.460400000000004
6.460400000000004
6.460400000000004
6.460400000000004
6.460400000000004
6.460400000000004
6.460400000000004
6.460400000000004
6.460400000000004
6.391800000000005
1.0262
4.589470000000003
5.532500000000003
5.532500000000003
5.370400000000003
5.919000000000004
5.919000000000004
6.410600000000004
17.789019999999976
18.150519999999982
7.018600000000008
4.257720000000003
2.4645200000000003
0.16199999999999998
18.994219999999988
5.765800000000004
18.713219999999986
17.71141999999998
7.040000000000006
7.040000000000006
7.040000000000006
7.040000000000006
7.040000000000006
7.040000000000006
7.040000000000006
7.040000000000006
18.204299999999982
17.241919999999972
17.861419999999978
16.524319999999964
2.5070200000000007
4.675420000000003
5.579100000000005
6.498600000000004
5.8286200000000035
5.8286200000000035
4.612900000000002
7.632600000000005
5.728400000000005
18.07181999999998
7.600700000000008
5.341900000000003
1.3837
18.176719999999982
17.96251999999998
4.783200000000004
4.783200000000004
18.095899999999983
5.608500000000004
5.608500000000004
5.608500000000004
4.936100000000003
6.049800000000005
6.049800000000005
16.931519999999963
6.860200000000006
16.127589999999962
6.391200000000004
6.024500000000004
4.863100000000005
5.050300000000003
15.116319999999966
14.272619999999971
4.776600000000003
6.429200000000005
6.429200000000005
6.429200000000005
6.429200000000005
5.266500000000003
1.8395
5.302000000000002
1.4331999999999998
16.78791999999996
13.597819999999976
6.983500000000006
4.359000000000003
7.051900000000005
16.705819999999967
1.99502
6.074100000000004
13.810539999999975
5.232600000000004
13.634119999999973
4.494100000000003
5.574900000000003
6.238400000000004
13.368319999999976
7.477900000000004
6.377700000000004
4.993900000000004
6.457600000000005
6.975700000000006
6.975700000000006
6.975700000000006
6.975700000000006
13.346919999999978
7.113800000000006
4.734200000000003
6.437400000000004
7.555300000000006
5.668300000000004
7.376700000000007
0.9454
2.4228000000000005
3.8942400000000026
3.113620000000002
7.365800000000006
6.331700000000005
5.098800000000003
7.332000000000006
6.343920000000003
11.878319999999984
11.28631999999999
6.895300000000007
5.098800000000003
3.611000000000002
10.173919999999995
4.676400000000004
6.319500000000004
5.298500000000003
10.96061999999999
5.4745000000000035
6.257800000000003
11.20481999999999
2.0882
4.1331200000000035
18.999599999999987
19.351699999999994
18.860499999999988
5.636700000000004
5.636700000000004
5.636700000000004
7.130800000000006
7.130800000000006
6.665500000000004
6.665500000000004
7.039300000000005
7.710400000000007
18.950199999999988
5.936000000000005
2.9640000000000013
2.848820000000001
8.546820000000004
8.597320000000005
3.1816000000000013
18.790219999999984
5.650720000000005
5.374800000000005
3.1892000000000014
7.573200000000007
5.607200000000003
5.607200000000003
6.363320000000006
7.329020000000007
4.045500000000003
6.086820000000006
2.1386000000000003
6.645300000000005
0.9037999999999999
6.308100000000005
5.751300000000004
8.115500000000006
3.164100000000002
2.733100000000001
6.073700000000004
6.472600000000005
5.868300000000003
5.221800000000003
0.8022
3.8058000000000023
18.395499999999984
6.911600000000006
5.825800000000004
18.34669999999998
18.258299999999984
6.227000000000004
5.195600000000003
11.452219999999986
4.794700000000003
18.612719999999985
6.267900000000004
5.696400000000003
5.280100000000004
5.154900000000004
5.595100000000003
18.98551999999999
5.765900000000003
4.261000000000002
6.298000000000005
5.303800000000003
18.259119999999985
4.508300000000003
18.15811999999998
18.07739999999998
17.819719999999975
4.042300000000003
19.862119999999997
18.547199999999986
3.893600000000003
6.029300000000003
18.06761999999998
19.06131999999999
18.052119999999977
3.5482000000000022
17.613299999999974
17.782299999999974
10.521799999999994
18.339319999999987
16.910219999999967
17.564499999999974
19.10329999999999
17.744599999999977
17.55369999999997
18.721199999999985
18.986099999999986
18.770299999999985
