4.669700000000003
4.669700000000003
4.422400000000004
5.377500000000004
2.6144000000000007
2.6144000000000007
2.6144000000000007
2.6144000000000007
2.6144000000000007
2.6144000000000007
2.6144000000000007
2.6144000000000007
2.6144000000000007
3.327700000000002
3.327700000000002
3.327700000000002
4.541400000000002
2.948100000000001
2.948100000000001
2.948100000000001
2.948100000000001
2.948100000000001
6.283100000000005
3.1595000000000013
3.1595000000000013
3.1595000000000013
3.1595000000000013
4.427500000000004
4.427500000000004
4.427500000000004
4.672000000000002
4.672000000000002
4.672000000000002
4.672000000000002
4.672000000000002
4.672000000000002
4.672000000000002
4.672000000000002
4.672000000000002
4.672000000000002
4.672000000000002
4.587900000000003
2.0093999999999994
3.786500000000001
3.786500000000001
3.0840000000000014
4.454800000000002
4.519500000000003
5.352200000000004
4.638900000000003
4.344300000000003
3.770500000000003
4.972600000000004
4.256000000000003
5.468700000000005
5.468700000000005
5.468700000000005
5.468700000000005
5.468700000000005
5.468700000000005
5.468700000000005
5.468700000000005
7.233400000000005
7.233400000000005
7.233400000000005
7.233400000000005
7.233400000000005
7.233400000000005
7.233400000000005
7.233400000000005
7.233400000000005
3.906600000000002
6.653600000000004
5.316200000000004
5.756200000000004
5.102600000000003
4.8601000000000045
5.858800000000005
4.939500000000005
4.939500000000005
3.662700000000002
3.662700000000002
3.662700000000002
3.662700000000002
5.982500000000004
5.982500000000004
5.982500000000004
5.982500000000004
5.982500000000004
5.982500000000004
5.982500000000004
5.982500000000004
5.982500000000004
5.982500000000004
5.982500000000004
5.982500000000004
5.982500000000004
5.982500000000004
5.982500000000004
5.982500000000004
5.982500000000004
5.982500000000004
5.982500000000004
5.982500000000004
5.982500000000004
5.982500000000004
5.982500000000004
5.982500000000004
5.982500000000004
5.982500000000004
5.982500000000004
5.982500000000004
5.982500000000004
5.982500000000004
5.982500000000004
5.982500000000004
5.982500000000004
5.982500000000004
5.982500000000004
5.982500000000004
5.982500000000004
5.982500000000004
5.982500000000004
5.982500000000004
5.982500000000004
5.982500000000004
4.434700000000004
4.503100000000004
4.503100000000004
4.503100000000004
4.503100000000004
4.503100000000004
4.503100000000004
4.503100000000004
4.503100000000004
4.503100000000004
4.503100000000004
4.503100000000004
4.503100000000004
4.503100000000004
4.503100000000004
4.503100000000004
4.503100000000004
4.503100000000004
4.503100000000004
4.503100000000004
4.503100000000004
4.503100000000004
4.503100000000004
5.265900000000005
6.466700000000004
3.079600000000001
6.120800000000005
4.858800000000004
4.858800000000004
4.858800000000004
3.447700000000002
7.737200000000007
7.737200000000007
7.737200000000007
5.547300000000004
7.4858000000000064
7.4858000000000064
3.2700000000000014
5.176400000000004
5.657400000000004
5.053000000000004
5.053000000000004
5.085000000000004
5.142100000000005
5.142100000000005
5.142100000000005
5.142100000000005
5.142100000000005
3.9689000000000014
3.9689000000000014
3.9689000000000014
3.9689000000000014
3.9689000000000014
3.9689000000000014
4.416200000000004
5.581100000000004
5.566500000000004
3.0291000000000015
8.155500000000005
3.6994000000000025
5.204200000000003
3.786200000000002
3.786200000000002
3.786200000000002
4.768000000000004
3.2700000000000014
5.634800000000005
5.356700000000004
4.306200000000002
4.175600000000003
4.175600000000003
4.175600000000003
4.175600000000003
4.175600000000003
4.175600000000003
4.175600000000003
7.094900000000006
4.477200000000003
4.477200000000003
4.078900000000002
6.1486000000000045
6.1486000000000045
6.1486000000000045
6.1486000000000045
3.483300000000002
3.483300000000002
3.483300000000002
3.483300000000002
3.483300000000002
3.483300000000002
3.483300000000002
3.483300000000002
3.483300000000002
3.483300000000002
3.483300000000002
3.483300000000002
4.087100000000003
2.0994
5.746800000000004
5.746800000000004
5.746800000000004
5.044700000000004
5.044700000000004
5.044700000000004
5.044700000000004
5.044700000000004
5.044700000000004
5.456700000000004
7.354200000000005
5.197200000000004
5.197200000000004
5.914100000000004
4.6806000000000045
4.6806000000000045
3.777700000000002
3.777700000000002
3.777700000000002
3.777700000000002
6.473700000000005
5.165400000000005
5.165400000000005
5.165400000000005
3.916800000000003
3.916800000000003
3.916800000000003
3.916800000000003
3.916800000000003
3.916800000000003
3.916800000000003
5.269200000000005
4.6692000000000045
5.951000000000005
4.209500000000002
4.209500000000002
4.209500000000002
4.209500000000002
4.209500000000002
4.209500000000002
4.209500000000002
4.209500000000002
4.209500000000002
4.209500000000002
4.209500000000002
4.209500000000002
4.209500000000002
5.308200000000005
5.817600000000004
4.086120000000003
4.086120000000003
4.086120000000003
4.086120000000003
4.086120000000003
4.086120000000003
4.086120000000003
4.086120000000003
4.086120000000003
4.086120000000003
4.086120000000003
4.086120000000003
4.086120000000003
4.086120000000003
4.086120000000003
4.086120000000003
4.086120000000003
5.018800000000004
5.018800000000004
3.965500000000003
5.095500000000005
5.095500000000005
4.116600000000002
4.116600000000002
4.116600000000002
4.116600000000002
4.116600000000002
4.116600000000002
4.116600000000002
5.067500000000004
4.141100000000002
5.797700000000005
4.048000000000003
4.998400000000004
4.121400000000003
4.845500000000004
5.150900000000004
5.150900000000004
5.150900000000004
5.150900000000004
5.150900000000004
4.116400000000003
4.116400000000003
4.116400000000003
4.116400000000003
4.064900000000002
3.6342000000000017
4.476300000000003
4.517500000000003
4.682900000000004
4.119400000000003
6.0072000000000045
4.126000000000003
4.126000000000003
5.281500000000004
5.281500000000004
5.281500000000004
4.643300000000004
5.197400000000004
6.131800000000005
4.7302000000000035
4.7302000000000035
5.3315000000000055
5.281500000000004
4.939300000000003
4.939300000000003
4.939300000000003
5.671600000000004
5.671600000000004
5.671600000000004
5.671600000000004
5.671600000000004
4.441100000000003
4.314200000000003
6.0617000000000045
5.720300000000004
4.140600000000002
5.914100000000005
3.6113700000000017
5.855700000000005
4.679800000000004
4.679800000000004
4.679800000000004
4.679800000000004
4.679800000000004
4.679800000000004
4.679800000000004
4.679800000000004
4.679800000000004
4.679800000000004
4.679800000000004
4.810500000000004
5.718100000000004
5.718100000000004
5.718100000000004
5.718100000000004
5.718100000000004
5.8022000000000045
5.8022000000000045
5.8022000000000045
5.8022000000000045
5.8022000000000045
5.8022000000000045
5.8022000000000045
5.8022000000000045
5.8022000000000045
5.8022000000000045
5.8022000000000045
5.8022000000000045
5.8022000000000045
5.221300000000005
5.069900000000004
6.192300000000005
5.795200000000004
6.185300000000004
6.185300000000004
6.362300000000005
3.096600000000002
5.111800000000003
5.753600000000004
5.880500000000005
6.892900000000005
3.530100000000002
4.607700000000004
5.769300000000004
6.720800000000005
5.657100000000004
5.884200000000003
4.628500000000003
3.756300000000002
5.284900000000004
5.180700000000003
4.534600000000003
5.817600000000005
5.012000000000004
5.677900000000005
4.941300000000003
5.415500000000003
5.415500000000003
5.415500000000003
6.141400000000004
6.181100000000004
5.195200000000004
4.719300000000004
4.495600000000002
4.8582000000000045
4.8582000000000045
5.3022000000000045
4.688100000000004
3.3348000000000013
3.200100000000001
3.688900000000003
5.322400000000005
3.5774000000000017
3.603300000000002
2.9780000000000015
2.9780000000000015
5.5743000000000045
6.040900000000005
1.0856999999999999
6.1112000000000055
4.436900000000004
4.593800000000004
4.504300000000002
4.0035000000000025
0.10580000000000006
6.784000000000005
2.4809
3.840300000000003
7.308000000000005
3.534200000000002
4.654500000000004
4.878100000000005
3.3713000000000015
2.8417000000000012
2.4704000000000006
2.4704000000000006
2.7977000000000007
3.555500000000002
2.4352
4.333200000000003
5.048400000000005
3.222800000000002
3.3750000000000018
4.051000000000004
0.5708
1.64009
6.4566000000000034
2.5725000000000007
1.8913799999999996
7.847400000000006
4.678900000000005
2.1965000000000003
1.2534999999999998
4.285300000000002
2.3626000000000005
2.3626000000000005
4.090500000000002
6.053300000000005
1.3262
4.179300000000003
1.3659
3.5227000000000013
1.0874
2.698200000000001
1.0262
5.131400000000003
7.959100000000005
0.9758
2.0735
3.3472000000000017
4.252900000000002
5.469300000000004
5.769400000000005
5.769400000000005
5.769400000000005
5.072100000000003
1.2789
4.871500000000003
5.485700000000006
8.838399999999998
5.862100000000004
2.9918000000000013
3.326100000000002
5.775300000000004
3.418700000000002
8.738399999999999
