3.5775685893156055
3.5775685893156055
3.5775685893156055
5.565341746964372
4.787937921990684
5.746643877525427
5.746643877525427
5.746643877525427
5.746643877525427
5.550307034787015
4.444831476286595
4.467814365036334
3.959739646795951
4.477879238575383
4.477879238575383
4.477879238575383
4.477879238575383
4.779105860597722
3.789018691221453
3.789018691221453
3.789018691221453
3.789018691221453
3.789018691221453
3.789018691221453
3.789018691221453
3.789018691221453
3.789018691221453
3.789018691221453
3.789018691221453
3.789018691221453
3.789018691221453
3.789018691221453
3.789018691221453
3.789018691221453
3.789018691221453
5.598985345484227
4.007370255657341
3.0010614644485507
3.8751069308830752
3.8751069308830752
3.8751069308830752
3.8751069308830752
3.8751069308830752
4.39302708533771
4.39302708533771
4.39302708533771
4.39302708533771
4.39302708533771
4.39302708533771
4.709697742569253
4.391566130339366
4.391566130339366
4.391566130339366
6.61218047433066
3.6425076182947045
3.6425076182947045
3.6425076182947045
3.6425076182947045
3.6425076182947045
3.6425076182947045
3.6425076182947045
3.6425076182947045
3.6425076182947045
3.6425076182947045
3.6425076182947045
3.6425076182947045
3.6425076182947045
3.6425076182947045
3.6425076182947045
3.6425076182947045
3.6425076182947045
3.6425076182947045
3.6425076182947045
3.6425076182947045
3.6425076182947045
3.6425076182947045
3.6425076182947045
3.6425076182947045
3.6425076182947045
3.6425076182947045
3.6425076182947045
3.6425076182947045
3.6425076182947045
3.6425076182947045
3.6425076182947045
3.6425076182947045
3.8977427296829923
4.516335090822176
4.516335090822176
4.516335090822176
4.516335090822176
4.516335090822176
4.516335090822176
4.516335090822176
4.516335090822176
4.516335090822176
4.516335090822176
4.516335090822176
4.516335090822176
4.516335090822176
4.516335090822176
4.516335090822176
4.516335090822176
4.516335090822176
4.516335090822176
4.516335090822176
4.516335090822176
4.516335090822176
4.516335090822176
4.516335090822176
4.516335090822176
5.066854155067992
5.365419232571664
4.444912162069645
5.851514401268125
5.851514401268125
6.368865199819736
5.798120790173998
5.798120790173998
5.798120790173998
4.291945335208735
4.8267762363991125
4.8267762363991125
4.8267762363991125
4.8267762363991125
4.8267762363991125
4.8267762363991125
4.8267762363991125
3.2081382345901357
3.62099291982698
3.62099291982698
3.62099291982698
3.62099291982698
4.553992494259333
4.553992494259333
4.553992494259333
5.7175667952154825
5.7175667952154825
4.81492523568671
4.391174623190768
3.6609576211085386
3.6609576211085386
3.6609576211085386
3.6609576211085386
3.6609576211085386
3.6609576211085386
3.6609576211085386
3.6609576211085386
3.6609576211085386
3.6609576211085386
3.6609576211085386
3.6609576211085386
3.6609576211085386
3.6609576211085386
3.6609576211085386
3.9449927050560705
5.168105393915645
3.853653479096703
3.865178657784961
6.626865845119053
4.655730995413808
4.655730995413808
4.655730995413808
4.655730995413808
4.173923357186756
4.173923357186756
4.186758506216719
4.186758506216719
4.186758506216719
3.3607424677514537
3.3607424677514537
3.3607424677514537
3.3607424677514537
4.013897728184813
4.013897728184813
4.013897728184813
4.013897728184813
4.013897728184813
4.013897728184813
4.013897728184813
4.013897728184813
4.013897728184813
4.013897728184813
4.013897728184813
4.013897728184813
4.013897728184813
4.013897728184813
4.013897728184813
4.013897728184813
4.013897728184813
4.013897728184813
4.013897728184813
4.013897728184813
4.013897728184813
4.013897728184813
4.013897728184813
4.013897728184813
4.013897728184813
4.013897728184813
4.013897728184813
4.013897728184813
4.013897728184813
4.013897728184813
4.013897728184813
4.013897728184813
4.013897728184813
4.013897728184813
3.5123698429039028
3.5123698429039028
3.5123698429039028
3.5123698429039028
4.334300421990683
4.334300421990683
4.334300421990683
4.334300421990683
4.334300421990683
4.334300421990683
4.334300421990683
4.334300421990683
4.334300421990683
4.334300421990683
4.334300421990683
4.334300421990683
4.334300421990683
4.334300421990683
4.334300421990683
4.334300421990683
4.334300421990683
4.334300421990683
4.334300421990683
4.334300421990683
4.334300421990683
4.334300421990683
4.334300421990683
4.334300421990683
4.334300421990683
4.334300421990683
4.334300421990683
4.334300421990683
4.334300421990683
4.334300421990683
4.334300421990683
4.334300421990683
4.334300421990683
4.334300421990683
4.334300421990683
4.334300421990683
4.334300421990683
4.334300421990683
4.334300421990683
4.334300421990683
4.334300421990683
4.334300421990683
4.334300421990683
4.334300421990683
4.334300421990683
4.334300421990683
4.334300421990683
4.334300421990683
4.334300421990683
4.334300421990683
4.334300421990683
4.334300421990683
4.334300421990683
4.334300421990683
4.334300421990683
4.334300421990683
4.334300421990683
4.334300421990683
4.334300421990683
4.334300421990683
4.334300421990683
4.334300421990683
4.334300421990683
4.334300421990683
4.334300421990683
4.334300421990683
4.334300421990683
4.334300421990683
4.334300421990683
4.334300421990683
4.334300421990683
4.334300421990683
4.334300421990683
4.334300421990683
4.334300421990683
4.334300421990683
4.334300421990683
4.334300421990683
3.777067373722492
3.777067373722492
3.777067373722492
3.777067373722492
3.777067373722492
3.777067373722492
3.777067373722492
3.375139845067607
3.375139845067607
3.375139845067607
3.375139845067607
3.375139845067607
3.375139845067607
3.375139845067607
3.375139845067607
4.1783766973552465
4.1783766973552465
4.1783766973552465
4.562063686841807
4.543882152759915
5.058996575836837
5.058996575836837
5.058996575836837
5.058996575836837
5.058996575836837
5.058996575836837
5.058996575836837
5.058996575836837
5.058996575836837
5.058996575836837
5.058996575836837
5.058996575836837
5.058996575836837
5.058996575836837
5.058996575836837
5.058996575836837
5.058996575836837
5.058996575836837
3.603418300635619
4.923253338540232
4.923253338540232
4.923253338540232
5.161464461735868
3.3327065193936045
3.3327065193936045
3.3327065193936045
3.3327065193936045
5.07171487186522
5.2244369110493665
5.2244369110493665
5.2244369110493665
4.07884176814453
4.07884176814453
4.07884176814453
4.07884176814453
4.07884176814453
4.07884176814453
4.07884176814453
3.290247887380728
3.290247887380728
3.290247887380728
3.290247887380728
3.290247887380728
3.290247887380728
3.290247887380728
3.290247887380728
3.290247887380728
3.290247887380728
3.290247887380728
3.290247887380728
3.290247887380728
3.290247887380728
3.47902981045765
3.47902981045765
3.47902981045765
3.47902981045765
3.47902981045765
4.578414083909868
5.046985640272725
5.046985640272725
5.046985640272725
5.046985640272725
5.046985640272725
5.046985640272725
5.046985640272725
5.046985640272725
3.8525800433790174
5.728509564757124
4.8482292681445305
4.8482292681445305
4.8482292681445305
4.8482292681445305
4.8482292681445305
4.8482292681445305
4.8482292681445305
3.825428306606068
3.825428306606068
3.825428306606068
3.825428306606068
3.825428306606068
3.825428306606068
3.825428306606068
3.825428306606068
3.825428306606068
3.825428306606068
3.825428306606068
3.825428306606068
3.825428306606068
3.825428306606068
3.825428306606068
3.825428306606068
3.825428306606068
3.825428306606068
3.825428306606068
3.825428306606068
4.898577700113845
4.898577700113845
4.898577700113845
5.342109605728181
4.341385227519288
4.341385227519288
4.341385227519288
4.341385227519288
3.9395768490639345
3.9395768490639345
3.9395768490639345
3.9395768490639345
3.9395768490639345
3.9395768490639345
3.9395768490639345
3.9395768490639345
3.9395768490639345
3.9395768490639345
3.9395768490639345
3.9395768490639345
3.9395768490639345
3.9395768490639345
3.9395768490639345
3.9395768490639345
3.9395768490639345
3.9395768490639345
4.123132152759915
4.123132152759915
4.123132152759915
4.123132152759915
4.123132152759915
4.123132152759915
4.123132152759915
4.123132152759915
4.123132152759915
4.123132152759915
4.123132152759915
4.123132152759915
4.123132152759915
4.123132152759915
5.100250390473118
5.015856709958893
4.635360663283689
4.62030426814453
4.803302965443041
3.8624849261913425
4.578967729682992
5.596008089671455
4.256890855110593
4.256890855110593
5.498231191221453
5.498231191221453
5.498231191221453
5.498231191221453
5.498231191221453
5.498231191221453
5.498231191221453
5.498231191221453
5.498231191221453
5.6028179049601725
5.6028179049601725
5.6028179049601725
5.6028179049601725
5.383962921990683
5.383962921990683
5.383962921990683
2.5810153541602876
6.158373025774513
6.158373025774513
6.158373025774513
4.789949527432091
5.476210900064109
5.476210900064109
5.476210900064109
5.476210900064109
5.476210900064109
6.184092256543742
5.128004095807469
5.128004095807469
5.128004095807469
5.128004095807469
5.128004095807469
5.128004095807469
5.128004095807469
5.128004095807469
5.128004095807469
5.128004095807469
5.128004095807469
5.358101999806762
4.667076892621826
4.08999868818016
5.77105146211356
6.487462059891863
6.487462059891863
6.453001552401763
6.318769364701492
