3.1090000000000018
5.979400000000005
6.0339000000000045
6.175000000000004
4.648000000000003
5.878000000000004
6.206300000000004
6.804700000000004
6.804700000000004
3.7668000000000026
3.7668000000000026
5.526800000000004
5.526800000000004
5.526800000000004
5.526800000000004
5.526800000000004
5.526800000000004
4.276100000000002
6.899200000000003
2.4461000000000004
6.1071000000000035
7.070600000000004
6.906500000000005
4.648000000000003
4.033000000000002
7.0639000000000065
7.0639000000000065
5.128500000000004
6.867200000000003
6.974900000000005
6.974900000000005
6.974900000000005
5.9630000000000045
4.6566000000000045
4.6566000000000045
4.6566000000000045
4.6566000000000045
3.904600000000002
6.152400000000004
5.106500000000003
5.106500000000003
5.106500000000003
5.106500000000003
5.106500000000003
5.106500000000003
5.106500000000003
7.290100000000006
5.689700000000004
6.227800000000004
6.227800000000004
6.106200000000003
5.313500000000004
6.193100000000004
5.578000000000004
5.578000000000004
5.578000000000004
6.909700000000004
6.909700000000004
6.909700000000004
6.120400000000004
6.120400000000004
4.2478000000000025
7.351600000000004
7.351600000000004
6.137900000000004
4.501500000000003
4.501500000000003
4.501500000000003
6.290500000000004
7.318700000000007
7.017400000000006
6.294700000000004
6.294700000000004
6.294700000000004
6.294700000000004
6.294700000000004
6.294700000000004
6.294700000000004
6.294700000000004
6.294700000000004
7.597600000000005
5.2443000000000035
6.959800000000005
6.289200000000004
6.289200000000004
6.313300000000004
6.1136000000000035
5.139600000000003
5.878700000000005
6.261500000000003
6.261500000000003
6.261500000000003
6.261500000000003
6.261500000000003
6.261500000000003
6.261500000000003
6.261500000000003
6.261500000000003
6.261500000000003
6.261500000000003
6.904000000000005
6.509700000000005
5.9329000000000045
5.9329000000000045
4.378000000000004
6.703400000000005
6.703400000000005
6.703400000000005
6.703400000000005
6.703400000000005
6.703400000000005
6.703400000000005
6.703400000000005
6.703400000000005
6.703400000000005
6.703400000000005
6.703400000000005
6.703400000000005
6.703400000000005
6.703400000000005
2.7631000000000014
6.325500000000004
6.325500000000004
6.741900000000004
5.816300000000004
5.816300000000004
7.345100000000006
6.696400000000005
6.365700000000005
7.273500000000006
7.715900000000006
6.3372000000000055
6.099300000000006
6.834300000000005
6.259400000000005
5.975400000000005
6.312700000000004
6.312700000000004
7.809600000000005
7.809600000000005
6.155600000000004
7.413500000000005
6.881200000000004
6.881200000000004
5.745300000000004
5.745300000000004
5.745300000000004
5.745300000000004
7.857200000000006
5.570800000000005
6.319800000000004
6.639500000000005
6.639500000000005
6.639500000000005
6.639500000000005
6.639500000000005
6.639500000000005
6.639500000000005
6.708300000000005
5.206100000000005
6.486400000000005
7.128400000000005
7.128400000000005
1.968
5.796000000000004
6.4081000000000055
3.873700000000002
8.461700000000002
9.327399999999997
7.046000000000005
7.046000000000005
6.419300000000005
7.161400000000005
6.453000000000005
8.368100000000005
8.699100000000003
4.587000000000002
6.406400000000005
7.446700000000007
6.126400000000004
5.991300000000005
5.991300000000005
6.201000000000003
7.852100000000006
7.852100000000006
6.3814000000000055
6.808500000000005
5.388800000000004
3.8910000000000022
5.639400000000005
5.6661000000000055
6.136200000000004
7.5026000000000055
8.189800000000005
6.059000000000005
6.874300000000004
5.136500000000003
6.259000000000004
6.999800000000005
6.460500000000005
6.460500000000005
6.460500000000005
7.563100000000005
5.431700000000005
9.728399999999995
6.749700000000007
7.1455000000000055
7.1455000000000055
7.1455000000000055
8.168900000000004
8.168900000000004
8.168900000000004
9.339199999999998
6.114500000000005
7.568900000000005
7.568900000000005
8.761000000000001
5.696900000000005
2.5066000000000006
8.084800000000005
8.611500000000003
7.658400000000005
7.658400000000005
7.658400000000005
8.338500000000005
7.373900000000005
7.373900000000005
8.8904
4.939100000000003
7.918700000000006
7.7800000000000065
6.699700000000004
6.918100000000005
5.538900000000004
3.9014000000000024
6.9767000000000055
5.750100000000004
6.990300000000005
6.503000000000005
6.503000000000005
6.503000000000005
8.9021
8.9021
8.9021
6.986500000000005
6.260100000000005
6.237300000000005
6.237300000000005
8.211400000000005
9.829299999999995
6.9097000000000035
7.053400000000004
9.415799999999997
9.415799999999997
9.415799999999997
7.337000000000005
6.977600000000005
9.0441
8.037400000000005
9.084800000000001
5.614800000000004
7.193800000000005
11.006199999999989
6.220800000000004
6.276620000000005
5.649700000000004
4.431100000000003
7.160600000000005
9.443899999999998
8.944600000000001
6.467800000000004
4.460700000000003
10.427999999999992
6.358100000000005
4.888400000000003
8.264600000000005
5.063200000000004
6.371900000000005
6.612200000000005
6.612200000000005
6.612200000000005
6.612200000000005
8.141000000000005
8.141000000000005
7.051100000000004
7.051100000000004
9.621999999999996
7.827500000000006
6.688800000000004
6.695800000000005
7.131700000000004
5.606800000000005
4.986100000000003
5.9261000000000035
6.899300000000006
6.899300000000006
6.899300000000006
6.899300000000006
6.899300000000006
6.899300000000006
6.899300000000006
5.031000000000004
8.371700000000006
8.479100000000003
7.734600000000006
8.387000000000004
8.387000000000004
9.570899999999996
7.544200000000007
4.372600000000003
7.688600000000006
6.304000000000004
6.070400000000005
8.789700000000002
6.459500000000005
5.745600000000004
10.863899999999989
7.865000000000007
5.668000000000004
5.668000000000004
5.668000000000004
8.246700000000006
3.886000000000002
6.734400000000006
7.914200000000006
6.006500000000004
6.006500000000004
6.023800000000005
6.0982000000000065
4.9291000000000045
8.685700000000004
2.0300000000000002
4.592900000000005
9.0848
5.804300000000006
8.532800000000002
7.158300000000005
4.425100000000003
4.035000000000002
5.137400000000003
5.630300000000004
6.185700000000005
6.863100000000005
4.591200000000003
4.036200000000002
6.599200000000004
3.3348000000000013
5.748500000000004
4.565300000000004
5.504800000000004
0.5257000000000001
7.085900000000005
6.205400000000005
3.167600000000001
5.7370000000000045
3.3081000000000014
6.293400000000006
5.7980000000000045
5.888700000000004
4.333100000000003
8.005400000000007
10.276099999999992
5.905600000000004
6.9104000000000045
6.133500000000003
8.442700000000004
3.317400000000002
10.073999999999996
9.3966
6.117500000000005
5.333800000000004
6.7149000000000045
6.286400000000004
3.080300000000001
6.7591000000000045
5.679200000000005
5.1098000000000035
6.103380000000005
5.712600000000004
6.365300000000004
4.760600000000005
5.890000000000004
7.401200000000006
5.934300000000004
5.214100000000004
5.8781000000000025
6.164400000000004
2.2281000000000004
7.693100000000006
5.038200000000004
6.753000000000005
6.328200000000005
8.017700000000007
2.0907
4.772780000000003
8.184400000000005
5.616400000000004
5.198500000000005
1.8962
5.257100000000005
4.890400000000004
8.248300000000006
4.828000000000004
3.4338000000000015
6.879000000000005
5.066600000000003
5.780000000000004
5.891500000000004
3.6723000000000026
6.703400000000005
5.255900000000005
5.588700000000004
5.714400000000006
4.779600000000003
4.694100000000002
6.950600000000004
1.9150999999999998
1.9150999999999998
5.064600000000005
6.261300000000003
6.562400000000005
6.312700000000005
4.662400000000003
7.594200000000006
5.580100000000004
5.8742000000000045
4.1491000000000025
6.516900000000004
2.847100000000001
8.462300000000004
4.507100000000004
5.133500000000005
5.133500000000005
5.816000000000005
4.165700000000002
7.3067000000000055
5.374800000000005
8.312900000000004
3.7631000000000023
8.964300000000001
2.8168000000000006
5.925300000000005
7.090600000000006
4.8484000000000025
7.2583000000000055
4.008900000000002
4.547900000000002
6.826600000000005
5.8620000000000045
5.829700000000003
6.0190000000000055
6.2077000000000035
0.48949999999999994
6.1799000000000035
8.100100000000005
4.628100000000004
2.7871000000000015
5.965800000000005
5.555500000000004
3.4398000000000017
0.6740999999999999
-0.06669999999999998
5.783700000000003
0.5598000000000001
0.26260000000000006
1.5686
-0.2108000000000001
3.4612000000000016
0.5173000000000001
5.8975000000000035
0.7424999999999999
0.7424999999999999
2.760600000000001
0.5857
8.628200000000001
4.266000000000004
7.388500000000006
0.6361
0.8872
6.928400000000004
3.220900000000002
5.239700000000004
5.861600000000005
6.191300000000005
5.4676000000000045
5.461600000000004
5.730800000000005
4.263200000000003
7.344700000000005
5.926000000000005
6.685400000000005
6.677800000000005
6.2252000000000045
5.416900000000003
5.507400000000003
3.673300000000002
4.028900000000003
6.623400000000006
8.545800000000003
8.589700000000002
