[0.00071761]
[0.00072645]
[0.00072645]
[0.00072645]
[0.00072645]
[0.00072645]
[0.00072645]
[0.00072645]
[0.00072645]
[0.00072645]
[0.00072645]
[0.00072645]
[0.00072645]
[0.00072645]
[0.00072645]
[0.00072645]
[0.00072645]
[0.00072645]
[0.00072645]
[0.00072645]
[0.00072645]
[0.00072645]
[0.00072645]
[0.00072645]
[0.00072645]
[0.00072645]
[0.00072645]
[0.00072645]
[0.00072645]
[0.00072645]
[0.00072645]
[0.00072645]
[0.00072645]
[0.00072645]
[0.00072645]
[0.00072645]
[0.00072645]
[0.00072645]
[0.00072645]
[0.00072645]
[0.00072645]
[0.00072645]
[0.00072645]
[0.00072645]
[0.00072645]
[0.00072645]
[0.00072645]
[0.00072645]
[0.00072645]
[0.00072645]
[0.00072645]
[0.00072645]
[0.00072645]
[0.00072645]
[0.00072645]
[0.00072645]
[0.00072645]
[0.00072645]
[0.00072645]
[0.00072645]
[0.00072645]
[0.00072645]
[0.00072645]
[0.00072645]
[0.00072645]
[0.00072645]
[0.00072645]
[0.00072645]
[0.00072645]
[0.00072645]
[0.00072645]
[0.00072645]
[0.00072645]
[0.00072645]
[0.00072645]
[0.00072645]
[0.00072645]
[0.00072645]
[0.00072645]
[0.00072645]
[0.00072645]
[0.00072645]
[0.00072645]
[0.00072645]
[0.00072645]
[0.00072645]
[0.00072645]
[0.00072645]
[0.00072645]
[0.00072645]
[0.00072645]
[0.00072645]
[0.00072645]
[0.00072645]
[0.00072645]
[0.00072645]
[0.00072645]
[0.00072645]
[0.00072645]
[0.00072645]
[0.00072645]
[0.00072645]
[0.00072645]
[0.00072645]
[0.00072645]
[0.00072645]
[0.00072645]
[0.00072645]
[0.00072645]
[0.00072645]
[0.00072645]
[0.00072645]
[0.00072645]
[0.00072645]
[0.00072645]
[0.00072645]
[0.00072645]
[0.00072645]
[0.00072645]
[0.00072645]
[0.00072645]
[0.00072645]
[0.00072645]
[0.00072645]
[0.00072645]
[0.00072645]
[0.00072645]
[0.00072645]
[0.00072645]
[0.00072645]
[0.00072645]
[0.00072645]
[0.00072645]
[0.00072645]
[0.00072645]
[0.00072645]
[0.00072645]
[0.00072645]
[0.00072645]
[0.00072645]
[0.00072645]
[0.00072645]
[0.00072645]
[0.00072645]
[0.00072645]
[0.00072645]
[0.00072645]
[0.00072645]
[0.00072645]
[0.00072645]
[0.00072645]
[0.00072645]
[0.00072645]
[0.00072645]
[0.00072645]
[0.00072645]
[0.00072645]
[0.00072645]
[0.00072645]
[0.00072645]
[0.00072645]
[0.00072645]
[0.00072645]
[0.00072645]
[0.00072645]
[0.00072645]
[0.00072645]
[0.00072645]
[0.00072645]
[0.00072645]
[0.00072645]
[0.00072645]
[0.00072645]
[0.00072645]
[0.00072645]
[0.00072645]
[0.00072645]
[0.00072645]
[0.00072645]
[0.00072645]
[0.00072645]
[0.00072645]
[0.00072645]
[0.00072645]
[0.00072645]
[0.00072645]
[0.00072645]
[0.00072645]
[0.00072645]
[0.00072645]
[0.00072645]
[0.00072645]
[0.00072645]
[0.00072645]
[0.00072645]
[0.00072645]
[0.00072645]
[0.00072645]
[0.00072645]
[0.00072645]
[0.00072645]
[0.00072645]
[0.00072645]
[0.00072645]
[0.00072645]
[0.00072645]
[0.00072645]
[0.00072645]
[0.00072645]
[0.00072645]
[0.00072645]
[0.00072645]
[0.00072645]
[0.00072645]
[0.00072645]
[0.00072645]
[0.00072645]
[0.00072645]
[0.00072645]
[0.00072645]
[0.00072645]
[0.00072645]
[0.00072645]
[0.00072645]
[0.00072645]
[0.00072645]
[0.00072645]
[0.00072645]
[0.00072645]
[0.00072645]
[0.00072645]
[0.00072645]
[0.00072645]
[0.00072645]
[0.00072645]
[0.00072645]
[0.00072645]
[0.00072645]
[0.00072645]
[0.00072645]
[0.00072645]
[0.00072645]
[0.00072645]
[0.00072645]
[0.00072645]
[0.00072645]
[0.00072645]
[0.00072645]
[0.00072645]
[0.00072645]
[0.00072645]
[0.00072645]
[0.00072645]
[0.00072645]
[0.00072645]
[0.00072645]
[0.00072645]
[0.00072645]
[0.00072645]
[0.00072645]
[0.00072645]
[0.00072645]
[0.00072645]
[0.00072645]
[0.00072645]
[0.00072645]
[0.00072645]
[0.00072645]
[0.00072645]
[0.00072645]
[0.00072645]
[0.00072645]
[0.00072645]
[0.00072645]
[0.00072645]
[0.00072645]
[0.00072645]
[0.00072645]
[0.00072645]
[0.00072645]
[0.00072645]
[0.00072645]
[0.00072645]
[0.00072645]
[0.00072645]
[0.00072645]
[0.00072645]
[0.00072645]
[0.00072645]
[0.00072645]
[0.00072645]
[0.00072645]
[0.00072645]
[0.00072645]
[0.00072645]
[0.00072645]
[0.00072645]
[0.00072645]
[0.00072645]
[0.00072645]
[0.00072645]
[0.00072645]
[0.00072645]
[0.00072645]
[0.00072645]
[0.00072645]
[0.00072645]
[0.00072645]
[0.00072645]
[0.00072645]
[0.00072645]
[0.00072645]
[0.00072645]
[0.00072645]
[0.00072645]
[0.00072645]
[0.00072645]
[0.00072645]
[0.00072645]
[0.00072645]
[0.00072645]
[0.00072645]
[0.00072645]
[0.00072645]
[0.00072645]
[0.00072645]
[0.00072645]
[0.00072645]
[0.00072645]
[0.00072645]
[0.00072645]
[0.00072645]
[0.00072645]
[0.00072645]
[0.00072645]
[0.00072645]
[0.00072645]
[0.00072645]
[0.00072645]
[0.00072645]
[0.00072645]
[0.00072645]
[0.00072645]
[0.00072645]
[0.00072645]
[0.00072645]
[0.00072645]
[0.00072645]
[0.00072645]
[0.00072645]
[0.00072645]
[0.00072645]
[0.00072645]
[0.00072645]
[0.00072645]
[0.00072645]
[0.00072645]
[0.00072645]
[0.00072645]
[0.00072645]
[0.00072645]
[0.00072645]
[0.00072645]
[0.00072645]
[0.00073733]
[0.00072436]
[0.00072436]
[0.00073479]
[0.00073479]
[0.00073733]
[0.00073733]
[0.00073481]
[0.0007348]
[0.0007348]
[0.0007348]
[0.0007348]
[0.0007348]
[0.0007348]
[0.0007348]
[0.0007348]
[0.0007348]
[0.0007348]
[0.0007348]
[0.0007348]
[0.0007348]
[0.0007348]
[0.0007348]
[0.0007348]
[0.0007348]
[0.00071761]
[0.00072808]
[0.00074224]
[0.00074224]
[0.00073787]
[0.00073787]
[0.00072884]
[0.00072884]
[0.00074775]
[0.00074478]
[0.00072906]
[0.00074474]
[0.00074474]
[0.00072028]
[0.00072028]
[0.00073727]
[0.00072032]
[0.00073727]
[0.00072905]
[0.00073727]
[0.00073727]
[0.00073727]
[0.00071344]
[0.00072966]
[0.00072651]
[0.00072651]
[0.00074993]
[0.00075669]
[0.00075672]
[0.00075672]
[0.00072651]
[0.00072651]
[0.00072651]
[0.00072444]
[0.00075416]
[0.00071574]
[0.00071844]
[0.00072091]
[0.0007238]
[0.00071157]
[0.00070948]
[0.00071423]
[0.00072456]
[0.00071536]
[0.00072831]
[0.00073722]
[0.00073722]
[0.00073165]
[0.00074795]
[0.00074795]
[0.00074795]
[0.00075798]
[0.00076145]
[0.00074883]
[0.00076185]
[0.00076185]
[0.00083868]
[0.00079704]
[0.00079704]
[0.00080326]
[0.00080326]
[0.00080326]
[0.00080326]
[0.00086527]
[0.00086527]
[0.00082371]
[0.00084637]
[0.00082245]
[0.00081151]
[0.00093549]
[0.00091833]
[0.00083314]
[0.00082976]
[0.00093606]
[0.00078738]
[0.00089238]
[0.00085743]
[0.00087126]
[0.00095636]
[0.00083066]
[0.00082236]
[0.00082236]
[0.0008607]
[0.0008199]
[0.00161875]
[0.00085667]
[0.0008815]
[0.00090678]
[0.00089628]
[0.00081653]
[0.00077164]
[0.00081379]
[0.00077303]
[0.00080641]
[0.00078811]
[0.0008036]
[0.0008036]
[0.00080235]
[0.00082983]
[0.00082972]
[0.00084777]
[0.00081291]
[0.00078296]
[0.00083878]
[0.00081196]
[0.00083921]
[0.0013515]
[0.00111673]
[0.00115493]
[0.00245604]
[0.00124045]
