[0.4941824]
[0.4941824]
[0.4941824]
[0.4941824]
[0.4957239]
[0.5414577]
[0.50324726]
[0.468184]
[0.48244995]
[0.48244995]
[0.51602304]
[0.47406894]
[0.47406894]
[0.48346305]
[0.4794447]
[0.48620903]
[0.48620903]
[0.48620903]
[0.5193504]
[0.4777375]
[0.49325314]
[0.47826177]
[0.4873975]
[0.49301055]
[0.49301055]
[0.49301055]
[0.49301055]
[0.49301055]
[0.49301055]
[0.49301055]
[0.49301055]
[0.49301055]
[0.49301055]
[0.49301055]
[0.4888514]
[0.47023153]
[0.47023153]
[0.47023153]
[0.47023153]
[0.497233]
[0.4960633]
[0.5325696]
[0.48847213]
[0.48847213]
[0.48847213]
[0.47101554]
[0.47101554]
[0.47101554]
[0.4920134]
[0.4920134]
[0.4920134]
[0.4920134]
[0.5085834]
[0.4712771]
[0.4712771]
[0.49817196]
[0.49817196]
[0.49817196]
[0.49817196]
[0.49817196]
[0.49817196]
[0.49817196]
[0.49817196]
[0.49657536]
[0.49748594]
[0.49748594]
[0.49748594]
[0.49748594]
[0.49748594]
[0.49748594]
[0.49748594]
[0.49748594]
[0.49748594]
[0.49748594]
[0.49748594]
[0.49748594]
[0.49748594]
[0.505633]
[0.45930457]
[0.500411]
[0.500411]
[0.5055683]
[0.5055683]
[0.4969537]
[0.49695364]
[0.49695364]
[0.49695364]
[0.49695364]
[0.49695364]
[0.49695364]
[0.49695364]
[0.49695364]
[0.49695364]
[0.49695364]
[0.49695364]
[0.49695364]
[0.49695364]
[0.49695364]
[0.49695364]
[0.49695364]
[0.49695364]
[0.49695364]
[0.49695364]
[0.49695364]
[0.49695364]
[0.49695364]
[0.49695364]
[0.49695364]
[0.49695364]
[0.49695364]
[0.49695364]
[0.49695364]
[0.49695364]
[0.49695364]
[0.49695364]
[0.49695364]
[0.49695364]
[0.49695364]
[0.49695364]
[0.49695364]
[0.49695364]
[0.49695364]
[0.49695364]
[0.49695364]
[0.49695364]
[0.49695364]
[0.49695364]
[0.49695364]
[0.49695364]
[0.49695364]
[0.49695364]
[0.49695364]
[0.49695364]
[0.49695364]
[0.49695364]
[0.49695364]
[0.49695364]
[0.49695364]
[0.49695364]
[0.49695364]
[0.49695364]
[0.49695364]
[0.49695364]
[0.49695364]
[0.49695364]
[0.49695364]
[0.49695364]
[0.49695364]
[0.49695364]
[0.49695364]
[0.49695364]
[0.49695364]
[0.49695364]
[0.49695364]
[0.49695364]
[0.49695364]
[0.49695364]
[0.49695364]
[0.49695364]
[0.49695364]
[0.49695364]
[0.49695364]
[0.49695364]
[0.49695364]
[0.49695364]
[0.49695364]
[0.4961353]
[0.49151018]
[0.49268728]
[0.4928532]
[0.5017297]
[0.4914527]
[0.4914527]
[0.5447565]
[0.5447565]
[0.5447565]
[0.5447565]
[0.5447565]
[0.5447565]
[0.5447565]
[0.49668756]
[0.5091351]
[0.4924688]
[0.4924688]
[0.49938932]
[0.49938932]
[0.49938932]
[0.49938932]
[0.49938932]
[0.4796853]
[0.5237405]
[0.4832262]
[0.489682]
[0.489682]
[0.489682]
[0.489682]
[0.48171362]
[0.4868233]
[0.49865097]
[0.49131328]
[0.49131328]
[0.52334166]
[0.46460456]
[0.49137035]
[0.4804408]
[0.49328306]
[0.47597894]
[0.48743913]
[0.48743913]
[0.48743913]
[0.48743913]
[0.48743913]
[0.48743913]
[0.48176888]
[0.48176888]
[0.48176888]
[0.48176888]
[0.5018648]
[0.48836485]
[0.48110697]
[0.49328122]
[0.49328122]
[0.49328122]
[0.49328122]
[0.49328122]
[0.49328122]
[0.49328122]
[0.49328122]
[0.4644252]
[0.4873139]
[0.49179763]
[0.4941125]
[0.4741237]
[0.4858945]
[0.5034267]
[0.47276917]
[0.47276917]
[0.47276917]
[0.49919894]
[0.49919894]
[0.48465106]
[0.48465106]
[0.48465106]
[0.4815984]
[0.50967073]
[0.5019023]
[0.48255453]
[0.4809909]
[0.49344417]
[0.45362982]
[0.48842376]
[0.48842376]
[0.48842376]
[0.48842376]
[0.48842376]
[0.491792]
[0.491792]
[0.491792]
[0.491792]
[0.491792]
[0.51286125]
[0.4968942]
[0.5173485]
[0.48971474]
[0.48564297]
[0.518666]
[0.518666]
[0.518666]
[0.518666]
[0.518666]
[0.518666]
[0.518666]
[0.49802768]
[0.4949176]
[0.4949176]
[0.4949176]
[0.49203786]
[0.49203786]
[0.49203786]
[0.4987028]
[0.4656688]
[0.4948347]
[0.48872644]
[0.45974448]
[0.48484725]
[0.48484725]
[0.49922955]
[0.47670877]
[0.5092848]
[0.5092848]
[0.5092848]
[0.5092848]
[0.5092848]
[0.5092848]
[0.5092848]
[0.5092848]
[0.5092848]
[0.5092848]
[0.5092848]
[0.5092848]
[0.5092848]
[0.5092848]
[0.5092848]
[0.5092848]
[0.5092848]
[0.5092848]
[0.5092848]
[0.5092848]
[0.5092848]
[0.5092848]
[0.5092848]
[0.5092848]
[0.5092848]
[0.5092848]
[0.5092848]
[0.5092848]
[0.5092848]
[0.5092848]
[0.5092848]
[0.5092848]
[0.5092848]
[0.5071233]
[0.48112252]
[0.4814854]
[0.47698212]
[0.4974943]
[0.47321755]
[0.47368827]
[0.47357893]
[0.47406688]
[0.47406688]
[0.4958941]
[0.46129057]
[0.47570625]
[0.47990867]
[0.51120746]
[0.47673076]
[0.5096511]
[0.5096511]
[0.5096511]
[0.4791279]
[0.4671307]
[0.48789737]
[0.47430316]
[0.48587543]
[0.4879042]
[0.44822317]
[0.46707848]
[0.4578954]
[0.49162954]
[0.4562832]
[0.44709122]
[0.45761514]
[0.50106055]
[0.45590827]
[0.4968595]
[0.47408623]
[0.45023784]
[0.48720998]
[0.4933336]
[0.49932447]
[0.4976178]
[0.46588862]
[0.5067352]
[0.44781336]
[0.48228586]
[0.4798181]
[0.45547116]
[0.45547116]
[0.45547116]
[0.45547116]
[0.48700622]
[0.4466629]
[0.45995566]
[0.45995566]
[0.47765714]
[0.47581965]
[0.44186005]
[0.45741782]
[0.44813582]
[0.4234969]
[0.4590506]
[0.45671606]
[0.47125053]
[0.4589672]
[0.445205]
[0.45882782]
[0.4466333]
[0.4466333]
[0.4466333]
[0.44159117]
[0.44671604]
[0.41035005]
[0.41035005]
[0.46840695]
[0.471524]
[0.4629351]
[0.45137852]
[0.4476045]
[0.4081067]
[0.40407702]
[0.4508416]
[0.4508416]
[0.4508416]
[0.4508416]
[0.424529]
[0.43610042]
[0.45040917]
[0.41356802]
[0.42991102]
[0.4543434]
[0.4120821]
[0.4120821]
[0.40643185]
[0.44704705]
[0.45384002]
[0.47795406]
[0.43727854]
[0.41294405]
[0.40455726]
[0.41436848]
[0.44010198]
[0.4216817]
[0.4102267]
[0.45654082]
[0.409985]
[0.39110777]
[0.38489455]
[0.40237433]
[0.4415906]
[0.3846359]
[0.42541388]
[0.38729337]
[0.4047092]
[0.41228533]
[0.41228533]
[0.3661577]
[0.42541388]
[0.4372273]
[0.40060577]
[0.4042169]
[0.42751148]
[0.43015626]
[0.4410779]
[0.3931308]
[0.36693564]
[0.43994835]
[0.38702905]
[0.41420993]
[0.34825748]
[0.37011063]
[0.3887803]
[0.34622452]
[0.3556958]
[0.34019554]
[0.31112438]
[0.4879752]
[0.30820504]
[0.4739803]
[0.43909216]
[0.32418433]
[0.29397032]
[0.4472819]
[0.22202587]
[0.19224113]
[0.19224113]
[0.19224113]
[0.19224113]
[0.16973819]
[0.16973819]
[0.4046697]
[0.23386452]
[0.17179553]
[0.14768367]
[0.4424595]
[0.21343477]
[0.4400876]
[0.46128052]
[0.12868533]
[0.3949343]
[0.1405262]
[0.13058613]
[0.150329]
[0.37737912]
[0.11205838]
[0.11494365]
[0.14537874]
[0.48851627]
[0.47238728]
[0.373673]
[0.39055693]
[0.44605857]
[0.32196414]
[0.27569938]
[0.3838484]
[0.31542814]
[0.28426328]
[0.35756293]
[0.42799705]
[0.42702383]
