[0.7058222]
[0.68317056]
[0.6513697]
[0.62263507]
[0.6668509]
[0.6668509]
[0.66508377]
[0.5879317]
[0.6607211]
[0.6322605]
[0.6614373]
[0.6286407]
[0.6199559]
[0.6148731]
[0.617786]
[0.63563967]
[0.6266737]
[0.6266737]
[0.6342755]
[0.60094994]
[0.6321768]
[0.6321768]
[0.62073916]
[0.5898211]
[0.61793387]
[0.61793387]
[0.61793387]
[0.61793387]
[0.580441]
[0.580441]
[0.580441]
[0.593332]
[0.61863905]
[0.56559]
[0.6201618]
[0.6272877]
[0.5655173]
[0.6205448]
[0.5337303]
[0.5337303]
[0.6127116]
[0.5558867]
[0.4929633]
[0.4929633]
[0.4929633]
[0.59903216]
[0.56223685]
[0.56325626]
[0.62414265]
[0.5694834]
[0.5694834]
[0.5694834]
[0.5694834]
[0.5694834]
[0.5694834]
[0.52080274]
[0.58988744]
[0.57504606]
[0.5229633]
[0.5303332]
[0.6066406]
[0.5314622]
[0.5162991]
[0.5649074]
[0.49508667]
[0.59170043]
[0.56266063]
[0.56266063]
[0.56516784]
[0.5735575]
[0.56202173]
[0.56202173]
[0.56202173]
[0.5615895]
[0.5199465]
[0.5701874]
[0.55883133]
[0.56851584]
[0.5417712]
[0.53730005]
[0.53296274]
[0.52114093]
[0.5457462]
[0.6130939]
[0.5367383]
[0.5715752]
[0.5520455]
[0.5520455]
[0.50239986]
[0.5348799]
[0.5348799]
[0.5348799]
[0.50453407]
[0.52131814]
[0.5897142]
[0.5549835]
[0.5665143]
[0.5605067]
[0.5368603]
[0.5250181]
[0.5250181]
[0.5250181]
[0.5250181]
[0.5315495]
[0.5315495]
[0.5315495]
[0.5353668]
[0.5353668]
[0.44335446]
[0.5084642]
[0.50281566]
[0.54827976]
[0.51632875]
[0.51632875]
[0.51632875]
[0.52421397]
[0.52421397]
[0.48833245]
[0.44161975]
[0.48536658]
[0.53401095]
[0.47550905]
[0.4681134]
[0.4681134]
[0.4872475]
[0.5387099]
[0.50075555]
[0.48645747]
[0.5076895]
[0.5076895]
[0.5076895]
[0.5076895]
[0.5076895]
[0.48302934]
[0.50405324]
[0.48565117]
[0.52273005]
[0.52273005]
[0.5165566]
[0.48432183]
[0.49470127]
[0.47331947]
[0.47331947]
[0.47331947]
[0.47331947]
[0.47331947]
[0.47331947]
[0.47331947]
[0.47331947]
[0.46736503]
[0.4705904]
[0.5091786]
[0.51027143]
[0.46574816]
[0.46574816]
[0.5655227]
[0.48387033]
[0.46163297]
[0.46163297]
[0.46163297]
[0.4806894]
[0.49448]
[0.5697906]
[0.50365365]
[0.4995568]
[0.49952468]
[0.50306165]
[0.47525004]
[0.46611404]
[0.46611404]
[0.4959804]
[0.46519685]
[0.46519685]
[0.46519685]
[0.46519685]
[0.46519685]
[0.46519685]
[0.46519685]
[0.46519685]
[0.43665567]
[0.5033563]
[0.4717619]
[0.4717619]
[0.48987392]
[0.48987392]
[0.46603948]
[0.47315028]
[0.46748152]
[0.46748152]
[0.46748152]
[0.46748152]
[0.46748152]
[0.49689305]
[0.5001514]
[0.43039593]
[0.5033563]
[0.49955443]
[0.5345487]
[0.48014882]
[0.5755862]
[0.4718748]
[0.47449294]
[0.47132817]
[0.47132817]
[0.47132817]
[0.47132817]
[0.47132817]
[0.47132817]
[0.49816805]
[0.48276535]
[0.48239458]
[0.50106263]
[0.5050116]
[0.43722758]
[0.53032553]
[0.4788501]
[0.48099342]
[0.48099342]
[0.4777874]
[0.47658533]
[0.47658533]
[0.4487164]
[0.47351068]
[0.44696507]
[0.5266656]
[0.5266656]
[0.41933924]
[0.43313044]
[0.4815667]
[0.46580854]
[0.46580854]
[0.46580854]
[0.47529906]
[0.48097113]
[0.47663996]
[0.42053342]
[0.4688944]
[0.47663996]
[0.44108307]
[0.42738906]
[0.4934543]
[0.46493587]
[0.5161042]
[0.55507004]
[0.47578385]
[0.47578385]
[0.47578385]
[0.42303973]
[0.42303973]
[0.45595604]
[0.47843176]
[0.4610567]
[0.44199616]
[0.43195397]
[0.4197489]
[0.51612514]
[0.53525126]
[0.47048542]
[0.4506572]
[0.48335317]
[0.46123356]
[0.4515443]
[0.43713015]
[0.42857355]
[0.4743489]
[0.44881347]
[0.45355988]
[0.43074265]
[0.48416904]
[0.46035665]
[0.4295567]
[0.46181905]
[0.49264973]
[0.42727938]
[0.4347689]
[0.51091236]
[0.48245028]
[0.43407708]
[0.43407708]
[0.44836673]
[0.46786907]
[0.52465093]
[0.45277354]
[0.4869795]
[0.38634935]
[0.40657747]
[0.4738169]
[0.3839691]
[0.4458256]
[0.52190906]
[0.4188129]
[0.4188129]
[0.5113555]
[0.43388012]
[0.43388012]
[0.40715176]
[0.49733672]
[0.43211523]
[0.4326121]
[0.40307084]
[0.43571308]
[0.41283023]
[0.4450684]
[0.41305488]
[0.43735123]
[0.5023981]
[0.4451862]
[0.3728841]
[0.39151588]
[0.46633524]
[0.424139]
[0.49251905]
[0.4256018]
[0.42798096]
[0.42798096]
[0.42798096]
[0.42798096]
[0.42798096]
[0.45381844]
[0.49464673]
[0.4410322]
[0.501483]
[0.45017403]
[0.43315142]
[0.45970473]
[0.4188517]
[0.5047924]
[0.42343986]
[0.45858574]
[0.4205372]
[0.4159578]
[0.4135482]
[0.50580233]
[0.41387454]
[0.40278542]
[0.46865737]
[0.5074001]
[0.4310988]
[0.39748108]
[0.39748108]
[0.4191343]
[0.4085073]
[0.40550518]
[0.3799684]
[0.39834633]
[0.4945551]
[0.39001113]
[0.39001113]
[0.39636242]
[0.4001241]
[0.39029]
[0.4311519]
[0.40696377]
[0.42733055]
[0.3856824]
[0.45624965]
[0.35980466]
[0.39243007]
[0.40905946]
[0.4185452]
[0.38359797]
[0.39250597]
[0.37486526]
[0.44786006]
[0.3839961]
[0.39351478]
[0.37359992]
[0.46987474]
[0.46068254]
[0.38166398]
[0.36347497]
[0.45842966]
[0.38302964]
[0.38696784]
[0.42391855]
[0.38674286]
[0.38192353]
[0.48787847]
[0.40662593]
[0.3810964]
[0.3810964]
[0.43776637]
[0.40372026]
[0.43333375]
[0.39809984]
[0.39809984]
[0.6085433]
[0.37978083]
[0.38257825]
[0.39059672]
[0.36612535]
[0.38592714]
[0.36859313]
[0.39531943]
[0.37902924]
[0.47383547]
[0.38123465]
[0.36303845]
[0.39737448]
[0.40288472]
[0.40388298]
[0.4404524]
[0.3583625]
[0.32288328]
[0.40433392]
[0.35809794]
[0.3587831]
[0.3867902]
[0.35768923]
[0.32890084]
[0.32838997]
[0.43912327]
[0.35073218]
[0.37246063]
[0.43052557]
[0.44363663]
[0.3762355]
[0.366497]
[0.35618868]
[0.38980487]
[0.3725258]
[0.32830706]
[0.37123457]
[0.4101716]
[0.3557783]
[0.37683436]
[0.3492923]
[0.36846912]
[0.4125118]
[0.35889316]
[0.3599691]
[0.33388615]
[0.37616786]
[0.37942594]
[0.32411936]
[0.3930676]
[0.36682582]
[0.33122584]
[0.40053248]
[0.38682225]
[0.35083207]
[0.3918315]
[0.36053896]
[0.33009744]
[0.33009744]
[0.3307855]
[0.3188965]
[0.3485267]
[0.34994814]
[0.34860897]
[0.3288395]
[0.31775615]
[0.47204542]
[0.32599708]
[0.32507533]
[0.49393496]
[0.42657533]
[0.32861927]
[0.32117543]
[0.37454578]
[0.33059546]
[0.32199153]
[0.36742267]
[0.31905684]
[0.33039388]
[0.32712826]
[0.32162425]
[0.32162425]
[0.5571837]
[0.40541396]
[0.43433648]
[0.43433648]
[0.42627987]
[0.31460503]
[0.42260748]
[0.45254976]
[0.36129224]
[0.42174876]
[0.3669086]
[0.43339017]
[0.4237716]
[0.32209864]
[0.35471666]
[0.45391658]
[0.4103004]
[0.3937929]
[0.37328777]
[0.36041975]
[0.37663308]
[0.39988667]
[0.4414994]
[0.36876932]
[0.5181023]
[0.38381943]
[0.353707]
[0.3539284]
[0.3924528]
[0.45235354]
[0.37138903]
[0.3814081]
