7.258800000000006
5.499800000000004
5.6581000000000055
4.286820000000002
5.276200000000005
5.213900000000005
5.840700000000004
4.854900000000004
5.220300000000004
5.147900000000004
5.061100000000004
5.217120000000004
5.2149000000000045
4.893920000000004
4.882300000000004
4.882300000000004
4.7340000000000035
2.9877200000000013
2.9877200000000013
2.9877200000000013
2.8298000000000014
4.3994000000000035
5.089400000000004
4.903700000000004
3.6762400000000026
4.095740000000003
6.252900000000006
4.967900000000005
4.039070000000002
3.3695200000000014
4.419400000000003
4.585500000000003
4.411600000000004
4.735400000000004
4.306100000000003
4.250920000000003
5.385400000000004
4.384200000000003
3.738620000000002
4.8018000000000045
4.6185000000000045
3.787320000000002
4.635700000000004
4.635700000000004
4.635700000000004
4.635700000000004
4.635700000000004
4.635700000000004
4.635700000000004
4.635700000000004
5.180300000000004
4.685500000000004
3.337500000000002
3.337500000000002
3.8058000000000014
3.710390000000003
4.210100000000003
5.018900000000003
3.7200000000000024
4.881620000000003
4.792200000000005
4.792200000000005
3.424900000000002
3.8656000000000024
5.055800000000004
5.027600000000005
4.317300000000003
2.8252000000000006
2.8252000000000006
2.8252000000000006
4.171800000000004
3.911000000000003
3.430200000000001
3.430200000000001
3.430200000000001
3.916000000000003
3.916000000000003
3.478900000000001
4.391200000000004
4.9569000000000045
4.636400000000004
3.991100000000002
3.585820000000002
4.790200000000004
4.790200000000004
4.790200000000004
4.778400000000004
4.2222000000000035
3.418940000000002
3.2401000000000018
4.491600000000004
4.228400000000003
4.228400000000003
3.823100000000003
3.6095000000000024
3.524300000000002
4.842600000000003
3.8980000000000024
3.634500000000002
3.634500000000002
3.634500000000002
3.2638000000000016
3.731900000000002
4.245600000000002
4.245600000000002
2.9161200000000003
2.9161200000000003
2.9161200000000003
3.4223000000000026
3.074700000000001
3.9360000000000035
3.9360000000000035
3.9360000000000035
3.265500000000001
2.6724000000000006
2.6724000000000006
3.277400000000002
3.662020000000002
3.662020000000002
3.662020000000002
3.662020000000002
3.662020000000002
4.704700000000003
3.832720000000003
3.7637000000000027
3.0153000000000016
4.167200000000004
4.167200000000004
2.75002
3.0592000000000015
5.5979000000000045
4.511800000000004
4.897100000000004
3.8359200000000024
3.8359200000000024
4.001100000000004
4.001100000000004
4.001100000000004
3.838300000000002
3.838300000000002
3.838300000000002
3.2696000000000014
3.675600000000003
3.6010000000000018
3.4022000000000023
3.4022000000000023
3.4022000000000023
4.402900000000003
3.1174000000000017
2.8815000000000017
3.0292000000000012
4.090200000000003
3.327700000000002
3.748800000000003
3.748800000000003
4.472270000000003
3.353600000000001
3.353600000000001
3.353600000000001
3.353600000000001
3.353600000000001
3.353600000000001
3.336800000000002
2.8538200000000007
4.005300000000004
3.935400000000003
3.935400000000003
3.7454000000000027
3.7454000000000027
3.5827000000000027
3.5501200000000024
3.6163000000000016
3.666000000000002
3.5572000000000012
3.4689000000000023
3.7504200000000028
3.7504200000000028
3.832720000000003
3.832720000000003
4.721900000000004
3.576920000000003
3.576920000000003
3.2287000000000017
3.262100000000002
3.1858000000000013
3.1953000000000014
3.1953000000000014
2.6839000000000013
3.607700000000002
3.9189000000000025
1.8305000000000002
1.8305000000000002
2.866100000000001
3.2113200000000015
3.5843200000000017
3.928500000000003
3.3941000000000017
3.578100000000002
1.7092
3.482800000000002
3.1701000000000015
2.9029000000000016
3.148220000000002
2.981500000000002
2.5661199999999997
3.644000000000003
2.2483000000000004
3.2075000000000014
3.2075000000000014
3.1285000000000016
3.0078200000000015
3.2417000000000016
3.2417000000000016
3.2417000000000016
4.533500000000003
3.2855000000000025
3.2855000000000025
3.704100000000002
3.4482000000000017
3.4482000000000017
2.3076999999999996
3.4482000000000026
3.4482000000000026
3.4482000000000026
2.1702000000000004
3.442000000000002
3.442000000000002
3.275100000000002
2.7368000000000006
2.7368000000000006
3.1773200000000017
3.2821000000000016
3.279720000000002
3.2685000000000013
3.2685000000000013
2.8581000000000003
2.8724000000000016
2.8148000000000017
2.977500000000001
2.977500000000001
2.977500000000001
4.523600000000004
2.839800000000001
2.839800000000001
2.839800000000001
2.839800000000001
2.839800000000001
3.903400000000003
3.762800000000002
3.275900000000002
3.275900000000002
3.275900000000002
3.275900000000002
3.275900000000002
3.275900000000002
3.275900000000002
3.113620000000002
2.9640000000000013
2.0846
3.4654000000000016
3.2619000000000016
3.1098000000000017
3.3785000000000016
2.771000000000001
4.193100000000003
4.251000000000004
3.1007000000000016
3.275900000000002
3.275900000000002
2.735500000000001
1.6044999999999998
3.1758000000000015
3.3516000000000012
3.3516000000000012
3.3537000000000017
2.6009
2.426920000000001
3.338320000000002
2.9918000000000013
3.227100000000001
2.922320000000002
3.051520000000002
2.885020000000001
2.885020000000001
2.0036199999999997
3.8072000000000026
2.934270000000002
2.9632000000000014
3.1942200000000014
3.1942200000000014
3.1942200000000014
3.1942200000000014
4.386000000000004
2.5654000000000003
2.805200000000001
3.302800000000002
3.0281200000000013
2.7185000000000006
2.5805000000000007
2.629600000000001
2.5574200000000005
3.4200000000000017
3.4200000000000017
3.6803000000000026
2.7235200000000006
2.7235200000000006
2.7235200000000006
2.7235200000000006
2.7235200000000006
2.4000000000000004
3.446900000000002
3.0581000000000014
3.0581000000000014
2.695520000000001
2.8920000000000012
2.8920000000000012
2.8920000000000012
3.666000000000002
1.6921
1.6921
3.9666000000000032
3.586100000000002
4.291800000000004
4.291800000000004
4.230900000000004
3.0147200000000014
2.8858000000000006
2.8858000000000006
2.748000000000001
3.2763000000000027
2.7197000000000005
3.8618000000000032
3.0299000000000014
2.3713000000000006
3.368000000000002
2.7003000000000013
2.7003000000000013
2.7275
3.3046000000000015
2.4645200000000003
2.4645200000000003
2.1147
2.6815000000000007
3.1739000000000015
2.727800000000001
3.902600000000003
2.435600000000001
3.2863000000000016
1.8617000000000001
3.344500000000002
4.132000000000003
2.3572000000000006
3.9513000000000034
2.3619000000000003
3.3267000000000015
2.916100000000001
3.561200000000002
4.140200000000003
3.0988200000000017
1.9761
3.251000000000002
2.9571000000000014
1.99502
2.6268000000000002
3.251000000000002
3.251000000000002
2.7014000000000005
3.275900000000002
3.7390000000000025
3.9017000000000026
2.0876
2.6585
3.489600000000002
3.561200000000002
4.337200000000004
2.631900000000001
2.473700000000001
3.0321000000000016
2.7543200000000008
1.6866
2.8667200000000017
3.158100000000002
2.730100000000001
2.657800000000001
2.6398
3.395100000000003
2.2249
3.7337000000000025
3.7337000000000025
2.223
4.8018000000000045
3.181700000000002
1.7605
2.6857000000000006
3.1278000000000015
3.2531000000000017
3.431700000000002
3.695700000000003
2.1159999999999997
2.7074000000000007
2.519000000000001
2.7099
2.544200000000001
3.5187000000000017
2.2559000000000005
2.2559000000000005
3.326200000000002
3.1175000000000015
2.5661000000000005
4.142300000000003
3.4444000000000026
3.0050000000000017
3.431000000000002
3.0299000000000014
3.1857000000000015
3.716300000000003
4.245600000000003
4.245600000000003
3.492300000000002
3.251000000000002
3.174500000000002
3.550200000000002
2.9525000000000015
2.1657
1.7226000000000001
2.5643200000000004
2.9525000000000015
2.3047000000000004
1.9725
2.8873000000000015
2.3984000000000005
2.698200000000001
2.1386000000000003
2.0882
2.7590000000000012
2.950000000000001
2.6948000000000008
2.9400000000000013
2.6948000000000008
2.4488000000000003
2.1033
3.0966000000000022
3.043300000000002
2.6740000000000013
2.6804000000000006
3.326200000000002
3.1601000000000017
1.0874
2.4282000000000004
3.1525000000000016
2.4830000000000005
1.9952999999999999
1.5824
1.7485
1.5065
1.4766000000000001
2.9453000000000014
1.6981
1.6981
1.1923
2.641700000000001
0.7614000000000001
1.1419
2.2357000000000005
3.4380000000000024
0.8601999999999999
0.9786
3.544400000000002
2.812100000000001
1.229
1.3966
3.6595200000000023
3.1458000000000013
0.5857
0.5857
0.3941
0.38539999999999996
0.5601999999999999
3.2417000000000016
-0.1849
-0.1849
3.2022000000000013
2.3167
3.395100000000002
2.9929000000000014
0.6361
2.733100000000001
3.7810000000000024
3.0050000000000017
3.171100000000002
2.6873000000000005
3.0596000000000014
3.1491000000000025
5.115500000000004
4.995300000000004
2.4397
2.9943000000000017
3.373400000000002
3.171100000000002
4.004800000000003
