[0.6578344]
[0.67792743]
[0.52502453]
[0.52502453]
[0.52502453]
[0.52502453]
[0.52502453]
[0.52502453]
[0.52502453]
[0.52502453]
[0.52502453]
[0.52502453]
[0.52502453]
[0.52502453]
[0.52502453]
[0.52502453]
[0.61699843]
[0.58955055]
[0.58955055]
[0.53496724]
[0.51195395]
[0.613005]
[0.6207134]
[0.50445676]
[0.50445676]
[0.50445676]
[0.59256995]
[0.50749487]
[0.64251214]
[0.6100304]
[0.637629]
[0.67751384]
[0.6059996]
[0.6059996]
[0.6059996]
[0.602607]
[0.5508713]
[0.5637623]
[0.5334009]
[0.5966101]
[0.5966101]
[0.5966101]
[0.5966101]
[0.5966101]
[0.57381165]
[0.5897262]
[0.5897262]
[0.5897262]
[0.59169126]
[0.6169925]
[0.5045763]
[0.5334009]
[0.6871083]
[0.5198726]
[0.5198726]
[0.5261844]
[0.5261844]
[0.5261844]
[0.5261844]
[0.5205248]
[0.5205248]
[0.5205248]
[0.5205248]
[0.5205248]
[0.5205248]
[0.5205248]
[0.5797815]
[0.5797815]
[0.49605572]
[0.5901594]
[0.58323663]
[0.49199829]
[0.49199829]
[0.49199829]
[0.5489649]
[0.4867699]
[0.46644872]
[0.55013365]
[0.6154346]
[0.6154346]
[0.6154346]
[0.6154346]
[0.6154346]
[0.6154346]
[0.62656623]
[0.62656623]
[0.62656623]
[0.5892144]
[0.44171947]
[0.44171947]
[0.44171947]
[0.44171947]
[0.5732523]
[0.5391391]
[0.5391391]
[0.5391391]
[0.5391391]
[0.5391391]
[0.5391391]
[0.5391391]
[0.5391391]
[0.5391391]
[0.5317076]
[0.57535285]
[0.3975007]
[0.3975007]
[0.3975007]
[0.3975007]
[0.3975007]
[0.3975007]
[0.57295954]
[0.5340719]
[0.58080876]
[0.58069265]
[0.58069265]
[0.5933405]
[0.5933405]
[0.51559263]
[0.41182745]
[0.58988607]
[0.49454427]
[0.5196109]
[0.5196109]
[0.5196109]
[0.507887]
[0.41734514]
[0.41734514]
[0.46447757]
[0.46447757]
[0.46447757]
[0.46447757]
[0.46447757]
[0.40933964]
[0.49997598]
[0.49997598]
[0.49997598]
[0.49997598]
[0.49997598]
[0.49997598]
[0.49997598]
[0.64916945]
[0.47226846]
[0.47226846]
[0.47226846]
[0.47226846]
[0.4772156]
[0.52657354]
[0.47409105]
[0.49093494]
[0.49093494]
[0.57998765]
[0.57998765]
[0.4124598]
[0.4124598]
[0.4124598]
[0.4124598]
[0.4124598]
[0.4124598]
[0.4124598]
[0.4124598]
[0.4124598]
[0.4124598]
[0.4124598]
[0.4124598]
[0.4124598]
[0.4124598]
[0.4124598]
[0.4124598]
[0.4124598]
[0.4124598]
[0.4124598]
[0.4124598]
[0.4124598]
[0.4124598]
[0.4124598]
[0.4124598]
[0.4124598]
[0.4124598]
[0.4124598]
[0.4124598]
[0.4124598]
[0.4124598]
[0.4124598]
[0.4124598]
[0.4124598]
[0.4124598]
[0.4124598]
[0.4124598]
[0.4124598]
[0.4124598]
[0.4124598]
[0.4124598]
[0.4124598]
[0.4124598]
[0.4124598]
[0.4124598]
[0.4124598]
[0.4124598]
[0.4124598]
[0.4124598]
[0.4124598]
[0.4124598]
[0.4124598]
[0.4124598]
[0.4124598]
[0.4124598]
[0.4124598]
[0.49102762]
[0.53974855]
[0.5810277]
[0.46158564]
[0.58271337]
[0.58271337]
[0.58271337]
[0.58271337]
[0.58271337]
[0.58271337]
[0.58271337]
[0.58271337]
[0.58271337]
[0.58271337]
[0.58271337]
[0.58271337]
[0.5834014]
[0.39700428]
[0.41358483]
[0.41358483]
[0.41358483]
[0.41358483]
[0.40684384]
[0.47610807]
[0.42564481]
[0.39598918]
[0.39598918]
[0.39598918]
[0.5442122]
[0.46410176]
[0.45799184]
[0.56776196]
[0.39430922]
[0.46797922]
[0.5568083]
[0.47054628]
[0.4088261]
[0.40398443]
[0.49776295]
[0.47266048]
[0.47266048]
[0.36861855]
[0.5168096]
[0.46019518]
[0.359519]
[0.5254331]
[0.5254331]
[0.41599083]
[0.4397604]
[0.3782897]
[0.45519504]
[0.44139576]
[0.44139576]
[0.44139576]
[0.41875648]
[0.30763742]
[0.4695769]
[0.4947057]
[0.5495653]
[0.4488105]
[0.3835403]
[0.37390733]
[0.43372372]
[0.36126977]
[0.35564458]
[0.37413278]
[0.4336262]
[0.41602582]
[0.37338066]
[0.4206033]
[0.4206033]
[0.34169036]
[0.34169036]
[0.34169036]
[0.34169036]
[0.38007155]
[0.38007155]
[0.33577627]
[0.40548903]
[0.29994383]
[0.3283584]
[0.41011152]
[0.29578575]
[0.29578575]
[0.29578575]
[0.29578575]
[0.29578575]
[0.29578575]
[0.29578575]
[0.29578575]
[0.29578575]
[0.29578575]
[0.29578575]
[0.29578575]
[0.29578575]
[0.29578575]
[0.29578575]
[0.29578575]
[0.29578575]
[0.29578575]
[0.29578575]
[0.29578575]
[0.29578575]
[0.29578575]
[0.29578575]
[0.29578575]
[0.29578575]
[0.29578575]
[0.29578575]
[0.29578575]
[0.29578575]
[0.29578575]
[0.29578575]
[0.3902071]
[0.38638434]
[0.35194752]
[0.35194752]
[0.35194752]
[0.35194752]
[0.38080838]
[0.29852524]
[0.34460148]
[0.34460148]
[0.34460148]
[0.34460148]
[0.34460148]
[0.34460148]
[0.34460148]
[0.34460148]
[0.34460148]
[0.34460148]
[0.34460148]
[0.3182036]
[0.37076235]
[0.39825785]
[0.35507527]
[0.30563137]
[0.30563137]
[0.30563137]
[0.30563137]
[0.30563137]
[0.30563137]
[0.42066]
[0.3270395]
[0.36022443]
[0.45103958]
[0.28918868]
[0.3390508]
[0.2667288]
[0.2667288]
[0.2667288]
[0.2667288]
[0.2667288]
[0.2667288]
[0.2667288]
[0.2667288]
[0.2667288]
[0.2667288]
[0.2667288]
[0.2667288]
[0.6136552]
[0.30563137]
[0.30563137]
[0.30563137]
[0.30563137]
[0.30563137]
[0.2572917]
[0.42799833]
[0.3613136]
[0.3613136]
[0.3613136]
[0.3613136]
[0.3613136]
[0.33651894]
[0.3355713]
[0.3355713]
[0.3355713]
[0.42967373]
[0.42992064]
[0.338731]
[0.36126748]
[0.36126748]
[0.36126748]
[0.36126748]
[0.36126748]
[0.36126748]
[0.36126748]
[0.36126748]
[0.36126748]
[0.36126748]
[0.36126748]
[0.36126748]
[0.36126748]
[0.36126748]
[0.3740701]
[0.3740701]
[0.28621897]
[0.28621897]
[0.28621897]
[0.28621897]
[0.44006282]
[0.29426515]
[0.29426515]
[0.29974174]
[0.25737116]
[0.56221855]
[0.2667874]
[0.2667874]
[0.2667874]
[0.2667874]
[0.2667874]
[0.2667874]
[0.2527549]
[0.2527549]
[0.2527549]
[0.2527549]
[0.2527549]
[0.2527549]
[0.2527549]
[0.2527549]
[0.2527549]
[0.2527549]
[0.2527549]
[0.2527549]
[0.2527549]
[0.2527549]
[0.2527549]
[0.2527549]
[0.34636074]
[0.29125598]
[0.29588598]
[0.3388233]
[0.3388233]
[0.36971843]
[0.27296695]
[0.21953294]
[0.25526807]
[0.3116312]
[0.3116312]
[0.3116312]
[0.29749492]
[0.3116653]
[0.29593584]
[0.25478727]
[0.3298883]
[0.20845985]
[0.317206]
[0.33115572]
[0.2869246]
[0.2766521]
[0.20976436]
[0.25435725]
[0.25435725]
[0.39173222]
[0.42026192]
[0.14796992]
[0.24286777]
[0.10461855]
[0.17058836]
[0.43527955]
[0.08153986]
[0.25618008]
[0.58099353]
[0.22533076]
[0.21628258]
[0.10645223]
[0.24733476]
[0.20515056]
[0.18735094]
[0.4255132]
[0.15005934]
[0.15005934]
[0.12334325]
[0.14304721]
[0.1108548]
[0.09314012]
[0.15765777]
[0.08917674]
[0.08142887]
[0.09457666]
[0.17375423]
[0.05849329]
[0.4298927]
[0.06991223]
[0.06991223]
[0.33977583]
[0.06106959]
[0.06106959]
[0.28518492]
[0.04346614]
[0.27090877]
[0.32675475]
[0.29822066]
