11.653499999999983
11.338999999999986
11.882399999999985
11.139699999999985
10.72869999999999
8.354600000000005
9.307099999999998
9.307099999999998
9.307099999999998
9.307099999999998
10.110199999999992
10.110199999999992
11.03489999999999
11.194699999999989
10.795099999999993
9.2309
9.230899999999998
11.218699999999986
10.705599999999992
10.705599999999992
9.671999999999997
10.014899999999995
10.014899999999995
9.2013
10.049199999999992
8.9848
8.9848
9.0069
11.939699999999982
8.943500000000002
8.060200000000007
9.232699999999998
11.825399999999984
9.676199999999998
9.309999999999999
11.065499999999988
10.106199999999992
9.573599999999997
8.701720000000002
8.690400000000006
9.850299999999994
9.809199999999995
10.042399999999994
8.443200000000003
7.917400000000006
8.649100000000002
8.649100000000002
8.839300000000001
9.120000000000001
6.687600000000005
6.687600000000005
6.687600000000005
6.687600000000005
6.687600000000005
6.687600000000005
6.687600000000005
6.687600000000005
9.545599999999999
7.8558000000000066
7.764600000000006
7.889900000000005
7.889900000000005
10.173699999999995
10.173699999999995
9.315
10.58439999999999
10.58439999999999
8.237820000000005
9.426
10.68409999999999
8.747699999999998
6.812900000000005
6.812900000000005
7.9294000000000056
6.764200000000004
10.73029999999999
10.412199999999991
12.06879999999998
6.840800000000004
6.840800000000004
7.677420000000007
8.959500000000002
8.011600000000005
8.011600000000005
9.359199999999998
7.072620000000005
8.150700000000004
7.436000000000005
7.436000000000005
7.644500000000007
7.470200000000006
7.470200000000006
7.126300000000006
7.126300000000006
7.342000000000006
6.9763000000000055
6.9763000000000055
6.764200000000005
6.764200000000005
8.427800000000005
6.919820000000006
6.919820000000006
6.919820000000006
7.404020000000006
6.889500000000005
6.889500000000005
6.889500000000005
7.276500000000007
7.772500000000006
6.173800000000004
6.173800000000004
6.173800000000004
7.670700000000004
7.670700000000004
7.670700000000004
7.670700000000004
8.524500000000003
6.611400000000006
11.477999999999987
8.154600000000006
10.321399999999993
10.321399999999993
7.346400000000006
7.419340000000005
7.080900000000006
7.180300000000006
8.485900000000006
7.294040000000005
9.5687
8.785820000000001
6.3932000000000055
6.3932000000000055
6.3932000000000055
6.3932000000000055
6.3932000000000055
6.3932000000000055
6.3932000000000055
9.2018
7.7419000000000056
6.7362000000000055
6.7362000000000055
7.3722000000000065
8.986799999999999
6.688000000000005
7.430500000000006
6.327000000000004
6.327000000000004
9.240099999999998
8.763900000000001
9.212399999999999
9.398499999999997
9.398499999999997
6.363200000000005
7.304500000000005
9.3353
8.014300000000006
6.816800000000005
6.500100000000005
9.047300000000002
6.299100000000005
10.856299999999989
10.886819999999991
6.922200000000005
7.250800000000006
7.550300000000006
8.732900000000003
8.014300000000006
6.312900000000004
6.890220000000006
8.777900000000002
7.558500000000006
6.922200000000005
8.927800000000001
5.637440000000004
5.637440000000004
5.637440000000004
5.637440000000004
8.8942
6.406020000000005
6.406020000000005
6.406020000000005
6.406020000000005
6.021400000000005
6.021400000000005
6.021400000000005
6.021400000000005
6.469800000000005
5.146200000000003
5.146200000000003
5.146200000000003
5.146200000000003
6.097600000000005
6.097600000000005
6.097600000000005
6.097600000000005
6.097600000000005
6.097600000000005
8.067300000000007
8.067300000000007
9.527119999999996
10.578399999999991
6.215800000000006
6.215800000000006
9.372399999999997
6.174200000000004
5.0206000000000035
5.0206000000000035
5.0206000000000035
5.0206000000000035
5.0206000000000035
5.0206000000000035
5.973100000000005
5.973100000000005
5.973100000000005
5.973100000000005
7.333900000000007
8.9006
8.453100000000004
6.193600000000004
10.156499999999992
8.123000000000006
5.660000000000004
8.293900000000002
5.849400000000005
5.849400000000005
5.849400000000005
5.849400000000005
5.849400000000005
6.314820000000005
8.084300000000006
7.500500000000005
9.062000000000001
9.316299999999998
7.353500000000006
5.329020000000003
7.073200000000005
6.731900000000005
8.761700000000001
6.504500000000005
5.714040000000004
8.653500000000001
9.2599
9.500399999999997
6.421700000000004
6.421700000000004
6.613720000000006
6.613720000000006
6.613720000000006
9.253699999999998
9.023420000000002
7.701100000000006
5.405620000000003
6.310100000000005
6.970900000000004
9.368399999999998
6.8384200000000055
6.361420000000004
6.102300000000005
7.2206000000000055
6.559500000000005
6.6352000000000055
7.069200000000006
5.609500000000005
7.148800000000004
8.089400000000007
6.951000000000005
7.264500000000004
7.298100000000006
6.704300000000005
8.695620000000002
5.801020000000005
5.801020000000005
5.801020000000005
5.801020000000005
5.1236400000000035
8.580400000000001
6.079900000000005
5.309300000000004
6.406300000000004
6.0781000000000045
5.3681000000000045
6.486100000000007
6.704400000000004
7.836900000000006
5.752800000000004
5.895400000000005
9.210600000000003
6.330100000000005
6.189000000000005
7.6661200000000065
6.491800000000005
6.491800000000005
5.268000000000004
7.702300000000006
6.220600000000005
6.220600000000005
6.220600000000005
6.707320000000005
4.8331000000000035
6.0999200000000044
7.890700000000007
6.908000000000006
5.315100000000005
5.859400000000005
5.859400000000005
6.155000000000005
7.702420000000005
6.738800000000005
8.778400000000001
7.357000000000006
6.557200000000004
6.5895000000000055
7.145700000000006
6.4862000000000055
5.217700000000004
5.449000000000003
6.579600000000006
7.834800000000007
6.287980000000005
6.015800000000005
4.864320000000004
8.809000000000003
5.072600000000004
6.400300000000005
8.422600000000005
6.750100000000006
5.251320000000004
7.016300000000007
6.106500000000005
6.061500000000005
7.038200000000006
5.9226000000000045
5.421600000000004
5.421600000000004
7.127500000000003
6.390820000000005
5.205200000000004
7.535600000000007
5.567000000000005
6.929620000000006
9.0616
5.067300000000003
6.105400000000006
5.097500000000004
5.706800000000003
6.562700000000005
4.861220000000004
5.6006000000000045
7.304400000000004
5.840700000000004
5.357900000000004
5.933800000000003
6.233800000000004
6.157200000000005
7.416200000000007
6.522580000000004
4.011700000000004
8.328700000000005
6.1334000000000035
5.200920000000003
4.850000000000003
5.548220000000005
6.203100000000006
4.926600000000003
7.191400000000007
6.978700000000005
5.446600000000004
5.827420000000005
5.065100000000003
6.693320000000005
6.208020000000005
5.909920000000005
5.909900000000006
6.0647000000000055
4.059920000000002
5.831000000000005
5.807500000000005
8.226500000000007
6.059700000000006
5.770300000000004
2.9830000000000014
3.166100000000001
5.779500000000005
6.178800000000005
5.476300000000005
4.7184000000000035
1.8256999999999999
5.9566000000000034
6.6017000000000055
6.119500000000005
4.750500000000002
5.6211000000000055
1.6866
5.670200000000004
5.876620000000005
5.657700000000004
5.819600000000005
6.131300000000004
4.698500000000004
2.1561000000000003
5.217900000000004
6.472000000000006
5.924400000000003
5.924400000000003
3.739200000000002
2.8686000000000007
4.159400000000003
3.225500000000001
4.480700000000003
2.0615
1.8987
4.427000000000003
3.137900000000001
2.3673
3.597000000000002
2.6438000000000006
2.6438000000000006
2.1731
5.052100000000004
2.9539800000000014
8.413100000000004
6.6257000000000055
6.525720000000005
1.1923
7.257700000000007
1.7485
1.7485
2.2118
1.1419
6.366800000000006
1.6981
0.9275
0.9275
0.37129999999999996
5.8121000000000045
1.0994
1.6002
1.6556
0.5857
0.5857
1.2441
6.4893000000000045
4.830600000000003
0.0040000000000000036
0.0040000000000000036
-0.1849
0.5601999999999999
1.28698
5.8109000000000055
9.489899999999997
7.464600000000007
4.619200000000004
7.526600000000007
6.368300000000005
8.9601
4.7013000000000025
4.313000000000003
4.924800000000003
6.092800000000006
9.427299999999999
4.075400000000003
4.105100000000004
8.8995
8.031020000000007
4.223700000000003
10.156099999999993
5.509300000000004
6.930700000000006
7.289600000000005
5.343600000000005
11.701899999999982
9.538699999999997
6.248420000000006
4.254400000000003
6.174100000000005
8.986099999999999
6.454600000000003
6.616800000000005
5.425400000000004
6.484800000000004
6.954400000000005
6.071600000000005
5.694600000000004
10.58439999999999
6.271400000000004
9.551699999999999
6.818700000000004
7.175900000000006
8.8666
5.510800000000003
7.204920000000007
8.117300000000006
7.391100000000006
8.749500000000003
6.749800000000006
5.651700000000004
5.9920000000000035
5.9081000000000055
7.105700000000006
12.582899999999979
