5.65090980116301
4.2360318054830906
4.708197350463495
4.708197350463495
4.708197350463495
4.708197350463495
4.708197350463495
4.708197350463495
4.708197350463495
4.708197350463495
4.708197350463495
4.708197350463495
4.708197350463495
4.708197350463495
4.708197350463495
4.708197350463495
4.708197350463495
4.708197350463495
4.708197350463495
4.708197350463495
4.708197350463495
4.708197350463495
4.708197350463495
4.708197350463495
4.708197350463495
4.708197350463495
4.708197350463495
4.708197350463495
4.708197350463495
4.708197350463495
4.708197350463495
4.708197350463495
4.708197350463495
4.708197350463495
4.708197350463495
4.708197350463495
5.141072107751732
5.141072107751732
5.141072107751732
5.141072107751732
5.141072107751732
5.141072107751732
5.141072107751732
5.141072107751732
5.141072107751732
5.141072107751732
5.141072107751732
4.470375716744792
4.470375716744792
4.470375716744792
5.121682755649539
5.735017427997197
5.09190492225064
5.0477672763662795
5.0477672763662795
5.0477672763662795
5.0477672763662795
5.0477672763662795
5.0477672763662795
5.0477672763662795
5.0477672763662795
5.0477672763662795
5.0477672763662795
5.0477672763662795
5.0477672763662795
5.0477672763662795
5.0477672763662795
5.0477672763662795
5.0477672763662795
5.0477672763662795
5.0477672763662795
5.0477672763662795
5.0477672763662795
5.0477672763662795
5.0477672763662795
5.0477672763662795
5.0477672763662795
5.0477672763662795
5.0477672763662795
5.0477672763662795
5.0477672763662795
5.0477672763662795
5.0477672763662795
5.0477672763662795
5.0477672763662795
5.0477672763662795
5.0477672763662795
5.0477672763662795
5.0477672763662795
5.0477672763662795
5.0477672763662795
5.0477672763662795
5.0477672763662795
5.0477672763662795
5.0477672763662795
5.0477672763662795
5.0477672763662795
5.0477672763662795
5.0477672763662795
5.0477672763662795
5.0477672763662795
5.0477672763662795
5.0477672763662795
5.0477672763662795
5.0477672763662795
5.0477672763662795
5.0477672763662795
5.0477672763662795
5.0477672763662795
5.0477672763662795
5.0477672763662795
5.0477672763662795
5.0477672763662795
5.0477672763662795
5.0477672763662795
5.0477672763662795
5.0477672763662795
5.0477672763662795
5.0477672763662795
5.0477672763662795
5.0477672763662795
5.0477672763662795
5.0477672763662795
5.0477672763662795
5.0477672763662795
5.0477672763662795
5.0477672763662795
5.0477672763662795
5.0477672763662795
5.0477672763662795
5.0477672763662795
5.0477672763662795
5.0477672763662795
5.0477672763662795
5.0477672763662795
5.0477672763662795
5.0477672763662795
5.0477672763662795
5.0477672763662795
5.0477672763662795
5.0477672763662795
5.0477672763662795
5.0477672763662795
5.0477672763662795
5.0477672763662795
5.0477672763662795
5.0477672763662795
5.0477672763662795
5.0477672763662795
5.0477672763662795
5.0477672763662795
5.0477672763662795
5.0477672763662795
5.0477672763662795
5.0477672763662795
5.0477672763662795
5.0477672763662795
5.0477672763662795
5.0477672763662795
5.0477672763662795
5.0477672763662795
5.0477672763662795
5.0477672763662795
5.0477672763662795
5.0477672763662795
5.0477672763662795
5.0477672763662795
5.0477672763662795
5.0477672763662795
5.0477672763662795
5.0477672763662795
5.0477672763662795
5.0477672763662795
5.0477672763662795
5.0477672763662795
5.0477672763662795
5.0477672763662795
5.0477672763662795
5.0477672763662795
5.0477672763662795
5.0477672763662795
5.0477672763662795
5.0477672763662795
5.0477672763662795
5.0477672763662795
5.0477672763662795
5.0477672763662795
5.0477672763662795
5.0477672763662795
5.0477672763662795
5.0477672763662795
5.0477672763662795
5.0477672763662795
5.0477672763662795
5.0477672763662795
5.0477672763662795
5.0477672763662795
5.0477672763662795
5.0477672763662795
5.0477672763662795
5.0477672763662795
5.0477672763662795
5.0477672763662795
5.0477672763662795
5.0477672763662795
5.0477672763662795
5.0477672763662795
5.0477672763662795
5.0477672763662795
5.0477672763662795
5.0477672763662795
5.0477672763662795
5.0477672763662795
5.0477672763662795
5.0477672763662795
5.0477672763662795
5.0477672763662795
5.0477672763662795
5.0477672763662795
5.0477672763662795
5.0477672763662795
5.0477672763662795
5.0477672763662795
5.0477672763662795
5.0477672763662795
5.0477672763662795
5.0477672763662795
5.0477672763662795
5.0477672763662795
5.0477672763662795
5.0477672763662795
5.0477672763662795
5.0477672763662795
5.0477672763662795
5.0477672763662795
5.0477672763662795
5.0477672763662795
5.0477672763662795
5.0477672763662795
5.0477672763662795
5.0477672763662795
5.0477672763662795
5.0477672763662795
5.0477672763662795
5.0477672763662795
5.0477672763662795
5.0477672763662795
5.0477672763662795
5.0477672763662795
5.0477672763662795
5.0477672763662795
5.0477672763662795
5.0477672763662795
5.0477672763662795
5.0477672763662795
5.0477672763662795
5.0477672763662795
5.0477672763662795
5.0477672763662795
5.0477672763662795
5.0477672763662795
5.0477672763662795
5.0477672763662795
5.0477672763662795
5.0477672763662795
5.0477672763662795
5.0477672763662795
5.0477672763662795
5.0477672763662795
5.0477672763662795
5.0477672763662795
5.0477672763662795
5.0477672763662795
5.0477672763662795
5.0477672763662795
5.0477672763662795
5.0477672763662795
5.0477672763662795
5.0477672763662795
5.0477672763662795
5.0477672763662795
5.0477672763662795
5.0477672763662795
5.0477672763662795
5.0477672763662795
5.0477672763662795
5.0477672763662795
5.0477672763662795
5.0477672763662795
5.0477672763662795
5.0477672763662795
5.0477672763662795
5.0477672763662795
5.0477672763662795
5.0477672763662795
5.0477672763662795
5.0477672763662795
5.005063795067619
5.047719209407331
4.969351302868987
4.969351302868987
4.969351302868987
4.969351302868987
4.969351302868987
4.969351302868987
5.051884773124936
5.051884773124936
5.051884773124936
5.051884773124936
5.051884773124936
5.051884773124936
5.034515948256608
5.034515948256608
4.987526099780797
4.987526099780797
5.113349261220803
5.076565190045697
5.069665219776551
5.170783001060293
4.893407419787637
5.082671151420952
5.079202530753397
5.057233992002985
5.18826149757065
4.8711776914266105
4.8711776914266105
4.8711776914266105
5.13938633933511
5.205097926064544
5.364358797563978
5.364358797563978
5.228686527463038
5.308977842512763
5.308977842512763
4.948531821121072
5.1955486350704625
5.205140150027646
5.400200867578317
5.210451190282727
5.516611410944168
4.913605027896976
5.021807112295889
5.021807112295889
5.021807112295889
5.244186576859862
4.942844029024786
4.9519611841084235
4.9519611841084235
5.203089736811589
5.078388979537775
5.063868679349438
5.063868679349438
5.157219780525361
5.154373549788507
5.154373549788507
5.070892686193813
5.49149226840678
5.474669931171022
5.474669931171022
5.474669931171022
5.474669931171022
5.806183730831515
4.889486154265827
4.889486154265827
4.889486154265827
4.889486154265827
4.889486154265827
5.130431865149571
5.153965339346101
5.155739512323382
5.094236949983226
5.094236949983226
5.314341449631987
5.314341449631987
5.2492901543212
5.463642273341637
4.969016818859453
5.551036097585038
4.974469773150382
5.388489688079908
5.165654425784816
5.609989100282397
5.518005073529941
5.2020439870631225
5.699888265101178
5.999636075257925
5.57346355632094
4.764700813395615
5.2007189510885174
5.2007189510885174
5.723738951536116
5.224424551007696
5.7265594129371955
5.635050314185594
5.210101642905608
5.141617182250471
5.141617182250471
5.231311833988409
5.231311833988409
5.231311833988409
5.231311833988409
5.3240235926819865
5.3240235926819865
6.01848122479746
5.098282501451145
5.24790048985639
5.3442847433495695
5.099792633882735
5.213254383439353
5.271890618649651
5.271890618649651
5.271890618649651
5.271890618649651
5.271890618649651
5.271890618649651
5.271890618649651
5.271890618649651
5.2885932269220515
5.2052077181106995
5.2052077181106995
5.439563651158352
5.497499094587682
4.946980877593887
5.441264482552329
5.439626851119015
5.243873880199018
5.464646341503445
5.24146698700146
5.24146698700146
5.439646069785367
5.439646069785367
5.531288685809863
5.570168914617918
4.138229158154567
5.4103365314598655
5.384152057218509
5.384152057218509
5.404890558552933
5.404890558552933
3.4482397500088267
5.570736291428131
5.341098707670919
4.916853266142043
5.315018524327789
5.5658272784368235
4.807096359892644
5.003855353040926
4.875178390987818
4.3702997729738335
4.7973964020031765
4.220352637583779
4.220352637583779
4.579818550596352
4.579818550596352
4.854400091256196
4.931395548202644
4.494479684730182
4.768374972440379
4.571927844682495
4.818788818594225
5.433855753405153
4.377443359675977
4.9207826623976745
5.1221560653377605
5.829290104472534
4.967319727680504
5.042629808348084
4.139505305365287
5.678350239295947
5.552716973255025
3.2781692003141334
5.7890990094499095
4.103693625209237
4.103693625209237
4.57906204806254
5.676366616967997
4.043614072795545
6.3957217520299015
6.3957217520299015
6.3957217520299015
5.947030522583338
5.947030522583338
6.144409299867518
4.08999868818016
4.08999868818016
5.477689456997274
5.417887918535735
5.444990775678592
6.054277867910627
5.216072526493087
6.404549278728066
6.77534400127161
7.0063818459185345
7.0063818459185345
6.026150956085165
6.481020573605662
6.509533855689184
6.551507376144558
6.159610535112454
5.755329761063794
