5.236846774522582
5.236846774522582
5.236846774522582
5.236846774522582
5.236846774522582
5.236846774522582
5.236846774522582
5.236846774522582
4.911577810370418
4.911577810370418
4.911577810370418
4.911577810370418
4.911577810370418
4.911577810370418
4.911577810370418
5.3683339980601446
5.3683339980601446
5.3683339980601446
5.369478365454919
5.369478365454919
5.103625347268809
5.103625347268809
5.103625347268809
5.103625347268809
5.103625347268809
5.103625347268809
5.103625347268809
5.343874205273935
5.395342429192908
4.865647476590913
4.865647476590913
4.865647476590913
4.865647476590913
4.865647476590913
4.865647476590913
4.865647476590913
4.865647476590913
4.865647476590913
4.865647476590913
4.865647476590913
4.865647476590913
4.865647476590913
4.865647476590913
4.865647476590913
4.865647476590913
4.865647476590913
4.865647476590913
4.865647476590913
4.865647476590913
5.136193711606277
5.136193711606277
5.136193711606277
5.136193711606277
5.136193711606277
5.136193711606277
5.136193711606277
5.136193711606277
5.136193711606277
5.139172237369557
5.139172237369557
5.139172237369557
5.139172237369557
5.139172237369557
5.32586427092064
5.32586427092064
5.32586427092064
5.32586427092064
5.32586427092064
5.32586427092064
5.32586427092064
5.32586427092064
5.32586427092064
5.32586427092064
5.32586427092064
5.32586427092064
5.32586427092064
5.32586427092064
5.32586427092064
5.32586427092064
5.32586427092064
5.32586427092064
5.32586427092064
5.32586427092064
5.32586427092064
5.32586427092064
5.32586427092064
5.32586427092064
5.32586427092064
5.32586427092064
5.32586427092064
5.32586427092064
5.32586427092064
5.32586427092064
5.32586427092064
5.32586427092064
5.32586427092064
5.32586427092064
5.32586427092064
5.32586427092064
5.32586427092064
5.32586427092064
5.32586427092064
5.32586427092064
5.32586427092064
5.32586427092064
5.32586427092064
5.32586427092064
5.32586427092064
5.32586427092064
5.32586427092064
5.32586427092064
5.32586427092064
5.32586427092064
5.32586427092064
5.32586427092064
5.32586427092064
5.32586427092064
5.32586427092064
5.32586427092064
5.32586427092064
5.32586427092064
5.32586427092064
5.32586427092064
5.32586427092064
5.32586427092064
5.32586427092064
5.32586427092064
5.32586427092064
5.32586427092064
5.32586427092064
5.32586427092064
5.32586427092064
5.32586427092064
5.32586427092064
5.32586427092064
5.32586427092064
5.32586427092064
5.32586427092064
5.32586427092064
5.32586427092064
5.32586427092064
5.32586427092064
5.32586427092064
5.32586427092064
5.32586427092064
5.32586427092064
5.32586427092064
5.32586427092064
5.32586427092064
5.32586427092064
5.32586427092064
5.32586427092064
5.32586427092064
5.32586427092064
5.32586427092064
5.32586427092064
5.32586427092064
5.32586427092064
5.32586427092064
5.32586427092064
5.32586427092064
5.32586427092064
5.32586427092064
5.32586427092064
5.32586427092064
5.32586427092064
5.32586427092064
5.32586427092064
5.32586427092064
5.32586427092064
5.32586427092064
5.32586427092064
5.32586427092064
5.32586427092064
5.32586427092064
5.32586427092064
5.32586427092064
5.32586427092064
5.32586427092064
5.32586427092064
5.32586427092064
5.32586427092064
5.32586427092064
5.32586427092064
5.32586427092064
5.32586427092064
5.32586427092064
5.32586427092064
5.32586427092064
5.32586427092064
5.32586427092064
5.32586427092064
5.32586427092064
5.32586427092064
5.32586427092064
5.32586427092064
5.32586427092064
5.32586427092064
5.32586427092064
5.32586427092064
5.32586427092064
5.32586427092064
5.32586427092064
5.32586427092064
5.32586427092064
5.32586427092064
5.32586427092064
5.32586427092064
5.32586427092064
5.32586427092064
5.32586427092064
5.32586427092064
5.32586427092064
5.32586427092064
5.32586427092064
5.32586427092064
5.32586427092064
5.32586427092064
5.32586427092064
5.32586427092064
5.32586427092064
5.32586427092064
5.32586427092064
5.32586427092064
5.32586427092064
5.32586427092064
5.32586427092064
5.32586427092064
5.32586427092064
5.32586427092064
5.32586427092064
5.32586427092064
5.32586427092064
5.32586427092064
5.32586427092064
5.32586427092064
5.32586427092064
5.32586427092064
5.32586427092064
5.32586427092064
5.32586427092064
5.32586427092064
5.32586427092064
5.32586427092064
5.32586427092064
5.32586427092064
5.32586427092064
5.32586427092064
5.32586427092064
5.32586427092064
5.32586427092064
5.32586427092064
5.32586427092064
5.32586427092064
5.32586427092064
5.32586427092064
5.32586427092064
5.32586427092064
5.32586427092064
5.32586427092064
5.32586427092064
5.32586427092064
5.32586427092064
5.32586427092064
5.32586427092064
5.32586427092064
5.32586427092064
5.32586427092064
5.32586427092064
5.32586427092064
5.32586427092064
5.32586427092064
5.32586427092064
5.32586427092064
5.32586427092064
5.32586427092064
5.32586427092064
5.32586427092064
5.32586427092064
5.32586427092064
5.32586427092064
5.32586427092064
5.32586427092064
5.32586427092064
5.32586427092064
5.32586427092064
5.32586427092064
5.32586427092064
5.32586427092064
5.32586427092064
5.32586427092064
5.32586427092064
5.32586427092064
5.32586427092064
5.32586427092064
5.32586427092064
5.32586427092064
5.32586427092064
5.32586427092064
5.32586427092064
5.32586427092064
5.32586427092064
5.32586427092064
5.32586427092064
5.32586427092064
5.32586427092064
5.32586427092064
5.32586427092064
5.32586427092064
5.32586427092064
5.32586427092064
5.32586427092064
5.026084410020731
5.026084410020731
5.026084410020731
5.026084410020731
5.026084410020731
5.423811196217885
5.141298955220475
5.158596497508901
6.263418821934283
5.530717994071194
5.15970458238945
5.15970458238945
5.034288137701859
5.148945797567454
5.505157047857834
5.505157047857834
5.505157047857834
5.505157047857834
5.505157047857834
5.505157047857834
5.505157047857834
5.505157047857834
5.505157047857834
5.505157047857834
5.505157047857834
5.505157047857834
5.505157047857834
5.505157047857834
5.505157047857834
5.505157047857834
5.505157047857834
5.505157047857834
5.505157047857834
5.505157047857834
5.505157047857834
5.505157047857834
5.505157047857834
5.693223539688367
5.854918994535623
5.854918994535623
5.199937775333762
5.28185582115672
5.28185582115672
5.826825188686868
5.826825188686868
5.826825188686868
5.826825188686868
5.826825188686868
5.826825188686868
5.826825188686868
5.826825188686868
5.826825188686868
5.95556097628269
5.95556097628269
5.95556097628269
5.95556097628269
5.95556097628269
5.95556097628269
5.95556097628269
5.95556097628269
5.95556097628269
5.95556097628269
5.989115604705115
5.3150278108038975
5.3150278108038975
5.3150278108038975
5.3150278108038975
5.729672875203523
5.729672875203523
5.729672875203523
5.4284452466319575
5.65282055549469
5.89473288099456
5.89473288099456
5.012342871429668
5.012342871429668
5.012342871429668
5.012342871429668
5.012342871429668
5.012342871429668
5.012342871429668
5.012342871429668
5.012342871429668
5.012342871429668
5.012342871429668
5.012342871429668
5.012342871429668
5.012342871429668
5.012342871429668
5.012342871429668
5.012342871429668
5.012342871429668
5.012342871429668
6.015789812159005
6.015789812159005
5.947459506391096
4.991815353328522
4.991815353328522
4.991815353328522
4.991815353328522
4.991815353328522
4.991815353328522
4.991815353328522
4.991815353328522
4.991815353328522
4.991815353328522
4.991815353328522
4.991815353328522
4.991815353328522
4.991815353328522
4.991815353328522
4.991815353328522
5.198021967410464
5.993697496379177
5.993697496379177
5.867735925054401
5.867735925054401
5.867735925054401
5.867735925054401
5.867735925054401
5.867735925054401
5.867735925054401
5.867735925054401
5.867735925054401
5.726520559072782
5.726520559072782
5.726520559072782
5.726520559072782
5.726520559072782
5.726520559072782
5.726520559072782
5.726520559072782
5.77092405730755
5.270689678507377
5.270689678507377
5.270689678507377
5.270689678507377
5.270689678507377
5.270689678507377
5.270689678507377
5.270689678507377
5.270689678507377
5.270689678507377
5.270689678507377
5.270689678507377
5.270689678507377
5.270689678507377
5.270689678507377
5.270689678507377
5.270689678507377
5.270689678507377
5.270689678507377
5.270689678507377
6.056986162763966
5.237422490883405
5.838602111763793
5.838602111763793
5.630188623964682
5.434954577537737
5.697358716812414
5.895976350762447
5.67881403572761
6.252376980011958
6.00487505125742
5.153479557820201
5.179827976658553
5.653806276718779
5.672757797291229
5.68705878119105
5.747743258281622
6.438964253187931
5.854069806645894
5.607311698537785
4.9884615131745855
6.226800484163687
6.183262845290221
6.115578785937566
4.129422459311618
5.738453603303937
6.200655925707325
3.302131454071736
6.0886533725849015
4.4069841879695035
6.610634274223973
7.24748334277815
6.701785099825548
7.349522540516262
7.346201431847884
