[0.7890285]
[0.77811384]
[0.77811384]
[0.77811384]
[0.77811384]
[0.7993014]
[0.8056148]
[0.76369435]
[0.7922875]
[0.7922875]
[0.76366967]
[0.76366967]
[0.7658067]
[0.80323315]
[0.75925016]
[0.75925016]
[0.75925016]
[0.75925016]
[0.75925016]
[0.7458732]
[0.7458732]
[0.74058086]
[0.73412514]
[0.8154484]
[0.8154484]
[0.8154484]
[0.8154484]
[0.8154484]
[0.06161579]
[0.7179533]
[0.7573525]
[0.05452674]
[0.05521849]
[0.05521849]
[0.7938952]
[0.054355]
[0.05671543]
[0.05671534]
[0.7440141]
[0.7440141]
[0.8154477]
[0.05644531]
[0.7719953]
[0.78137875]
[0.05671543]
[0.05671543]
[0.7895762]
[0.7637907]
[0.78360945]
[0.05704924]
[0.06469794]
[0.06469794]
[0.7957462]
[0.06078696]
[0.05330193]
[0.05330193]
[0.05330193]
[0.83225816]
[0.05638402]
[0.05362545]
[0.05362545]
[0.05362545]
[0.05468874]
[0.05839836]
[0.05544394]
[0.05544394]
[0.05544394]
[0.05544395]
[0.05544395]
[0.05544395]
[0.05544395]
[0.05544395]
[0.05544395]
[0.05544395]
[0.05835551]
[0.05524135]
[0.0567374]
[0.05518574]
[0.0583986]
[0.0583986]
[0.0583986]
[0.0583986]
[0.0583986]
[0.0583986]
[0.0583986]
[0.0583986]
[0.0583986]
[0.0583986]
[0.0583986]
[0.0583986]
[0.0583986]
[0.05376074]
[0.05376074]
[0.05376074]
[0.05376074]
[0.05376074]
[0.05524133]
[0.05524133]
[0.05524133]
[0.05524133]
[0.05524133]
[0.05524133]
[0.05524133]
[0.05524133]
[0.05524133]
[0.05524133]
[0.05524133]
[0.05524133]
[0.05524133]
[0.05524133]
[0.05524133]
[0.05524133]
[0.05524133]
[0.8233586]
[0.0559302]
[0.7876875]
[0.05418827]
[0.05418827]
[0.05418827]
[0.05797952]
[0.05524138]
[0.05524138]
[0.05524138]
[0.05524138]
[0.05524138]
[0.05524138]
[0.05524138]
[0.05524138]
[0.05524138]
[0.05524138]
[0.05524138]
[0.05524138]
[0.05673751]
[0.79213977]
[0.05618931]
[0.05618931]
[0.05618931]
[0.05618931]
[0.05618931]
[0.05618931]
[0.05618931]
[0.05618931]
[0.05618931]
[0.05618931]
[0.05416328]
[0.05666851]
[0.05285069]
[0.05285069]
[0.05285069]
[0.05285069]
[0.05285069]
[0.05285069]
[0.05285069]
[0.05285069]
[0.05285069]
[0.05402998]
[0.05402998]
[0.05402998]
[0.05402998]
[0.05402998]
[0.05302933]
[0.05302933]
[0.05302933]
[0.05302933]
[0.05302933]
[0.05302933]
[0.05302933]
[0.05302933]
[0.05450577]
[0.05450577]
[0.05450577]
[0.05450577]
[0.05450577]
[0.05450577]
[0.05450577]
[0.05544392]
[0.05544392]
[0.05388522]
[0.05388522]
[0.82684267]
[0.05568002]
[0.05339658]
[0.05419269]
[0.05450592]
[0.05568849]
[0.05275176]
[0.05275176]
[0.05275176]
[0.05275176]
[0.05275176]
[0.0563841]
[0.06107917]
[0.05546806]
[0.05339641]
[0.05339641]
[0.05339641]
[0.05339641]
[0.05235251]
[0.05235251]
[0.80340683]
[0.80340683]
[0.05249681]
[0.05668842]
[0.05391192]
[0.05518442]
[0.05518439]
[0.05662057]
[0.05662057]
[0.05467606]
[0.06136378]
[0.05435018]
[0.0542731]
[0.0607845]
[0.05635062]
[0.05662049]
[0.05638549]
[0.05638509]
[0.0542078]
[0.05786283]
[0.05662065]
[0.05450582]
[0.05635054]
[0.05635054]
[0.05681927]
[0.05823863]
[0.06122267]
[0.06122267]
[0.05638636]
[0.05727101]
[0.05643613]
[0.05349712]
[0.05349712]
[0.06818683]
[0.05404302]
[0.05450577]
[0.05450577]
[0.05662061]
[0.8116578]
[0.0553002]
[0.0553002]
[0.7241837]
[0.05455669]
[0.06163085]
[0.05491771]
[0.05516722]
[0.05541574]
[0.0545902]
[0.05732981]
[0.05256845]
[0.05435019]
[0.05435019]
[0.05664583]
[0.06163243]
[0.05482461]
[0.05282682]
[0.06108193]
[0.05504727]
[0.06163627]
[0.06163669]
[0.06280624]
[0.05363259]
[0.06163498]
[0.05620535]
[0.05668788]
[0.05839863]
[0.05374856]
[0.05374856]
[0.05660401]
[0.06542437]
[0.4508765]
[0.05668745]
[0.05668745]
[0.81325465]
[0.05290221]
[0.05519946]
[0.0564374]
[0.06162616]
[0.05423446]
[0.06414518]
[0.05249705]
[0.05545821]
[0.05812196]
[0.05404535]
[0.05399991]
[0.06390665]
[0.05665258]
[0.05538984]
[0.05388457]
[0.05669024]
[0.05840109]
[0.05840109]
[0.05840109]
[0.0579248]
[0.05522655]
[0.05796016]
[0.05944477]
[0.05773856]
[0.05832772]
[0.05300211]
[0.05539076]
[0.05539076]
[0.05842994]
[0.0576181]
[0.05384408]
[0.0569714]
[0.05496512]
[0.05812298]
[0.05643689]
[0.05913645]
[0.7481261]
[0.05812376]
[0.05639457]
[0.05518379]
[0.05543566]
[0.05422248]
[0.05878415]
[0.06032924]
[0.06032924]
[0.06563219]
[0.05509089]
[0.06140497]
[0.05724838]
[0.06014241]
[0.05816196]
[0.7403415]
[0.05459159]
[0.05560178]
[0.78129804]
[0.05412415]
[0.05816484]
[0.05684212]
[0.7627652]
[0.0580711]
[0.0580711]
[0.0580711]
[0.0580711]
[0.05426266]
[0.05311025]
[0.05779852]
[0.05732321]
[0.05776009]
[0.07660278]
[0.05815387]
[0.05442749]
[0.06129462]
[0.05815356]
[0.05643533]
[0.05463544]
[0.06638823]
[0.05372335]
[0.05498145]
[0.05498145]
[0.06406818]
[0.06684549]
[0.06979403]
[0.7583749]
[0.05881672]
[0.05881672]
[0.68710095]
[0.7992271]
[0.05308791]
[0.05381532]
[0.05820605]
[0.05526236]
[0.06200409]
[0.06860516]
[0.06437965]
[0.05983841]
[0.05490572]
[0.05984613]
[0.06029835]
[0.056505]
[0.06331364]
[0.05440513]
[0.05798566]
[0.33345437]
[0.05839734]
[0.05540998]
[0.05803977]
[0.0534218]
[0.06074656]
[0.06074656]
[0.06074656]
[0.06733043]
[0.58643115]
[0.05882166]
[0.06360443]
[0.73797387]
[0.0552564]
[0.62677205]
[0.05556847]
[0.05495457]
[0.05571301]
[0.06992323]
[0.05791305]
[0.05503279]
[0.75469595]
[0.05417855]
[0.06494422]
[0.05971875]
[0.05644966]
[0.0915615]
[0.05791204]
[0.05806959]
[0.05972139]
[0.06330756]
[0.07301326]
[0.06286021]
[0.07699133]
[0.0634903]
[0.08101901]
[0.8103656]
[0.10617522]
[0.08886561]
[0.07792073]
[0.4921727]
[0.5232482]
[0.7794667]
[0.0595216]
[0.43825635]
[0.41365686]
[0.07492087]
[0.41303155]
[0.46015766]
[0.08492246]
[0.06906512]
[0.08102655]
[0.42680776]
[0.0810385]
[0.471322]
[0.09762017]
[0.32611]
[0.32611]
[0.10101301]
[0.14335604]
[0.07282688]
[0.17002162]
[0.07311805]
[0.33669475]
[0.33669475]
[0.26489398]
[0.26489398]
[0.29059443]
[0.09695724]
[0.07848463]
[0.20434661]
[0.08223309]
[0.08725835]
[0.10074514]
[0.06999853]
[0.07046592]
[0.08552904]
[0.1372424]
[0.08062099]
[0.15374877]
[0.10289874]
[0.08141103]
[0.20215964]
[0.25847614]
[0.09314992]
[0.11807398]
[0.08291594]
[0.08584561]
[0.2840422]
[0.11755089]
[0.10699938]
[0.12438335]
[0.28655073]
[0.44851276]
[0.6189072]
[0.1794851]
[0.26545206]
[0.23114452]
[0.19362171]
[0.23318455]
[0.11755086]
[0.36142364]
[0.38208744]
[0.38208744]
[0.31989735]
[0.05954136]
[0.35623673]
[0.05742167]
[0.0568728]
[0.05372623]
[0.10325311]
[0.8201425]
[0.10632104]
[0.05581678]
[0.05617648]
[0.63288635]
[0.0550099]
[0.05734334]
[0.67630357]
[0.05541703]
[0.05375682]
[0.05653643]
[0.0619976]
[0.0619976]
[0.14803727]
