[0.55049646]
[0.598844]
[0.598844]
[0.598844]
[0.56913465]
[0.5370368]
[0.5370368]
[0.5966323]
[0.573702]
[0.56210154]
[0.61388427]
[0.58083266]
[0.5620343]
[0.5815351]
[0.5552812]
[0.5587239]
[0.5587239]
[0.5587239]
[0.5587239]
[0.60498893]
[0.6261811]
[0.54706675]
[0.56124127]
[0.5910152]
[0.55561715]
[0.55561715]
[0.55561715]
[0.55561715]
[0.55561715]
[0.55561715]
[0.55561715]
[0.55561715]
[0.55561715]
[0.56009525]
[0.56009525]
[0.5809924]
[0.5826473]
[0.55479836]
[0.59288466]
[0.59288466]
[0.59288466]
[0.59288466]
[0.59288466]
[0.56056696]
[0.56056696]
[0.56056696]
[0.56056696]
[0.5759439]
[0.49981564]
[0.5312205]
[0.5312205]
[0.5312205]
[0.5523568]
[0.5523568]
[0.5270244]
[0.55766755]
[0.56441283]
[0.53094125]
[0.5486991]
[0.588525]
[0.5815421]
[0.50558466]
[0.5082369]
[0.5082369]
[0.5082369]
[0.5082369]
[0.5082369]
[0.5082369]
[0.5082369]
[0.5082369]
[0.5082369]
[0.5082369]
[0.5082369]
[0.5082369]
[0.5082369]
[0.5082369]
[0.5082369]
[0.5082369]
[0.5082369]
[0.5082369]
[0.5082369]
[0.5082369]
[0.5082369]
[0.5082369]
[0.5082369]
[0.50954854]
[0.5800157]
[0.485373]
[0.485373]
[0.5468035]
[0.57177407]
[0.5532466]
[0.5518022]
[0.56336594]
[0.48606482]
[0.48606482]
[0.48606482]
[0.48606482]
[0.48606482]
[0.48606482]
[0.48606482]
[0.48606482]
[0.48606482]
[0.48606482]
[0.48606482]
[0.48606482]
[0.48606482]
[0.48606482]
[0.48606482]
[0.48606482]
[0.48606482]
[0.48606482]
[0.48606482]
[0.48606482]
[0.48606482]
[0.48606482]
[0.48606482]
[0.48606482]
[0.5842583]
[0.5842583]
[0.4988178]
[0.5575457]
[0.49185294]
[0.5417674]
[0.58153397]
[0.58153397]
[0.58153397]
[0.58407104]
[0.48050153]
[0.500482]
[0.52594095]
[0.52594095]
[0.52594095]
[0.5473951]
[0.5473951]
[0.49838546]
[0.49838546]
[0.49838546]
[0.49838546]
[0.48475155]
[0.48475155]
[0.48475155]
[0.5325456]
[0.49336118]
[0.52871287]
[0.4800718]
[0.4800718]
[0.4800718]
[0.4800718]
[0.4800718]
[0.4800718]
[0.4800718]
[0.4800718]
[0.4800718]
[0.4800718]
[0.4800718]
[0.51910895]
[0.51910895]
[0.49712932]
[0.5646353]
[0.5646353]
[0.5646353]
[0.5646353]
[0.5646353]
[0.5646353]
[0.5646353]
[0.5646353]
[0.5646353]
[0.49870542]
[0.47644576]
[0.47644576]
[0.47644576]
[0.47644576]
[0.47644576]
[0.47644576]
[0.5136768]
[0.5136768]
[0.5136768]
[0.5223474]
[0.4863599]
[0.46760654]
[0.46760654]
[0.4972571]
[0.4518416]
[0.487271]
[0.487271]
[0.45363754]
[0.45363754]
[0.45363754]
[0.45363754]
[0.45363754]
[0.45363754]
[0.45363754]
[0.45363754]
[0.45363754]
[0.45363754]
[0.45363754]
[0.45363748]
[0.47863954]
[0.47863954]
[0.51271045]
[0.47531763]
[0.47531763]
[0.47531763]
[0.47531763]
[0.56432915]
[0.509168]
[0.509168]
[0.509168]
[0.45385423]
[0.45385423]
[0.48637924]
[0.48637924]
[0.48637924]
[0.46819767]
[0.5470172]
[0.49739614]
[0.516748]
[0.5000807]
[0.49254882]
[0.47415113]
[0.49905312]
[0.52724123]
[0.4740666]
[0.51890796]
[0.50603676]
[0.50603676]
[0.4816582]
[0.44797826]
[0.47460368]
[0.5105743]
[0.4726138]
[0.47346684]
[0.47346684]
[0.47346684]
[0.47346684]
[0.4758687]
[0.48370546]
[0.47772586]
[0.48375624]
[0.48375624]
[0.48375624]
[0.48375624]
[0.44904968]
[0.48345938]
[0.4751401]
[0.4751401]
[0.4751401]
[0.48114803]
[0.509033]
[0.54380655]
[0.48764354]
[0.47195002]
[0.49077454]
[0.47204044]
[0.47204044]
[0.479528]
[0.46769384]
[0.46769384]
[0.46769384]
[0.46769384]
[0.47079688]
[0.44658005]
[0.4451585]
[0.4451585]
[0.54408735]
[0.5036841]
[0.45633176]
[0.4672799]
[0.47794846]
[0.47918934]
[0.44965178]
[0.47770894]
[0.47770894]
[0.4944286]
[0.47568488]
[0.48201466]
[0.47613373]
[0.4693605]
[0.46918762]
[0.47255316]
[0.47255316]
[0.46886477]
[0.48668456]
[0.46663126]
[0.45185658]
[0.45185658]
[0.48371562]
[0.44929615]
[0.44929615]
[0.44929615]
[0.4655738]
[0.48727438]
[0.47183478]
[0.48125464]
[0.48125464]
[0.48889533]
[0.48889533]
[0.4834597]
[0.4834597]
[0.4834597]
[0.43694973]
[0.45614046]
[0.48526397]
[0.46627474]
[0.46627474]
[0.46627474]
[0.46627474]
[0.46627474]
[0.46627474]
[0.46627474]
[0.47387856]
[0.4840983]
[0.4840983]
[0.4840983]
[0.4840983]
[0.45135957]
[0.45135957]
[0.5039147]
[0.49125588]
[0.45479637]
[0.45479637]
[0.46482503]
[0.46482503]
[0.46482503]
[0.46482503]
[0.5115279]
[0.46741182]
[0.5354819]
[0.43549535]
[0.47960335]
[0.47960335]
[0.47960335]
[0.47960335]
[0.47960335]
[0.47960335]
[0.46684828]
[0.46864387]
[0.5199943]
[0.47999808]
[0.47062156]
[0.47062156]
[0.47744232]
[0.47744232]
[0.47744232]
[0.45390347]
[0.45390347]
[0.45620212]
[0.45752728]
[0.45752728]
[0.45752728]
[0.45752728]
[0.48575377]
[0.536468]
[0.4424585]
[0.46184394]
[0.477033]
[0.4879877]
[0.5231149]
[0.4728495]
[0.4871135]
[0.4696343]
[0.41937223]
[0.48281616]
[0.5211537]
[0.49758592]
[0.45771176]
[0.53929406]
[0.47249094]
[0.5017541]
[0.44334525]
[0.5395353]
[0.47624564]
[0.46123245]
[0.46106726]
[0.45530498]
[0.48802915]
[0.47033072]
[0.45587522]
[0.5568637]
[0.49272352]
[0.47814733]
[0.45524517]
[0.5077259]
[0.42967102]
[0.4749129]
[0.4655921]
[0.44495475]
[0.4733552]
[0.47555733]
[0.47811958]
[0.48433727]
[0.5007353]
[0.43207365]
[0.46474966]
[0.43618193]
[0.46589133]
[0.43377545]
[0.4919973]
[0.43757275]
[0.45818347]
[0.4566593]
[0.4417581]
[0.4769192]
[0.42173636]
[0.4376009]
[0.4891709]
[0.43991736]
[0.4935992]
[0.46437237]
[0.41346562]
[0.5157371]
[0.4522241]
[0.44267228]
[0.42242658]
[0.49693495]
[0.45751396]
[0.45375487]
[0.5377342]
[0.42598662]
[0.46860135]
[0.46905527]
[0.435144]
[0.43548313]
[0.4480717]
[0.45392498]
[0.43970907]
[0.42752886]
[0.39262047]
[0.531172]
[0.41416773]
[0.40174606]
[0.49333912]
[0.43868324]
[0.41435304]
[0.43680683]
[0.41300422]
[0.4617288]
[0.4697744]
[0.50920343]
[0.44673932]
[0.42760068]
[0.49151143]
[0.48249823]
[0.41472247]
[0.4262178]
[0.3864414]
[0.4862863]
[0.42261544]
[0.47745785]
[0.41589558]
[0.43748698]
[0.39728984]
[0.43529335]
[0.45256022]
[0.34377077]
[0.39357805]
[0.41128245]
[0.39449063]
[0.42306998]
[0.31811383]
[0.33567467]
[0.3101694]
[0.3537706]
[0.31196576]
[0.31196576]
[0.42732775]
[0.45062935]
[0.34888723]
[0.31086102]
[0.32251415]
[0.28883764]
[0.3731042]
[0.50823265]
[0.47402355]
[0.23490542]
[0.24000092]
[0.25015396]
[0.23624164]
[0.25294685]
[0.47225103]
[0.24000092]
[0.42409152]
[0.45685038]
[0.2193857]
[0.41561663]
[0.3841703]
[0.43973702]
[0.43157727]
[0.45074287]
[0.20357098]
[0.40413627]
[0.38716793]
[0.36288065]
[0.40913588]
[0.5383884]
[0.3857606]
[0.4345899]
[0.44273365]
[0.4428864]
