23.291700000000038
23.24530000000004
23.24530000000004
23.24530000000004
22.938600000000033
23.198800000000038
23.198800000000038
23.198800000000038
23.198800000000038
23.198800000000038
22.60850000000003
22.940700000000035
22.940700000000035
22.940700000000035
22.998600000000035
22.774600000000035
22.774600000000035
22.774600000000035
22.774600000000035
22.774600000000035
22.774600000000035
22.940700000000035
23.034800000000036
23.034800000000036
23.034800000000036
22.817100000000032
22.774600000000035
22.774600000000035
22.774600000000035
22.774600000000035
22.774600000000035
23.198800000000038
23.198800000000038
22.51650000000003
22.76130000000003
22.972700000000035
22.71460000000003
22.71460000000003
22.71460000000003
22.71460000000003
22.71460000000003
22.71460000000003
22.71460000000003
22.71460000000003
22.71460000000003
22.71460000000003
22.71460000000003
22.71460000000003
22.71460000000003
22.71460000000003
22.71460000000003
22.71460000000003
22.71460000000003
22.71460000000003
22.71460000000003
22.71460000000003
22.71460000000003
22.71460000000003
22.71460000000003
22.71460000000003
22.71460000000003
22.71460000000003
22.71460000000003
22.71460000000003
22.71460000000003
22.71460000000003
22.71460000000003
22.71460000000003
22.71460000000003
22.71460000000003
22.71460000000003
22.71460000000003
22.71460000000003
22.71460000000003
22.71460000000003
22.71460000000003
22.71460000000003
22.71460000000003
22.71460000000003
22.71460000000003
22.71460000000003
22.71460000000003
22.71460000000003
22.71460000000003
22.71460000000003
22.71460000000003
22.71460000000003
22.71460000000003
22.71460000000003
22.71460000000003
22.71460000000003
22.71460000000003
22.71460000000003
22.71460000000003
22.71460000000003
22.71460000000003
22.71460000000003
22.944100000000034
22.849100000000032
22.38240000000003
22.68510000000003
22.68510000000003
22.38240000000003
22.38240000000003
22.839900000000032
22.839900000000032
22.839900000000032
22.839900000000032
22.791200000000035
22.791200000000035
22.791200000000035
22.791200000000035
22.45650000000003
22.45650000000003
22.45650000000003
22.45650000000003
22.45650000000003
22.45650000000003
22.45650000000003
22.45650000000003
22.45650000000003
22.45650000000003
22.45650000000003
22.45650000000003
22.45650000000003
22.929700000000036
22.929700000000036
22.929700000000036
22.929700000000036
22.929700000000036
22.860700000000033
22.860700000000033
22.45650000000003
22.45650000000003
22.332900000000027
22.332900000000027
22.332900000000027
22.791200000000032
22.581800000000033
22.684900000000034
23.034400000000037
22.60850000000003
22.60850000000003
22.60850000000003
22.60850000000003
22.60850000000003
22.950200000000034
22.950200000000034
22.59100000000003
22.59100000000003
22.59100000000003
22.685100000000034
22.851200000000034
22.851200000000034
22.851200000000034
22.55060000000003
22.55060000000003
22.55060000000003
22.55060000000003
22.55060000000003
22.55060000000003
22.55060000000003
22.55060000000003
22.55060000000003
22.55060000000003
22.55060000000003
22.55060000000003
22.55060000000003
22.55060000000003
22.55060000000003
22.55060000000003
22.55060000000003
22.55060000000003
22.55060000000003
22.55060000000003
22.55060000000003
22.55060000000003
22.55060000000003
22.55060000000003
22.55060000000003
22.55060000000003
22.238100000000024
22.384500000000028
22.63840000000003
22.63840000000003
22.63840000000003
22.63840000000003
22.63840000000003
22.537300000000027
22.537300000000027
22.537300000000027
22.537300000000027
22.537300000000027
22.537300000000027
22.537300000000027
22.537300000000027
22.537300000000027
22.537300000000027
22.537300000000027
22.537300000000027
22.537300000000027
22.40950000000003
22.593100000000028
22.593100000000028
22.593100000000028
22.593100000000028
22.593100000000028
22.593100000000028
22.593100000000028
22.593100000000028
22.593100000000028
22.593100000000028
22.593100000000028
22.251300000000025
22.363600000000034
22.363600000000034
22.363600000000034
22.363600000000034
22.363600000000034
22.363600000000034
22.363600000000034
22.159300000000027
22.159300000000027
22.159300000000027
22.380300000000027
22.370400000000036
22.031400000000033
22.20090000000003
22.49760000000003
22.13520000000003
22.66237000000003
22.55020000000003
22.324500000000025
22.324500000000025
22.625100000000028
22.50150000000003
22.076000000000025
22.076000000000025
22.158400000000025
21.92120000000003
22.482200000000027
22.200900000000026
22.646000000000033
22.066400000000026
22.37350000000003
22.28740000000003
22.23500000000003
22.277500000000032
22.51860000000003
22.281500000000026
22.67320000000003
22.733200000000032
22.200900000000026
22.335700000000028
21.828300000000024
21.90240000000002
21.994400000000024
21.994400000000024
22.129700000000025
22.29250000000003
22.172800000000027
22.186700000000027
22.492600000000028
22.57020000000003
21.715400000000027
21.715400000000027
21.715400000000027
22.269100000000027
22.036800000000024
21.74510000000003
22.161800000000024
22.077200000000023
21.945300000000024
22.107500000000023
22.13250000000002
22.150300000000026
21.900300000000023
21.479000000000024
22.022700000000025
21.53110000000002
22.21790000000003
22.065900000000024
21.510200000000026
22.177000000000028
22.134600000000024
22.62840000000003
21.85940000000003
22.29840000000003
21.95520000000002
22.107200000000027
22.078000000000024
21.945600000000024
21.76550000000002
22.11030000000002
22.140100000000025
21.80740000000003
22.14670000000002
22.05520000000002
21.988100000000024
21.467400000000016
21.954400000000025
21.550700000000028
21.67920000000002
21.705500000000022
22.144100000000023
22.404400000000027
21.808100000000024
22.318900000000024
22.121500000000026
21.842100000000016
21.914000000000026
21.81900000000002
22.404400000000027
22.404400000000027
21.665600000000023
22.280800000000028
21.74450000000002
21.447400000000016
21.63370000000002
21.70640000000002
21.707600000000017
21.69840000000002
21.541500000000017
21.63650000000002
21.71760000000002
21.56760000000002
22.240400000000033
21.787700000000022
21.967900000000025
21.696600000000018
21.251800000000014
21.770500000000023
22.035300000000024
21.321400000000015
21.70180000000002
21.574600000000018
21.13810000000001
21.223400000000012
21.02780000000001
21.442800000000023
20.358700000000017
20.950700000000015
21.654100000000017
21.84830000000003
22.016400000000022
21.850300000000022
21.586200000000016
21.172600000000024
21.86590000000003
21.405200000000022
20.028600000000004
21.091400000000007
20.398500000000013
21.79630000000003
21.15880000000002
22.152400000000025
22.151700000000027
22.325600000000026
20.048500000000004
21.89430000000002
21.788800000000023
21.452900000000017
21.70770000000002
21.74200000000002
21.683500000000024
21.802700000000023
22.228000000000023
21.69820000000003
20.16440000000001
21.21170000000002
19.537699999999997
20.81000000000002
19.648000000000003
21.277900000000013
19.5679
21.03450000000002
19.556600000000007
18.37409999999999
18.39409999999999
18.11509999999999
18.71039999999999
17.859499999999983
18.154199999999985
7.401800000000004
17.48109999999998
17.008199999999974
17.079299999999975
17.088899999999974
16.913199999999975
16.57349999999997
16.308699999999966
16.236699999999967
16.187199999999965
15.839299999999962
14.905599999999973
14.240399999999973
14.076399999999975
14.085999999999974
12.66841999999998
13.099199999999975
12.947399999999977
12.065599999999982
12.065599999999982
21.64490000000002
12.596399999999981
11.798099999999984
11.964199999999984
12.29799999999998
11.96929999999998
11.488699999999985
10.851799999999987
10.905099999999987
10.905099999999987
11.691199999999984
10.505499999999989
10.906999999999988
10.522399999999989
8.731599999999998
10.701799999999988
21.39760000000002
9.607299999999993
10.22309999999999
10.22309999999999
9.498419999999994
9.832999999999993
9.002499999999998
7.2180000000000035
5.860700000000002
7.1635000000000035
6.7043000000000035
9.222799999999998
6.215600000000003
6.215600000000003
7.013900000000003
5.579500000000003
7.335500000000003
8.235700000000003
8.110400000000004
7.596700000000004
8.480200000000002
7.157100000000003
5.493300000000003
6.678220000000004
6.874800000000003
7.3678000000000035
6.754700000000003
4.5009000000000015
4.698500000000002
5.212200000000002
2.627800000000001
6.400500000000003
4.931300000000002
2.901300000000001
5.752300000000003
7.123380000000003
4.292300000000002
4.806000000000002
4.806000000000002
10.982599999999987
21.331700000000016
3.6316000000000024
2.8046000000000015
2.9529000000000014
2.0708
2.3463000000000003
22.66490000000004
1.5756999999999999
1.5756999999999999
1.0596999999999999
22.76300000000003
22.093120000000024
22.71400000000003
23.22540000000004
22.63020000000003
22.530100000000033
22.078800000000022
21.905200000000022
6.801600000000002
21.202800000000014
21.999200000000023
6.982000000000002
21.741100000000024
9.356399999999994
22.66830000000003
21.02190000000002
20.937900000000017
21.865500000000022
21.234700000000025
22.086500000000044
21.74630000000003
21.98900000000003
21.27000000000002
21.912400000000034
21.52230000000003
21.768300000000032
21.43820000000002
21.989000000000026
21.01070000000002
21.345000000000017
21.76830000000002
