25.83070000000005
25.95430000000005
25.95430000000005
25.95430000000005
25.95430000000005
25.95430000000005
25.95430000000005
25.95430000000005
25.95430000000005
25.95430000000005
25.95430000000005
25.95430000000005
25.95430000000005
25.95430000000005
25.95430000000005
25.95430000000005
25.95430000000005
25.95430000000005
25.95430000000005
25.95430000000005
25.95430000000005
25.95430000000005
25.95430000000005
25.95430000000005
25.95430000000005
25.95430000000005
25.95430000000005
25.95430000000005
25.95430000000005
25.95430000000005
25.95430000000005
25.95430000000005
25.95430000000005
25.95430000000005
25.95430000000005
25.95430000000005
25.95430000000005
25.95430000000005
25.95430000000005
25.95430000000005
25.95430000000005
25.95430000000005
25.95430000000005
25.95430000000005
25.95430000000005
25.95430000000005
25.95430000000005
25.95430000000005
25.95430000000005
25.95430000000005
25.95430000000005
25.95430000000005
25.95430000000005
25.95430000000005
25.95430000000005
25.95430000000005
25.95430000000005
25.95430000000005
25.95430000000005
25.95430000000005
25.95430000000005
25.95430000000005
25.95430000000005
25.95430000000005
25.95430000000005
25.95430000000005
25.95430000000005
25.95430000000005
25.95430000000005
25.95430000000005
25.95430000000005
25.95430000000005
25.95430000000005
25.95430000000005
25.95430000000005
25.95430000000005
25.95430000000005
25.95430000000005
25.95430000000005
25.95430000000005
25.95430000000005
25.95430000000005
25.95430000000005
25.95430000000005
25.95430000000005
25.95430000000005
25.95430000000005
25.95430000000005
25.95430000000005
25.95430000000005
25.95430000000005
25.95430000000005
25.95430000000005
25.95430000000005
25.95430000000005
25.95430000000005
25.95430000000005
25.95430000000005
25.95430000000005
25.95430000000005
25.95430000000005
25.95430000000005
25.95430000000005
25.95430000000005
25.95430000000005
25.95430000000005
25.95430000000005
25.95430000000005
25.95430000000005
25.95430000000005
25.95430000000005
25.95430000000005
25.95430000000005
25.95430000000005
25.95430000000005
25.95430000000005
25.95430000000005
25.95430000000005
25.95430000000005
25.95430000000005
25.95430000000005
25.95430000000005
25.95430000000005
25.95430000000005
25.95430000000005
25.95430000000005
25.95430000000005
25.95430000000005
25.95430000000005
25.95430000000005
25.95430000000005
25.95430000000005
25.95430000000005
25.95430000000005
25.95430000000005
25.95430000000005
25.95430000000005
25.95430000000005
25.95430000000005
25.95430000000005
25.95430000000005
25.95430000000005
25.95430000000005
25.95430000000005
25.95430000000005
25.95430000000005
25.95430000000005
25.95430000000005
25.95430000000005
25.95430000000005
25.95430000000005
25.95430000000005
25.95430000000005
25.95430000000005
25.95430000000005
25.95430000000005
25.95430000000005
25.95430000000005
25.95430000000005
25.95430000000005
25.95430000000005
25.95430000000005
25.95430000000005
25.95430000000005
25.95430000000005
25.95430000000005
25.95430000000005
25.95430000000005
25.95430000000005
25.95430000000005
25.95430000000005
25.95430000000005
25.95430000000005
25.95430000000005
25.95430000000005
25.95430000000005
25.95430000000005
25.95430000000005
25.95430000000005
25.95430000000005
25.95430000000005
25.95430000000005
25.95430000000005
25.95430000000005
25.95430000000005
25.95430000000005
25.95430000000005
25.95430000000005
25.95430000000005
25.95430000000005
25.95430000000005
25.95430000000005
25.95430000000005
25.95430000000005
25.95430000000005
25.95430000000005
25.95430000000005
25.95430000000005
25.95430000000005
25.95430000000005
25.95430000000005
25.95430000000005
25.95430000000005
25.95430000000005
25.95430000000005
25.95430000000005
25.95430000000005
25.95430000000005
25.95430000000005
25.95430000000005
25.95430000000005
25.95430000000005
25.95430000000005
25.95430000000005
25.95430000000005
25.95430000000005
25.95430000000005
25.95430000000005
25.95430000000005
25.95430000000005
25.95430000000005
25.95430000000005
25.95430000000005
25.95430000000005
25.95430000000005
25.95430000000005
25.95430000000005
25.95430000000005
25.95430000000005
25.95430000000005
25.95430000000005
25.95430000000005
25.95430000000005
25.95430000000005
25.95430000000005
25.95430000000005
25.95430000000005
25.95430000000005
25.95430000000005
25.95430000000005
25.95430000000005
25.95430000000005
25.95430000000005
25.95430000000005
25.95430000000005
25.95430000000005
25.95430000000005
25.95430000000005
25.95430000000005
25.95430000000005
25.95430000000005
25.95430000000005
25.95430000000005
25.95430000000005
25.95430000000005
25.95430000000005
25.95430000000005
25.95430000000005
25.95430000000005
25.95430000000005
25.95430000000005
25.95430000000005
25.95430000000005
25.95430000000005
25.95430000000005
25.95430000000005
25.95430000000005
25.95430000000005
25.95430000000005
25.95430000000005
25.95430000000005
25.95430000000005
25.95430000000005
25.95430000000005
25.95430000000005
25.95430000000005
25.95430000000005
25.95430000000005
25.95430000000005
25.95430000000005
25.95430000000005
25.95430000000005
25.95430000000005
25.95430000000005
25.95430000000005
25.95430000000005
25.95430000000005
25.95430000000005
25.95430000000005
25.95430000000005
25.95430000000005
25.95430000000005
25.95430000000005
25.95430000000005
25.95430000000005
25.95430000000005
25.95430000000005
25.95430000000005
25.95430000000005
25.95430000000005
25.95430000000005
25.95430000000005
25.95430000000005
25.95430000000005
25.95430000000005
25.95430000000005
25.95430000000005
25.95430000000005
25.95430000000005
25.95430000000005
25.95430000000005
25.696200000000047
25.696200000000047
25.696200000000047
25.696200000000047
25.696200000000047
25.696200000000047
25.696200000000047
25.696200000000047
25.696200000000047
25.696200000000047
25.696200000000047
25.696200000000047
25.564200000000046
25.564200000000046
25.447200000000052
25.306100000000047
25.306100000000047
25.306100000000047
25.306100000000047
25.306100000000047
25.306100000000047
25.306100000000047
25.306100000000047
25.306100000000047
25.306100000000047
25.306100000000047
25.306100000000047
25.306100000000047
25.306100000000047
25.306100000000047
25.306100000000047
25.306100000000047
25.306100000000047
25.348600000000047
25.348600000000047
25.274100000000047
25.527300000000047
25.349300000000046
25.237700000000046
25.606200000000047
25.563700000000047
25.174100000000042
25.174100000000042
25.174100000000042
24.713500000000046
24.713500000000046
24.713500000000046
24.916000000000043
25.21830000000007
24.65790000000005
24.61730000000004
24.657900000000048
25.050000000000047
24.618200000000048
24.784000000000038
24.810700000000047
24.800600000000042
24.800600000000042
24.890800000000045
24.00970000000005
23.820400000000053
23.97000000000005
23.97000000000005
24.373600000000046
24.162500000000048
24.162500000000048
24.584500000000045
24.32640000000005
24.771700000000045
21.96660000000004
22.053300000000025
21.61280000000002
21.61280000000002
20.45210000000002
20.102800000000013
19.886300000000013
20.062000000000015
19.671900000000015
19.15590000000001
18.80500000000001
18.341700000000007
17.15339999999999
16.35659999999998
15.800399999999977
15.583899999999982
14.508099999999976
14.847099999999983
12.559399999999984
12.559399999999984
12.147299999999989
10.192799999999991
12.572599999999987
11.934799999999989
12.270899999999985
10.70679999999999
8.410200000000001
8.410200000000001
9.611399999999993
7.977000000000004
7.977000000000004
8.019500000000003
7.3685000000000045
7.469900000000005
7.469900000000005
7.469900000000005
7.469900000000005
7.469900000000005
7.469900000000005
7.469900000000005
6.531000000000004
7.328800000000005
7.328800000000005
7.328800000000005
7.328800000000005
7.328800000000005
7.659200000000006
7.554000000000006
7.887700000000004
1.8256999999999999
1.8256999999999999
1.8256999999999999
1.8256999999999999
1.8256999999999999
6.945400000000005
6.648200000000004
8.184100000000003
7.7666800000000045
5.8739000000000035
5.8739000000000035
5.8739000000000035
5.8739000000000035
8.425100000000002
7.527600000000004
8.225000000000003
6.522100000000004
7.553400000000004
6.323800000000005
4.249200000000003
5.9646000000000035
8.166300000000003
4.440400000000003
4.440400000000003
4.440400000000003
4.440400000000003
4.440400000000003
4.440400000000003
4.440400000000003
4.440400000000003
4.440400000000003
4.440400000000003
4.440400000000003
4.440400000000003
4.440400000000003
4.440400000000003
6.793400000000005
6.793400000000005
7.553400000000004
5.869400000000004
5.869400000000004
5.869400000000004
5.869400000000004
5.869400000000004
5.869400000000004
5.869400000000004
5.869400000000004
5.869400000000004
5.869400000000004
5.869400000000004
5.869400000000004
5.869400000000004
5.869400000000004
5.869400000000004
5.869400000000004
5.869400000000004
4.365000000000003
7.439200000000005
3.9749000000000017
5.666000000000004
5.469780000000004
3.2463000000000015
9.985099999999992
3.6370000000000022
12.322299999999988
18.507700000000007
23.217500000000044
11.22179999999999
13.74299999999998
9.606999999999994
13.990399999999978
