1.4451699999999996
1.3714999999999997
0.10580000000000006
0.10580000000000006
0.10580000000000006
0.10580000000000006
3.6515700000000013
1.2305
1.2305
3.3162000000000025
3.3162000000000025
3.3162000000000025
3.3162000000000025
3.3162000000000025
1.4437999999999998
1.4437999999999998
1.4437999999999998
1.4437999999999998
3.8054000000000023
2.0015
3.099700000000002
4.9924000000000035
4.107400000000003
4.107400000000003
4.107400000000003
4.107400000000003
3.565500000000002
2.1361
2.2187
4.488800000000003
3.8102000000000027
2.3603000000000005
4.340800000000003
4.340800000000003
4.340800000000003
2.5783000000000005
2.5783000000000005
1.7359999999999998
3.0462000000000016
1.3154
1.3154
1.3154
1.3154
1.3154
1.3154
5.003200000000003
1.7382
4.0260000000000025
3.1312000000000015
3.1312000000000015
3.2844000000000024
3.2844000000000024
3.1293700000000007
3.1293700000000007
3.1293700000000007
2.303
4.375100000000003
1.8082999999999998
1.8082999999999998
1.8082999999999998
1.8082999999999998
1.8082999999999998
1.8082999999999998
1.8082999999999998
4.265300000000004
4.265300000000004
4.265300000000004
4.265300000000004
2.4651000000000005
4.377900000000004
3.513200000000002
2.9979000000000013
4.070500000000002
4.355000000000003
4.355000000000003
4.355000000000003
4.355000000000003
4.355000000000003
4.355000000000003
4.355000000000003
4.355000000000003
4.355000000000003
4.355000000000003
4.355000000000003
4.355000000000003
4.355000000000003
4.355000000000003
4.355000000000003
4.355000000000003
4.355000000000003
2.2605
2.2605
2.2605
2.2605
2.2605
1.2698
4.622700000000003
4.3975000000000035
1.9543
5.124300000000003
1.7657999999999998
3.391800000000001
3.391800000000001
3.391800000000001
3.391800000000001
5.774200000000004
5.774200000000004
5.774200000000004
5.774200000000004
5.774200000000004
5.774200000000004
5.058520000000004
5.107200000000004
5.107200000000004
3.613400000000002
3.613400000000002
3.613400000000002
4.617200000000003
4.427300000000003
4.427300000000003
4.427300000000003
2.41827
2.41827
2.41827
2.41827
2.41827
5.471600000000005
5.471600000000005
5.471600000000005
5.471600000000005
4.079300000000003
4.079300000000003
4.079300000000003
4.079300000000003
4.345300000000004
4.345300000000004
4.345300000000004
3.4094000000000015
3.8004000000000033
5.312500000000004
4.294900000000004
4.2443000000000035
3.780400000000003
5.912000000000005
5.912000000000005
5.912000000000005
4.832200000000003
4.466500000000003
2.9605000000000006
4.608400000000003
2.4932700000000008
4.295800000000003
4.295800000000003
4.295800000000003
4.790300000000003
4.790300000000003
4.790300000000003
4.037200000000003
3.171870000000001
3.171870000000001
3.171870000000001
3.171870000000001
1.7336699999999998
3.134500000000001
3.134500000000001
3.134500000000001
3.134500000000001
3.134500000000001
3.134500000000001
4.5968000000000035
5.6570000000000045
3.541100000000003
5.224600000000003
3.8812000000000024
3.8812000000000024
3.8812000000000024
4.275100000000003
4.275100000000003
4.275100000000003
2.908100000000002
4.472500000000003
5.177900000000004
5.177900000000004
5.177900000000004
5.954500000000005
5.540000000000005
3.172900000000001
4.534900000000002
4.534900000000002
4.534900000000002
4.665200000000003
4.665200000000003
4.618900000000003
4.618900000000003
4.618900000000003
4.618900000000003
4.618900000000003
3.9426000000000023
2.550770000000001
3.5840000000000023
3.7572000000000028
3.117300000000001
3.4581000000000017
5.267100000000004
5.267100000000004
2.1448
2.1448
2.1448
2.1448
2.956220000000001
2.956220000000001
2.956220000000001
2.956220000000001
2.956220000000001
2.956220000000001
2.956220000000001
3.806300000000003
3.9535000000000036
3.9535000000000036
3.9535000000000036
3.9535000000000036
3.9535000000000036
3.9535000000000036
3.9535000000000036
1.9868000000000001
4.421900000000003
4.384000000000003
3.540600000000002
4.583400000000004
4.583400000000004
2.8486000000000007
4.041000000000003
4.294900000000002
4.290000000000004
4.754900000000004
4.754900000000004
4.754900000000004
4.754900000000004
2.7913000000000006
2.7913000000000006
3.4209000000000023
4.550500000000003
3.458800000000002
1.4201
5.263800000000005
5.4973000000000045
0.8896999999999999
0.8896999999999999
4.296000000000002
4.296000000000002
4.296000000000002
4.432700000000004
4.432700000000004
4.432700000000004
3.346000000000001
3.346000000000001
3.346000000000001
4.215900000000004
4.174500000000002
4.9531000000000045
1.6364999999999998
4.035700000000004
4.0035000000000025
3.5782000000000025
4.735400000000005
4.735400000000005
3.316300000000002
4.113300000000003
4.113300000000003
4.113300000000003
0.7236
3.968600000000004
0.3335000000000001
0.3335000000000001
0.3335000000000001
0.3335000000000001
0.3335000000000001
3.4909000000000017
3.4909000000000017
3.4909000000000017
3.4909000000000017
3.912900000000003
3.912900000000003
3.912900000000003
3.912900000000003
3.912900000000003
3.912900000000003
2.2709699999999997
2.516000000000001
4.241500000000004
4.241500000000004
4.241500000000004
3.778780000000002
1.59137
4.812800000000004
3.3686000000000016
3.418300000000002
3.418300000000002
3.418300000000002
3.418300000000002
3.418300000000002
3.418300000000002
3.418300000000002
3.418300000000002
3.418300000000002
4.361400000000004
4.361400000000004
4.361400000000004
4.361400000000004
2.5349000000000004
3.2238000000000016
6.167200000000006
3.322700000000001
3.322700000000001
3.322700000000001
3.2615000000000016
3.2615000000000016
3.2615000000000016
3.951000000000003
-0.4251
3.4925000000000024
3.4925000000000024
3.4925000000000024
3.4925000000000024
3.361600000000002
3.361600000000002
3.855800000000002
6.333200000000005
4.744920000000005
3.9559000000000024
2.543
2.543
2.543
2.543
2.543
2.543
2.543
2.543
2.543
2.543
2.49057
3.902700000000004
5.105500000000005
3.535000000000002
3.535000000000002
3.535000000000002
3.535000000000002
3.535000000000002
5.931200000000005
1.9084
4.2093000000000025
3.2249000000000017
1.4176
4.3792000000000035
3.648100000000002
2.3267000000000007
4.426600000000003
3.970900000000002
4.788200000000005
4.788200000000005
2.4565
1.3128999999999997
3.9885000000000037
3.8057000000000025
3.8411000000000026
1.9143999999999999
3.488900000000001
4.491000000000005
3.422500000000001
3.7204000000000033
3.7204000000000033
3.7204000000000033
3.7204000000000033
3.7204000000000033
3.7204000000000033
3.7204000000000033
3.7204000000000033
3.7204000000000033
0.308
5.213100000000006
4.248300000000004
1.7705000000000002
4.983500000000004
-0.24820000000000014
4.981500000000006
4.981500000000006
3.8582000000000027
3.8582000000000027
3.8582000000000027
3.8582000000000027
3.8582000000000027
3.8582000000000027
3.8582000000000027
3.8582000000000027
3.8582000000000027
3.8582000000000027
4.280800000000003
3.941180000000003
4.747800000000004
3.9129000000000023
4.736800000000004
1.4828
3.5302000000000024
3.5302000000000024
5.3109000000000055
-0.4654
-0.4654
-0.4654
-0.4654
4.051700000000003
1.9328999999999998
4.400700000000004
5.522800000000006
5.762900000000005
5.7850000000000055
4.3331000000000035
4.182700000000003
5.456800000000004
3.838700000000002
5.304200000000005
3.900700000000003
4.679900000000004
5.708200000000005
6.034400000000006
5.468800000000003
4.080500000000003
3.8975000000000026
3.8975000000000026
4.258000000000004
2.828500000000001
3.302200000000002
5.294400000000006
2.3106999999999998
2.7009000000000007
4.736100000000004
4.654000000000005
0.6507000000000001
4.2824000000000035
2.8983000000000008
2.8819000000000017
1.4163
3.4893000000000027
2.6586
3.197700000000001
2.9228000000000014
3.4471000000000025
1.3904999999999998
3.8072000000000026
3.7386000000000017
3.539100000000002
3.0756000000000014
4.1505000000000045
4.370400000000003
3.7188000000000025
1.7487700000000002
2.5839000000000008
4.007200000000003
3.4056000000000024
1.5785
0.5598000000000001
1.4837
3.102800000000001
4.002200000000004
3.2424000000000017
2.0414
4.770400000000005
0.03636999999999996
3.6161000000000025
2.752700000000001
3.1632000000000016
0.9758
3.484600000000002
5.265500000000004
0.2052
3.293000000000001
0.5857
3.424500000000002
1.1595999999999997
3.0223000000000013
4.583900000000004
4.296900000000004
3.9119000000000037
3.500300000000002
4.202300000000004
3.700700000000003
3.262500000000001
2.486770000000001
3.8077000000000023
3.7543000000000024
4.016500000000003
2.1737
4.416400000000005
1.5683999999999998
1.3005
3.1404000000000014
5.007300000000003
3.5596000000000014
3.0492000000000017
3.8861000000000026
3.3131000000000013
