0.0
0.49769428
0.48838115
0.47413507
0.4428853
0.41887248
0.39787707
0.37816545
0.36793742
0.36080512
0.3610079
0.36638317
0.3626993
0.36118364
0.37030768
0.38880017
0.4072951
0.41356567
0.4113663
0.44740716
0.45057556
0.44884112
0.44703087
0.44620013
0.43194732
0.41657794
0.41532764
0.42611513
0.41585907
0.40769574
0.39363554
0.43795288
0.5325666
0.48953506
0.49513105
0.42899936
0.36673063
0.38076916
0.45583966
0.44333118
0.39386106
0.42698705
0.4836146
0.5244613
0.40671375
0.40225062
0.41916582
0.4259791
0.44022003
0.4458637
0.5063462
0.4890546
0.45813125
0.4345617
0.4022473
0.40274936
0.40814856
0.41166484
0.40928796
0.40354753
0.40495163
0.38847572
0.36344835
0.36734465
0.42427555
0.4041953
0.3556383
0.3348572
0.37636963
0.36169672
0.33875892
0.3437938
0.39825958
0.3977691
0.37283492
0.35099065
0.3480525
0.38175473
0.36666706
0.4108842
0.44107774
0.40181
0.39495268
0.4029286
0.3658348
0.34280896
0.35179237
0.34575266
0.33442187
0.34899542
0.31044123
0.3368125
0.35779038
0.35157695
0.35879028
0.3148957
0.32566652
0.32375067
0.32012624
0.3058651
