22.56580000000004
21.95610000000003
21.593800000000027
22.163500000000028
22.163500000000028
22.163500000000028
21.95610000000003
22.19840000000003
22.19220000000003
22.09810000000003
22.232100000000028
22.232100000000028
22.232100000000028
22.23210000000003
22.23210000000003
22.23210000000003
22.333300000000033
21.937320000000028
21.937320000000028
21.937320000000028
21.937320000000028
21.937320000000028
21.97100000000003
21.974000000000025
21.588900000000027
21.971000000000032
21.971000000000032
21.471900000000023
21.584400000000027
22.05870000000003
22.05870000000003
22.05870000000003
22.41200000000003
21.320700000000024
21.08550000000002
21.08550000000002
21.566000000000027
21.566000000000027
21.566000000000027
21.566000000000027
21.566000000000027
21.566000000000027
21.566000000000027
21.566000000000027
21.566000000000027
21.566000000000027
21.566000000000027
22.257100000000033
21.20370000000002
21.20370000000002
21.20370000000002
21.708000000000027
21.708000000000027
21.708000000000027
21.708000000000027
21.708000000000027
21.708000000000027
21.708000000000027
21.708000000000027
21.708000000000027
21.708000000000027
21.708000000000027
21.708000000000027
21.708000000000027
21.740700000000025
21.740700000000025
21.740700000000025
21.740700000000025
21.740700000000025
21.740700000000025
21.725000000000023
21.06260000000002
21.84910000000003
21.442800000000023
21.442800000000023
21.442800000000023
21.442800000000023
21.442800000000023
21.591000000000026
21.691300000000027
21.691300000000027
21.691300000000027
21.691300000000027
21.691300000000027
21.691300000000027
21.691300000000027
21.691300000000027
21.691300000000027
21.691300000000027
21.06260000000002
22.28490000000003
21.591000000000026
21.58390000000002
21.58390000000002
21.58390000000002
21.58390000000002
21.58390000000002
21.58390000000002
21.58390000000002
21.721920000000026
21.369800000000023
21.369800000000023
21.369800000000023
21.339900000000025
21.339900000000025
21.339900000000025
21.339900000000025
21.339900000000025
21.339900000000025
21.339900000000025
21.51270000000002
21.51270000000002
21.51270000000002
21.486800000000024
21.486800000000024
21.486800000000024
21.486800000000024
21.486800000000024
21.486800000000024
21.486800000000024
21.486800000000024
21.486800000000024
21.401300000000024
21.627900000000025
21.642600000000026
21.642600000000026
21.642600000000026
21.776800000000026
21.713320000000024
21.713320000000024
21.713320000000024
21.713320000000024
21.713320000000024
21.713320000000024
21.713320000000024
21.713320000000024
21.713320000000024
21.713320000000024
21.713320000000024
21.713320000000024
21.713320000000024
21.713320000000024
21.713320000000024
21.713320000000024
21.713320000000024
21.713320000000024
21.713320000000024
21.713320000000024
21.713320000000024
21.713320000000024
21.713320000000024
21.713320000000024
21.713320000000024
21.713320000000024
21.713320000000024
21.713320000000024
21.713320000000024
21.713320000000024
21.713320000000024
21.713320000000024
21.713320000000024
21.713320000000024
21.713320000000024
21.713320000000024
21.713320000000024
21.713320000000024
21.713320000000024
21.713320000000024
20.81360000000002
21.807420000000025
21.807420000000025
21.807420000000025
21.807420000000025
21.807420000000025
21.175900000000023
21.175900000000023
21.175900000000023
21.175900000000023
21.08050000000002
21.52340000000002
21.52340000000002
21.52340000000002
21.22870000000002
21.22870000000002
21.479100000000024
21.279400000000024
21.420500000000025
21.420500000000025
21.420500000000025
21.572220000000023
21.572220000000023
21.572220000000023
21.608900000000023
21.135300000000022
21.135300000000022
21.93900000000003
21.081800000000023
21.081800000000023
21.957700000000028
21.957700000000028
21.957700000000028
21.957700000000028
21.13920000000002
21.397600000000022
21.397600000000022
21.452200000000026
21.75000000000002
21.75000000000002
21.75000000000002
22.024900000000027
21.223800000000022
21.304020000000023
21.256500000000024
21.256500000000024
21.301200000000023
21.20992000000002
21.364900000000024
21.364900000000024
21.364900000000024
21.364900000000024
21.350600000000025
21.731220000000025
21.693000000000023
21.499000000000024
21.485100000000024
21.998500000000025
21.567600000000027
21.342000000000024
21.342000000000024
21.498300000000025
21.498300000000025
21.620400000000025
21.316000000000024
21.590500000000027
21.354200000000027
21.24660000000002
21.13530000000002
21.09662000000002
20.80870000000002
21.424400000000023
21.32322000000002
21.32322000000002
21.030600000000018
22.30442000000003
21.78490000000003
21.33310000000002
21.179100000000023
21.180300000000017
21.617400000000025
21.617400000000025
21.805100000000024
21.08802000000002
21.08802000000002
21.146200000000018
21.146200000000018
21.194200000000023
20.772300000000016
21.177500000000023
20.842720000000018
20.548800000000014
21.195920000000026
22.033400000000032
21.627900000000025
20.95190000000002
21.49140000000002
20.723500000000016
21.845600000000026
21.845600000000026
21.845600000000026
21.20622000000002
20.939820000000015
21.30572000000002
21.778200000000023
20.85780000000002
21.15292000000002
21.272820000000017
21.272820000000017
21.143400000000018
21.201300000000018
20.92680000000002
21.19952000000002
20.86240000000001
20.354400000000012
20.802300000000017
20.759900000000016
21.200400000000023
21.200400000000023
21.023000000000017
21.095100000000016
21.20900000000002
21.67070000000002
21.323500000000024
20.773500000000016
21.653700000000025
20.938600000000015
21.021700000000017
21.09200000000002
20.569300000000016
21.09200000000002
20.85110000000002
21.200400000000023
21.62960000000002
21.15872000000002
21.15872000000002
21.048920000000013
20.987100000000016
20.82820000000002
20.691200000000016
20.691200000000016
21.01490000000002
20.88180000000002
22.007900000000028
20.949620000000017
20.873800000000017
21.012800000000016
20.570900000000016
20.979400000000016
21.29982000000002
21.273300000000024
21.299800000000022
21.370600000000017
21.003900000000016
21.401900000000015
20.42260000000001
20.96722000000002
20.661700000000014
20.669200000000014
20.865900000000018
20.19940000000001
21.10000000000002
20.940280000000023
20.763100000000016
20.180700000000012
20.875900000000016
21.885400000000025
20.755300000000013
20.137600000000006
20.25410000000001
20.682180000000017
20.148300000000006
21.32460000000002
21.173200000000016
20.920400000000015
20.428100000000015
21.173200000000016
21.50422000000002
20.89850000000001
21.241400000000024
20.15460000000001
20.649820000000012
19.946020000000004
20.83650000000001
20.27950000000001
20.917300000000015
20.873600000000014
21.275520000000018
20.057900000000004
20.43550000000001
19.506400000000003
18.699199999999998
20.17350000000001
20.087020000000006
20.769500000000015
19.2483
20.495900000000013
18.505699999999997
20.918800000000015
19.621600000000004
19.978500000000004
20.624400000000012
19.41432
18.899799999999995
19.537400000000005
17.755319999999987
19.866300000000006
20.32680000000001
20.25930000000001
18.833099999999995
18.833099999999995
18.019499999999987
18.019499999999987
20.25052000000001
17.943019999999986
21.02082000000002
16.717319999999976
18.27891999999999
16.812999999999978
20.675440000000016
20.351300000000013
17.625399999999985
16.69781999999997
17.737699999999982
16.38939999999997
17.42319999999998
17.181499999999975
15.969699999999966
16.214199999999966
15.900219999999967
16.092299999999966
16.04981999999997
16.134299999999968
15.964299999999962
16.54939999999997
15.611099999999961
15.076819999999968
14.520899999999969
14.979319999999966
14.407299999999971
13.818499999999974
14.254099999999971
14.182099999999974
13.923099999999973
14.254599999999968
14.01499999999997
15.330399999999965
13.435519999999975
12.590699999999979
13.940099999999969
14.80409999999997
13.462619999999974
13.435399999999973
12.880919999999975
12.012119999999982
10.899719999999988
10.629299999999988
10.465299999999989
11.043799999999989
10.62429999999999
10.73999999999999
10.40029999999999
10.141299999999992
9.585099999999995
10.69789999999999
9.897319999999993
9.969399999999995
8.827420000000002
10.360079999999991
9.413199999999998
8.105520000000006
2.344700000000001
2.344700000000001
9.875879999999995
7.829900000000007
2.921400000000002
7.5693000000000055
8.085820000000005
7.692900000000005
7.692900000000005
7.529620000000005
7.505900000000006
6.5964000000000045
6.739600000000005
2.4879000000000007
5.678700000000005
2.778200000000002
1.70062
6.663400000000005
7.522900000000006
6.894700000000005
2.868400000000001
5.288800000000004
3.801120000000002
5.339200000000004
5.594920000000004
3.662020000000002
2.1341200000000002
2.9475200000000017
4.796720000000003
2.1753
3.2821000000000016
0.9854
3.5664000000000025
2.918800000000002
2.3626000000000005
1.5908
2.2867000000000006
1.9725
0.5857
1.1743
21.388700000000025
20.762500000000014
16.49659999999997
21.566900000000025
21.37860000000003
14.705299999999971
20.39400000000001
20.43250000000001
15.259999999999971
21.676100000000023
20.752600000000015
20.425000000000008
22.008420000000026
21.94962000000003
21.91160000000003
21.427800000000026
21.721600000000024
6.2191000000000045
14.13329999999997
22.336200000000037
20.212300000000013
