24.053100000000043
23.974200000000042
23.974200000000042
23.974200000000042
23.974200000000042
23.974200000000042
23.974200000000042
23.974200000000042
23.974200000000042
23.974200000000042
23.974200000000042
23.974200000000042
23.974200000000042
23.974200000000042
23.974200000000042
23.974200000000042
23.974200000000042
23.974200000000042
23.974200000000042
23.974200000000042
23.974200000000042
23.974200000000042
23.974200000000042
23.974200000000042
23.974200000000042
23.974200000000042
23.974200000000042
23.974200000000042
23.974200000000042
23.974200000000042
23.974200000000042
23.974200000000042
23.974200000000042
23.974200000000042
23.974200000000042
23.974200000000042
23.974200000000042
23.974200000000042
23.974200000000042
23.974200000000042
23.974200000000042
23.974200000000042
23.974200000000042
23.974200000000042
23.974200000000042
23.974200000000042
23.974200000000042
23.974200000000042
23.974200000000042
23.974200000000042
23.974200000000042
23.974200000000042
23.974200000000042
23.71610000000004
23.71610000000004
23.71610000000004
23.71610000000004
23.71610000000004
23.71610000000004
23.71610000000004
23.71610000000004
23.71610000000004
23.71610000000004
23.71610000000004
23.71610000000004
23.71610000000004
23.71610000000004
23.71610000000004
23.71610000000004
23.71610000000004
23.71610000000004
23.71610000000004
23.71610000000004
23.71610000000004
23.71610000000004
23.71610000000004
23.71610000000004
23.71610000000004
23.71610000000004
23.71610000000004
23.71610000000004
23.71610000000004
23.71610000000004
23.68482000000004
23.68482000000004
23.68482000000004
23.68482000000004
23.68482000000004
23.68482000000004
23.68482000000004
23.68482000000004
23.68482000000004
23.68482000000004
23.68482000000004
23.68482000000004
23.68482000000004
23.68482000000004
23.68482000000004
23.918600000000044
23.918600000000044
23.918600000000044
23.918600000000044
23.918600000000044
23.918600000000044
23.918600000000044
23.918600000000044
23.918600000000044
23.918600000000044
23.918600000000044
23.918600000000044
23.918600000000044
23.918600000000044
23.918600000000044
23.918600000000044
23.918600000000044
23.918600000000044
23.918600000000044
23.918600000000044
23.918600000000044
23.918600000000044
23.918600000000044
23.918600000000044
23.918600000000044
23.918600000000044
23.918600000000044
23.918600000000044
23.918600000000044
23.918600000000044
23.918600000000044
23.918600000000044
23.918600000000044
23.918600000000044
23.918600000000044
23.918600000000044
23.918600000000044
23.918600000000044
23.918600000000044
23.918600000000044
23.918600000000044
23.918600000000044
23.918600000000044
23.918600000000044
23.918600000000044
23.918600000000044
23.918600000000044
23.918600000000044
23.918600000000044
23.918600000000044
23.918600000000044
23.918600000000044
23.918600000000044
23.918600000000044
23.918600000000044
23.918600000000044
23.918600000000044
23.918600000000044
23.918600000000044
23.918600000000044
23.918600000000044
23.918600000000044
23.918600000000044
23.918600000000044
23.918600000000044
23.918600000000044
23.918600000000044
23.918600000000044
23.918600000000044
23.918600000000044
23.918600000000044
23.918600000000044
23.918600000000044
23.918600000000044
23.918600000000044
23.918600000000044
23.918600000000044
23.918600000000044
23.918600000000044
23.918600000000044
23.918600000000044
23.918600000000044
23.918600000000044
23.918600000000044
23.918600000000044
23.918600000000044
23.918600000000044
23.918600000000044
23.918600000000044
23.918600000000044
23.918600000000044
23.918600000000044
23.918600000000044
23.918600000000044
23.918600000000044
23.918600000000044
23.918600000000044
23.918600000000044
23.918600000000044
23.918600000000044
23.918600000000044
23.918600000000044
23.918600000000044
23.918600000000044
23.918600000000044
23.918600000000044
23.918600000000044
23.918600000000044
23.918600000000044
23.918600000000044
23.918600000000044
23.918600000000044
23.918600000000044
23.918600000000044
23.918600000000044
23.918600000000044
23.918600000000044
23.918600000000044
23.918600000000044
23.918600000000044
23.918600000000044
23.918600000000044
23.918600000000044
23.918600000000044
23.918600000000044
23.918600000000044
23.918600000000044
23.918600000000044
23.918600000000044
23.918600000000044
23.918600000000044
23.918600000000044
23.918600000000044
23.918600000000044
23.918600000000044
23.918600000000044
23.918600000000044
23.918600000000044
23.918600000000044
23.918600000000044
23.918600000000044
23.918600000000044
23.918600000000044
23.918600000000044
23.918600000000044
23.918600000000044
23.918600000000044
23.918600000000044
23.918600000000044
23.918600000000044
23.918600000000044
23.918600000000044
23.918600000000044
23.918600000000044
23.918600000000044
23.918600000000044
23.918600000000044
23.918600000000044
23.918600000000044
23.918600000000044
23.918600000000044
23.918600000000044
23.918600000000044
23.918600000000044
23.918600000000044
23.918600000000044
23.918600000000044
23.918600000000044
23.918600000000044
23.918600000000044
23.918600000000044
23.918600000000044
23.918600000000044
23.918600000000044
23.918600000000044
23.892520000000044
23.892520000000044
23.892520000000044
23.892520000000044
23.542500000000047
23.542500000000047
23.542500000000047
23.542500000000047
23.542500000000047
23.63442000000004
23.63442000000004
23.63442000000004
23.63442000000004
23.63442000000004
23.63442000000004
23.63442000000004
23.63442000000004
23.63442000000004
23.63442000000004
23.63442000000004
23.63442000000004
23.63442000000004
23.63442000000004
23.63442000000004
23.63442000000004
23.63442000000004
23.63442000000004
23.63442000000004
23.63442000000004
23.63442000000004
23.63442000000004
23.63442000000004
23.63442000000004
23.63442000000004
23.63442000000004
23.63442000000004
23.63442000000004
23.63442000000004
23.63442000000004
23.63442000000004
23.63442000000004
23.63442000000004
23.63442000000004
23.63442000000004
23.63442000000004
23.63442000000004
23.63442000000004
23.63442000000004
23.63442000000004
23.63442000000004
23.63442000000004
23.63442000000004
23.63442000000004
23.63442000000004
23.63442000000004
23.63442000000004
23.63442000000004
23.63442000000004
23.63442000000004
23.63442000000004
23.63442000000004
23.63442000000004
23.63442000000004
23.63442000000004
23.63442000000004
23.63442000000004
23.63442000000004
23.63442000000004
23.63442000000004
23.63442000000004
23.63442000000004
23.63442000000004
23.63442000000004
23.63442000000004
23.63442000000004
23.63442000000004
23.63442000000004
23.63442000000004
23.63442000000004
23.63442000000004
23.63442000000004
23.63442000000004
23.63442000000004
23.63442000000004
23.63442000000004
23.63442000000004
23.63442000000004
23.63442000000004
23.63442000000004
23.63442000000004
23.63442000000004
23.63442000000004
23.63442000000004
23.63442000000004
23.63442000000004
23.63442000000004
23.63442000000004
23.63442000000004
23.63442000000004
23.63442000000004
23.63442000000004
23.63442000000004
23.63442000000004
23.63442000000004
23.63442000000004
23.63442000000004
23.63442000000004
23.63442000000004
23.63442000000004
23.63442000000004
23.63442000000004
23.63442000000004
23.63442000000004
23.63442000000004
23.63442000000004
23.63442000000004
23.63442000000004
23.63442000000004
23.46082000000004
23.584100000000042
23.52850000000004
23.52850000000004
23.52850000000004
23.52850000000004
23.15990000000004
23.32600000000004
23.32600000000004
23.32600000000004
23.32600000000004
23.188800000000036
22.98630000000004
23.32600000000004
23.32600000000004
23.32600000000004
23.32600000000004
23.32600000000004
23.32600000000004
23.06790000000004
23.06790000000004
23.03662000000004
23.03662000000004
23.03662000000004
23.03662000000004
23.27040000000004
23.27040000000004
23.27040000000004
23.27040000000004
23.27040000000004
23.27040000000004
23.27040000000004
23.27040000000004
23.27040000000004
23.27040000000004
23.27040000000004
23.27040000000004
23.27040000000004
23.27040000000004
23.27040000000004
23.27040000000004
23.27040000000004
23.27040000000004
23.27040000000004
23.27040000000004
23.27040000000004
23.27040000000004
23.27040000000004
23.27040000000004
23.27040000000004
23.27040000000004
23.27040000000004
23.27040000000004
23.27040000000004
23.27040000000004
23.24432000000004
22.89430000000004
22.98622000000004
22.98622000000004
22.98622000000004
22.98622000000004
22.98622000000004
22.98622000000004
22.98622000000004
22.98622000000004
22.98622000000004
22.98622000000004
22.98622000000004
22.98622000000004
22.98622000000004
22.98622000000004
23.313600000000044
22.91002000000004
22.677800000000037
22.74540000000004
22.630220000000033
23.08120000000004
22.490820000000035
22.413720000000037
21.974000000000036
21.68982000000003
21.886800000000026
21.699700000000036
22.091100000000036
22.872320000000045
21.420220000000036
20.733200000000025
22.457320000000035
19.98970000000002
17.84259999999999
19.621120000000023
18.910120000000013
16.858099999999972
17.564199999999996
22.476900000000036
13.54231999999997
12.926919999999976
11.853519999999984
6.4984000000000055
5.515700000000004
3.6156000000000024
2.34907
2.817400000000001
3.5603000000000016
1.3263
0.6595
1.4927
-0.33999999999999986
12.33389999999998
