25.117300000000057
25.117300000000057
25.117300000000057
25.117300000000057
24.718100000000057
24.718100000000057
24.718100000000057
24.718100000000057
24.718100000000057
24.718100000000057
25.16600000000006
24.727200000000057
25.07650000000006
25.07650000000006
25.16630000000006
24.907900000000062
24.619400000000056
24.619400000000056
24.619400000000056
24.619400000000056
24.619400000000056
24.619400000000056
24.619400000000056
24.619400000000056
24.619400000000056
24.619400000000056
24.619400000000056
24.619400000000056
24.619400000000056
24.619400000000056
24.619400000000056
24.619400000000056
24.619400000000056
24.619400000000056
24.619400000000056
24.619400000000056
24.619400000000056
24.619400000000056
24.81840000000006
24.453300000000056
24.775900000000057
24.775900000000057
24.775900000000057
24.775900000000057
24.775900000000057
24.775900000000057
24.775900000000057
24.775900000000057
24.775900000000057
24.775900000000057
24.469100000000054
24.469100000000054
24.469100000000054
24.469100000000054
24.469100000000054
24.469100000000054
24.469100000000054
24.469100000000054
24.469100000000054
24.469100000000054
24.469100000000054
24.469100000000054
24.469100000000054
24.469100000000054
24.469100000000054
24.469100000000054
24.469100000000054
24.469100000000054
24.469100000000054
24.469100000000054
24.469100000000054
24.469100000000054
24.469100000000054
24.469100000000054
24.469100000000054
24.469100000000054
24.469100000000054
24.469100000000054
24.469100000000054
24.469100000000054
24.469100000000054
24.469100000000054
24.469100000000054
24.469100000000054
24.554600000000057
24.554600000000057
24.511600000000055
24.494100000000056
24.494100000000056
24.494100000000056
24.494100000000056
24.494100000000056
24.494100000000056
24.494100000000056
24.494100000000056
24.494100000000056
24.494100000000056
24.494100000000056
24.494100000000056
24.494100000000056
24.494100000000056
24.494100000000056
24.494100000000056
24.494100000000056
24.494100000000056
24.494100000000056
24.494100000000056
24.494100000000056
24.494100000000056
24.494100000000056
24.494100000000056
24.494100000000056
24.494100000000056
24.494100000000056
24.494100000000056
24.494100000000056
24.494100000000056
24.494100000000056
24.494100000000056
24.233900000000055
24.233900000000055
24.609800000000053
24.328000000000056
24.310500000000054
24.827500000000057
24.827500000000057
24.827500000000057
24.827500000000057
24.827500000000057
24.827500000000057
24.827500000000057
24.827500000000057
24.827500000000057
24.827500000000057
24.827500000000057
24.827500000000057
24.827500000000057
24.827500000000057
24.827500000000057
24.827500000000057
24.379600000000053
24.943900000000056
24.943900000000056
24.943900000000056
24.392900000000054
24.686400000000056
24.417900000000053
24.417900000000053
24.417900000000053
24.417900000000053
24.417900000000053
24.417900000000053
24.417900000000053
24.417900000000053
24.503200000000053
24.503200000000053
24.503200000000053
24.503200000000053
24.503200000000053
24.57860000000006
24.57860000000006
24.57860000000006
24.57860000000006
24.57860000000006
24.334600000000055
24.763000000000055
24.569400000000055
24.569400000000055
24.710800000000056
24.686400000000056
24.686400000000056
24.686400000000056
24.686400000000056
24.686400000000056
24.686400000000056
24.686400000000056
24.686400000000056
24.686400000000056
24.686400000000056
24.686400000000056
24.686400000000056
24.569400000000055
24.569400000000055
24.517800000000058
24.517800000000058
24.517800000000058
24.517800000000058
24.517800000000058
24.537700000000054
24.437100000000054
24.696800000000053
24.696800000000053
24.696800000000053
24.48570000000005
24.48570000000005
24.48570000000005
24.48570000000005
24.48570000000005
24.48570000000005
24.48570000000005
24.48570000000005
24.48570000000005
24.48570000000005
24.48570000000005
24.48570000000005
24.48570000000005
24.48570000000005
24.48570000000005
24.48570000000005
24.48570000000005
24.48570000000005
24.48570000000005
24.48570000000005
24.48570000000005
24.48570000000005
24.48570000000005
24.400700000000054
24.385800000000053
24.06320000000005
24.229300000000052
24.428300000000057
24.428300000000057
24.104000000000052
24.245100000000054
24.262200000000053
24.296000000000053
24.296000000000053
23.984900000000053
23.91290000000005
23.91290000000005
24.551900000000057
24.07900000000005
24.112300000000054
24.112300000000054
24.551900000000057
24.551900000000057
24.551900000000057
24.551900000000057
24.551900000000057
24.551900000000057
24.551900000000057
24.104000000000052
24.104000000000052
24.219700000000053
24.654400000000056
23.98700000000005
23.98700000000005
23.98700000000005
24.45330000000006
24.296300000000052
24.342200000000055
24.343300000000056
23.67060000000005
24.618000000000055
24.243400000000047
24.243400000000047
24.567000000000057
23.98610000000005
24.580300000000058
24.560600000000058
24.130200000000052
24.059000000000054
24.02780000000005
23.605800000000045
24.361600000000056
23.910800000000048
24.39620000000005
24.182300000000055
24.182300000000055
24.03200000000005
24.375500000000052
24.375500000000052
24.329700000000052
24.095600000000047
24.095600000000047
24.385300000000054
23.469100000000044
23.469100000000044
24.170900000000056
23.995200000000057
23.929500000000047
24.172600000000052
23.978600000000046
24.04210000000005
24.121000000000056
24.338200000000054
24.170500000000054
24.11090000000005
23.952700000000053
23.916500000000056
23.75250000000005
23.949600000000054
24.038100000000053
24.38130000000006
23.596900000000048
24.158500000000053
23.70550000000005
23.454900000000045
23.82300000000005
24.181800000000052
24.081400000000052
23.835900000000045
24.15800000000005
24.137600000000052
23.743900000000053
23.974100000000053
24.195500000000056
23.801200000000048
23.783700000000053
23.426400000000047
23.52500000000005
23.390000000000047
23.358900000000045
23.946900000000053
23.663000000000043
23.449100000000048
23.644700000000046
24.534500000000058
23.65430000000005
23.843200000000053
23.86750000000005
23.437400000000046
24.090000000000046
23.462400000000052
23.64230000000005
23.665100000000045
23.526800000000044
23.510200000000047
24.144400000000054
23.74480000000005
23.189300000000042
23.266400000000047
24.143100000000057
23.516000000000044
22.87630000000004
22.752500000000033
23.354400000000044
23.92760000000005
23.108500000000042
23.999800000000054
24.076600000000052
24.057600000000058
23.712300000000052
23.038700000000045
22.91340000000004
22.88840000000004
22.518300000000036
21.992400000000035
21.992400000000035
23.981500000000054
23.18230000000004
23.90690000000005
23.995200000000054
24.05720000000005
22.465700000000034
22.73430000000004
23.111000000000036
24.038700000000055
22.112400000000033
23.279400000000045
23.79840000000005
23.495000000000047
23.436500000000045
23.54180000000005
23.404400000000045
23.76060000000005
23.176800000000043
22.546900000000036
22.795000000000037
20.97280000000002
20.96820000000002
23.47750000000005
22.983200000000043
20.323700000000017
20.323700000000017
20.041900000000012
19.843300000000013
19.626000000000012
20.796900000000015
20.099700000000013
19.59390000000001
19.178400000000007
18.546619999999997
19.154300000000003
17.942399999999992
17.69389999999999
17.63429999999999
16.76979999999998
16.741399999999977
16.606899999999975
15.49839999999997
15.23189999999997
15.103899999999971
14.918999999999972
14.621799999999972
14.357899999999972
14.373699999999971
14.405299999999972
13.983599999999972
13.384899999999975
12.662499999999977
12.954899999999977
12.265799999999981
12.368099999999979
12.616999999999978
12.711199999999979
11.350799999999984
12.102599999999981
11.622499999999981
11.441899999999983
11.484399999999983
11.506199999999982
10.885699999999986
10.497299999999989
10.652799999999989
9.635199999999994
9.635199999999994
9.159199999999998
9.695099999999993
9.222599999999998
8.668600000000001
7.825000000000005
8.161500000000006
7.991700000000005
8.439400000000003
9.237399999999996
23.99980000000005
7.4984000000000055
7.4984000000000055
24.349700000000055
6.991300000000005
6.991300000000005
7.579800000000006
8.008500000000005
8.179900000000004
17.359499999999983
6.256600000000004
7.568300000000005
6.215400000000005
4.626200000000003
5.473000000000003
5.9867000000000035
4.998800000000003
5.940600000000003
2.1163999999999996
2.7646000000000006
1.4990999999999999
4.607800000000002
4.312300000000002
2.6632000000000007
3.4151000000000016
4.177800000000002
3.2653000000000016
24.657000000000057
24.197800000000054
24.22040000000005
1.7485
2.2118
23.466300000000047
23.76390000000005
1.6981
1.6981
2.0866
1.6556
0.8022
0.5601999999999999
24.033300000000057
23.51770000000005
23.64530000000005
23.39140000000005
23.773500000000055
24.245700000000056
24.132000000000055
19.746600000000008
25.15170000000006
24.099000000000046
24.035100000000053
24.39000000000005
23.564800000000044
23.92680000000005
23.563300000000048
23.481500000000047
7.351400000000004
23.186200000000046
23.26800000000005
7.061100000000005
22.96910000000004
24.616200000000052
24.168800000000054
24.23780000000005
24.37250000000005
23.88890000000005
23.829200000000046
11.691999999999984
23.99700000000005
23.92140000000005
22.82010000000004
18.093299999999996
23.770300000000052
22.613300000000038
