[0.00031855]
[0.00031855]
[0.00031855]
[0.00031855]
[0.00031855]
[0.00031855]
[0.00031855]
[0.00031855]
[0.00031855]
[0.00031855]
[0.00031855]
[0.00031855]
[0.00031855]
[0.00031855]
[0.00031855]
[0.00031855]
[0.00031855]
[0.00031855]
[0.00031855]
[0.00031855]
[0.00031855]
[0.00031855]
[0.00031855]
[0.00031855]
[0.00031855]
[0.00031855]
[0.00031855]
[0.00031855]
[0.00031855]
[0.00031855]
[0.00031855]
[0.00031855]
[0.00031855]
[0.00031855]
[0.00031855]
[0.00031855]
[0.00031855]
[0.00031855]
[0.00031855]
[0.00031855]
[0.00031855]
[0.00031855]
[0.00031855]
[0.00031855]
[0.00031855]
[0.00031855]
[0.00031855]
[0.00031855]
[0.00031855]
[0.00031855]
[0.00031855]
[0.00031855]
[0.00031855]
[0.00031855]
[0.00031855]
[0.00031855]
[0.00031855]
[0.00031855]
[0.00031855]
[0.00031855]
[0.00031855]
[0.00031855]
[0.00031855]
[0.00031855]
[0.00031855]
[0.00031855]
[0.00031855]
[0.00031855]
[0.00031855]
[0.00031855]
[0.00031855]
[0.00031855]
[0.00031855]
[0.00031855]
[0.00031855]
[0.00031855]
[0.00031855]
[0.00031855]
[0.00031855]
[0.00031855]
[0.00031855]
[0.00031855]
[0.00031855]
[0.00031855]
[0.00031855]
[0.00031855]
[0.00031855]
[0.00031855]
[0.00031855]
[0.00031855]
[0.00031855]
[0.00031855]
[0.00031855]
[0.00031855]
[0.00031855]
[0.00031855]
[0.00031855]
[0.00031855]
[0.00031855]
[0.00031855]
[0.00031855]
[0.00031855]
[0.00031855]
[0.00031855]
[0.00031855]
[0.00031855]
[0.00031855]
[0.00031855]
[0.00031855]
[0.00031855]
[0.00031855]
[0.00031855]
[0.00031855]
[0.00031855]
[0.00031855]
[0.00031855]
[0.00031855]
[0.00031855]
[0.00031855]
[0.00031855]
[0.00031855]
[0.00031855]
[0.00031855]
[0.00031855]
[0.00031855]
[0.00031855]
[0.00031855]
[0.00031855]
[0.00031855]
[0.00031855]
[0.00031855]
[0.00031855]
[0.00031855]
[0.00031855]
[0.00031855]
[0.00031855]
[0.00031855]
[0.00031855]
[0.00031855]
[0.00031855]
[0.00031855]
[0.00031855]
[0.00031855]
[0.00031855]
[0.00031855]
[0.00031855]
[0.00031855]
[0.00031855]
[0.00031855]
[0.00031855]
[0.00031855]
[0.00031855]
[0.00031855]
[0.00031855]
[0.00031855]
[0.00031855]
[0.00031855]
[0.00031855]
[0.00031855]
[0.00031855]
[0.00031855]
[0.00031855]
[0.00031855]
[0.00031855]
[0.00031855]
[0.00031855]
[0.00031855]
[0.00031855]
[0.00031855]
[0.00031855]
[0.00031855]
[0.00031855]
[0.00031855]
[0.00031855]
[0.00031855]
[0.00031855]
[0.00031855]
[0.00031855]
[0.00031855]
[0.00031855]
[0.00031855]
[0.00031855]
[0.00031855]
[0.00031855]
[0.00031855]
[0.00031855]
[0.00031855]
[0.00031855]
[0.00031855]
[0.00031855]
[0.00031855]
[0.00031855]
[0.00031855]
[0.00031855]
[0.00031855]
[0.00031855]
[0.00031855]
[0.00031855]
[0.00031855]
[0.00031855]
[0.00031855]
[0.00031855]
[0.00031855]
[0.00031855]
[0.00031855]
[0.00031855]
[0.00031855]
[0.00031855]
[0.00031855]
[0.00031855]
[0.00031855]
[0.00031855]
[0.00031855]
[0.00031855]
[0.00031855]
[0.00031855]
[0.00031855]
[0.00031855]
[0.00031855]
[0.00031855]
[0.00031855]
[0.00031855]
[0.00031855]
[0.00031855]
[0.00031855]
[0.00031855]
[0.00031855]
[0.00031855]
[0.00031855]
[0.00031855]
[0.00031855]
[0.00031855]
[0.00031855]
[0.00031855]
[0.00031855]
[0.00031855]
[0.00031855]
[0.00031855]
[0.00031855]
[0.00031855]
[0.00031855]
[0.00031855]
[0.00031855]
[0.00031855]
[0.00031855]
[0.00031855]
[0.00031855]
[0.00031855]
[0.00031855]
[0.00031855]
[0.00031855]
[0.00031855]
[0.00031855]
[0.00031855]
[0.00031855]
[0.00031855]
[0.00031855]
[0.00031855]
[0.00031855]
[0.00031855]
[0.00031855]
[0.00031855]
[0.00031855]
[0.00031855]
[0.00031855]
[0.00031855]
[0.00031855]
[0.00031855]
[0.00031855]
[0.00031855]
[0.00031855]
[0.00031855]
[0.00031855]
[0.00031855]
[0.00031855]
[0.00031855]
[0.00031855]
[0.00031855]
[0.00031855]
[0.00031855]
[0.00031855]
[0.00031855]
[0.00031855]
[0.00031855]
[0.00031855]
[0.00031855]
[0.00031855]
[0.00031855]
[0.00031855]
[0.00031855]
[0.00031855]
[0.00031855]
[0.00031855]
[0.00031855]
[0.00031855]
[0.00031855]
[0.00031855]
[0.00031855]
[0.00031855]
[0.00031855]
[0.00031855]
[0.00031855]
[0.00031855]
[0.00031855]
[0.00031855]
[0.00031855]
[0.00031855]
[0.00031855]
[0.00031855]
[0.00031855]
[0.00031855]
[0.00031855]
[0.00031855]
[0.00031855]
[0.00031855]
[0.00031855]
[0.00031855]
[0.00031855]
[0.00031855]
[0.00031855]
[0.00031855]
[0.00031855]
[0.00031855]
[0.00031855]
[0.00031855]
[0.00031855]
[0.00031855]
[0.00031855]
[0.00031855]
[0.00031855]
[0.00031855]
[0.00031855]
[0.00031855]
[0.00031855]
[0.00031855]
[0.00031855]
[0.00031855]
[0.00031855]
[0.00031855]
[0.00031855]
[0.00031855]
[0.00031855]
[0.00031855]
[0.00031855]
[0.00031855]
[0.00031855]
[0.00031855]
[0.00031855]
[0.00031855]
[0.00031855]
[0.00031855]
[0.00031855]
[0.00031855]
[0.00031855]
[0.00031855]
[0.00031855]
[0.00031855]
[0.00031855]
[0.00031855]
[0.00031855]
[0.00031855]
[0.00031855]
[0.00031855]
[0.00031855]
[0.00031855]
[0.00031855]
[0.00031855]
[0.00031855]
[0.00031855]
[0.00031855]
[0.00031855]
[0.00031855]
[0.00031855]
[0.00031855]
[0.00031855]
[0.00031855]
[0.00031855]
[0.00031855]
[0.00031855]
[0.00031855]
[0.00031855]
[0.00031855]
[0.00031855]
[0.00031855]
[0.00031855]
[0.00031855]
[0.00031855]
[0.00031855]
[0.00031855]
[0.00031855]
[0.00031855]
[0.00031855]
[0.00031855]
[0.00031855]
[0.00031855]
[0.00031855]
[0.00031855]
[0.00031855]
[0.00031855]
[0.00031855]
[0.00031855]
[0.00031855]
[0.00031855]
[0.00031855]
[0.00031855]
[0.00031855]
[0.00031855]
[0.00031855]
[0.00031855]
[0.00031855]
[0.00031855]
[0.00031855]
[0.00031855]
[0.00031855]
[0.00031855]
[0.00031855]
[0.00031855]
[0.00031855]
[0.00031855]
[0.00031855]
[0.00031855]
[0.00031855]
[0.00031855]
[0.00031855]
[0.00031855]
[0.00031855]
[0.00031855]
[0.00031855]
[0.00031855]
[0.00031855]
[0.00031855]
[0.00031855]
[0.00031855]
[0.00031739]
[0.00031735]
[0.00031735]
[0.00032153]
[0.00032153]
[0.00032001]
[0.00032001]
[0.00032001]
[0.0003178]
[0.00032153]
[0.00031959]
[0.00031928]
[0.00031928]
[0.00031928]
[0.00031928]
[0.00031928]
[0.00032171]
[0.00032171]
[0.00032171]
[0.00032171]
[0.00032171]
[0.0003199]
[0.00031915]
[0.00031958]
[0.00031958]
[0.00032368]
[0.00032368]
[0.00032368]
[0.00032368]
[0.00033678]
[0.00035385]
[0.00036925]
[0.00037476]
[0.00036925]
[0.0004004]
[0.00035105]
[0.00037139]
[0.0003572]
[0.00038869]
[0.00054456]
[0.00050172]
[0.00056029]
[0.00053274]
[0.00019988]
[0.00019988]
[0.00019988]
[0.00019988]
[0.00019988]
[0.00019988]
[0.00019988]
[0.00019988]
[0.00019973]
[0.00028706]
[0.00028706]
[0.00028706]
[0.00020574]
[0.00065434]
[0.00073071]
[0.00039665]
[0.00037002]
[0.00047803]
[0.0003877]
[0.00046881]
[0.0003527]
[0.00034731]
[0.00036142]
[0.00035388]
