[0.49441075]
[0.45052558]
[0.4661928]
[0.4661928]
[0.4444131]
[0.43977877]
[0.44996276]
[0.44296739]
[0.42007792]
[0.47981355]
[0.4577705]
[0.47596338]
[0.43828884]
[0.4438758]
[0.4367356]
[0.44578725]
[0.47669154]
[0.47669154]
[0.45076418]
[0.41925317]
[0.4221725]
[0.440019]
[0.440019]
[0.440019]
[0.44755664]
[0.45116177]
[0.48214474]
[0.470334]
[0.43138725]
[0.48322004]
[0.44314036]
[0.44314036]
[0.42147386]
[0.44145164]
[0.41607773]
[0.41607773]
[0.43962234]
[0.43962234]
[0.43962234]
[0.4800105]
[0.46409917]
[0.4695151]
[0.4134208]
[0.4134208]
[0.43989137]
[0.4569297]
[0.43470174]
[0.45625344]
[0.43551013]
[0.49461883]
[0.44510144]
[0.4734242]
[0.41404495]
[0.41404495]
[0.41404495]
[0.41404495]
[0.41404495]
[0.406103]
[0.43207148]
[0.44510144]
[0.5228824]
[0.46735266]
[0.49501154]
[0.49501154]
[0.42000824]
[0.42000824]
[0.42000824]
[0.42000824]
[0.42000824]
[0.42000824]
[0.42000824]
[0.42000824]
[0.42000824]
[0.42000824]
[0.41026583]
[0.43551213]
[0.47329262]
[0.44748685]
[0.42028645]
[0.46938887]
[0.478822]
[0.4630634]
[0.42858782]
[0.40985605]
[0.4682945]
[0.39978263]
[0.39978263]
[0.39978263]
[0.39978263]
[0.3956661]
[0.3956661]
[0.3956661]
[0.3956661]
[0.46098992]
[0.49286687]
[0.4646863]
[0.46082512]
[0.4709999]
[0.39630407]
[0.4381583]
[0.4569607]
[0.41394144]
[0.41394144]
[0.5122169]
[0.4261928]
[0.41394144]
[0.44455874]
[0.45716748]
[0.43625972]
[0.38524777]
[0.38524777]
[0.38524777]
[0.38524777]
[0.38524777]
[0.38524777]
[0.38524777]
[0.38524777]
[0.38524777]
[0.38524777]
[0.42586076]
[0.46668112]
[0.45476717]
[0.4612649]
[0.41877308]
[0.41877308]
[0.41877308]
[0.42891917]
[0.45459086]
[0.4411578]
[0.42309704]
[0.44781795]
[0.4481973]
[0.4642308]
[0.42311114]
[0.41646364]
[0.48007903]
[0.44781795]
[0.4564423]
[0.45855185]
[0.42482284]
[0.41920948]
[0.47039825]
[0.38832173]
[0.38832173]
[0.38832173]
[0.38832173]
[0.3860855]
[0.41556355]
[0.4263049]
[0.41983676]
[0.41983676]
[0.4228384]
[0.494199]
[0.42512375]
[0.42512375]
[0.48176688]
[0.40249166]
[0.40466708]
[0.5225768]
[0.4544411]
[0.39529905]
[0.42429537]
[0.49844772]
[0.46658275]
[0.42855275]
[0.43747494]
[0.42659846]
[0.41035643]
[0.41035643]
[0.41035643]
[0.43954536]
[0.4463522]
[0.46233213]
[0.4409513]
[0.44343972]
[0.49603474]
[0.41376236]
[0.41376236]
[0.41376236]
[0.40291253]
[0.41915607]
[0.416166]
[0.38191772]
[0.38191772]
[0.38191772]
[0.38191772]
[0.43814123]
[0.49223605]
[0.41033468]
[0.41033468]
[0.41031513]
[0.41031513]
[0.411614]
[0.41914237]
[0.37466913]
[0.4292384]
[0.4209287]
[0.44258696]
[0.44258696]
[0.47575536]
[0.48299974]
[0.4072053]
[0.39071193]
[0.42610577]
[0.43478698]
[0.40426922]
[0.4042692]
[0.4042692]
[0.4042692]
[0.4042692]
[0.4042692]
[0.39642745]
[0.39642745]
[0.39642745]
[0.39642745]
[0.39772078]
[0.39772078]
[0.4262688]
[0.39930853]
[0.39930853]
[0.4422587]
[0.4308504]
[0.4422049]
[0.3932425]
[0.41796643]
[0.41796643]
[0.424768]
[0.43638813]
[0.4118917]
[0.4261557]
[0.4263921]
[0.442226]
[0.465543]
[0.41163456]
[0.40736234]
[0.3899606]
[0.40176827]
[0.40304202]
[0.48848474]
[0.42205673]
[0.41929007]
[0.37778443]
[0.42894554]
[0.41786525]
[0.38976586]
[0.3682386]
[0.3682386]
[0.3682386]
[0.3682386]
[0.3682386]
[0.40131617]
[0.40131617]
[0.42043483]
[0.42043483]
[0.41314676]
[0.4394437]
[0.45132816]
[0.44298604]
[0.39713252]
[0.39317554]
[0.39789307]
[0.3929025]
[0.3929025]
[0.40555325]
[0.45125774]
[0.365234]
[0.365234]
[0.365234]
[0.365234]
[0.365234]
[0.365234]
[0.46217564]
[0.40589347]
[0.3973239]
[0.41309696]
[0.39534578]
[0.39220735]
[0.42388707]
[0.42388707]
[0.42714977]
[0.37101677]
[0.38701925]
[0.38701925]
[0.3971631]
[0.39688444]
[0.40350235]
[0.40234452]
[0.4032873]
[0.37682283]
[0.37682283]
[0.37682283]
[0.37682283]
[0.41199765]
[0.38757592]
[0.41464245]
[0.48797014]
[0.4075815]
[0.4075815]
[0.4343333]
[0.4094764]
[0.41631436]
[0.44635692]
[0.44274065]
[0.41492826]
[0.38217553]
[0.3741614]
[0.3741614]
[0.40939614]
[0.39459997]
[0.39459997]
[0.39459997]
[0.39459997]
[0.35557595]
[0.35557595]
[0.35557595]
[0.35557595]
[0.35557595]
[0.35557595]
[0.3883225]
[0.39508036]
[0.4007583]
[0.41819048]
[0.3734538]
[0.37561747]
[0.37561747]
[0.38873893]
[0.3818841]
[0.46084425]
[0.38180208]
[0.36300486]
[0.41515106]
[0.37473938]
[0.45723975]
[0.34931207]
[0.4009736]
[0.42444625]
[0.4009736]
[0.45598826]
[0.4413377]
[0.38216156]
[0.3652866]
[0.38536888]
[0.36346322]
[0.38357106]
[0.45171043]
[0.412972]
[0.43636835]
[0.34768376]
[0.41314846]
[0.42048973]
[0.42027608]
[0.43257344]
[0.37052816]
[0.39453194]
[0.41471717]
[0.38707468]
[0.40593737]
[0.38021868]
[0.3742795]
[0.3897722]
[0.4295965]
[0.403532]
[0.44128448]
[0.40875167]
[0.39762416]
[0.40875167]
[0.39956287]
[0.3734291]
[0.4230502]
[0.35902023]
[0.3987303]
[0.3927143]
[0.41713855]
[0.42061132]
[0.39661923]
[0.41127232]
[0.3937563]
[0.37607694]
[0.37607694]
[0.4374695]
[0.42818183]
[0.39677382]
[0.37254077]
[0.34689212]
[0.40587056]
[0.38625625]
[0.37684914]
[0.37082732]
[0.39974716]
[0.37901118]
[0.42257196]
[0.37319797]
[0.41019928]
[0.37497428]
[0.39245078]
[0.40267366]
[0.4194486]
[0.37831149]
[0.35840368]
[0.36590818]
[0.36590818]
[0.36590818]
[0.37233692]
[0.36724865]
[0.36441186]
[0.39558095]
[0.39786515]
[0.3795806]
[0.36894336]
[0.34913173]
[0.3574486]
[0.3574486]
[0.36533204]
[0.37738252]
[0.34136668]
[0.3698399]
[0.4186902]
[0.3974599]
[0.35892445]
[0.3708565]
[0.38773155]
[0.36294895]
[0.37982628]
[0.36057645]
[0.39074644]
[0.3568781]
[0.3969905]
[0.36526376]
[0.4702166]
[0.38171312]
[0.3424802]
[0.355244]
[0.36883345]
[0.40125218]
[0.35813034]
[0.3652519]
[0.3558677]
[0.39130598]
[0.41495553]
[0.34632614]
[0.3468936]
[0.35764617]
[0.39080232]
[0.34562021]
[0.34562021]
[0.34562021]
[0.42664617]
[0.36872718]
[0.40036827]
[0.37768957]
[0.36181298]
[0.39510322]
[0.47903588]
[0.37495318]
[0.33716705]
[0.43627152]
[0.3757291]
[0.4394417]
[0.334605]
[0.33475143]
[0.41882372]
[0.3553397]
[0.36162686]
[0.44982642]
[0.3953046]
[0.33493027]
[0.33493027]
[0.33622786]
[0.33622786]
[0.3298987]
[0.4271357]
[0.34794563]
[0.43217668]
[0.45766672]
[0.39461178]
[0.41731495]
[0.38951415]
[0.34322864]
[0.38407668]
[0.36927432]
[0.42789668]
[0.38147277]
[0.47045365]
[0.465156]
[0.3961398]
[0.446043]
[0.4040359]
[0.44695392]
[0.4130163]
[0.4130163]
[0.42190543]
[0.4434569]
[0.36966366]
[0.417089]
[0.45619035]
[0.41122997]
[0.41122997]
[0.38927993]
[0.38927993]
[0.4413899]
