[0.11121267]
[0.1107334]
[0.11151214]
[0.11100791]
[0.11647785]
[0.11143751]
[0.11143751]
[0.11143751]
[0.11143751]
[0.11143751]
[0.11143751]
[0.11143751]
[0.11576106]
[0.11327702]
[0.11225227]
[0.11225227]
[0.11224027]
[0.11211427]
[0.11211427]
[0.11169615]
[0.11726951]
[0.11086883]
[0.11164004]
[0.11223061]
[0.1122556]
[0.1110975]
[0.1110975]
[0.1110975]
[0.1110975]
[0.11217266]
[0.11141076]
[0.11594678]
[0.11078023]
[0.11256085]
[0.11404906]
[0.111045]
[0.111045]
[0.1150953]
[0.1150953]
[0.11223008]
[0.11227307]
[0.11225427]
[0.11204588]
[0.11204588]
[0.11139149]
[0.11534845]
[0.11204162]
[0.11827447]
[0.11397853]
[0.12257285]
[0.11384844]
[0.11153147]
[0.11156638]
[0.1120306]
[0.1120306]
[0.1120306]
[0.1120306]
[0.1120306]
[0.1120306]
[0.11208906]
[0.11208906]
[0.11762705]
[0.11550123]
[0.12101041]
[0.11448805]
[0.11448805]
[0.11448805]
[0.11448805]
[0.11448805]
[0.11208341]
[0.11238651]
[0.11311629]
[0.12093376]
[0.12113159]
[0.12113159]
[0.11423341]
[0.11202546]
[0.11202546]
[0.11158799]
[0.11158799]
[0.11410785]
[0.11820036]
[0.11105584]
[0.12478695]
[0.11404996]
[0.11404996]
[0.11404996]
[0.11404996]
[0.11404996]
[0.11404996]
[0.11127114]
[0.11454444]
[0.11152297]
[0.11152297]
[0.11146241]
[0.11146241]
[0.11131877]
[0.11131877]
[0.11131877]
[0.11131877]
[0.11980965]
[0.11357623]
[0.11129019]
[0.1142655]
[0.11132349]
[0.11099429]
[0.11153828]
[0.11526727]
[0.11526727]
[0.11909775]
[0.11392734]
[0.11392734]
[0.11605507]
[0.11605507]
[0.11349748]
[0.11349748]
[0.1149967]
[0.11086857]
[0.11349572]
[0.11349572]
[0.11389644]
[0.11153612]
[0.11374798]
[0.12406473]
[0.11220985]
[0.11137872]
[0.11508985]
[0.11508985]
[0.11239048]
[0.11269809]
[0.16300425]
[0.11189189]
[0.11109892]
[0.11262517]
[0.11262517]
[0.12963685]
[0.11416855]
[0.11369375]
[0.11369375]
[0.11430025]
[0.11251088]
[0.11185109]
[0.11185109]
[0.11138155]
[0.11543968]
[0.11147742]
[0.11357003]
[0.1125437]
[0.11410318]
[0.11410318]
[0.11274385]
[0.11124578]
[0.11326712]
[0.11587881]
[0.11587881]
[0.11144763]
[0.11362319]
[0.11362319]
[0.11362319]
[0.11362319]
[0.11362319]
[0.11362319]
[0.11362319]
[0.11463712]
[0.11237042]
[0.11128496]
[0.11128496]
[0.11128496]
[0.11128496]
[0.11128496]
[0.12415331]
[0.11166467]
[0.11166467]
[0.11870268]
[0.11575679]
[0.12034474]
[0.11138995]
[0.11138995]
[0.11138995]
[0.11575682]
[0.1286955]
[0.11554109]
[0.11713216]
[0.1142445]
[0.11330261]
[0.11330261]
[0.11330261]
[0.12291051]
[0.11643811]
[0.1225767]
[0.1117445]
[0.1148921]
[0.11740166]
[0.14126065]
[0.11394987]
[0.12244169]
[0.11326078]
[0.11326078]
[0.11326078]
[0.11326078]
[0.11326078]
[0.11326078]
[0.33875144]
[0.11306845]
[0.13007124]
[0.12381673]
[0.11459622]
[0.11373028]
[0.11373028]
[0.11373028]
[0.11373028]
[0.11373028]
[0.11373028]
[0.11137988]
[0.11796606]
[0.1199439]
[0.11329867]
[0.11392043]
[0.12380566]
[0.12384852]
[0.12277401]
[0.12277401]
[0.12277401]
[0.12277401]
[0.11569462]
[0.11206677]
[0.11206677]
[0.11206677]
[0.11206677]
[0.1135282]
[0.1152431]
[0.1127113]
[0.11361143]
[0.1120632]
[0.11339705]
[0.1129556]
[0.12173007]
[0.12349164]
[0.13005003]
[0.14021282]
[0.1113856]
[0.11184555]
[0.11931655]
[0.11089155]
[0.11194353]
[0.13573217]
[0.11388814]
[0.11564667]
[0.12865289]
[0.11733742]
[0.11385491]
[0.12735572]
[0.12735572]
[0.12194083]
[0.12222009]
[0.1136436]
[0.1124403]
[0.11169451]
[0.11634164]
[0.11131765]
[0.11185688]
[0.11574952]
[0.11744352]
[0.11637343]
[0.11584103]
[0.1328946]
[0.11420669]
[0.11707439]
[0.15103546]
[0.1122326]
[0.1119828]
[0.12371444]
[0.19857427]
[0.14676511]
[0.11268699]
[0.15649842]
[0.12209232]
[0.11226249]
[0.11792899]
[0.11730941]
[0.11345939]
[0.11765235]
[0.11326773]
[0.13992967]
[0.12109403]
[0.16514778]
[0.11208422]
[0.11223377]
[0.11252851]
[0.11236187]
[0.11984894]
[0.15674956]
[0.12593526]
[0.11707921]
[0.11817338]
[0.11785829]
[0.11654457]
[0.11205763]
[0.11299108]
[0.11430865]
[0.11444471]
[0.12647566]
[0.12936062]
[0.1500302]
[0.12096401]
[0.29555988]
[0.13543278]
[0.16188268]
[0.11890232]
[0.11141285]
[0.11139659]
[0.15005437]
[0.11762331]
[0.12561789]
[0.11300002]
[0.11646776]
[0.1861301]
[0.12242271]
[0.11246905]
[0.11230098]
[0.13992777]
[0.11416639]
[0.13168445]
[0.11619718]
[0.11117508]
[0.12181802]
[0.12052437]
[0.11363059]
[0.11205615]
[0.1499191]
[0.11200061]
[0.17618223]
[0.17618223]
[0.11195778]
[0.22579552]
[0.1116606]
[0.11353903]
[0.14616434]
[0.11913871]
[0.1233741]
[0.11323614]
[0.276511]
[0.11262325]
[0.1300229]
[0.11395779]
[0.17286628]
[0.11580121]
[0.11703317]
[0.13570864]
[0.11978302]
[0.1392851]
[0.17689611]
[0.12084257]
[0.11108509]
[0.14646707]
[0.14646707]
[0.11983483]
[0.11435235]
[0.11435235]
[0.11435235]
[0.1137765]
[0.11529324]
[0.14142309]
[0.15297334]
[0.12038478]
[0.11236623]
[0.11230642]
[0.1132528]
[0.14952372]
[0.11791843]
[0.11831022]
[0.11818065]
[0.12011556]
[0.11845883]
[0.11229087]
[0.11926957]
[0.13637093]
[0.11457468]
[0.11541218]
[0.14129022]
[0.12034345]
[0.1277764]
[0.16030598]
[0.1129137]
[0.122909]
[0.1344672]
[0.15736379]
[0.14362408]
[0.11320579]
[0.11235961]
[0.11226919]
[0.12328423]
[0.11180258]
[0.156145]
[0.11890283]
[0.1251385]
[0.12471189]
[0.11853899]
[0.1938475]
[0.1348922]
[0.1204542]
[0.11132833]
[0.19338088]
[0.1515816]
[0.17299518]
[0.13478369]
[0.13263588]
[0.15358974]
[0.1908598]
[0.11103849]
[0.13479365]
[0.11060824]
[0.13000695]
[0.13662311]
[0.11262249]
[0.11530349]
[0.1422656]
[0.11663563]
[0.1262698]
[0.11726399]
[0.16747536]
[0.11675817]
[0.23783004]
[0.11713704]
[0.12176671]
[0.14643314]
[0.2781994]
[0.3342682]
[0.12925403]
[0.11582815]
[0.19239448]
[0.49756822]
[0.11926866]
[0.2044318]
[0.14200626]
[0.62272584]
[0.11259783]
[0.23144086]
[0.23144086]
[0.1182872]
[0.8147579]
[0.12685683]
[0.11394966]
[0.17636745]
[0.16401878]
[0.21038352]
[0.14747712]
[0.14747712]
[0.72514516]
[0.6015053]
[0.78035104]
[0.1265519]
[0.12080807]
[0.11128153]
[0.1210982]
[0.11560225]
[0.11329292]
[0.11503669]
[0.1548564]
[0.11318044]
[0.11449069]
[0.1252963]
[0.28634992]
[0.11625451]
[0.11187439]
[0.11328713]
[0.12670822]
[0.1130157]
[0.11173635]
[0.11547464]
[0.11351348]
[0.11317688]
[0.1114965]
[0.11376874]
[0.11193321]
[0.11486898]
[0.11305119]
[0.11565114]
[0.1461301]
[0.15021247]
[0.11184603]
[0.11394152]
[0.11286307]
[0.11504445]
[0.16925406]
[0.11862195]
[0.11175725]
[0.11698781]
[0.12323482]
[0.12937628]
[0.1129848]
[0.111904]
[0.11227003]
[0.11161692]
[0.1409056]
[0.11438959]
[0.11166866]
[0.11359464]
[0.12802124]
[0.11364388]
