3.844265452025204
3.844265452025204
3.844265452025204
3.8794801865843445
4.049220512334483
2.760651943256887
3.5707482695303288
4.00855402616735
3.8550543114416502
3.8550543114416502
3.8550543114416502
3.8550543114416502
3.8550543114416502
3.8550543114416502
3.8550543114416502
3.8550543114416502
3.8550543114416502
2.9041927184683605
2.9041927184683605
2.9041927184683605
2.696242920897511
2.696242920897511
2.696242920897511
2.696242920897511
2.696242920897511
2.653515610191185
2.653515610191185
2.653515610191185
2.653515610191185
2.653515610191185
2.653515610191185
2.653515610191185
2.467558522021923
4.029224603218838
5.0336034623500305
2.4417335589091334
4.26551452803093
3.830388356226056
3.830388356226056
3.830388356226056
4.305239660047278
4.305239660047278
4.305239660047278
4.305239660047278
2.794562917626317
3.8476336541457137
3.8476336541457137
3.8476336541457137
2.8900684121318125
2.8900684121318125
3.0859428512014
3.5775917310687895
3.5775917310687895
3.5775917310687895
3.5775917310687895
3.5775917310687895
3.5775917310687895
2.834277535211596
4.416874275431892
5.041743462350031
2.5606282772879663
2.5606282772879663
3.5408674605822963
3.5408674605822963
4.476352595293237
2.774115928124477
2.774115928124477
2.774115928124477
2.774115928124477
2.774115928124477
2.774115928124477
2.774115928124477
2.774115928124477
2.774115928124477
2.774115928124477
2.774115928124477
2.774115928124477
2.774115928124477
2.774115928124477
2.774115928124477
2.774115928124477
3.4182897477193013
3.4182897477193013
3.4182897477193013
3.4182897477193013
3.4182897477193013
3.4182897477193013
3.4182897477193013
3.4182897477193013
3.4182897477193013
3.4182897477193013
3.4182897477193013
3.4182897477193013
3.4182897477193013
3.4182897477193013
3.4182897477193013
3.4182897477193013
2.505275309561478
2.9751846213023683
2.4184276175739168
2.4184276175739168
2.4184276175739168
2.4184276175739168
2.4184276175739168
2.4184276175739168
2.4184276175739168
2.4184276175739168
2.4184276175739168
2.4184276175739168
2.4184276175739168
2.4184276175739168
2.4184276175739168
2.4184276175739168
2.8136508297142306
3.4956585958452226
2.5768963621930574
2.9634136204321706
3.6210613453524374
3.6210613453524374
3.6210613453524374
3.6210613453524374
3.6210613453524374
3.6210613453524374
3.6210613453524374
3.6210613453524374
3.6210613453524374
3.7315863326205037
3.8083789532910135
2.1415415818405563
2.1415415818405563
2.1415415818405563
4.330252298126003
2.826474218249791
2.826474218249791
2.826474218249791
2.826474218249791
2.826474218249791
2.826474218249791
2.826474218249791
2.826474218249791
4.502077109661268
3.4235619618658983
3.9903445432566036
3.0529662347318487
3.0529662347318487
3.0529662347318487
4.288603506201125
3.1320768359108966
2.781039005047555
2.7332386871142607
2.8048105435090918
3.3842878542281767
3.3254857687654553
3.3254857687654553
3.3254857687654553
3.3254857687654553
3.3254857687654553
3.3254857687654553
3.3254857687654553
3.3254857687654553
3.3254857687654553
3.3254857687654553
3.3254857687654553
3.6094439912886678
2.776314985674839
2.6432106948703833
4.667249147973834
3.9979979739655027
2.5414907017662767
3.113035207260781
3.441470815921164
4.625006382945526
4.056321830376948
2.6744372808025787
2.6744372808025787
2.6744372808025787
2.6744372808025787
2.6744372808025787
3.251238229813067
3.251238229813067
3.251238229813067
3.251238229813067
3.251238229813067
3.251238229813067
3.251238229813067
3.251238229813067
3.251238229813067
3.251238229813067
3.251238229813067
3.251238229813067
3.251238229813067
3.251238229813067
3.251238229813067
3.251238229813067
3.251238229813067
3.251238229813067
3.251238229813067
3.251238229813067
3.251238229813067
3.8640831182996065
3.578184669864358
3.518971336460538
3.518971336460538
3.4754176368973244
3.4754176368973244
3.4754176368973244
3.4754176368973244
3.4754176368973244
3.735374764820575
4.249051531260722
2.841558235816784
3.566968732249852
3.566968732249852
3.566968732249852
3.566968732249852
4.077217063428158
2.775448498913761
3.396487966567655
4.43469109912224
4.160516538761099
3.455522564172913
3.882962081970631
3.410690537505374
3.410690537505374
3.410690537505374
3.4267124696127915
3.4267124696127915
3.4267124696127915
3.4267124696127915
3.4267124696127915
3.4267124696127915
3.4267124696127915
3.4267124696127915
3.4267124696127915
3.4267124696127915
3.4267124696127915
3.4267124696127915
3.4267124696127915
3.4267124696127915
3.4267124696127915
3.4267124696127915
3.4267124696127915
3.4267124696127915
3.4267124696127915
3.4267124696127915
3.4267124696127915
3.4267124696127915
4.304704746764921
4.222245190995833
4.222245190995833
4.222245190995833
4.222245190995833
4.222245190995833
4.222245190995833
4.222245190995833
4.222245190995833
4.222245190995833
4.222245190995833
4.222245190995833
4.222245190995833
4.222245190995833
4.222245190995833
4.222245190995833
3.0500682550291938
3.6617417977876077
3.6617417977876077
3.6617417977876077
3.6617417977876077
3.6617417977876077
3.6617417977876077
3.6617417977876077
4.380137492661635
2.1616268250976223
4.352166528231974
4.2537878186068765
4.39918624395993
3.5777106760610256
1.7957376733843393
2.2448104732432714
2.2448104732432714
2.2448104732432714
4.487192587955986
3.5700136144284524
1.7997316876769052
1.7997316876769052
1.7997316876769052
3.3107541264175264
3.39695601990865
3.7833824720621596
4.292092381840252
4.7751562357984225
3.8567573144737857
3.8567573144737857
3.6200506039302915
3.40015592212076
3.0268672123954863
4.366181038945859
3.8969626620462936
3.5333540717296454
4.276789887530376
4.38588078100913
4.273058483546501
4.095725758632952
4.095725758632952
4.095725758632952
3.6172440105236987
5.089682321050757
4.732736696050757
3.2324705248950343
3.2324705248950343
3.5679020819706313
3.820715791073381
3.6542048642173484
3.463992035417272
3.960849005047554
4.310972433991491
2.653112999468574
2.653112999468574
2.653112999468574
3.7761351182996075
3.6507597990760994
4.350414032738191
4.350414032738191
3.467237347495331
3.467237347495331
3.7948391470397898
4.222666449216289
4.345495069345565
4.3530839272595685
3.836820918666729
3.082526176792453
3.082526176792453
2.5750280644036376
4.489102017236385
2.8362505918761656
4.422551312739862
3.2130361762634347
4.5376707517277
4.250972379827498
4.251027115684175
3.318680537505375
4.601730778890994
4.30922435598131
3.8341645592644156
3.6451184738874156
3.6451184738874156
3.6451184738874156
3.6451184738874156
3.6451184738874156
4.644918316860247
4.74128509841762
3.8931328332197275
3.8931328332197275
3.8931328332197275
4.365233579838067
4.511675027074144
3.662862216078995
3.6756408761286217
4.002605630556272
3.777418822499069
3.785059851071326
3.589118735798422
4.57632672909269
3.6458811906210915
4.1105154223271665
4.10274958043548
4.7517300029551786
4.464390904195553
3.5825042854956317
3.9812048216086975
4.45708672828666
3.6039814093521905
4.580693088805002
4.087574080493025
4.381048016108366
4.999527146872761
2.9782815034059826
4.609454919816946
4.515637354664689
2.4186919536092013
4.1351735351540055
3.7136513067361436
4.433971167837644
3.906712559229031
3.1654717625135955
3.679335928124477
4.690028937520799
2.7843503396660907
3.9370114045240348
3.018350970307523
3.693251288470364
4.8638721150803415
3.975892487905961
5.053883706212624
4.764132700295465
3.616195425991914
4.038104478856186
4.179216769320462
4.170790181606653
4.1799332136276846
3.0437023492943887
4.069301085191029
4.09416208197063
3.460692350117924
3.777658009458584
3.4895447393288563
4.203369044160983
3.9558755681809323
4.636807700027472
4.338520742351703
4.439395604187466
4.250106664719285
4.9779790908280095
4.512342499461504
3.6135302564806047
3.0398693666755143
3.9000782358167845
3.0784226802889565
4.740864588505548
3.899857029392561
2.866330905137051
4.89300322076409
3.8860140534146277
4.6194429190755
3.3197263549229064
4.534381299702052
3.5542056626783047
4.390113366241639
5.193364845067608
1.2041510841486325
1.2041510841486325
4.9456097221270845
5.036000176021582
5.00995245451051
2.567504612827875
5.541344231026332
3.7117019917913936
3.8580000413765303
4.1064890015796705
5.2965883190063145
3.847006822478182
5.1871747648205755
5.505547075525101
4.907044939335713
2.5828215644777117
3.9709059221207585
4.119962962841493
4.188523396067781
3.8227217651032372
4.091449274346521
3.885865592962288
1.1952146240212116
1.1952146240212116
3.4979482304828666
1.540953085559675
1.540953085559675
1.540953085559675
5.455639661350537
4.823867619173113
5.8834306303075845
3.511958776456326
5.239910185484513
1.0
6.31429444976879
3.0620461229570584
4.797473805383502
4.019332506139095
3.113835482880079
3.5814627018149894
3.989804963042297
4.950156934703629
3.8836488175169297
3.7020997790553922
3.785772423250368
4.186869802406706
3.982157142649003
4.9279920867476985
2.8964450915419846
4.01979868818016
5.883705863961777
4.355753815698749
4.307253832625693
4.110124778191054
6.173004037849736
3.5703310576665626
5.143975598183748
5.155776691351528
3.3034712452131068
5.581597803560014
4.1188058813668995
6.564553829957646
4.78822465404356
5.513325103421079
5.562263633645414
4.065026485076954
5.10229962504426
6.863690637605214
6.638575230172925
6.5658722053534335
6.6462353664458895
