[0.39927876]
[0.43015257]
[0.43015257]
[0.43015257]
[0.40716544]
[0.40716544]
[0.40716544]
[0.40716544]
[0.40716544]
[0.40716544]
[0.40716544]
[0.40716544]
[0.40716544]
[0.40716544]
[0.40716544]
[0.40716544]
[0.40716544]
[0.4070158]
[0.35757664]
[0.35757664]
[0.35757664]
[0.5846379]
[0.4073091]
[0.4073091]
[0.3980609]
[0.6829714]
[0.56789184]
[0.56789184]
[0.56789184]
[0.56789184]
[0.56789184]
[0.56789184]
[0.56789184]
[0.56789184]
[0.56789184]
[0.56789184]
[0.56789184]
[0.56789184]
[0.56789184]
[0.56789184]
[0.56789184]
[0.56789184]
[0.56789184]
[0.56789184]
[0.56789184]
[0.56789184]
[0.56789184]
[0.56789184]
[0.56789184]
[0.56789184]
[0.56789184]
[0.56789184]
[0.56789184]
[0.56789184]
[0.56789184]
[0.56789184]
[0.56789184]
[0.56789184]
[0.56789184]
[0.56789184]
[0.56789184]
[0.56789184]
[0.56789184]
[0.56789184]
[0.56789184]
[0.56789184]
[0.56789184]
[0.56789184]
[0.56789184]
[0.56789184]
[0.56789184]
[0.56789184]
[0.56789184]
[0.56789184]
[0.56789184]
[0.4070193]
[0.46152472]
[0.53528464]
[0.53528464]
[0.4435675]
[0.4245744]
[0.49803022]
[0.30611387]
[0.35345405]
[0.39029977]
[0.3897535]
[0.3897535]
[0.3897535]
[0.3897535]
[0.3897535]
[0.3897535]
[0.3897535]
[0.3897535]
[0.3897535]
[0.3897535]
[0.3897535]
[0.3897535]
[0.3897535]
[0.3897535]
[0.3897535]
[0.3897535]
[0.52202576]
[0.39916548]
[0.46688902]
[0.46688902]
[0.46688902]
[0.46688902]
[0.46688902]
[0.46688902]
[0.46688902]
[0.46688902]
[0.46688902]
[0.46688902]
[0.46688902]
[0.46688902]
[0.46688902]
[0.46688902]
[0.46688902]
[0.46688902]
[0.46688902]
[0.46688902]
[0.46688902]
[0.46688902]
[0.46688902]
[0.46688902]
[0.46688902]
[0.46688902]
[0.46688902]
[0.46688902]
[0.46688902]
[0.46688902]
[0.46688902]
[0.46688902]
[0.46688902]
[0.46688902]
[0.46688902]
[0.46688902]
[0.46688902]
[0.46688902]
[0.46688902]
[0.46688902]
[0.46688902]
[0.46688902]
[0.46688902]
[0.46688902]
[0.46688902]
[0.46688902]
[0.46688902]
[0.46688902]
[0.46688902]
[0.46688902]
[0.46688902]
[0.46688902]
[0.46688902]
[0.46688902]
[0.46688902]
[0.46688902]
[0.46688902]
[0.46688902]
[0.46688902]
[0.46688902]
[0.46688902]
[0.46688902]
[0.46688902]
[0.46688902]
[0.46688902]
[0.46688902]
[0.46688902]
[0.46688902]
[0.46688902]
[0.46688902]
[0.46688902]
[0.46688902]
[0.46688902]
[0.46688902]
[0.46688902]
[0.46688902]
[0.46688902]
[0.46688902]
[0.46688902]
[0.46688902]
[0.46688902]
[0.46688902]
[0.46688902]
[0.46688902]
[0.46688902]
[0.46688902]
[0.46688902]
[0.46688902]
[0.46688902]
[0.46688902]
[0.46688902]
[0.46688902]
[0.46688902]
[0.46688902]
[0.46688902]
[0.46688902]
[0.46688902]
[0.46688902]
[0.46688902]
[0.46688902]
[0.46688902]
[0.46688902]
[0.46688902]
[0.46688902]
[0.46688902]
[0.46688902]
[0.46688902]
[0.46688902]
[0.46688902]
[0.46688902]
[0.46688902]
[0.46688902]
[0.46688902]
[0.46688902]
[0.46688902]
[0.46688902]
[0.46688902]
[0.46688902]
[0.46688902]
[0.46688902]
[0.37097776]
[0.4653334]
[0.5015409]
[0.5015409]
[0.5015409]
[0.37377888]
[0.37377888]
[0.37377888]
[0.37377888]
[0.37661916]
[0.48525342]
[0.48525342]
[0.48525342]
[0.48525342]
[0.48525342]
[0.5278846]
[0.41067377]
[0.4204139]
[0.48664847]
[0.38215432]
[0.42265108]
[0.44750106]
[0.44750106]
[0.5391835]
[0.53457177]
[0.53457177]
[0.3766448]
[0.48243836]
[0.38046712]
[0.36346558]
[0.44181985]
[0.35992396]
[0.35992396]
[0.473183]
[0.45634446]
[0.45634446]
[0.45634446]
[0.45634446]
[0.45634446]
[0.45634446]
[0.45634446]
[0.45634446]
[0.3257683]
[0.36922193]
[0.41061413]
[0.4925482]
[0.4925482]
[0.4925482]
[0.4925482]
[0.40817538]
[0.40131152]
[0.4754748]
[0.4754748]
[0.4754748]
[0.45632467]
[0.630965]
[0.630965]
[0.630965]
[0.630965]
[0.630965]
[0.630965]
[0.630965]
[0.630965]
[0.630965]
[0.630965]
[0.47767395]
[0.4865081]
[0.4790351]
[0.4790351]
[0.4790351]
[0.4790351]
[0.4790351]
[0.4790351]
[0.38883802]
[0.38396144]
[0.38396144]
[0.38396144]
[0.38396144]
[0.40298754]
[0.40298754]
[0.40298754]
[0.40298754]
[0.3870536]
[0.39892188]
[0.40841106]
[0.48573104]
[0.49172777]
[0.32496274]
[0.5222972]
[0.5259409]
[0.3532856]
[0.39508677]
[0.47634313]
[0.47634313]
[0.47634313]
[0.49271572]
[0.49271572]
[0.49271572]
[0.47792628]
[0.5410865]
[0.4021541]
[0.5323147]
[0.5492077]
[0.518859]
[0.445805]
[0.445805]
[0.5166304]
[0.5166304]
[0.5166304]
[0.5166304]
[0.41480672]
[0.41480672]
[0.37250593]
[0.5889725]
[0.3536669]
[0.43627143]
[0.43627143]
[0.43627143]
[0.43627143]
[0.43627143]
[0.50066674]
[0.37519264]
[0.40141135]
[0.40141135]
[0.46483266]
[0.46483266]
[0.34915954]
[0.5297515]
[0.38276714]
[0.32559976]
[0.49270222]
[0.3868884]
[0.3868884]
[0.3868884]
[0.5998155]
[0.5998155]
[0.5998155]
[0.3264336]
[0.3264336]
[0.3264336]
[0.37080008]
[0.37210009]
[0.45243597]
[0.45293856]
[0.32760292]
[0.34093127]
[0.6398272]
[0.6398272]
[0.6398272]
[0.44425246]
[0.34012005]
[0.34012005]
[0.34012005]
[0.34012005]
[0.34012005]
[0.34012005]
[0.34012005]
[0.34012005]
[0.34012005]
[0.34012005]
[0.34012005]
[0.36480775]
[0.49757317]
[0.3447716]
[0.35652637]
[0.5089284]
[0.3263142]
[0.53587633]
[0.40930045]
[0.49226862]
[0.5544338]
[0.429356]
[0.3342603]
[0.38453203]
[0.52218264]
[0.462653]
[0.3350201]
[0.4008741]
[0.505947]
[0.3688868]
[0.3688868]
[0.41915128]
[0.45640877]
[0.38011366]
[0.45888478]
[0.53433543]
[0.36094236]
[0.3223064]
[0.5130838]
[0.45060816]
[0.3327307]
[0.3327307]
[0.60274494]
[0.3769528]
[0.38414857]
[0.3388142]
[0.3302325]
[0.5067084]
[0.38349348]
[0.55487454]
[0.55487454]
[0.55487454]
[0.55487454]
[0.55487454]
[0.34089497]
[0.39094883]
[0.47490382]
[0.41306]
[0.51334614]
[0.3498645]
[0.3001922]
[0.47134435]
[0.3542646]
[0.44181412]
[0.35016713]
[0.3046676]
[0.44641978]
[0.49076328]
[0.44751978]
[0.44751978]
[0.44751978]
[0.44751978]
[0.44751978]
[0.34154898]
[0.60773784]
[0.34810358]
[0.3553877]
[0.52786195]
[0.3410017]
[0.34690878]
[0.39032626]
[0.39645565]
[0.2950714]
[0.48296905]
[0.4966654]
[0.34414232]
[0.31943658]
[0.31943658]
[0.3445216]
[0.28242314]
[0.28242314]
[0.48470286]
[0.49299246]
[0.38566625]
[0.38437396]
[0.31491125]
[0.46737963]
[0.38447437]
[0.4539035]
[0.30165887]
[0.3455188]
[0.31446776]
[0.31446776]
[0.34981036]
[0.3107223]
[0.20207125]
[0.2866778]
[0.25590637]
[0.20287055]
[0.20499218]
[0.20499218]
[0.37322953]
[0.14204687]
[0.16740511]
[0.20960855]
[0.14304486]
[0.0827802]
[0.13679525]
[0.07705881]
[0.26337296]
[0.3070595]
[0.08701076]
[0.3452981]
[0.38788158]
[0.3574698]
[0.32612857]
[0.4678497]
[0.30693772]
[0.35085413]
