[0.7185574]
[0.7871319]
[0.70413154]
[0.6865727]
[0.51034045]
[0.51034045]
[0.6832696]
[0.67770034]
[0.7010272]
[0.5781465]
[0.6576506]
[0.6134662]
[0.6087454]
[0.5850997]
[0.69887024]
[0.7033387]
[0.7021353]
[0.49689233]
[0.64576614]
[0.64576614]
[0.6105212]
[0.5014047]
[0.51380384]
[0.46597123]
[0.46597123]
[0.46597123]
[0.6040542]
[0.5095907]
[0.5026057]
[0.5026057]
[0.5758974]
[0.5004853]
[0.5114957]
[0.5424079]
[0.49628523]
[0.66499084]
[0.52720064]
[0.61603945]
[0.5472423]
[0.4904312]
[0.5666406]
[0.59288496]
[0.55622077]
[0.55622077]
[0.55622077]
[0.6268513]
[0.49115098]
[0.39243618]
[0.5448394]
[0.5448394]
[0.5448394]
[0.5448394]
[0.58390445]
[0.50979847]
[0.50287217]
[0.5113828]
[0.5113828]
[0.55987865]
[0.55987865]
[0.52829796]
[0.52829796]
[0.52829796]
[0.52829796]
[0.52829796]
[0.46586534]
[0.5620474]
[0.44250807]
[0.52847165]
[0.5370712]
[0.4475726]
[0.44971758]
[0.60234183]
[0.43020096]
[0.5486119]
[0.4999086]
[0.48684612]
[0.48684612]
[0.5494705]
[0.5494705]
[0.5494705]
[0.5705246]
[0.39830938]
[0.39830938]
[0.51886636]
[0.5445332]
[0.5908137]
[0.5099486]
[0.45482305]
[0.52263784]
[0.51952887]
[0.5253255]
[0.5253255]
[0.5253255]
[0.5253255]
[0.5253255]
[0.52725214]
[0.49587697]
[0.5062876]
[0.41342294]
[0.41342294]
[0.41342294]
[0.46897414]
[0.46011275]
[0.31139532]
[0.5256916]
[0.5256916]
[0.5256916]
[0.5256916]
[0.5256916]
[0.5256916]
[0.5256916]
[0.5633914]
[0.4679291]
[0.5442176]
[0.5442176]
[0.5177211]
[0.4909742]
[0.52256393]
[0.44449988]
[0.53487885]
[0.53935534]
[0.5248734]
[0.49746454]
[0.49330115]
[0.4527362]
[0.45411816]
[0.49152428]
[0.30796528]
[0.46646893]
[0.3094314]
[0.3094314]
[0.4894962]
[0.4894962]
[0.4894962]
[0.4894962]
[0.5505743]
[0.57767767]
[0.5167887]
[0.4753876]
[0.51067084]
[0.51067084]
[0.51067084]
[0.51067084]
[0.43779853]
[0.43779853]
[0.44497758]
[0.44497758]
[0.51358294]
[0.4500337]
[0.5504764]
[0.42146713]
[0.52907705]
[0.48343492]
[0.4956775]
[0.3962542]
[0.30170536]
[0.4741587]
[0.46741566]
[0.45854145]
[0.4481498]
[0.4481498]
[0.50294507]
[0.48534963]
[0.5734483]
[0.51285756]
[0.5136703]
[0.5037409]
[0.46056142]
[0.51737076]
[0.51737076]
[0.51737076]
[0.5154595]
[0.54438174]
[0.45104387]
[0.51484096]
[0.49818522]
[0.49818522]
[0.4805899]
[0.39031872]
[0.39031872]
[0.39031872]
[0.4160936]
[0.42614093]
[0.4154265]
[0.4154265]
[0.5636606]
[0.3917558]
[0.44661695]
[0.44750643]
[0.47903314]
[0.47599298]
[0.40605828]
[0.40605828]
[0.4762832]
[0.41828096]
[0.41828096]
[0.50445557]
[0.49008155]
[0.49008155]
[0.4144158]
[0.40684894]
[0.4736453]
[0.41560298]
[0.41968313]
[0.4493918]
[0.4493918]
[0.4706039]
[0.4706039]
[0.5086348]
[0.46418992]
[0.4724406]
[0.41110575]
[0.4723951]
[0.4394149]
[0.41940475]
[0.49285337]
[0.4188133]
[0.4188133]
[0.4188133]
[0.4412088]
[0.46378806]
[0.40564108]
[0.45080063]
[0.41651228]
[0.4454035]
[0.4025711]
[0.43325388]
[0.4661571]
[0.45341566]
[0.416348]
[0.41148567]
[0.42131698]
[0.47400913]
[0.46181887]
[0.46114096]
[0.53388846]
[0.39273083]
[0.37586346]
[0.4673733]
[0.43785957]
[0.4826568]
[0.48578942]
[0.4706759]
[0.5043465]
[0.49358052]
[0.4665838]
[0.48005083]
[0.48005083]
[0.49136564]
[0.36176598]
[0.36176598]
[0.42252594]
[0.42252594]
[0.398854]
[0.4376984]
[0.4376984]
[0.41074175]
[0.3796682]
[0.3994553]
[0.3369956]
[0.47630212]
[0.4224157]
[0.48710927]
[0.48710927]
[0.42824987]
[0.42824987]
[0.2889571]
[0.3708254]
[0.4296763]
[0.39369646]
[0.4102304]
[0.3800246]
[0.425989]
[0.44341522]
[0.44631186]
[0.40544784]
[0.3972507]
[0.4897303]
[0.48804486]
[0.423436]
[0.42697424]
[0.48426127]
[0.48426127]
[0.415657]
[0.43574858]
[0.47357166]
[0.41257328]
[0.46992645]
[0.4447848]
[0.4642912]
[0.43081307]
[0.41113722]
[0.4323423]
[0.3705607]
[0.4071177]
[0.4219813]
[0.4589966]
[0.3785303]
[0.4287441]
[0.4287441]
[0.43415764]
[0.3784987]
[0.4152704]
[0.4919334]
[0.3777446]
[0.3790663]
[0.3593283]
[0.45572546]
[0.34244046]
[0.36502692]
[0.37624365]
[0.40827298]
[0.3970037]
[0.38157627]
[0.36450762]
[0.46173865]
[0.3682996]
[0.4168699]
[0.43367305]
[0.36933076]
[0.43626192]
[0.43626192]
[0.43626192]
[0.46131206]
[0.41658905]
[0.35129967]
[0.4142057]
[0.37172982]
[0.44096947]
[0.33977422]
[0.41674352]
[0.31894466]
[0.36535454]
[0.39495775]
[0.34779388]
[0.3371485]
[0.40900558]
[0.31110817]
[0.41140363]
[0.4474874]
[0.46044824]
[0.2937519]
[0.4473842]
[0.4224379]
[0.34325516]
[0.3249424]
[0.42877004]
[0.36205673]
[0.35517126]
[0.43468562]
[0.45675218]
[0.45675218]
[0.38370433]
[0.44969982]
[0.38271007]
[0.33931878]
[0.34436744]
[0.37388074]
[0.36464337]
[0.35091108]
[0.42838168]
[0.4196989]
[0.3445687]
[0.37995794]
[0.3252709]
[0.43706837]
[0.42639792]
[0.3732026]
[0.342269]
[0.32077467]
[0.42271507]
[0.30684626]
[0.3057979]
[0.32503948]
[0.36757815]
[0.36652488]
[0.3446558]
[0.43618768]
[0.4265325]
[0.3186912]
[0.3050057]
[0.36443624]
[0.3884806]
[0.4226188]
[0.41960186]
[0.3483153]
[0.36846626]
[0.41381314]
[0.35493174]
[0.3794197]
[0.3711079]
[0.33659914]
[0.34379387]
[0.38853136]
[0.32705727]
[0.424223]
[0.3626801]
[0.38275176]
[0.3350993]
[0.3391331]
[0.28582126]
[0.36567578]
[0.34664]
[0.3376729]
[0.40192002]
[0.34312862]
[0.36125502]
[0.31887722]
[0.32846278]
[0.3080137]
[0.36294436]
[0.34484693]
[0.43748388]
[0.38217375]
[0.37789765]
[0.35786808]
[0.3791198]
[0.32805273]
[0.3740652]
[0.5098516]
[0.34925228]
[0.34400955]
[0.34400955]
[0.34620777]
[0.34299824]
[0.30842143]
[0.2951965]
[0.3109651]
[0.3508808]
[0.3444334]
[0.35543045]
[0.30893973]
[0.3238576]
[0.33722737]
[0.3799907]
[0.3059197]
[0.3221485]
[0.31138495]
[0.30377284]
[0.28959385]
[0.3399142]
[0.3543286]
[0.33200347]
[0.3658281]
[0.32264963]
[0.34637877]
[0.2982666]
[0.2982666]
[0.35798225]
[0.30242017]
[0.34185484]
[0.5015228]
[0.39929432]
[0.2873885]
[0.40306655]
[0.28908953]
[0.35590923]
[0.28920847]
[0.71231997]
[0.28798446]
[0.29196784]
[0.29207566]
[0.28698334]
[0.3517383]
[0.28444713]
[0.31345063]
[0.34904763]
[0.29793146]
[0.3948997]
[0.34335917]
[0.58765113]
[0.33963963]
[0.34695712]
[0.5329933]
[0.41483608]
[0.32786936]
[0.319838]
[0.30141872]
[0.35844457]
[0.29835626]
[0.44212857]
[0.41892216]
[0.36627638]
[0.31109828]
[0.2955014]
[0.44138157]
[0.34456077]
[0.36695555]
[0.35371774]
[0.35335684]
[0.35086635]
[0.29903504]
[0.34533715]
[0.33249816]
[0.32046062]
[0.3144973]
[0.40787044]
[0.3365334]
[0.33067834]
[0.3437544]
