7.3284153846153846
7.3284153846153846
7.3284153846153846
7.3284153846153846
7.3284153846153846
7.3284153846153846
7.3284153846153846
7.3284153846153846
7.3284153846153846
3.235795504917478
3.235795504917478
3.235795504917478
3.235795504917478
3.235795504917478
3.1439288354137984
2.8248216738722505
3.1706538881449244
3.207042173754804
2.560704198770475
2.9746346168898636
4.100915271348687
3.346865789191196
2.5977233573210334
4.813806840290478
4.7029045708454476
4.7029045708454476
4.7029045708454476
4.7029045708454476
4.7603047371656135
4.7603047371656135
4.7603047371656135
4.7603047371656135
4.7603047371656135
4.7603047371656135
4.7603047371656135
4.7603047371656135
4.7603047371656135
4.7603047371656135
4.7603047371656135
4.507283275840207
4.507283275840207
4.507283275840207
4.507283275840207
4.507283275840207
4.507283275840207
4.507283275840207
4.6413917226126
4.6413917226126
4.6413917226126
4.6413917226126
4.6413917226126
4.6413917226126
4.6413917226126
4.6413917226126
4.6413917226126
4.6413917226126
4.6413917226126
4.6413917226126
4.6413917226126
4.6413917226126
4.6413917226126
4.6413917226126
4.6413917226126
4.6413917226126
4.6413917226126
4.6413917226126
4.6413917226126
4.6413917226126
4.6413917226126
4.6413917226126
4.6413917226126
4.6413917226126
4.6413917226126
4.6413917226126
4.6413917226126
4.6413917226126
4.6413917226126
4.6413917226126
4.6413917226126
4.6413917226126
4.6413917226126
4.6413917226126
4.6413917226126
4.6413917226126
4.6413917226126
4.6413917226126
4.6413917226126
4.6413917226126
4.6413917226126
4.6413917226126
4.6413917226126
4.6413917226126
4.6413917226126
4.6413917226126
4.6413917226126
4.6413917226126
4.6413917226126
4.6413917226126
4.6413917226126
4.6413917226126
4.6413917226126
4.6413917226126
4.6413917226126
4.6413917226126
4.6413917226126
4.6413917226126
4.6413917226126
4.6413917226126
4.6413917226126
4.6413917226126
4.6413917226126
4.6413917226126
4.6413917226126
4.6413917226126
4.6413917226126
4.6413917226126
4.6413917226126
4.6413917226126
4.6413917226126
4.6413917226126
4.6413917226126
4.6413917226126
4.6413917226126
4.6413917226126
4.6413917226126
4.6413917226126
4.6413917226126
4.6413917226126
4.6413917226126
4.6413917226126
4.6413917226126
4.6413917226126
4.6413917226126
4.6413917226126
4.6413917226126
4.6413917226126
4.6413917226126
4.6413917226126
4.6413917226126
4.6413917226126
4.6413917226126
4.6413917226126
4.6413917226126
4.6413917226126
4.6413917226126
4.6413917226126
4.6413917226126
4.6413917226126
4.6413917226126
4.6413917226126
4.6413917226126
4.6413917226126
4.6413917226126
4.6413917226126
4.6413917226126
4.6413917226126
4.6413917226126
4.6413917226126
4.6413917226126
4.6413917226126
4.6413917226126
4.6413917226126
4.6413917226126
4.6413917226126
4.6413917226126
4.6413917226126
4.6413917226126
4.6413917226126
4.6413917226126
4.6413917226126
4.6413917226126
4.6413917226126
4.6413917226126
4.6413917226126
4.6413917226126
4.6413917226126
4.6413917226126
4.6413917226126
4.6413917226126
4.6413917226126
4.6413917226126
4.6413917226126
4.6413917226126
4.6413917226126
4.6413917226126
4.6413917226126
4.6413917226126
4.6413917226126
4.6413917226126
4.6413917226126
4.6413917226126
4.6413917226126
4.6413917226126
4.6413917226126
4.6413917226126
4.6413917226126
4.6413917226126
4.6413917226126
4.6413917226126
4.6413917226126
4.6413917226126
4.6413917226126
4.6413917226126
4.6413917226126
4.6413917226126
4.6413917226126
4.6413917226126
4.6413917226126
4.6413917226126
4.6413917226126
4.6413917226126
4.6413917226126
4.6413917226126
4.6413917226126
4.6413917226126
4.6413917226126
4.6413917226126
4.6413917226126
4.6413917226126
4.6413917226126
4.6413917226126
4.6413917226126
4.6413917226126
4.6413917226126
4.6413917226126
4.6413917226126
4.6413917226126
4.6413917226126
4.6413917226126
4.6413917226126
4.6413917226126
4.6413917226126
4.6413917226126
4.6413917226126
4.6413917226126
4.6413917226126
4.6413917226126
4.6413917226126
4.6413917226126
4.6413917226126
4.6413917226126
4.6413917226126
4.6413917226126
4.6413917226126
4.6413917226126
4.6413917226126
4.6413917226126
4.6413917226126
4.6413917226126
4.6413917226126
4.6413917226126
4.6413917226126
4.6413917226126
4.6413917226126
4.6413917226126
4.6413917226126
4.6413917226126
4.6413917226126
4.6413917226126
4.6413917226126
4.6413917226126
4.6413917226126
4.6413917226126
4.6413917226126
4.6413917226126
4.6413917226126
4.6413917226126
4.6413917226126
4.6413917226126
4.6413917226126
4.6413917226126
4.6413917226126
4.6413917226126
4.6413917226126
4.6413917226126
4.6413917226126
4.6413917226126
4.6413917226126
4.6413917226126
4.6413917226126
4.6413917226126
4.6413917226126
4.6413917226126
4.6413917226126
4.6413917226126
4.6413917226126
4.6413917226126
4.6413917226126
4.6413917226126
4.6413917226126
4.6413917226126
4.6413917226126
4.6413917226126
4.6413917226126
4.6413917226126
4.6413917226126
4.6413917226126
4.6413917226126
4.6413917226126
4.6413917226126
4.6413917226126
4.6413917226126
4.6413917226126
4.6413917226126
4.6413917226126
4.6413917226126
4.6413917226126
4.6413917226126
4.6413917226126
4.6413917226126
4.6413917226126
4.6413917226126
4.6413917226126
4.6413917226126
4.6413917226126
4.6413917226126
4.6413917226126
4.6413917226126
4.6413917226126
4.6413917226126
4.6413917226126
4.6413917226126
4.6413917226126
4.6413917226126
4.6413917226126
4.6413917226126
4.6413917226126
4.6413917226126
4.6413917226126
4.6413917226126
4.6413917226126
4.6413917226126
4.6413917226126
4.6413917226126
4.6413917226126
4.6413917226126
4.6413917226126
4.6413917226126
4.6413917226126
4.6413917226126
4.6413917226126
4.6413917226126
4.6413917226126
4.6413917226126
4.6413917226126
4.6413917226126
4.6413917226126
4.6413917226126
4.6413917226126
4.6413917226126
4.6413917226126
4.6413917226126
4.6413917226126
4.6413917226126
4.6413917226126
4.6413917226126
4.6413917226126
4.6413917226126
4.6413917226126
4.6413917226126
4.6413917226126
4.6413917226126
4.6413917226126
4.6413917226126
4.6413917226126
4.6413917226126
4.6413917226126
4.6413917226126
4.6413917226126
4.722338807038161
4.565973593714469
4.565973593714469
4.565973593714469
4.565973593714469
4.703720371261246
4.703720371261246
4.703720371261246
4.703720371261246
4.703720371261246
4.703720371261246
4.703720371261246
4.703720371261246
4.703720371261246
4.703720371261246
4.703720371261246
4.703720371261246
4.703720371261246
4.703720371261246
4.703720371261246
4.703720371261246
4.703720371261246
4.703720371261246
4.703720371261246
4.703720371261246
4.703720371261246
4.653274716375592
4.319395826262187
4.768586982487858
4.768586982487858
4.768586982487858
4.768586982487858
4.768586982487858
4.768586982487858
4.768586982487858
4.768586982487858
4.768586982487858
4.768586982487858
4.768586982487858
4.768586982487858
4.768586982487858
4.768586982487858
4.768586982487858
4.768586982487858
4.768586982487858
4.768586982487858
4.584016254837131
4.963413726232616
4.662312886853762
4.662312886853762
4.662312886853762
4.662312886853762
4.662312886853762
4.858327641530801
4.858327641530801
4.858327641530801
4.858327641530801
4.858327641530801
4.691618990597851
4.775839486361634
4.5421311064733665
4.5876252361261125
4.734472304733181
4.734472304733181
4.395766298998815
4.600581247099717
5.365464446699732
4.541779501283486
4.533502495889323
5.242627306272454
3.4880257507812544
3.757987997265115
3.757987997265115
3.757987997265115
3.757987997265115
3.757987997265115
3.757987997265115
3.757987997265115
3.757987997265115
3.757987997265115
3.757987997265115
3.757987997265115
3.757987997265115
3.757987997265115
3.757987997265115
3.757987997265115
3.757987997265115
4.010275748426762
4.010275748426762
4.010275748426762
4.010275748426762
3.67060447943029
3.67060447943029
3.67060447943029
3.67060447943029
3.67060447943029
3.1142225242585084
3.1142225242585084
3.1142225242585084
3.1142225242585084
3.1142225242585084
3.1142225242585084
3.764873875565918
3.925721751570512
3.925721751570512
3.925721751570512
3.925721751570512
3.925721751570512
3.925721751570512
3.925721751570512
3.925721751570512
3.925721751570512
3.925721751570512
3.925721751570512
3.925721751570512
3.925721751570512
3.925721751570512
3.925721751570512
3.925721751570512
3.925721751570512
3.925721751570512
3.925721751570512
3.9396064352332445
3.9396064352332445
4.575969168332854
3.3111305011673107
6.18192911353996
6.427238796572253
6.729506171786916
6.432120438322096
6.547389793430292
