2.940869658763633
2.699725042425616
2.9860237617640433
3.1908879188835204
3.1908879188835204
4.491036288128667
4.625751867535169
2.804456911290501
2.9296345637280368
4.4248376964402425
3.17224996645594
2.9208967568540594
2.9208967568540594
3.1352125463531113
4.761270419934692
2.5761582592381043
2.5761582592381043
2.5761582592381043
2.5761582592381043
2.5761582592381043
3.168075426496225
2.271037938468986
2.4748487202328917
2.2918223079918683
2.4356887786893537
2.4356887786893537
2.089030372109203
4.318369612542736
2.8757620565125777
2.2446137052478754
1.9773317419722165
2.559019027925199
2.9259848670556643
3.6913810433790175
3.739675249437669
3.0059621397829375
2.962769970324489
2.962769970324489
2.962769970324489
3.608161357595529
4.627345953340603
3.1762640236298374
3.1762640236298374
1.5589465646222056
3.4520801671044534
2.427073355073137
3.264609797155969
2.790752363957589
1.4927322230315951
3.7651821905692815
3.7805249074268916
3.7805249074268916
2.6076802579445157
2.405953497381134
2.405953497381134
2.736098771755616
2.736098771755616
2.4538286456482954
2.2510871918556745
2.265541796406053
2.265541796406053
2.265541796406053
3.6323220921471986
2.6044506039321753
1.4897315325200822
1.9139680535168218
5.303213002832628
2.3675040932641256
1.651676019908649
4.369032893384445
3.3656779244944497
2.086404247050245
3.9869240472306
2.1989691155945223
4.385426736217897
2.4226895110329103
2.7887497808751878
2.2973944889185223
1.4217888723145133
2.6433399832596383
2.6433399832596383
2.230795953345158
1.4099919492375914
2.663847608964918
3.2241980772226366
2.7578071898120484
1.7900006967543867
2.835588433226169
2.2870950069158056
2.8897869793422046
1.375853801824114
2.7162447503494
2.342926236176643
4.666212172637797
4.666212172637797
2.6999830907978684
1.4705469192330192
2.9326499716877077
2.9326499716877077
3.403762223302505
3.1676990472305997
2.5950124585159475
3.440096330575546
4.538644030263679
2.483593365034004
2.1827173869033736
2.2100408909036346
2.2100408909036346
2.1565746378018957
3.0421013791647784
2.431807144005372
2.8975632387726264
1.713145447021022
2.195054787433879
2.195054787433879
2.938161068411029
2.53743152286723
4.194130144742768
1.7788775991049661
3.228991355872063
2.542784230404701
2.075584932535506
2.075584932535506
2.075584932535506
2.075584932535506
2.075584932535506
2.733092930264304
2.2321590050475546
2.2321590050475546
2.825256926376854
2.825256926376854
2.825256926376854
2.825256926376854
2.6678441248457894
1.4144820926585808
1.8928303200427354
2.02774550361425
2.358610376417527
3.1428388190471868
3.2769236433098143
2.938692964311521
2.4032685494944506
3.910555384914945
2.6098234876991295
2.6098234876991295
3.2598724077971255
3.815405440906546
3.431929607186756
1.367786943831506
1.7757525872492153
2.4413868739000133
2.439489222571373
2.9939466973552467
2.811797508769061
2.811797508769061
2.811797508769061
2.811797508769061
2.811797508769061
3.0847338494537766
3.989687314608112
2.924878394860933
3.010166335587133
3.010166335587133
3.010166335587133
3.0679353098494477
2.8632629545135284
2.056112160307734
2.7895149738923184
4.064128882967525
2.317373394073968
2.317373394073968
2.8012552723997803
2.164698288760139
1.928648966346696
2.571304920059873
4.326154926724002
4.999101771179495
2.5793288860329096
2.9832644629559866
2.524433212955989
4.337375971256678
1.853844289846835
1.853844289846835
3.8593698320906293
3.1556408916317844
3.6007170372212416
2.255164834275938
2.2298332779998304
2.2298332779998304
2.4528493986303044
2.4528493986303044
4.995025421653512
2.815427170187201
2.738395585692139
3.1565780418091594
2.3965185258546153
2.3965185258546153
2.3965185258546153
3.522927115684176
2.8237705435090934
4.315164431845984
2.5509491721841364
3.466313709341893
4.468536038306418
3.0168848858983868
2.807008621258186
2.523362130337704
1.292069328656492
1.292069328656492
4.33655346117393
5.069025667170191
2.9682287927389197
2.0277225099580836
2.0277225099580836
2.0277225099580836
4.231816142467905
4.231816142467905
4.231816142467905
3.024624732790137
4.618974713492677
2.047014538417951
2.3037507367212946
4.517263538384336
6.22855886842544
4.69567874271156
2.7147248139590765
2.0037588222183302
2.7750271747479722
3.199188468372939
1.5626974712456096
3.939523653448987
1.3726374020928276
2.4735334190489926
3.4195986626152157
3.0850566973552462
2.205331994039252
2.111884840960416
4.593158622647842
2.8016673990592604
2.472627125342699
2.3660652866360845
2.3660652866360845
4.403886337955987
1.6764514201864014
3.840431501623362
2.068247936877256
3.5565652509290135
2.1673136508439867
2.284089982204934
2.538776007593029
2.4732150508253845
2.6699625099580846
3.0889928283406034
4.629640160023262
1.9626104107760547
2.4465867210759225
3.1416015226257974
3.424427479196355
3.3227826978460984
2.4811139386275123
3.061516354922908
1.7926884279944009
2.040232585755229
3.6730696415452844
3.610039855776221
3.1837319527203727
2.3334566037356357
3.3244016502724483
3.4908368550537334
2.6271379664559404
2.3270065646222076
2.7966874665860146
3.0015445833699896
3.1722468016207763
3.1722468016207763
2.399980251624859
2.000597477273965
4.316705755732778
2.3380500624056353
2.3380500624056353
3.1605334060563806
3.098141609942836
2.4475757810215004
2.225775026160669
2.385341524834409
2.5744848164613696
3.674497698410357
4.997880195073035
4.47805750876906
2.7491471241536765
3.697027965916961
2.189865011981844
2.5629417743003238
3.600973906637307
4.395675900097496
2.549562411131488
3.6238960794485626
3.6238960794485626
2.968936338839695
3.543246204250022
2.9498463794219525
3.153127240227814
1.7924225818405581
2.55452203234284
4.093823637587459
2.9484332226128487
2.9078185333314632
2.5287235211765875
4.472377795746872
2.393245585692137
4.945929344213267
3.9823728451976823
3.0977515803423774
3.0848739922855453
2.050273668799244
2.7056655322045184
4.934120626217014
2.8114777547133283
4.443606464063308
1.8281876790029088
4.04773513603291
3.99705157433866
3.196042124153677
2.8163463794219528
2.292631730977135
2.9635925332681072
2.936222526583631
4.718522651224585
3.26388195601322
3.163667254277378
3.1031973264444037
2.3227711344308233
4.8514624894332865
2.7333074050629786
2.769029272650071
3.663419177616392
2.566412354946994
2.9008954441412538
4.32669533487552
4.956421639009665
2.5835636508439865
4.483402118149959
3.6425605435090933
3.8824655821223457
4.876663396067782
3.590951312739862
4.0568198126097865
4.700053593631714
3.0692758737234165
5.043440728658974
3.9867087652293467
2.5825574215264986
3.277538501417526
5.027091510412309
5.683893526311859
5.025848503419302
3.6130190472305994
2.896582586384252
1.9062798164613692
3.419513928106115
3.5724678322858896
1.0
3.842429965431924
4.305162505465222
4.114195118139848
3.013749576764562
4.495195585692138
2.684945970307524
3.4241835877962066
3.883631766712119
3.285073710015583
4.25575022125989
5.601093882030968
1.4142331354306847
3.082546434109833
3.0367376153410266
4.419928872277378
4.412307460582297
3.3236836638198364
3.3700667572897007
2.933577125959552
4.376870334875521
5.67391234822467
4.996881555404119
2.1103323462227888
3.077952718468361
2.9785136776019385
3.568166471571308
3.38879630756216
2.2042035523580648
3.694853461173931
3.8997478908821543
4.589486666130847
3.6801266209642174
2.3651575478356914
4.2692013451944915
3.4541980522687243
3.1244481338079177
3.7589118586455683
2.179954247312118
3.566379130395436
4.86910750876906
3.9932995864557332
3.6899313298951517
3.986463866432942
3.030171134430823
2.1875847512908972
3.9242014368093407
3.5645599170296176
4.48348459574967
2.763323015629604
3.067333090732948
4.36526274499356
5.1793816873249465
3.169045420856974
3.669750992612377
3.9484956041874657
1.7549570386349824
2.6755367914289447
6.47541840438618
2.9035249020540537
4.122820545912408
2.7185397500088246
3.8287244038911368
3.346291451517728
5.984961854709669
5.287880236722801
3.3316236995332487
5.584968538924924
5.965510074695784
4.276145356566154
4.637452705474413
3.141218048286161
3.8930509609971846
3.390459379265968
3.4935684844847614
5.004926550443383
3.8790342018403496
3.5214968392029853
2.7475679189493913
5.803546679233765
3.006787807865753
3.5623230568445763
3.36553289826497
3.663403851453582
6.467952518727827
3.7020997790553922
3.717542069185085
3.737584584929518
3.737584584929518
3.6395999695449035
3.681167706117563
4.023460355978468
3.4456850138098707
3.4456850138098707
3.9809179483295
3.9249102262001934
4.819747828213975
2.8313504107760536
4.08999868818016
4.427933707981568
4.043614072795545
4.085914252206114
3.551270288110927
4.276275812609787
3.976133818104616
5.731047144836761
3.7984191909196836
5.611590342254313
7.3284153846153846
7.3284153846153846
4.505224121922949
3.9564200260642863
4.412144236556243
2.570830438267935
4.549021770395903
3.9653794318459843
3.97729655227141
3.138522307096001
2.112580404772336
6.292151785188706
4.813765918989983
3.9617507405447103
3.729883333125194
3.5803458605977214
2.807415475982337
3.6653572543077235
3.5289749663229237
3.3992513601445378
3.5233779275885
4.902937213784435
3.9734379487882974
4.777697700113843
3.689548631966888
4.1610732135136335
5.357658092912535
4.264366764816362
4.508337187586977
4.999826958954044
4.788257728184815
