9.329399999999998
6.145500000000004
8.681200000000002
8.681200000000002
8.681200000000002
8.681200000000002
6.256400000000004
7.658400000000005
8.6576
8.6576
8.8761
8.013800000000003
8.016400000000006
8.016400000000006
8.376600000000003
8.009400000000005
8.009400000000005
8.009400000000005
8.009400000000005
8.009400000000005
8.009400000000005
8.009400000000005
8.009400000000005
8.009400000000005
8.009400000000005
8.009400000000005
8.009400000000005
8.009400000000005
8.009400000000005
8.009400000000005
8.009400000000005
8.009400000000005
8.009400000000005
8.009400000000005
8.009400000000005
8.009400000000005
8.009400000000005
8.009400000000005
8.148500000000004
8.263400000000004
8.263400000000004
8.263400000000004
7.404400000000004
7.793300000000006
4.213600000000001
9.176399999999997
8.162800000000004
8.162800000000004
8.162800000000004
8.162800000000004
8.162800000000004
8.162800000000004
11.705099999999987
6.361800000000005
6.361800000000005
6.361800000000005
6.361800000000005
6.361800000000005
7.449000000000005
9.386699999999998
9.386699999999998
8.9764
7.6200000000000045
7.601800000000004
7.601800000000004
7.601800000000004
7.601800000000004
7.601800000000004
9.511899999999999
7.411300000000005
10.446499999999991
10.446499999999991
10.123899999999994
10.116899999999994
10.116899999999994
3.751200000000003
10.116899999999996
10.109899999999996
10.109899999999996
10.109899999999996
10.109899999999996
10.109899999999996
10.109899999999996
8.520700000000005
8.520700000000005
8.520700000000005
7.165900000000006
4.366500000000003
10.523099999999992
8.693800000000001
6.232300000000004
7.116400000000005
7.878600000000005
7.745800000000006
8.686800000000002
8.686800000000002
4.538600000000004
4.538600000000004
4.538600000000004
4.538600000000004
4.538600000000004
4.538600000000004
4.538600000000004
4.538600000000004
4.538600000000004
4.538600000000004
8.181300000000006
7.158900000000005
7.158900000000005
5.2614000000000045
5.569820000000005
5.569820000000005
5.569820000000005
7.555900000000006
7.555900000000006
8.420700000000002
8.267400000000004
-0.5213000000000001
2.687600000000001
4.8526000000000025
7.598400000000006
7.598400000000006
7.533100000000005
7.795200000000007
7.795200000000007
7.795200000000007
3.616200000000002
9.450599999999996
0.7810999999999999
9.953799999999998
0.08220000000000005
8.179000000000006
7.985100000000006
6.568100000000005
3.3112000000000013
7.609780000000004
6.568000000000006
7.529800000000004
7.947800000000005
4.599200000000004
4.599200000000004
4.599200000000004
4.9840000000000035
7.495100000000006
5.550100000000004
5.550100000000004
5.550100000000004
5.550100000000004
6.214700000000007
5.2976000000000045
0.40040000000000003
7.542200000000005
3.743800000000002
8.672400000000001
4.641700000000005
3.947300000000003
3.650100000000002
8.141400000000004
5.639600000000004
0.03970000000000001
5.085600000000005
7.809400000000005
5.445300000000004
3.8674000000000026
6.473700000000007
5.568700000000005
5.568700000000005
5.6086000000000045
5.6086000000000045
5.6086000000000045
5.030900000000004
1.9102999999999999
9.4095
5.996400000000006
2.6143
3.3945000000000016
3.3945000000000016
3.3945000000000016
3.3945000000000016
3.0044000000000013
3.0044000000000013
5.687200000000006
2.6793000000000013
3.9783000000000026
5.2732000000000046
3.4094000000000015
3.4094000000000015
7.4104000000000045
3.4663000000000013
4.676900000000004
7.581200000000005
6.038100000000007
3.723300000000002
3.723300000000002
3.723300000000002
5.638100000000006
4.9840000000000035
2.519000000000001
3.5035000000000007
5.498400000000006
4.659500000000004
4.659500000000004
4.659500000000004
4.659500000000004
4.911400000000005
4.911400000000005
4.911400000000005
4.911400000000005
4.5964000000000045
4.5964000000000045
4.5964000000000045
4.116800000000003
4.775200000000003
4.775200000000003
4.775200000000003
3.0618000000000007
5.567700000000004
4.8457000000000034
2.9670000000000005
4.891100000000003
4.891100000000003
4.891100000000003
4.891100000000003
4.891100000000003
4.891100000000003
9.4167
3.5096000000000016
7.245900000000006
4.0168000000000035
4.913000000000004
2.847100000000001
5.657500000000005
2.6432
3.146300000000001
5.085500000000004
3.820100000000002
6.901400000000004
4.140000000000002
5.857700000000007
4.747400000000003
6.028600000000005
5.227800000000005
2.2066
4.792700000000004
4.792700000000004
4.792700000000004
4.792700000000004
4.484600000000003
0.6900000000000001
3.1888000000000014
3.1888000000000014
7.012800000000007
4.628700000000004
4.628700000000004
1.4285
5.328600000000004
4.341700000000004
5.531500000000006
4.4650000000000025
4.4650000000000025
4.4650000000000025
4.4650000000000025
4.4650000000000025
4.4650000000000025
4.4650000000000025
4.4650000000000025
4.4650000000000025
4.4650000000000025
0.5498000000000002
5.542700000000006
5.542700000000006
5.542700000000006
5.542700000000006
5.542700000000006
5.542700000000006
5.152600000000006
5.152600000000006
5.152600000000006
5.152600000000006
5.152600000000006
5.152600000000006
5.152600000000006
5.152600000000006
5.152600000000006
5.152600000000006
5.152600000000006
5.152600000000006
5.152600000000006
5.152600000000006
5.152600000000006
5.152600000000006
5.152600000000006
5.152600000000006
5.542700000000006
5.542700000000006
4.694100000000004
4.880280000000005
4.396600000000003
4.396600000000003
4.396600000000003
5.854400000000006
3.1595000000000013
2.7159000000000013
2.7159000000000013
4.712000000000004
2.62
2.9903000000000013
5.240600000000005
4.3320000000000025
4.3320000000000025
4.3320000000000025
4.3320000000000025
4.3320000000000025
4.3320000000000025
4.3320000000000025
4.3320000000000025
4.3320000000000025
4.3320000000000025
4.3320000000000025
4.3320000000000025
4.3320000000000025
4.3320000000000025
4.3320000000000025
4.3320000000000025
4.3320000000000025
4.3320000000000025
4.3320000000000025
4.3320000000000025
4.3320000000000025
4.3320000000000025
3.941900000000002
4.736600000000005
4.602800000000003
4.602800000000003
4.602800000000003
4.602800000000003
4.602800000000003
7.241800000000005
7.557700000000008
4.263600000000003
2.1613999999999995
3.888000000000003
3.2963000000000013
4.534400000000003
4.534400000000003
4.534400000000003
4.534400000000003
4.534400000000003
4.534400000000003
3.7982000000000022
3.7982000000000022
3.7982000000000022
3.774000000000002
0.8618000000000001
4.538500000000004
4.905400000000004
3.3180000000000014
4.560970000000003
5.318700000000006
5.318700000000006
4.623800000000005
4.933400000000005
3.401600000000002
3.401600000000002
4.1879000000000035
5.365100000000005
4.469200000000003
4.360300000000003
5.061700000000005
5.061700000000005
5.489000000000005
5.451800000000006
4.575000000000003
5.296700000000005
5.296700000000005
3.4159000000000015
5.318700000000005
3.941500000000003
6.086800000000006
4.7256000000000045
5.004800000000005
5.004800000000005
5.004800000000005
5.004800000000005
5.394900000000005
3.5421000000000014
3.9857000000000022
7.388500000000006
3.9670000000000023
3.9670000000000023
5.316500000000005
3.403600000000001
4.613100000000004
4.821600000000005
4.224500000000003
0.33157000000000003
1.4842
3.877600000000002
3.9696000000000016
4.765900000000005
4.509300000000003
4.509300000000003
4.509300000000003
5.4526000000000066
4.899400000000004
4.899400000000004
4.217900000000004
4.354400000000003
4.354400000000003
4.354400000000003
4.676400000000005
4.676400000000005
3.9643000000000024
6.238300000000007
4.474000000000004
4.936200000000005
2.146
5.122000000000006
0.3469
5.170900000000005
5.148900000000004
5.148900000000004
4.2459000000000024
5.0536000000000065
5.1673000000000044
4.720500000000003
6.788300000000006
6.055020000000008
4.580800000000005
4.889500000000005
5.283270000000005
5.3989000000000065
4.066500000000004
3.2495000000000016
3.2495000000000016
3.2495000000000016
4.7600700000000025
4.736800000000004
5.152600000000005
4.263500000000003
5.4690000000000065
5.4690000000000065
6.431500000000009
5.824200000000006
5.078900000000005
3.3453000000000017
3.3453000000000017
3.3453000000000017
3.897800000000003
4.829600000000006
2.8394000000000013
3.5250000000000012
2.725800000000001
3.8328000000000024
4.439500000000003
4.6474000000000055
4.896570000000005
4.5016000000000025
5.118370000000004
3.706400000000002
3.359300000000002
-0.12789999999999985
-0.12789999999999985
5.316900000000006
-0.8985000000000001
3.092080000000001
6.006100000000006
5.147100000000004
4.095600000000002
5.320600000000004
5.340700000000005
5.535000000000004
5.2431000000000045
0.4283000000000001
0.5857
1.0901
0.4612
1.9131000000000005
7.066300000000008
0.6288
1.3569
6.295100000000005
0.4043
5.934500000000006
5.5490000000000075
6.058700000000006
5.412500000000005
4.6787000000000045
8.637500000000001
5.6086000000000045
5.498100000000004
5.007800000000005
6.069300000000005
5.444400000000006
5.444400000000006
5.418400000000006
4.3320000000000025
7.558700000000007
4.697100000000004
4.993400000000004
