4.082964778726991
3.9670416900808476
4.382325423477171
3.4728948386563783
3.763722478082311
3.9769039316229717
3.9769039316229717
3.2432629597308846
4.485968693201961
3.5658692548378106
3.5658692548378106
3.5658692548378106
4.214027313518232
4.33756002863968
4.522094107048025
3.9181677830550843
4.128195818445682
5.303530513897659
4.691903623304963
4.691903623304963
4.8711824311813
4.79937118872923
4.733058527464112
3.2992888928780513
4.8315328945555684
3.852978407792005
4.914963906650242
4.740983316033964
4.740983316033964
4.740983316033964
4.740983316033964
4.740983316033964
4.740983316033964
4.740983316033964
4.740983316033964
4.14621994195791
4.304018588784195
4.304018588784195
4.571079224380935
4.465109406405975
4.4577324407418
5.16996369759868
5.16996369759868
4.810659331774259
2.6362404962977113
2.6362404962977113
4.508347168643738
4.508347168643738
3.9731200890027107
3.56368812613799
5.202618946964698
5.079236424009787
4.515010300132891
4.324939437875056
5.1692100374682495
4.627317156707948
3.9036249743087374
5.0641596878179
4.977081179253771
3.373973320012025
3.677831310384918
3.677831310384918
5.108600462239738
3.9721339026276397
4.152106432748494
4.724116951716603
4.724116951716603
4.7404200949599185
3.951120718418478
3.951120718418478
3.951120718418478
3.649474293003225
3.649474293003225
3.649474293003225
5.0556114702828765
3.8025617541004113
4.747657614039811
4.747657614039811
3.8524899805283344
3.599124941060591
3.599124941060591
3.599124941060591
4.726485038788975
3.932515912436422
4.771450460942155
5.508293101156487
4.831356560383019
3.555182416489271
3.555182416489271
3.555182416489271
4.985356230172925
3.6388197571141037
4.076988099277548
4.185518558397429
4.733311999403694
4.69937148305117
4.474038077682011
4.474038077682011
4.474038077682011
4.474038077682011
4.804121828086634
4.804121828086634
3.6430157437361768
3.6430157437361768
3.6430157437361768
4.800215845557539
3.990064436292939
4.8419581532498475
3.4908662540000757
4.652268718019066
3.0405949240290955
4.770531861531451
4.770531861531451
3.5376636545529
5.0776255070164
4.896221386105742
5.011384749748531
4.995125040750447
3.6253828922066846
5.0514540723368855
5.0514540723368855
5.0514540723368855
5.1977114793049815
5.1977114793049815
5.108819691711386
5.032594079784871
5.219220692765126
3.614860395120563
5.3744398975618735
4.7612132412929284
5.850920870235798
3.8477126123675642
5.203544054492676
5.209876314469817
5.109566352600523
3.8281694268837816
3.991270684570056
3.06759955237035
3.06759955237035
3.06759955237035
3.06759955237035
3.06759955237035
3.06759955237035
5.223698641921123
5.003579307096
4.431689402767117
5.993751891359576
5.308417768634463
5.308417768634463
5.308417768634463
5.3930976396152595
4.839467293490731
4.950416207842675
4.079268710249655
5.516436920373135
4.546626857884714
5.461468976183038
5.432165175767635
5.277613922480616
5.423165719147913
5.000267918583453
4.027099084516106
4.529004307096001
4.831987599137948
4.831987599137948
4.831987599137948
4.831987599137948
5.547571944998404
4.6716659208162685
4.396114383659221
4.747689721063223
4.9718543070960015
4.789085707685297
5.284876427547833
5.537511918865421
5.738653598957934
5.299317198437853
5.299317198437853
5.505740415956998
5.5668710615744
5.611708515534983
5.611708515534983
5.587791331952269
3.0779672017688657
5.0921305375053745
5.571465806005707
5.4141337664851905
4.804258282936133
4.85933368654174
5.16614373577588
5.680493495413807
5.162654293736301
4.354732542272567
5.102267313407764
5.102267313407764
5.102267313407764
5.102267313407764
5.102267313407764
3.6130613959100897
4.765543232768909
6.355157948487972
5.052708285913859
3.217004932195062
4.848919766970116
4.947220658875347
5.234430189290648
6.365325841464561
4.249560851561258
5.158150474453672
4.478830725225831
5.170029780361354
5.005663862550627
4.351488564287349
4.6609759064327045
4.604385821916637
3.8227217651032372
3.8227217651032372
3.8227217651032372
3.8227217651032372
3.8227217651032372
3.8227217651032372
3.8227217651032372
3.8227217651032372
3.8227217651032372
3.8227217651032372
3.8227217651032372
3.8227217651032372
3.8227217651032372
3.8227217651032372
3.8227217651032372
3.8227217651032372
3.8227217651032372
3.8227217651032372
3.8227217651032372
3.8227217651032372
3.8227217651032372
3.8227217651032372
3.8227217651032372
3.8227217651032372
3.8227217651032372
3.8227217651032372
3.8227217651032372
3.8227217651032372
3.8227217651032372
3.8227217651032372
3.8227217651032372
3.8227217651032372
3.8227217651032372
3.8227217651032372
3.8227217651032372
3.8227217651032372
3.8227217651032372
3.8227217651032372
3.8227217651032372
3.8227217651032372
3.8227217651032372
3.8227217651032372
3.8227217651032372
3.8227217651032372
3.8227217651032372
3.8227217651032372
3.8227217651032372
3.8227217651032372
3.8227217651032372
3.8227217651032372
3.8227217651032372
3.8227217651032372
3.8227217651032372
3.8227217651032372
3.8227217651032372
3.8227217651032372
3.8227217651032372
3.8227217651032372
3.8227217651032372
3.8227217651032372
3.8227217651032372
3.8227217651032372
3.8227217651032372
3.8227217651032372
3.8227217651032372
3.8227217651032372
3.8227217651032372
3.8227217651032372
3.8227217651032372
3.8227217651032372
3.8227217651032372
3.8227217651032372
3.8227217651032372
3.8227217651032372
3.8227217651032372
3.8227217651032372
3.8227217651032372
3.8227217651032372
3.8227217651032372
3.8227217651032372
3.8227217651032372
3.8227217651032372
3.8227217651032372
3.8227217651032372
3.8227217651032372
3.8227217651032372
3.8227217651032372
3.8227217651032372
3.8227217651032372
3.8227217651032372
3.8227217651032372
3.8227217651032372
3.8227217651032372
3.8227217651032372
3.8227217651032372
3.8227217651032372
3.8227217651032372
3.8227217651032372
3.8227217651032372
3.8227217651032372
3.8227217651032372
3.8227217651032372
3.8227217651032372
3.8227217651032372
3.8227217651032372
3.8227217651032372
3.8227217651032372
3.8227217651032372
3.8227217651032372
3.8227217651032372
3.8227217651032372
3.8227217651032372
3.8227217651032372
3.8227217651032372
3.8227217651032372
3.8227217651032372
3.8227217651032372
3.8227217651032372
3.8227217651032372
3.8227217651032372
3.8227217651032372
3.8227217651032372
3.8227217651032372
3.8227217651032372
3.8227217651032372
3.8227217651032372
3.8227217651032372
3.8227217651032372
3.8227217651032372
3.8227217651032372
3.8227217651032372
3.8227217651032372
3.8227217651032372
3.8227217651032372
3.8227217651032372
3.8227217651032372
3.8227217651032372
3.8227217651032372
3.8227217651032372
3.8227217651032372
3.8227217651032372
3.8227217651032372
3.8227217651032372
3.8227217651032372
3.8227217651032372
3.8227217651032372
3.8227217651032372
3.8227217651032372
3.8227217651032372
3.8227217651032372
3.8227217651032372
3.8227217651032372
3.8227217651032372
3.8227217651032372
3.8227217651032372
3.8227217651032372
3.8227217651032372
3.8227217651032372
3.8227217651032372
3.8227217651032372
3.8227217651032372
3.8227217651032372
3.8227217651032372
3.8227217651032372
3.8227217651032372
3.8227217651032372
3.8227217651032372
3.8227217651032372
3.8227217651032372
3.8227217651032372
3.8227217651032372
3.8227217651032372
3.8227217651032372
3.8227217651032372
3.8227217651032372
3.8227217651032372
3.8227217651032372
3.8227217651032372
3.8227217651032372
3.8227217651032372
3.8227217651032372
3.8227217651032372
3.8227217651032372
3.8227217651032372
3.8227217651032372
3.8227217651032372
3.8227217651032372
3.8227217651032372
3.8227217651032372
3.8227217651032372
3.8227217651032372
3.8227217651032372
3.8227217651032372
3.8227217651032372
3.8227217651032372
3.8227217651032372
3.8227217651032372
3.8227217651032372
3.8227217651032372
3.8227217651032372
3.8227217651032372
3.8227217651032372
3.8227217651032372
3.8227217651032372
3.8227217651032372
3.8227217651032372
3.8227217651032372
3.8227217651032372
3.8227217651032372
3.8227217651032372
3.8227217651032372
3.8227217651032372
3.8227217651032372
3.8227217651032372
3.8227217651032372
4.429020140483042
4.980899291265626
5.636692149844732
5.942887078434252
6.247577283769083
4.844314325260136
5.60297036616587
5.638457448339845
6.074205232447796
5.871503567067969
2.7891270680961444
5.411900768427882
6.067792663260384
4.349384643454902
5.454914700891775
4.631459643309815
4.42601907033116
1.6900509876575782
5.911302068573475
6.202582604274317
5.106773256936581
5.134801483459942
5.630856793675361
5.906625278505066
3.388215718418264
2.496569163217792
2.3102154075616834
4.467803159253566
5.776387508327134
6.1277760147975835
4.62693842255788
3.189653586524079
5.263968311988002
5.752186247010724
4.868748190671304
5.660598887970563
5.139913910719168
3.032841654019598
3.032841654019598
4.215701585151933
3.5448768926218257
2.6336074944050445
5.725011209098108
5.577645984799487
4.587660023771042
4.1204624525457625
4.256461508006442
4.463907661852596
3.97267216952003
6.021867057359436
5.5700093437688745
4.143510884788829
4.748669971363084
4.486953815698749
6.347707661852596
4.225306454189963
4.057921765103237
4.057921765103237
5.635580400333744
5.439974817758396
5.3139212118434
5.599032429218818
5.4561851232902905
3.832492321599797
4.69543673106879
3.5201743364478375
6.283275408407609
6.190589254561455
6.756801362523938
5.883626630884555
