[0.00065615]
[0.00065615]
[0.00065615]
[0.00065634]
[0.00065634]
[0.00065634]
[0.00065634]
[0.00065634]
[0.00065634]
[0.00065634]
[0.00065634]
[0.00065634]
[0.00065634]
[0.00065634]
[0.00065634]
[0.00065634]
[0.00065634]
[0.00065634]
[0.00065634]
[0.00065634]
[0.00065634]
[0.00065634]
[0.00065634]
[0.00065634]
[0.00065634]
[0.00065634]
[0.00065634]
[0.00065634]
[0.00065634]
[0.00065634]
[0.00065634]
[0.00065634]
[0.00065634]
[0.00065634]
[0.00065634]
[0.00065634]
[0.00065634]
[0.00065634]
[0.00065634]
[0.00065634]
[0.00065634]
[0.00065634]
[0.00065634]
[0.00065634]
[0.00065634]
[0.00065634]
[0.00065634]
[0.00065634]
[0.00065634]
[0.00065634]
[0.00065634]
[0.00065634]
[0.00065634]
[0.00065634]
[0.00065634]
[0.00065634]
[0.00065634]
[0.00065634]
[0.00065634]
[0.00065634]
[0.00065634]
[0.00065634]
[0.00065634]
[0.00065634]
[0.00065634]
[0.00065634]
[0.00065634]
[0.00065634]
[0.00065634]
[0.00065634]
[0.00065634]
[0.00065634]
[0.00065634]
[0.00065634]
[0.00065634]
[0.00065634]
[0.00065634]
[0.00065634]
[0.00065634]
[0.00065634]
[0.00065634]
[0.00065634]
[0.00065634]
[0.00065634]
[0.00065634]
[0.00065634]
[0.00065634]
[0.00065634]
[0.00065634]
[0.00065634]
[0.00065634]
[0.00065634]
[0.00065634]
[0.00065634]
[0.00065634]
[0.00065634]
[0.00065634]
[0.00065634]
[0.00065634]
[0.00065634]
[0.00065634]
[0.00065634]
[0.00065634]
[0.00065634]
[0.00065634]
[0.00065634]
[0.00065634]
[0.00065634]
[0.00065634]
[0.00065634]
[0.00065634]
[0.00065634]
[0.00065634]
[0.00065634]
[0.00065634]
[0.00065634]
[0.00065634]
[0.00065634]
[0.00065634]
[0.00065634]
[0.00065634]
[0.00065634]
[0.00065634]
[0.00065634]
[0.00065634]
[0.00065634]
[0.00065634]
[0.00065634]
[0.00065634]
[0.00065634]
[0.00065634]
[0.00065634]
[0.00065634]
[0.00065634]
[0.00065634]
[0.00065634]
[0.00065634]
[0.00065634]
[0.00065634]
[0.00065634]
[0.00065634]
[0.00065634]
[0.00065634]
[0.00065634]
[0.00065634]
[0.00065634]
[0.00065634]
[0.00065634]
[0.00065634]
[0.00065634]
[0.00065634]
[0.00065634]
[0.00065634]
[0.00065634]
[0.00065634]
[0.00065634]
[0.00065634]
[0.00065634]
[0.00065634]
[0.00065634]
[0.00065634]
[0.00065634]
[0.00065634]
[0.00065634]
[0.00065634]
[0.00065634]
[0.00065634]
[0.00065634]
[0.00065634]
[0.00065634]
[0.00065634]
[0.00065634]
[0.00065634]
[0.00065634]
[0.00065634]
[0.00065634]
[0.00065634]
[0.00065634]
[0.00065634]
[0.00065634]
[0.00065634]
[0.00065634]
[0.00065634]
[0.00065634]
[0.00065634]
[0.00065634]
[0.00065634]
[0.00065634]
[0.00065634]
[0.00065634]
[0.00065634]
[0.00065634]
[0.00065634]
[0.00065634]
[0.00065634]
[0.00065634]
[0.00065634]
[0.00065634]
[0.00065634]
[0.00065634]
[0.00065634]
[0.00065634]
[0.00065634]
[0.00065634]
[0.00065634]
[0.00065634]
[0.00065634]
[0.00065634]
[0.00065634]
[0.00065634]
[0.00065634]
[0.00065634]
[0.00065634]
[0.00065634]
[0.00065634]
[0.00065634]
[0.00065634]
[0.00065634]
[0.00065634]
[0.00065634]
[0.00065634]
[0.00065634]
[0.00065634]
[0.00065634]
[0.00065634]
[0.00065634]
[0.00065634]
[0.00065634]
[0.00065634]
[0.00065634]
[0.00065634]
[0.00065634]
[0.00065634]
[0.00065634]
[0.00065634]
[0.00065634]
[0.00065634]
[0.00065634]
[0.00065634]
[0.00065634]
[0.00065634]
[0.00065634]
[0.00065634]
[0.00065634]
[0.00065634]
[0.00065634]
[0.00065634]
[0.00065634]
[0.00065634]
[0.00065634]
[0.00065634]
[0.00065634]
[0.00065634]
[0.00065634]
[0.00065634]
[0.00065634]
[0.00065634]
[0.00065634]
[0.00065634]
[0.00065634]
[0.00065634]
[0.00065634]
[0.00065634]
[0.00065634]
[0.00065634]
[0.00065634]
[0.00065634]
[0.00065634]
[0.00065634]
[0.00065634]
[0.00065634]
[0.00065634]
[0.00065634]
[0.00065634]
[0.00065634]
[0.00065634]
[0.00065634]
[0.00065634]
[0.00065634]
[0.00065634]
[0.00065634]
[0.00065634]
[0.00065634]
[0.00065634]
[0.00065634]
[0.00065634]
[0.00065634]
[0.00065634]
[0.00065634]
[0.00065634]
[0.00065634]
[0.00065634]
[0.00065634]
[0.00065634]
[0.00065634]
[0.00065634]
[0.00065634]
[0.00065634]
[0.00065634]
[0.00065634]
[0.00065634]
[0.00065634]
[0.00065634]
[0.00065634]
[0.00065634]
[0.00065634]
[0.00065634]
[0.00065634]
[0.00065634]
[0.00065634]
[0.00065634]
[0.00065634]
[0.00065634]
[0.00065634]
[0.00065634]
[0.00065634]
[0.00065634]
[0.00065634]
[0.00065634]
[0.00065634]
[0.00065634]
[0.00065634]
[0.00065634]
[0.00065634]
[0.00065634]
[0.00065634]
[0.00065634]
[0.00065634]
[0.00065634]
[0.00065634]
[0.00065634]
[0.00065634]
[0.00065634]
[0.00065634]
[0.00065634]
[0.00065634]
[0.00065634]
[0.00065634]
[0.00065634]
[0.00065634]
[0.00065634]
[0.00065634]
[0.00065634]
[0.00065634]
[0.00065634]
[0.00065634]
[0.00065634]
[0.00065634]
[0.00065634]
[0.00065634]
[0.00065634]
[0.00065634]
[0.00065634]
[0.00065634]
[0.00065634]
[0.00065634]
[0.00065634]
[0.00065615]
[0.00065654]
[0.00065628]
[0.00065639]
[0.00065639]
[0.00065639]
[0.00065639]
[0.00065639]
[0.00065639]
[0.00065639]
[0.00065639]
[0.00065639]
[0.00065654]
[0.00065654]
[0.00065615]
[0.00065654]
[0.00065654]
[0.00065654]
[0.00065654]
[0.00065606]
[0.00065606]
[0.00065606]
[0.00065606]
[0.00065637]
[0.00065637]
[0.00065637]
[0.00065637]
[0.00065625]
[0.00065637]
[0.00065646]
[0.00065646]
[0.00065646]
[0.00065646]
[0.00065646]
[0.00065646]
[0.00065646]
[0.00065646]
[0.00065646]
[0.00065646]
[0.00065643]
[0.00065661]
[0.00065631]
[0.00065631]
[0.00065631]
[0.00065631]
[0.00065631]
[0.00065631]
[0.00065631]
[0.00065631]
[0.00065631]
[0.00065631]
[0.00065653]
[0.00065653]
[0.00065653]
[0.00065653]
[0.00065653]
[0.00065653]
[0.00065635]
[0.00065589]
[0.00065604]
[0.00065576]
[0.00065773]
[0.00065687]
[0.00065784]
[0.0006574]
[0.0006576]
[0.0006576]
[0.00065692]
[0.00065704]
[0.00065706]
[0.0006569]
[0.00065647]
[0.0006567]
[0.00065684]
[0.0006572]
[0.00065749]
[0.000658]
[0.00065945]
[0.00065945]
[0.00065836]
[0.00065806]
[0.00065692]
[0.00065886]
[0.00065997]
[0.00065939]
[0.00066252]
[0.00066252]
[0.00066252]
[0.00066252]
[0.00066455]
[0.00066375]
[0.00066238]
[0.00066139]
[0.00066285]
[0.00066285]
[0.00066285]
[0.00066288]
[0.00066288]
[0.00066288]
[0.00066288]
[0.00066288]
[0.0006654]
[0.00066405]
[0.00066306]
[0.00066217]
[0.00066273]
[0.00066545]
[0.00066337]
[0.00066511]
[0.00066864]
[0.00066406]
[0.00066939]
[0.00069851]
[0.00071784]
[0.00071784]
[0.00072491]
[0.00070367]
[0.00070367]
[0.00070367]
[0.00066371]
[0.00066549]
[0.00070091]
[0.00073973]
[0.00088922]
[0.00088922]
[0.00088922]
[0.00077382]
[0.00077382]
[0.00077382]
[0.00077382]
[0.00080448]
[0.00080448]
[0.00162203]
[0.01293805]
[0.00078795]
[0.00248129]
[0.00122856]
[0.00936097]
[0.00307851]
[0.00066659]
[0.0006665]
[0.00316888]
[0.00065768]
