5.098771302887332
5.098771302887332
5.098771302887332
5.098771302887332
5.098771302887332
5.098771302887332
5.098771302887332
5.098771302887332
5.098771302887332
5.098771302887332
5.098771302887332
5.098771302887332
5.098771302887332
5.098771302887332
5.098771302887332
5.098771302887332
5.098771302887332
5.098771302887332
5.098771302887332
5.098771302887332
5.098771302887332
5.098771302887332
5.098771302887332
5.098771302887332
5.098771302887332
5.098771302887332
5.098771302887332
5.098771302887332
5.098771302887332
5.098771302887332
5.098771302887332
5.098771302887332
5.098771302887332
5.098771302887332
5.098771302887332
5.098771302887332
5.098771302887332
5.098771302887332
5.098771302887332
5.098771302887332
5.098771302887332
5.098771302887332
5.098771302887332
5.098771302887332
5.098771302887332
5.098771302887332
5.098771302887332
5.098771302887332
5.098771302887332
5.098771302887332
5.098771302887332
5.098771302887332
5.098771302887332
5.098771302887332
5.098771302887332
5.098771302887332
5.098771302887332
5.098771302887332
5.098771302887332
5.098771302887332
5.098771302887332
5.098771302887332
5.098771302887332
5.098771302887332
5.098771302887332
5.098771302887332
5.098771302887332
5.098771302887332
5.098771302887332
5.098771302887332
5.098771302887332
5.098771302887332
5.098771302887332
5.098771302887332
5.098771302887332
5.098771302887332
5.098771302887332
5.098771302887332
5.098771302887332
5.098771302887332
5.098771302887332
5.098771302887332
5.098771302887332
5.098771302887332
5.098771302887332
5.098771302887332
5.098771302887332
5.098771302887332
5.098771302887332
5.098771302887332
5.098771302887332
5.098771302887332
5.098771302887332
5.098771302887332
5.098771302887332
5.098771302887332
5.098771302887332
5.098771302887332
5.098771302887332
5.098771302887332
5.098771302887332
5.098771302887332
5.098771302887332
5.098771302887332
5.098771302887332
5.098771302887332
5.098771302887332
5.098771302887332
5.098771302887332
5.098771302887332
5.098771302887332
5.098771302887332
5.098771302887332
5.098771302887332
5.098771302887332
5.016512257496332
5.016512257496332
5.016512257496332
5.016512257496332
5.016512257496332
5.016512257496332
5.016512257496332
5.016512257496332
5.016512257496332
5.016512257496332
5.016512257496332
5.016512257496332
5.016512257496332
5.016512257496332
5.016512257496332
5.016512257496332
5.016512257496332
5.016512257496332
5.016512257496332
5.016512257496332
5.016512257496332
5.016512257496332
5.016512257496332
5.016512257496332
5.016512257496332
5.016512257496332
5.016512257496332
5.016512257496332
5.016512257496332
5.016512257496332
5.016512257496332
5.016512257496332
5.016512257496332
5.016512257496332
5.016512257496332
5.2147660941237515
4.981070741508502
5.124399622980588
5.124399622980588
5.124399622980588
5.124399622980588
5.124399622980588
5.124399622980588
5.124399622980588
5.124399622980588
5.124399622980588
5.124399622980588
5.124399622980588
5.124399622980588
5.124399622980588
5.124399622980588
5.124399622980588
4.9219901984784205
4.9219901984784205
4.9219901984784205
5.048806797153566
5.048806797153566
5.048806797153566
5.048806797153566
5.048806797153566
5.048806797153566
5.048806797153566
5.048806797153566
5.048806797153566
5.048806797153566
5.048806797153566
5.048806797153566
5.048806797153566
5.048806797153566
5.048806797153566
5.048806797153566
5.048806797153566
5.048806797153566
5.048806797153566
5.048806797153566
5.048806797153566
5.048806797153566
5.048806797153566
5.048806797153566
5.048806797153566
5.048806797153566
5.048806797153566
5.048806797153566
5.048806797153566
5.048806797153566
5.048806797153566
5.048806797153566
5.048806797153566
5.048806797153566
5.048806797153566
5.048806797153566
5.048806797153566
5.048806797153566
5.048806797153566
5.048806797153566
5.048806797153566
5.048806797153566
5.048806797153566
5.048806797153566
5.048806797153566
5.048806797153566
5.048806797153566
5.048806797153566
5.048806797153566
5.048806797153566
5.048806797153566
5.048806797153566
5.048806797153566
5.048806797153566
5.048806797153566
5.048806797153566
5.048806797153566
5.048806797153566
5.048806797153566
5.048806797153566
5.048806797153566
5.048806797153566
5.048806797153566
5.048806797153566
5.048806797153566
5.048806797153566
5.048806797153566
5.048806797153566
5.048806797153566
5.048806797153566
5.048806797153566
5.048806797153566
5.048806797153566
5.048806797153566
5.048806797153566
5.048806797153566
5.048806797153566
5.048806797153566
5.048806797153566
5.048806797153566
5.048806797153566
5.048806797153566
5.048806797153566
5.048806797153566
5.048806797153566
5.048806797153566
5.048806797153566
5.048806797153566
5.048806797153566
5.048806797153566
5.048806797153566
5.048806797153566
5.048806797153566
5.048806797153566
5.048806797153566
5.048806797153566
5.048806797153566
5.048806797153566
5.048806797153566
5.048806797153566
5.048806797153566
5.048806797153566
5.048806797153566
5.048806797153566
5.048806797153566
5.048806797153566
5.048806797153566
5.048806797153566
5.048806797153566
5.048806797153566
5.048806797153566
5.048806797153566
5.048806797153566
5.048806797153566
5.048806797153566
5.048806797153566
5.048806797153566
5.048806797153566
5.048806797153566
5.048806797153566
5.048806797153566
5.048806797153566
5.048806797153566
5.048806797153566
5.048806797153566
5.048806797153566
5.048806797153566
5.048806797153566
5.048806797153566
5.048806797153566
5.048806797153566
5.048806797153566
5.048806797153566
5.048806797153566
5.048806797153566
5.048806797153566
5.048806797153566
5.048806797153566
5.048806797153566
5.048806797153566
5.048806797153566
5.048806797153566
5.048806797153566
5.048806797153566
5.048806797153566
5.048806797153566
5.048806797153566
5.048806797153566
5.048806797153566
5.048806797153566
5.048806797153566
5.048806797153566
5.048806797153566
5.048806797153566
5.048806797153566
5.048806797153566
5.048806797153566
5.048806797153566
5.048806797153566
5.048806797153566
5.048806797153566
5.048806797153566
5.048806797153566
5.048806797153566
5.048806797153566
5.048806797153566
5.048806797153566
5.048806797153566
5.048806797153566
5.048806797153566
5.048806797153566
5.048806797153566
5.048806797153566
5.048806797153566
5.048806797153566
5.048806797153566
5.048806797153566
5.048806797153566
5.048806797153566
5.048806797153566
5.048806797153566
5.048806797153566
5.048806797153566
5.048806797153566
5.048806797153566
5.048806797153566
5.048806797153566
5.048806797153566
5.048806797153566
5.048806797153566
5.048806797153566
5.048806797153566
5.048806797153566
5.048806797153566
5.048806797153566
5.048806797153566
5.048806797153566
5.048806797153566
5.048806797153566
5.048806797153566
5.048806797153566
5.048806797153566
5.048806797153566
5.048806797153566
5.048806797153566
5.048806797153566
5.048806797153566
5.048806797153566
5.048806797153566
5.048806797153566
5.048806797153566
5.048806797153566
5.048806797153566
5.048806797153566
5.048806797153566
5.048806797153566
5.048806797153566
5.048806797153566
5.048806797153566
5.048806797153566
5.048806797153566
5.048806797153566
5.048806797153566
5.048806797153566
5.048806797153566
5.048806797153566
5.048806797153566
5.048806797153566
5.048806797153566
5.048806797153566
5.048806797153566
5.048806797153566
5.048806797153566
5.048806797153566
5.048806797153566
5.048806797153566
5.048806797153566
5.048806797153566
5.048806797153566
5.048806797153566
5.048806797153566
5.048806797153566
5.048806797153566
5.048806797153566
5.048806797153566
5.048806797153566
5.048806797153566
5.048806797153566
5.048806797153566
5.048806797153566
5.048806797153566
5.048806797153566
5.048806797153566
5.048806797153566
5.048806797153566
5.048806797153566
5.048806797153566
5.048806797153566
5.048806797153566
5.048806797153566
5.048806797153566
5.048806797153566
5.048806797153566
5.048806797153566
5.048806797153566
5.048806797153566
5.048806797153566
5.048806797153566
5.048806797153566
5.048806797153566
5.048806797153566
5.048806797153566
5.048806797153566
5.048806797153566
5.048806797153566
5.048806797153566
5.048806797153566
5.048806797153566
5.048806797153566
5.048806797153566
5.048806797153566
5.048806797153566
5.048806797153566
5.048806797153566
4.965546572552204
5.158616444305871
5.250926897653271
5.220384858466734
5.310242973111119
5.009484012961343
5.1306677108305525
4.853758996057381
5.1472363735309745
5.185733591966822
5.042142467117202
5.323617688928962
5.323617688928962
5.37848714013389
4.9983510259934985
5.140551163488275
5.111624319180191
5.327700965671484
5.252892090301419
5.357393826024179
5.153002145175271
5.231590302941561
5.288169941875655
5.511063617705499
5.057654360422035
5.933832053711254
4.895843868140507
5.25748945473049
4.832547686615837
6.09691605109811
4.680811212961615
4.680204104614222
5.958557901281808
5.0037600272757805
4.2504668105336005
1.0
2.065490461461261
2.0172437290308203
2.41510264883442
2.4510176022487187
2.4050171632203057
2.263170132836409
4.076467311220435
4.076467311220435
6.654259236749096
5.887181967595628
