3.6860704621483533
4.517699508722261
4.259514941829099
4.857512782702267
3.792565990780149
5.016662496926054
5.016662496926054
4.026826643434906
4.026826643434906
4.757937828975358
4.1505709472323735
5.445811818193023
4.803527558883863
3.841132062318989
4.1088283777623085
4.372346298666075
4.432277297225125
4.616547825357186
5.160519924837048
3.373829457410931
3.8227217651032372
3.8227217651032372
3.8227217651032372
3.8227217651032372
3.8227217651032372
3.8227217651032372
3.8227217651032372
3.8227217651032372
3.8227217651032372
3.8227217651032372
3.8227217651032372
3.8227217651032372
3.8227217651032372
3.8227217651032372
3.8227217651032372
3.8227217651032372
3.8227217651032372
3.8227217651032372
3.8227217651032372
3.8227217651032372
3.8227217651032372
3.8227217651032372
3.8227217651032372
3.8227217651032372
3.8227217651032372
3.8227217651032372
3.8227217651032372
3.8227217651032372
3.8227217651032372
3.8227217651032372
3.8227217651032372
3.8227217651032372
3.8227217651032372
3.8227217651032372
3.8227217651032372
3.8227217651032372
3.8227217651032372
3.8227217651032372
3.8227217651032372
3.8227217651032372
3.8227217651032372
3.8227217651032372
3.8227217651032372
3.8227217651032372
3.8227217651032372
3.8227217651032372
3.8227217651032372
3.8227217651032372
3.8227217651032372
3.8227217651032372
3.8227217651032372
3.8227217651032372
3.8227217651032372
3.8227217651032372
3.8227217651032372
3.8227217651032372
3.8227217651032372
3.8227217651032372
3.8227217651032372
3.8227217651032372
3.8227217651032372
3.8227217651032372
3.8227217651032372
3.8227217651032372
3.8227217651032372
3.8227217651032372
3.8227217651032372
3.8227217651032372
3.8227217651032372
3.8227217651032372
3.8227217651032372
3.8227217651032372
3.8227217651032372
3.8227217651032372
3.8227217651032372
3.8227217651032372
3.8227217651032372
3.8227217651032372
3.8227217651032372
3.8227217651032372
3.8227217651032372
3.8227217651032372
3.8227217651032372
3.8227217651032372
3.8227217651032372
3.8227217651032372
3.8227217651032372
3.8227217651032372
3.8227217651032372
3.8227217651032372
3.8227217651032372
3.8227217651032372
3.8227217651032372
3.8227217651032372
3.8227217651032372
3.8227217651032372
3.8227217651032372
3.8227217651032372
3.8227217651032372
3.8227217651032372
3.8227217651032372
3.8227217651032372
3.8227217651032372
3.8227217651032372
3.8227217651032372
3.8227217651032372
3.8227217651032372
3.8227217651032372
3.8227217651032372
3.8227217651032372
3.8227217651032372
3.8227217651032372
3.8227217651032372
3.8227217651032372
3.8227217651032372
3.8227217651032372
3.8227217651032372
3.8227217651032372
3.8227217651032372
3.8227217651032372
3.8227217651032372
3.8227217651032372
3.8227217651032372
3.8227217651032372
3.8227217651032372
3.8227217651032372
3.8227217651032372
3.8227217651032372
3.8227217651032372
3.8227217651032372
3.8227217651032372
3.8227217651032372
3.8227217651032372
3.8227217651032372
3.8227217651032372
3.8227217651032372
3.8227217651032372
3.8227217651032372
3.8227217651032372
3.8227217651032372
3.8227217651032372
3.8227217651032372
3.8227217651032372
3.8227217651032372
3.8227217651032372
3.8227217651032372
3.8227217651032372
3.8227217651032372
3.8227217651032372
3.8227217651032372
3.8227217651032372
3.8227217651032372
3.8227217651032372
3.8227217651032372
3.8227217651032372
3.8227217651032372
3.8227217651032372
3.8227217651032372
3.8227217651032372
3.8227217651032372
3.8227217651032372
3.8227217651032372
3.8227217651032372
3.8227217651032372
3.8227217651032372
3.8227217651032372
3.8227217651032372
3.8227217651032372
3.8227217651032372
3.8227217651032372
3.8227217651032372
3.8227217651032372
3.8227217651032372
3.8227217651032372
3.8227217651032372
3.8227217651032372
3.8227217651032372
3.8227217651032372
3.8227217651032372
3.8227217651032372
3.8227217651032372
3.8227217651032372
3.8227217651032372
3.8227217651032372
3.8227217651032372
3.8227217651032372
3.8227217651032372
3.8227217651032372
3.8227217651032372
3.8227217651032372
3.8227217651032372
3.8227217651032372
3.8227217651032372
3.8227217651032372
3.8227217651032372
3.8227217651032372
3.8227217651032372
3.8227217651032372
3.8227217651032372
3.8227217651032372
3.8227217651032372
3.8227217651032372
3.8227217651032372
3.8227217651032372
3.8227217651032372
3.8227217651032372
3.8227217651032372
3.8227217651032372
3.8227217651032372
3.8227217651032372
3.8227217651032372
3.8227217651032372
3.8227217651032372
3.8227217651032372
3.8227217651032372
3.8227217651032372
3.8227217651032372
3.8227217651032372
3.8227217651032372
3.8227217651032372
3.8227217651032372
3.8227217651032372
3.8227217651032372
3.8227217651032372
3.8227217651032372
3.8227217651032372
3.8227217651032372
3.8227217651032372
3.8227217651032372
3.8227217651032372
3.8227217651032372
3.8227217651032372
3.8227217651032372
3.8227217651032372
3.8227217651032372
3.8227217651032372
3.8227217651032372
3.8227217651032372
3.8227217651032372
3.8227217651032372
3.8227217651032372
3.8227217651032372
3.8227217651032372
3.8227217651032372
3.8227217651032372
3.8227217651032372
3.8227217651032372
3.8227217651032372
3.8227217651032372
3.8227217651032372
3.8227217651032372
3.8227217651032372
3.8227217651032372
3.8227217651032372
3.8227217651032372
3.8227217651032372
3.8227217651032372
3.8227217651032372
3.8227217651032372
3.8227217651032372
3.8227217651032372
3.8227217651032372
3.8227217651032372
3.8227217651032372
3.8227217651032372
3.8227217651032372
3.8227217651032372
3.8227217651032372
3.8227217651032372
3.8227217651032372
3.8227217651032372
3.8227217651032372
3.8227217651032372
3.8227217651032372
3.8227217651032372
3.8227217651032372
3.8227217651032372
3.8227217651032372
3.8227217651032372
3.8227217651032372
3.8227217651032372
3.8227217651032372
3.8227217651032372
3.8227217651032372
3.8227217651032372
3.8227217651032372
3.8227217651032372
3.8227217651032372
3.8227217651032372
3.8227217651032372
3.8227217651032372
3.8227217651032372
3.8227217651032372
3.8227217651032372
3.8227217651032372
3.8227217651032372
3.8227217651032372
3.8227217651032372
3.8227217651032372
3.8227217651032372
3.8227217651032372
3.8227217651032372
3.8227217651032372
3.8227217651032372
3.8227217651032372
3.8227217651032372
3.8227217651032372
3.8227217651032372
3.8227217651032372
3.8227217651032372
3.8227217651032372
3.8227217651032372
3.8227217651032372
3.8227217651032372
3.8227217651032372
3.8227217651032372
3.8227217651032372
3.8227217651032372
3.8227217651032372
3.8227217651032372
3.8227217651032372
3.8227217651032372
3.8227217651032372
3.8227217651032372
3.8227217651032372
3.8227217651032372
3.8227217651032372
3.8227217651032372
3.8227217651032372
3.8227217651032372
3.8227217651032372
3.8227217651032372
3.8227217651032372
3.8227217651032372
3.8227217651032372
3.8227217651032372
3.8227217651032372
3.8227217651032372
3.8227217651032372
3.8227217651032372
3.8227217651032372
3.8227217651032372
3.8227217651032372
3.8227217651032372
3.8227217651032372
3.8227217651032372
3.8227217651032372
3.8227217651032372
3.8227217651032372
3.8227217651032372
3.8227217651032372
3.8227217651032372
3.8227217651032372
3.8227217651032372
3.8227217651032372
3.8227217651032372
3.8227217651032372
3.8227217651032372
3.8227217651032372
3.8227217651032372
3.8227217651032372
3.8227217651032372
3.8227217651032372
3.8227217651032372
3.8227217651032372
3.8227217651032372
3.8227217651032372
3.8227217651032372
3.8227217651032372
3.8227217651032372
3.8227217651032372
3.8227217651032372
3.8227217651032372
3.8227217651032372
3.8227217651032372
3.8227217651032372
3.8227217651032372
3.8227217651032372
3.8227217651032372
3.8227217651032372
3.8227217651032372
3.8227217651032372
3.8227217651032372
3.8227217651032372
3.8227217651032372
3.8227217651032372
3.8227217651032372
3.8227217651032372
3.8227217651032372
3.8227217651032372
3.8227217651032372
3.8227217651032372
3.8227217651032372
3.8227217651032372
3.8227217651032372
3.8227217651032372
3.8227217651032372
3.8227217651032372
3.8227217651032372
3.8227217651032372
3.8227217651032372
3.8227217651032372
3.8227217651032372
3.8227217651032372
3.8227217651032372
3.8227217651032372
3.8227217651032372
3.8227217651032372
3.8227217651032372
3.8227217651032372
3.8227217651032372
3.8227217651032372
3.8227217651032372
3.8227217651032372
3.8227217651032372
3.8227217651032372
3.8227217651032372
3.8227217651032372
3.8227217651032372
3.8227217651032372
3.8227217651032372
3.8227217651032372
3.8227217651032372
3.8227217651032372
3.8227217651032372
3.8227217651032372
3.8227217651032372
3.8227217651032372
3.8227217651032372
3.8227217651032372
3.8227217651032372
3.8227217651032372
3.8227217651032372
3.8227217651032372
3.8227217651032372
3.8227217651032372
3.8227217651032372
3.8227217651032372
3.8227217651032372
3.8227217651032372
3.8227217651032372
3.8227217651032372
3.8227217651032372
3.8227217651032372
3.8227217651032372
3.8227217651032372
3.8227217651032372
3.8227217651032372
3.8227217651032372
3.8227217651032372
3.8227217651032372
3.8227217651032372
3.8227217651032372
3.8227217651032372
3.8227217651032372
3.8227217651032372
3.8227217651032372
3.8227217651032372
3.8227217651032372
3.8227217651032372
3.8227217651032372
3.8227217651032372
3.8227217651032372
3.8227217651032372
3.8227217651032372
3.8227217651032372
3.8227217651032372
3.8227217651032372
3.8227217651032372
3.8227217651032372
3.8227217651032372
3.8227217651032372
3.8227217651032372
3.690797507844554
4.984018577096521
1.0
3.5488878078657518
4.772019247205735
4.057921765103237
5.663140166380789
