3.8222000000000023
3.0288000000000004
5.020300000000003
3.256000000000001
2.844300000000001
6.6573000000000055
2.287200000000001
7.768800000000006
9.118799999999998
2.876300000000001
2.876300000000001
2.876300000000001
2.876300000000001
2.876300000000001
2.876300000000001
2.876300000000001
2.876300000000001
2.876300000000001
2.876300000000001
2.876300000000001
2.876300000000001
2.876300000000001
2.876300000000001
2.876300000000001
2.876300000000001
2.876300000000001
2.876300000000001
2.876300000000001
2.876300000000001
2.876300000000001
2.876300000000001
2.876300000000001
2.876300000000001
2.876300000000001
2.876300000000001
2.876300000000001
2.876300000000001
2.876300000000001
2.876300000000001
2.876300000000001
2.876300000000001
2.876300000000001
2.876300000000001
2.876300000000001
2.876300000000001
2.876300000000001
2.876300000000001
2.876300000000001
2.876300000000001
2.876300000000001
2.876300000000001
2.876300000000001
2.876300000000001
2.876300000000001
2.876300000000001
2.876300000000001
2.876300000000001
2.876300000000001
2.876300000000001
2.876300000000001
2.876300000000001
2.876300000000001
2.876300000000001
2.876300000000001
2.876300000000001
2.876300000000001
2.876300000000001
2.876300000000001
2.876300000000001
2.876300000000001
2.876300000000001
2.876300000000001
2.876300000000001
2.876300000000001
2.876300000000001
2.876300000000001
2.876300000000001
2.876300000000001
2.876300000000001
2.876300000000001
2.876300000000001
2.876300000000001
2.876300000000001
2.876300000000001
2.876300000000001
2.876300000000001
2.876300000000001
2.876300000000001
2.876300000000001
2.876300000000001
2.876300000000001
2.876300000000001
2.876300000000001
2.876300000000001
2.876300000000001
2.876300000000001
2.876300000000001
2.876300000000001
2.876300000000001
2.876300000000001
2.876300000000001
2.876300000000001
2.876300000000001
2.876300000000001
2.876300000000001
2.876300000000001
2.876300000000001
2.876300000000001
2.876300000000001
2.876300000000001
2.876300000000001
2.876300000000001
2.876300000000001
2.876300000000001
2.876300000000001
2.876300000000001
2.876300000000001
2.876300000000001
2.876300000000001
2.876300000000001
2.876300000000001
2.876300000000001
2.876300000000001
2.876300000000001
2.876300000000001
2.876300000000001
2.876300000000001
1.3551
1.3551
7.819200000000007
7.819200000000007
7.819200000000007
7.819200000000007
7.819200000000007
7.819200000000007
7.819200000000007
7.819200000000007
7.819200000000007
7.819200000000007
7.819200000000007
7.819200000000007
7.819200000000007
7.819200000000007
7.819200000000007
7.819200000000007
7.819200000000007
7.819200000000007
7.819200000000007
7.819200000000007
7.819200000000007
7.819200000000007
7.819200000000007
7.819200000000007
7.819200000000007
7.819200000000007
7.819200000000007
7.819200000000007
7.819200000000007
7.819200000000007
7.819200000000007
7.819200000000007
7.819200000000007
7.819200000000007
7.819200000000007
7.819200000000007
7.819200000000007
7.819200000000007
7.819200000000007
7.819200000000007
7.819200000000007
7.819200000000007
7.819200000000007
7.819200000000007
7.819200000000007
7.819200000000007
7.819200000000007
7.819200000000007
7.819200000000007
7.819200000000007
7.819200000000007
7.819200000000007
7.819200000000007
7.819200000000007
7.819200000000007
7.819200000000007
7.819200000000007
7.819200000000007
7.819200000000007
7.819200000000007
7.819200000000007
7.819200000000007
7.819200000000007
7.819200000000007
7.819200000000007
7.819200000000007
7.819200000000007
7.819200000000007
7.819200000000007
7.819200000000007
7.819200000000007
7.819200000000007
7.819200000000007
7.819200000000007
7.819200000000006
2.137500000000001
2.137500000000001
2.137500000000001
2.137500000000001
2.137500000000001
2.137500000000001
2.137500000000001
2.137500000000001
2.137500000000001
2.137500000000001
2.137500000000001
2.137500000000001
2.137500000000001
2.137500000000001
2.137500000000001
2.6707000000000014
2.5878
25.28620000000007
25.28620000000007
25.28620000000007
25.28620000000007
25.28620000000007
25.28620000000007
25.28620000000007
25.28620000000007
25.28620000000007
25.28620000000007
25.28620000000007
25.28620000000007
25.28620000000007
25.28620000000007
25.28620000000007
25.28620000000007
25.28620000000007
25.28620000000007
25.28620000000007
25.28620000000007
25.28620000000007
25.28620000000007
25.28620000000007
25.28620000000007
25.28620000000007
25.28620000000007
25.28620000000007
25.28620000000007
25.28620000000007
25.28620000000007
25.28620000000007
25.28620000000007
25.28620000000007
25.28620000000007
25.28620000000007
25.28620000000007
25.28620000000007
25.28620000000007
25.28620000000007
25.28620000000007
25.28620000000007
25.28620000000007
25.28620000000007
25.28620000000007
25.28620000000007
25.28620000000007
25.28620000000007
25.28620000000007
25.28620000000007
25.28620000000007
25.28620000000007
25.28620000000007
25.28620000000007
25.28620000000007
25.28620000000007
25.28620000000007
25.28620000000007
25.28620000000007
25.28620000000007
25.28620000000007
25.28620000000007
25.28620000000007
25.28620000000007
25.28620000000007
25.28620000000007
25.28620000000007
25.28620000000007
25.28620000000007
25.28620000000007
25.28620000000007
25.28620000000007
25.28620000000007
25.28620000000007
25.28620000000007
25.28620000000007
25.28620000000007
25.28620000000007
25.28620000000007
25.28620000000007
25.28620000000007
25.28620000000007
25.28620000000007
25.28620000000007
25.28620000000007
25.28620000000007
25.28620000000007
25.28620000000007
25.28620000000007
25.28620000000007
25.28620000000007
25.28620000000007
25.28620000000007
25.28620000000007
25.28620000000007
25.28620000000007
25.28620000000007
25.28620000000007
25.28620000000007
25.28620000000007
25.28620000000007
25.28620000000007
25.28620000000007
25.28620000000007
25.28620000000007
25.28620000000007
25.28620000000007
25.28620000000007
25.28620000000007
25.28620000000007
25.28620000000007
25.28620000000007
25.28620000000007
25.28620000000007
25.28620000000007
25.28620000000007
25.28620000000007
25.28620000000007
25.28620000000007
25.28620000000007
25.28620000000007
25.28620000000007
25.28620000000007
25.28620000000007
25.28620000000007
25.28620000000007
25.28620000000007
25.28620000000007
25.28620000000007
25.28620000000007
25.28620000000007
25.28620000000007
25.28620000000007
25.28620000000007
25.28620000000007
25.28620000000007
25.28620000000007
25.28620000000007
25.28620000000007
25.28620000000007
25.28620000000007
25.28620000000007
25.28620000000007
25.28620000000007
25.28620000000007
25.28620000000007
25.28620000000007
25.28620000000007
25.28620000000007
25.28620000000007
25.28620000000007
25.28620000000007
25.28620000000007
25.28620000000007
25.28620000000007
25.28620000000007
25.28620000000007
25.28620000000007
25.28620000000007
25.28620000000007
25.28620000000007
25.28620000000007
25.28620000000007
25.28620000000007
25.28620000000007
25.28620000000007
25.28620000000007
25.28620000000007
25.28620000000007
25.28620000000007
25.28620000000007
25.28620000000007
25.28620000000007
25.28620000000007
25.28620000000007
25.28620000000007
25.28620000000007
25.28620000000007
25.28620000000007
25.28620000000007
25.28620000000007
25.28620000000007
25.28620000000007
25.28620000000007
25.28620000000007
25.28620000000007
25.28620000000007
25.28620000000007
25.28620000000007
25.28620000000007
25.28620000000007
25.28620000000007
25.28620000000007
25.28620000000007
25.28620000000007
25.28620000000007
25.28620000000007
25.28620000000007
25.28620000000007
25.28620000000007
25.28620000000007
25.28620000000007
25.28620000000007
25.28620000000007
25.028100000000066
1.7996999999999999
24.896100000000065
24.896100000000065
24.938600000000058
24.938600000000058
24.938600000000058
24.938600000000058
24.896100000000065
24.772500000000065
24.638000000000062
24.56960000000006
24.50600000000006
24.50600000000006
24.40070000000006
24.09000000000006
23.30190000000005
23.742400000000053
23.742400000000053
23.38270000000005
23.916400000000056
23.35230000000005
8.741999999999999
8.741999999999999
3.751400000000001
3.751400000000001
3.751400000000001
3.751400000000001
3.751400000000001
3.751400000000001
3.751400000000001
3.751400000000001
3.751400000000001
3.751400000000001
3.751400000000001
3.751400000000001
3.751400000000001
3.751400000000001
3.751400000000001
3.751400000000001
3.751400000000001
3.751400000000001
3.751400000000001
3.751400000000001
3.751400000000001
3.751400000000001
3.751400000000001
3.751400000000001
3.751400000000001
3.751400000000001
3.751400000000001
3.751400000000001
3.751400000000001
3.751400000000001
3.751400000000001
3.751400000000001
20.033080000000016
16.80099999999998
16.40219999999998
15.610799999999974
17.253499999999995
14.04239999999998
11.659799999999985
8.002000000000004
11.124399999999985
6.475200000000004
6.102400000000002
2.6156000000000006
17.7883
0.08029999999999998
24.54850000000006
0.30040000000000006
-0.37010000000000015
5.5393000000000026
23.11920000000005
23.21210000000005
