[0.29863888]
[0.00203]
[0.00203]
[0.00203]
[0.00203]
[0.00203]
[0.00203]
[0.00203]
[0.00203]
[0.00203]
[0.00203]
[0.00203]
[0.00203]
[0.00203]
[0.00203]
[0.00203]
[0.00203]
[0.00203]
[0.00203]
[0.00203]
[0.00203]
[0.00203]
[0.00203]
[0.00203]
[0.00203]
[0.00203]
[0.00203]
[0.00203]
[0.00203]
[0.00203]
[0.00203]
[0.00203]
[0.00203]
[0.00203]
[0.00203]
[0.00203]
[0.00203]
[0.00203]
[0.00203]
[0.00203]
[0.00203]
[0.00203]
[0.00203]
[0.00203]
[0.00203]
[0.00203]
[0.00203]
[0.00203]
[0.00203]
[0.00203]
[0.00203]
[0.00203]
[0.00203]
[0.00203]
[0.00203]
[0.00203]
[0.00203]
[0.00203]
[0.00203]
[0.00203]
[0.00203]
[0.00203]
[0.00203]
[0.00203]
[0.00203]
[0.00203]
[0.00203]
[0.00203]
[0.0020275]
[0.0020275]
[0.0020275]
[0.0020275]
[0.00203574]
[0.00203574]
[0.00203574]
[0.00203574]
[0.00203574]
[0.00203574]
[0.00203574]
[0.00203574]
[0.00203574]
[0.00203574]
[0.00203574]
[0.00203574]
[0.00203574]
[0.00203574]
[0.00203574]
[0.00203574]
[0.00203574]
[0.00203574]
[0.00203574]
[0.00203574]
[0.00203574]
[0.00203574]
[0.00203574]
[0.00203574]
[0.00203574]
[0.00203574]
[0.00203574]
[0.00203574]
[0.00203574]
[0.00203574]
[0.00203574]
[0.00203574]
[0.00203574]
[0.00203574]
[0.00203574]
[0.00203574]
[0.00203574]
[0.00203574]
[0.00203574]
[0.00203574]
[0.00203574]
[0.00203574]
[0.00203574]
[0.00203574]
[0.00203574]
[0.00203574]
[0.00203574]
[0.00203574]
[0.00203574]
[0.00203574]
[0.00203574]
[0.00203574]
[0.00203574]
[0.00203574]
[0.00203574]
[0.00203574]
[0.00203574]
[0.00203574]
[0.00203574]
[0.00203574]
[0.00203574]
[0.00203574]
[0.00203574]
[0.00203574]
[0.00203574]
[0.00203574]
[0.00203574]
[0.00203574]
[0.00203574]
[0.00203574]
[0.00203574]
[0.00203574]
[0.00203574]
[0.00203574]
[0.00203574]
[0.00203574]
[0.00203574]
[0.00203574]
[0.00203574]
[0.00203574]
[0.00203574]
[0.00203574]
[0.00203574]
[0.00203574]
[0.00203574]
[0.00203574]
[0.00203574]
[0.00203574]
[0.00203574]
[0.00203574]
[0.00203574]
[0.00203574]
[0.00203574]
[0.00203574]
[0.00203574]
[0.00203574]
[0.00203574]
[0.00203574]
[0.00203574]
[0.00203574]
[0.00203574]
[0.00203574]
[0.00203574]
[0.00203574]
[0.00203574]
[0.00203574]
[0.00203574]
[0.00203574]
[0.00203574]
[0.00203574]
[0.00203574]
[0.00203574]
[0.00203574]
[0.00203574]
[0.00203574]
[0.00203574]
[0.00203574]
[0.00203574]
[0.00203574]
[0.00203574]
[0.00203574]
[0.00203574]
[0.00203574]
[0.00203574]
[0.00203574]
[0.00203574]
[0.00203574]
[0.00203574]
[0.00203574]
[0.00203574]
[0.00203574]
[0.00203574]
[0.00203574]
[0.00203574]
[0.00203574]
[0.00203574]
[0.00203574]
[0.00203574]
[0.00203574]
[0.00203574]
[0.00203574]
[0.00203574]
[0.00203574]
[0.00203574]
[0.00203574]
[0.00203574]
[0.00203574]
[0.00203574]
[0.00203574]
[0.00203574]
[0.00203574]
[0.00203574]
[0.00203574]
[0.00203574]
[0.00203574]
[0.00203574]
[0.00203574]
[0.00203574]
[0.00203574]
[0.00203574]
[0.00203574]
[0.00203574]
[0.00203574]
[0.00203574]
[0.00203574]
[0.00203574]
[0.00203574]
[0.00203574]
[0.00203574]
[0.00203574]
[0.00203574]
[0.00203574]
[0.00203574]
[0.00203574]
[0.00203574]
[0.00203574]
[0.00203574]
[0.00203574]
[0.00203574]
[0.00203574]
[0.00203574]
[0.00203574]
[0.00203574]
[0.00203574]
[0.00203574]
[0.00203574]
[0.00203574]
[0.00203574]
[0.00203574]
[0.00203574]
[0.00203574]
[0.00203574]
[0.00203574]
[0.00203574]
[0.00203574]
[0.00203574]
[0.00203574]
[0.00203574]
[0.00203574]
[0.00203574]
[0.00203574]
[0.00203574]
[0.00203574]
[0.00203574]
[0.00203574]
[0.00203574]
[0.00203574]
[0.00203574]
[0.00203574]
[0.00203574]
[0.00203574]
[0.00203574]
[0.00203574]
[0.00203574]
[0.00203574]
[0.00203574]
[0.00203574]
[0.00203574]
[0.00203574]
[0.00203574]
[0.00203574]
[0.00203574]
[0.00203574]
[0.00203574]
[0.00203574]
[0.00203574]
[0.00203574]
[0.00203574]
[0.00203574]
[0.00203574]
[0.00203574]
[0.00203574]
[0.00203574]
[0.00203574]
[0.00203574]
[0.00203574]
[0.00203574]
[0.00203574]
[0.00203574]
[0.00203574]
[0.00203574]
[0.00203574]
[0.00203574]
[0.00203574]
[0.00203574]
[0.00203574]
[0.00203574]
[0.00203574]
[0.00203574]
[0.00203574]
[0.00203574]
[0.00203574]
[0.00203574]
[0.00203574]
[0.00203574]
[0.00203574]
[0.00203574]
[0.00203574]
[0.00203574]
[0.00203574]
[0.00203574]
[0.00203574]
[0.00203574]
[0.00203574]
[0.00203574]
[0.00203574]
[0.00203574]
[0.00203574]
[0.00203574]
[0.00203574]
[0.00203574]
[0.00203574]
[0.00203574]
[0.00203574]
[0.00203574]
[0.00203574]
[0.00203574]
[0.00203574]
[0.00203574]
[0.00203574]
[0.00203574]
[0.00203574]
[0.00203574]
[0.00203574]
[0.00203574]
[0.00203574]
[0.00203574]
[0.00203574]
[0.00203574]
[0.00203574]
[0.00203574]
[0.00203574]
[0.00203574]
[0.00203574]
[0.00203574]
[0.00203574]
[0.00203574]
[0.00203574]
[0.00203574]
[0.00203297]
[0.00202999]
[0.00202999]
[0.00203001]
[0.00203001]
[0.00203001]
[0.00203]
[0.00203]
[0.00203572]
[0.00203572]
[0.00203574]
[0.00202544]
[0.00203568]
[0.00203568]
[0.00203568]
[0.00203571]
[0.00203571]
[0.00203571]
[0.00203571]
[0.00203571]
[0.00203574]
[0.00204293]
[0.00204302]
[0.00204302]
[0.00203681]
[0.00204302]
[0.00204292]
[0.00204292]
[0.00204292]
[0.00203887]
[0.00203607]
[0.00203363]
[0.00204302]
[0.00205235]
[0.00205235]
[0.00203469]
[0.00204302]
[0.00203281]
[0.00203281]
[0.00203469]
[0.00203813]
[0.00204136]
[0.00203564]
[0.00203172]
[0.00204136]
[0.00204418]
[0.00204155]
[0.00203569]
[0.00203569]
[0.00204155]
[0.00204155]
[0.0020388]
[0.00203515]
[0.00202963]
[0.00203681]
[0.00203107]
[0.00204287]
[0.00205216]
[0.00203886]
[0.00203604]
[0.0020405]
[0.00203812]
[0.00203812]
[0.00205196]
[0.00204332]
[0.00204875]
[0.00203569]
[0.00203569]
[0.00203569]
[0.00204278]
[0.00204278]
[0.00204278]
[0.0020335]
[0.00203804]
[0.00203812]
[0.00203814]
[0.00206344]
[0.00203737]
[0.00204607]
[0.00205627]
[0.00206847]
[0.01666222]
[0.00210483]
[0.00221196]
[0.00217767]
[0.00219859]
[0.0022003]
[0.00217808]
[0.00217808]
[0.00212473]
[0.00212473]
[0.00212579]
[0.00219917]
[0.00215792]
[0.00225715]
[0.00235775]
[0.00232811]
[0.00228487]
[0.00227999]
[0.0023088]
[0.00230976]
[0.00244007]
[0.00243565]
[0.00229567]
[0.00231791]
[0.00236193]
[0.0024114]
[0.00237332]
[0.00241721]
[0.00228679]
[0.00239601]
[0.0122051]
[0.00234832]
[0.00225396]
[0.0110961]
[0.00171622]
[0.00171622]
[0.00171713]
[0.00676476]
[0.00171622]
[0.00171825]
[0.00202761]
[0.00172296]
[0.00171626]
[0.00172426]
[0.00174343]
[0.00234612]
[0.00205211]
[0.00219789]
