[0.00080056]
[0.00080056]
[0.00080056]
[0.00080056]
[0.00080056]
[0.00080056]
[0.00080056]
[0.00080056]
[0.00080056]
[0.00080056]
[0.00080056]
[0.00080056]
[0.00080056]
[0.00080056]
[0.00080056]
[0.00080056]
[0.00080056]
[0.00080056]
[0.00080056]
[0.00080056]
[0.00080056]
[0.00080056]
[0.00080056]
[0.00080056]
[0.00080056]
[0.0007996]
[0.0007996]
[0.0007996]
[0.0007996]
[0.0007996]
[0.0007996]
[0.0007996]
[0.0007996]
[0.0007996]
[0.0007996]
[0.0007996]
[0.0007996]
[0.0007996]
[0.0007996]
[0.0007996]
[0.0007996]
[0.0007996]
[0.0007996]
[0.0007996]
[0.0007996]
[0.0007996]
[0.0007996]
[0.0007996]
[0.0007996]
[0.0007996]
[0.0007996]
[0.0007996]
[0.0007996]
[0.0007996]
[0.0007996]
[0.0007996]
[0.0007996]
[0.0007996]
[0.0007996]
[0.0007996]
[0.0007996]
[0.0007996]
[0.0007996]
[0.0007996]
[0.0007996]
[0.0007996]
[0.0007996]
[0.0007996]
[0.0007996]
[0.0007996]
[0.0007996]
[0.0007996]
[0.0007996]
[0.0007996]
[0.0007996]
[0.0007996]
[0.0007996]
[0.0007996]
[0.0007996]
[0.0007996]
[0.0007996]
[0.0007996]
[0.0007996]
[0.0007996]
[0.0007996]
[0.0007996]
[0.0007996]
[0.0007996]
[0.0007996]
[0.0007996]
[0.0007996]
[0.0007996]
[0.0007996]
[0.0007996]
[0.0007996]
[0.0007996]
[0.0007996]
[0.0007996]
[0.0007996]
[0.0007996]
[0.0007996]
[0.0007996]
[0.0007996]
[0.0007996]
[0.0007996]
[0.0007996]
[0.0007996]
[0.0007996]
[0.0007996]
[0.0007996]
[0.0007996]
[0.0007996]
[0.0007996]
[0.0007996]
[0.0007996]
[0.0007996]
[0.0007996]
[0.0007996]
[0.0007996]
[0.0007996]
[0.0007996]
[0.0007996]
[0.0007996]
[0.0007996]
[0.0007996]
[0.0007996]
[0.0007996]
[0.0007996]
[0.0007996]
[0.0007996]
[0.0007996]
[0.0007996]
[0.0007996]
[0.0007996]
[0.0007996]
[0.0007996]
[0.0007996]
[0.0007996]
[0.0007996]
[0.0007996]
[0.0007996]
[0.0007996]
[0.0007996]
[0.0007996]
[0.0007996]
[0.0007996]
[0.0007996]
[0.0007996]
[0.0007996]
[0.0007996]
[0.0007996]
[0.0007996]
[0.0007996]
[0.0007996]
[0.0007996]
[0.0007996]
[0.0007996]
[0.0007996]
[0.0007996]
[0.0007996]
[0.0007996]
[0.0007996]
[0.0007996]
[0.0007996]
[0.0007996]
[0.0007996]
[0.0007996]
[0.0007996]
[0.0007996]
[0.0007996]
[0.0007996]
[0.0007996]
[0.0007996]
[0.0007996]
[0.0007996]
[0.0007996]
[0.0007996]
[0.0007996]
[0.0007996]
[0.0007996]
[0.0007996]
[0.0007996]
[0.0007996]
[0.0007996]
[0.0007996]
[0.0007996]
[0.0007996]
[0.0007996]
[0.0007996]
[0.0007996]
[0.0007996]
[0.0007996]
[0.0007996]
[0.0007996]
[0.0007996]
[0.0007996]
[0.0007996]
[0.0007996]
[0.0007996]
[0.0007996]
[0.0007996]
[0.0007996]
[0.0007996]
[0.0007996]
[0.0007996]
[0.0007996]
[0.0007996]
[0.0007996]
[0.0007996]
[0.0007996]
[0.0007996]
[0.0007996]
[0.0007996]
[0.0007996]
[0.0007996]
[0.0007996]
[0.0007996]
[0.0007996]
[0.0007996]
[0.0007996]
[0.0007996]
[0.0007996]
[0.0007996]
[0.0007996]
[0.0007996]
[0.0007996]
[0.0007996]
[0.0007996]
[0.0007996]
[0.0007996]
[0.0007996]
[0.0007996]
[0.0007996]
[0.0007996]
[0.0007996]
[0.0007996]
[0.0007996]
[0.0007996]
[0.0007996]
[0.0007996]
[0.0007996]
[0.0007996]
[0.0007996]
[0.0007996]
[0.0007996]
[0.0007996]
[0.0007996]
[0.0007996]
[0.0007996]
[0.0007996]
[0.0007996]
[0.0007996]
[0.0007996]
[0.0007996]
[0.0007996]
[0.0007996]
[0.0007996]
[0.0007996]
[0.0007996]
[0.0007996]
[0.0007996]
[0.0007996]
[0.0007996]
[0.0007996]
[0.0007996]
[0.0007996]
[0.0007996]
[0.0007996]
[0.0007996]
[0.0007996]
[0.0007996]
[0.0007996]
[0.0007996]
[0.0007996]
[0.0007996]
[0.0007996]
[0.0007996]
[0.0007996]
[0.0007996]
[0.0007996]
[0.0007996]
[0.0007996]
[0.0007996]
[0.0007996]
[0.0007996]
[0.0007996]
[0.0007996]
[0.0007996]
[0.0007996]
[0.0007996]
[0.0007996]
[0.0007996]
[0.0007996]
[0.0007996]
[0.0007996]
[0.0007996]
[0.0007996]
[0.0007996]
[0.0007996]
[0.0007996]
[0.0007996]
[0.0007996]
[0.0007996]
[0.0007996]
[0.0007996]
[0.0007996]
[0.0007996]
[0.0007996]
[0.0007996]
[0.0007996]
[0.0007996]
[0.0007996]
[0.0007996]
[0.0007996]
[0.0007996]
[0.0007996]
[0.0007996]
[0.0007996]
[0.0007996]
[0.0007996]
[0.0007996]
[0.0007996]
[0.0007996]
[0.0007996]
[0.0007996]
[0.0007996]
[0.0007996]
[0.0007996]
[0.0007996]
[0.0007996]
[0.0007996]
[0.0007996]
[0.0007996]
[0.0007996]
[0.0007996]
[0.0007996]
[0.0007996]
[0.0007996]
[0.0007996]
[0.0007996]
[0.0007996]
[0.0007996]
[0.0007996]
[0.0007996]
[0.0007996]
[0.0007996]
[0.0007996]
[0.0007996]
[0.0007996]
[0.0007996]
[0.0007996]
[0.0007996]
[0.0007996]
[0.0007996]
[0.0007996]
[0.0007996]
[0.0007996]
[0.0007996]
[0.0007996]
[0.0007996]
[0.00079419]
[0.00079419]
[0.00080466]
[0.00079955]
[0.00079536]
[0.00079536]
[0.00080586]
[0.00079865]
[0.00079865]
[0.00079866]
[0.00079866]
[0.00079866]
[0.00079866]
[0.00079816]
[0.00079816]
[0.00079905]
[0.00080358]
[0.00080358]
[0.00080466]
[0.00080466]
[0.00080466]
[0.00080359]
[0.00080359]
[0.00080359]
[0.00080359]
[0.00080359]
[0.00080359]
[0.00080359]
[0.00080359]
[0.0008036]
[0.00080358]
[0.00080358]
[0.00080358]
[0.00080358]
[0.00080358]
[0.00080358]
[0.00080358]
[0.00080358]
[0.00080041]
[0.00079536]
[0.00080466]
[0.00080466]
[0.00080466]
[0.00079772]
[0.00080965]
[0.00080962]
[0.00080962]
[0.00080512]
[0.00080512]
[0.00080952]
[0.00080196]
[0.00079997]
[0.00080097]
[0.0008083]
[0.0008083]
[0.0008083]
[0.00080829]
[0.00080829]
[0.00080829]
[0.00080829]
[0.00080049]
[0.0008046]
[0.00079997]
[0.0008046]
[0.0008046]
[0.00081278]
[0.00079954]
[0.00079954]
[0.00081396]
[0.0008139]
[0.00079954]
[0.00081391]
[0.00081391]
[0.0007977]
[0.00081253]
[0.00081815]
[0.00080856]
[0.00080851]
[0.00079633]
[0.00080692]
[0.0007941]
[0.00083896]
[0.00079451]
[0.00079451]
[0.00079184]
[0.00080455]
[0.00080991]
[0.00080991]
[0.00081674]
[0.00081643]
[0.00081643]
[0.00081643]
[0.00081643]
[0.00080204]
[0.00080529]
[0.00081307]
[0.00081603]
[0.00081603]
[0.00081277]
[0.00081277]
[0.00081277]
[0.00081917]
[0.00081917]
[0.00081005]
[0.00085168]
[0.00085767]
[0.00085704]
[0.00082847]
[0.00089083]
[0.00084963]
[0.00085462]
[0.00082709]
[0.00088457]
[0.00094319]
[0.00087669]
[0.00084926]
[0.00084678]
[0.00092377]
[0.00092247]
[0.00091692]
[0.00085657]
[0.00087493]
[0.00088044]
[0.00093222]
[0.00093222]
[0.00095538]
[0.00094851]
[0.00085154]
[0.00109831]
[0.00176845]
[0.00169206]
[0.00140991]
[0.00140991]
[0.00316049]
[0.00075621]
[0.00075622]
[0.00075622]
[0.00075622]
[0.00081934]
[0.00075742]
