[0.59297985]
[0.8252967]
[0.8252967]
[0.51614165]
[0.5050227]
[0.6787277]
[0.6787277]
[0.4623456]
[0.4623456]
[0.4623456]
[0.4623456]
[0.4623456]
[0.44864303]
[0.44864303]
[0.44864303]
[0.44864303]
[0.06786962]
[0.06390589]
[0.06627423]
[0.06627423]
[0.06627423]
[0.06627423]
[0.06776794]
[0.06776794]
[0.06776794]
[0.06776794]
[0.06776794]
[0.06776794]
[0.06776794]
[0.06776794]
[0.06776794]
[0.0656886]
[0.0649071]
[0.06498275]
[0.0639059]
[0.0639059]
[0.0639059]
[0.0639059]
[0.0639059]
[0.06390575]
[0.06390575]
[0.06300864]
[0.06300864]
[0.06300864]
[0.06300864]
[0.06300864]
[0.06300864]
[0.06300864]
[0.06390058]
[0.06288856]
[0.06288856]
[0.06288856]
[0.06288856]
[0.06288856]
[0.06288856]
[0.06288856]
[0.06288856]
[0.06288856]
[0.06950209]
[0.06302206]
[0.06315783]
[0.0662834]
[0.06759754]
[0.06759754]
[0.06759754]
[0.06759754]
[0.06517629]
[0.06517629]
[0.06517629]
[0.06517629]
[0.06517629]
[0.06601904]
[0.06601904]
[0.06601904]
[0.06601904]
[0.06716685]
[0.07122233]
[0.06288781]
[0.06288781]
[0.06288781]
[0.06288781]
[0.06288781]
[0.06378018]
[0.06378018]
[0.06378018]
[0.06389853]
[0.06389853]
[0.0663854]
[0.0663854]
[0.0663854]
[0.0663854]
[0.0663854]
[0.0663854]
[0.0663854]
[0.0663854]
[0.0663854]
[0.06465587]
[0.06511334]
[0.06224892]
[0.06224892]
[0.06224892]
[0.06224892]
[0.06224892]
[0.07122239]
[0.07122239]
[0.06505899]
[0.06274026]
[0.06512716]
[0.06512716]
[0.06512716]
[0.06512716]
[0.06512716]
[0.06512716]
[0.06512716]
[0.06315792]
[0.06389902]
[0.06389902]
[0.06389902]
[0.06389902]
[0.06389902]
[0.06781661]
[0.06305741]
[0.06305741]
[0.06305741]
[0.06305741]
[0.06305741]
[0.06305741]
[0.06305741]
[0.06305741]
[0.06305741]
[0.06305741]
[0.06305741]
[0.06305741]
[0.06305741]
[0.06305741]
[0.06305741]
[0.06413466]
[0.06490894]
[0.06390584]
[0.4974004]
[0.06261237]
[0.06357923]
[0.06357923]
[0.06357923]
[0.06357923]
[0.06357923]
[0.06357923]
[0.06357923]
[0.06357923]
[0.06357923]
[0.06305712]
[0.06305712]
[0.06305712]
[0.06305712]
[0.06305712]
[0.06305712]
[0.06305712]
[0.06305712]
[0.06305712]
[0.06305712]
[0.06305712]
[0.06305712]
[0.06305712]
[0.06305712]
[0.06305712]
[0.07102197]
[0.06390596]
[0.06390596]
[0.06230675]
[0.06407048]
[0.06407048]
[0.06407048]
[0.06407048]
[0.06407048]
[0.06407048]
[0.06407048]
[0.06407048]
[0.06407048]
[0.06407048]
[0.06407048]
[0.06407048]
[0.06407048]
[0.06777462]
[0.06777462]
[0.0664567]
[0.0638987]
[0.0638987]
[0.0638987]
[0.0638987]
[0.0638987]
[0.0638987]
[0.0638987]
[0.0638987]
[0.0638987]
[0.0638987]
[0.0638987]
[0.0638987]
[0.0638987]
[0.0638987]
[0.0638987]
[0.0638987]
[0.0638987]
[0.0638987]
[0.06006574]
[0.06281702]
[0.06281702]
[0.06281702]
[0.06281702]
[0.06281702]
[0.06281702]
[0.06515943]
[0.06287631]
[0.06287631]
[0.07166538]
[0.0647056]
[0.0631566]
[0.06380197]
[0.06646962]
[0.06646962]
[0.11016304]
[0.11016304]
[0.11016304]
[0.11016304]
[0.11016304]
[0.06623178]
[0.06419472]
[0.06419472]
[0.06224407]
[0.06522637]
[0.06269279]
[0.06389819]
[0.06470661]
[0.06305582]
[0.06305582]
[0.06305582]
[0.06305582]
[0.06305582]
[0.06305582]
[0.06305582]
[0.06224717]
[0.06897444]
[0.06747274]
[0.06747274]
[0.06747274]
[0.06747274]
[0.06747274]
[0.06510726]
[0.06754909]
[0.06754909]
[0.06754909]
[0.06477455]
[0.063274]
[0.06586]
[0.06364097]
[0.06395868]
[0.06746803]
[0.06510554]
[0.35310927]
[0.06620265]
[0.06281645]
[0.06121966]
[0.06300831]
[0.06352469]
[0.06491192]
[0.06491192]
[0.06491192]
[0.06352035]
[0.0661639]
[0.06274054]
[0.06274054]
[0.06602738]
[0.06884554]
[0.06884554]
[0.06884554]
[0.06884554]
[0.06884554]
[0.06635696]
[0.07277374]
[0.06458314]
[0.06406876]
[0.06407441]
[0.06901658]
[0.06290642]
[0.11559884]
[0.0640652]
[0.06259039]
[0.06510055]
[0.0678045]
[0.06280588]
[0.06615005]
[0.07277287]
[0.06551965]
[0.06551965]
[0.06380943]
[0.06549902]
[0.13762304]
[0.06390192]
[0.06510289]
[0.06464747]
[0.06070831]
[0.06070831]
[0.06685546]
[0.06685546]
[0.06274091]
[0.06371725]
[0.06371725]
[0.06310268]
[0.06662736]
[0.06573591]
[0.06755324]
[0.06213862]
[0.0664465]
[0.06215871]
[0.06473513]
[0.0660336]
[0.06559436]
[0.06027899]
[0.06489155]
[0.39688927]
[0.06752872]
[0.06192689]
[0.07046835]
[0.07092711]
[0.06611724]
[0.07126014]
[0.06213389]
[0.0653233]
[0.06798219]
[0.06798219]
[0.0637147]
[0.06521262]
[0.07096839]
[0.06588017]
[0.0630165]
[0.06061672]
[0.07631031]
[0.06473553]
[0.06365079]
[0.06491291]
[0.06358036]
[0.06310496]
[0.06310496]
[0.06371725]
[0.06340064]
[0.06616997]
[0.06633284]
[0.0639256]
[0.06094635]
[0.05992793]
[0.06877284]
[0.06731348]
[0.06132492]
[0.06363691]
[0.06531685]
[0.06236163]
[0.06555866]
[0.0628117]
[0.0628117]
[0.06506503]
[0.06658414]
[0.10538954]
[0.06463293]
[0.4684332]
[0.06265587]
[0.06398576]
[0.06738377]
[0.0911675]
[0.06047643]
[0.0636128]
[0.06336257]
[0.06371871]
[0.06378502]
[0.061474]
[0.0708789]
[0.07367295]
[0.40813622]
[0.06599757]
[0.06524952]
[0.06824059]
[0.06004512]
[0.06984415]
[0.0658377]
[0.07046359]
[0.06113065]
[0.06284035]
[0.0703343]
[0.08004547]
[0.07726657]
[0.06343129]
[0.06837425]
[0.41808307]
[0.0742567]
[0.08894995]
[0.3623903]
[0.27476168]
[0.07424483]
[0.07193047]
[0.07672394]
[0.07153793]
[0.07153793]
[0.07153793]
[0.08099371]
[0.07944129]
[0.0632671]
[0.06885282]
[0.08237753]
[0.07807949]
[0.07768817]
[0.08299832]
[0.42788503]
[0.06512477]
[0.06695852]
[0.28649]
[0.08512978]
[0.08512978]
[0.08512978]
[0.21564926]
[0.21731965]
[0.10866432]
[0.08174566]
[0.08687431]
[0.37135392]
[0.37135392]
[0.21724126]
[0.21724126]
[0.20061825]
[0.10286669]
[0.09166183]
[0.09166183]
[0.19654422]
[0.12274051]
[0.09046143]
[0.15566611]
[0.09412727]
[0.14841706]
[0.3284992]
[0.11514603]
[0.11514603]
[0.11791533]
[0.11791533]
[0.28458536]
[0.125492]
[0.09673418]
[0.17524925]
[0.11444218]
[0.06606717]
[0.21567619]
[0.10142038]
[0.23260714]
[0.14138912]
[0.20096344]
[0.10839522]
[0.58952713]
[0.2701642]
[0.10007481]
[0.10007481]
[0.06195736]
[0.06003433]
[0.12104662]
[0.20458518]
[0.06551459]
[0.17945293]
[0.17307381]
[0.05928521]
[0.13417715]
[0.1117637]
[0.08510887]
[0.08208038]
[0.06225171]
[0.05984901]
[0.05938393]
[0.07856254]
[0.05838312]
[0.0653199]
[0.06103455]
[0.06218462]
[0.07967068]
[0.06759598]
[0.19791776]
[0.06250216]
[0.05794618]
[0.2163608]
[0.06238104]
[0.06651045]
[0.0679877]
[0.06127372]
[0.06050189]
[0.06518383]
[0.060803]
[0.10240981]
[0.11964899]
[0.06018996]
[0.11225827]
[0.06046146]
[0.06398312]
[0.06375723]
[0.05754091]
[0.05865709]
[0.06064076]
[0.05727652]
