5.818700000000004
4.726200000000003
5.001900000000004
5.001900000000004
4.650000000000004
3.9704400000000026
3.9704400000000026
4.287320000000003
3.662020000000002
3.662020000000002
3.662020000000002
3.662020000000002
3.662020000000002
3.662020000000002
3.662020000000002
3.662020000000002
3.662020000000002
5.006400000000004
3.353600000000001
3.353600000000001
3.353600000000001
3.353600000000001
3.353600000000001
3.353600000000001
3.353600000000001
3.353600000000001
3.738620000000002
3.738620000000002
3.738620000000002
3.430200000000001
3.430200000000001
3.430200000000001
3.277400000000002
4.146220000000003
3.492700000000002
4.552800000000003
2.839800000000001
2.839800000000001
2.839800000000001
2.839800000000001
2.839800000000001
2.839800000000001
2.839800000000001
2.839800000000001
2.839800000000001
2.839800000000001
2.839800000000001
2.839800000000001
3.4022000000000023
3.456640000000002
3.456640000000002
3.0592000000000015
3.0592000000000015
3.0592000000000015
3.0592000000000015
3.0592000000000015
3.0592000000000015
3.0592000000000015
3.0592000000000015
3.5683000000000025
2.9358000000000013
2.9358000000000013
2.9358000000000013
2.898600000000001
2.898600000000001
2.978900000000001
3.482800000000002
3.482800000000002
3.482800000000002
3.482800000000002
3.482800000000002
2.2490000000000006
2.2490000000000006
2.2490000000000006
2.2490000000000006
2.2490000000000006
2.2490000000000006
2.2490000000000006
2.2490000000000006
2.2490000000000006
2.2490000000000006
2.2490000000000006
2.2490000000000006
2.30344
2.30344
2.30344
2.30344
2.30344
3.7912200000000027
2.7486000000000006
2.7486000000000006
3.0570200000000014
3.6823200000000025
1.99502
1.99502
1.99502
1.99502
1.99502
1.99502
1.99502
1.99502
1.99502
1.99502
1.99502
1.99502
1.99502
1.99502
1.99502
1.99502
1.99502
1.99502
1.99502
1.99502
1.99502
1.99502
1.99502
1.99502
1.99502
1.99502
1.99502
1.99502
1.99502
1.99502
1.99502
1.99502
1.99502
1.99502
1.99502
1.99502
1.99502
1.99502
1.99502
1.99502
1.99502
1.99502
1.99502
1.99502
3.3591000000000015
1.8256999999999999
1.8256999999999999
1.8256999999999999
1.8256999999999999
1.8256999999999999
3.780000000000002
2.5454000000000008
2.5454000000000008
2.5454000000000008
2.1341200000000002
2.1341200000000002
2.1341200000000002
2.1341200000000002
3.064700000000001
2.4085
2.4085
1.6952
1.6952
1.6952
1.6952
1.6952
1.6866
1.6866
1.6866
1.6866
1.6866
1.6866
1.6866
1.6866
1.6866
1.6866
1.6866
1.6866
1.6866
1.6866
1.6866
1.6866
1.6866
1.6866
1.6866
1.6866
1.6866
1.6866
1.6866
1.6866
1.6866
1.6866
1.6866
1.6866
1.6866
1.6866
1.6866
1.6866
1.6866
1.6866
1.6866
1.6866
2.7197000000000005
2.7197000000000005
2.7197000000000005
3.368500000000002
2.1184
2.716920000000001
2.716920000000001
3.5843200000000017
3.1884000000000015
2.3296
2.3296
2.3296
2.3296
2.2348
1.6669999999999998
1.7283
1.7283
1.7283
1.7283
2.1986
2.8858000000000006
2.8858000000000006
2.8858000000000006
2.3308
2.639800000000001
2.639800000000001
2.639800000000001
3.0299000000000014
1.3921999999999999
1.3921999999999999
1.3921999999999999
1.3921999999999999
1.97542
2.638020000000001
3.5044200000000023
3.744500000000002
3.9311000000000025
3.362700000000003
2.5258000000000003
2.5258000000000003
1.70062
3.581100000000002
3.9410000000000025
1.1789
1.1789
3.0299000000000014
2.1163999999999996
1.5582799999999999
1.5582799999999999
3.6143000000000027
3.188300000000001
2.690900000000001
1.2688000000000001
1.2688000000000001
2.552200000000001
1.2214
1.8667
4.007920000000003
3.354400000000001
3.1066200000000013
1.5312999999999999
3.1167000000000016
4.152620000000002
2.9423000000000012
1.5908
3.3549200000000026
3.7566000000000015
3.981320000000003
1.9752999999999996
1.9752999999999996
1.6679000000000002
3.3305000000000016
1.39002
3.2325200000000027
2.1704
2.2071199999999997
2.2559000000000005
2.2559000000000005
2.7190000000000003
3.0242000000000004
3.9310000000000027
3.9310000000000027
1.4163
2.735500000000001
2.735500000000001
2.649820000000001
3.741200000000002
2.753000000000001
2.0456000000000003
3.1720000000000015
3.1720000000000015
3.1720000000000015
2.6121000000000008
2.613900000000001
3.040000000000001
2.6139
3.3690900000000017
4.2291000000000025
2.499600000000001
1.1124
1.1124
3.147800000000001
2.4894
2.7440000000000015
2.0993
2.0993
3.239200000000001
1.5314
2.5287000000000006
1.83982
2.1875
2.1586999999999996
2.9669000000000016
1.5025
1.5025
1.5025
2.5287000000000006
2.5287000000000006
2.5287000000000006
2.5287000000000006
4.005220000000003
3.1452000000000018
2.9539800000000014
3.0346
2.1369
3.9967200000000034
1.7265
1.9725
1.9003
2.6948000000000008
2.6948000000000008
2.6948000000000008
3.1316200000000016
3.0567000000000015
1.8926
2.1628999999999996
2.1386000000000003
2.1386000000000003
2.1386000000000003
1.6814999999999998
2.1386000000000003
2.1386000000000003
2.1386000000000003
2.1386000000000003
1.1923000000000001
3.171100000000002
2.1898
1.5824
2.9251000000000014
3.171100000000002
2.0587
2.3047000000000004
2.3047000000000004
3.683500000000002
1.8926
1.8926
1.8926
1.8926
1.8926
1.8926
1.8926
1.8926
3.0201000000000016
2.4887000000000006
1.7485
2.1386000000000003
2.1386000000000003
2.4358000000000004
1.1923
1.1923
2.34898
2.898900000000001
2.898900000000001
2.3197
2.0242999999999998
2.3950000000000005
1.3749999999999998
1.3749999999999998
1.5025
1.5025
2.4053999999999998
2.2559000000000005
2.1416000000000004
1.7997
2.4401800000000007
2.2364000000000006
1.7485
1.7485
1.7485
1.7485
2.2182000000000004
1.3176
2.2543000000000006
2.0587
2.0915999999999997
1.9429999999999998
0.8405
2.2118
2.2118
2.2118
2.2118
2.2118
1.0017
1.1419
0.2052
1.9145999999999999
3.478200000000002
0.8943
1.6981
1.6981
1.6981
1.9903
2.3531000000000004
0.9275
2.0444000000000004
0.37129999999999996
1.0496
1.0496
1.5025
1.0496
1.0994
1.5633
1.6556
0.5857
2.0697
1.4704
1.8031
1.8031
0.6595
0.8022
2.2138
2.327200000000001
0.873
1.1164
1.1164
2.1209
1.6159
1.4637
0.5776
2.1178
1.8401
1.8401
3.6716000000000024
1.0992000000000002
3.079400000000002
1.7393999999999998
1.7751
1.5954
0.5714
3.8442000000000016
1.6859
3.202200000000002
0.5601999999999999
1.7277
1.7277
1.5191
3.090200000000001
1.8127
3.1205200000000017
1.9788
2.7005999999999997
1.28698
1.28698
1.2957999999999998
2.605900000000001
1.3376
1.3800999999999999
3.369600000000002
2.4488000000000003
2.823200000000001
2.8817000000000013
2.0587
2.8996000000000013
1.6002
1.5733000000000001
0.6361
0.6361
0.6361
2.2138
2.2138
2.2845000000000004
1.8401
1.6859
3.672900000000002
3.2022000000000013
3.2828000000000017
3.2828000000000017
3.2828000000000017
3.2828000000000017
3.2828000000000017
3.2828000000000017
1.7519
1.5059
1.8828
2.4488000000000003
2.4488000000000003
2.4488000000000003
1.4604
2.7494000000000014
2.9251000000000014
3.672900000000002
3.981320000000003
3.672900000000002
2.6778000000000004
4.226320000000003
