[0.72751236]
[0.6293734]
[0.64528817]
[0.6592423]
[0.67820203]
[0.6319337]
[0.561331]
[0.5490887]
[0.6209743]
[0.6058665]
[0.6117177]
[0.70148176]
[0.71235615]
[0.5515067]
[0.6197366]
[0.5942221]
[0.5385733]
[0.62502795]
[0.65221786]
[0.5949091]
[0.5437129]
[0.6142639]
[0.60718405]
[0.5115409]
[0.5508632]
[0.5053853]
[0.5053853]
[0.5132056]
[0.47832972]
[0.55419946]
[0.5276338]
[0.54757255]
[0.54280245]
[0.6440135]
[0.56528527]
[0.56528527]
[0.56528527]
[0.59587187]
[0.5138036]
[0.5223914]
[0.5706773]
[0.5979175]
[0.5979175]
[0.49283162]
[0.46784648]
[0.5294254]
[0.4889973]
[0.5331334]
[0.564522]
[0.5845414]
[0.5587611]
[0.5587611]
[0.51427054]
[0.5848186]
[0.48823768]
[0.57337344]
[0.42861563]
[0.50738686]
[0.48123592]
[0.5538093]
[0.5538093]
[0.5538093]
[0.5538093]
[0.5538093]
[0.5538093]
[0.5538093]
[0.5538093]
[0.54293686]
[0.5248881]
[0.48636445]
[0.42311925]
[0.63245994]
[0.61723906]
[0.5062696]
[0.48548305]
[0.48548305]
[0.49185392]
[0.4802231]
[0.4802231]
[0.4802231]
[0.4802231]
[0.51060075]
[0.51060075]
[0.505092]
[0.4142733]
[0.4142733]
[0.54447544]
[0.51255876]
[0.5578867]
[0.6472928]
[0.6472928]
[0.6472928]
[0.6472928]
[0.6472928]
[0.6472928]
[0.6141249]
[0.52476805]
[0.46506077]
[0.43031016]
[0.4788109]
[0.46611914]
[0.46611914]
[0.48455945]
[0.5564665]
[0.49028084]
[0.49165398]
[0.48038214]
[0.5188184]
[0.50933564]
[0.5360508]
[0.61677915]
[0.49852428]
[0.5659803]
[0.5659803]
[0.47452924]
[0.56563586]
[0.49023494]
[0.46351904]
[0.5193104]
[0.5226061]
[0.5226061]
[0.5438443]
[0.49075255]
[0.49075255]
[0.49075255]
[0.49075255]
[0.49075255]
[0.46153048]
[0.5816833]
[0.45058048]
[0.45058048]
[0.45712426]
[0.54142505]
[0.5381274]
[0.54971725]
[0.29827678]
[0.52650946]
[0.52650946]
[0.43727723]
[0.3388731]
[0.3388731]
[0.5299476]
[0.41210476]
[0.55048466]
[0.45050767]
[0.45050767]
[0.5730124]
[0.5377388]
[0.4361387]
[0.5296671]
[0.5352341]
[0.5352341]
[0.5352341]
[0.5352341]
[0.5352341]
[0.5352341]
[0.5333901]
[0.53641665]
[0.5248189]
[0.36369738]
[0.36369738]
[0.4732061]
[0.3978493]
[0.3978493]
[0.49020302]
[0.4398011]
[0.42324826]
[0.5344209]
[0.47794694]
[0.49843433]
[0.4807708]
[0.4807708]
[0.380399]
[0.4203482]
[0.4709293]
[0.4743131]
[0.48645607]
[0.459657]
[0.3928433]
[0.3928433]
[0.42935467]
[0.42935467]
[0.42935467]
[0.4491751]
[0.5005226]
[0.4521621]
[0.41666806]
[0.39929196]
[0.4055579]
[0.4055579]
[0.4055579]
[0.47199]
[0.4234899]
[0.42000523]
[0.3310209]
[0.39828244]
[0.39828244]
[0.49513793]
[0.4829082]
[0.47175565]
[0.4443068]
[0.41513965]
[0.46829972]
[0.38450468]
[0.45117342]
[0.50032324]
[0.5319782]
[0.4448891]
[0.3144654]
[0.3144654]
[0.40314123]
[0.40314123]
[0.40314123]
[0.4190368]
[0.3418568]
[0.5162472]
[0.37557682]
[0.49644676]
[0.49644676]
[0.45145237]
[0.39786577]
[0.39786577]
[0.39786577]
[0.49104735]
[0.415668]
[0.37545663]
[0.45535064]
[0.45535064]
[0.49757907]
[0.50359213]
[0.36264104]
[0.36264104]
[0.46984044]
[0.4071322]
[0.3752203]
[0.42770818]
[0.45419124]
[0.47646996]
[0.454897]
[0.40270346]
[0.40270346]
[0.41611332]
[0.41611332]
[0.40181848]
[0.49694237]
[0.49694237]
[0.49694237]
[0.49694237]
[0.49694237]
[0.32404616]
[0.45652735]
[0.45638728]
[0.45638728]
[0.3763248]
[0.3470627]
[0.4656078]
[0.4656078]
[0.4656078]
[0.46160513]
[0.43856674]
[0.43856674]
[0.42042726]
[0.46378955]
[0.55628294]
[0.4206822]
[0.51143616]
[0.42129758]
[0.44424748]
[0.43944335]
[0.43944335]
[0.43944335]
[0.36321735]
[0.30908087]
[0.45846263]
[0.49869493]
[0.37496257]
[0.38834092]
[0.44433182]
[0.45090243]
[0.35813853]
[0.4854296]
[0.4838213]
[0.3971564]
[0.3183112]
[0.3761804]
[0.44899482]
[0.39924467]
[0.32825756]
[0.4141322]
[0.50552636]
[0.5180746]
[0.40283698]
[0.3948896]
[0.29353404]
[0.37746397]
[0.4055979]
[0.4304911]
[0.36808282]
[0.46636304]
[0.46636304]
[0.46636304]
[0.46636304]
[0.5289375]
[0.44776046]
[0.42874414]
[0.39470297]
[0.41950104]
[0.35757828]
[0.395296]
[0.43567955]
[0.3201066]
[0.38671023]
[0.36928272]
[0.3409021]
[0.48011023]
[0.40396997]
[0.46710417]
[0.366015]
[0.34675458]
[0.38456938]
[0.4152382]
[0.3309794]
[0.32589483]
[0.3201496]
[0.4186673]
[0.3523704]
[0.3523704]
[0.39347988]
[0.31701162]
[0.3703585]
[0.32228786]
[0.43342647]
[0.33524463]
[0.3727637]
[0.32134274]
[0.3805056]
[0.42999688]
[0.30323476]
[0.3394593]
[0.4250941]
[0.34496525]
[0.43167153]
[0.29593372]
[0.34474006]
[0.35427615]
[0.27511072]
[0.28634447]
[0.36500752]
[0.28530797]
[0.32716382]
[0.4269589]
[0.45000857]
[0.3135697]
[0.29318026]
[0.3771907]
[0.38943055]
[0.44203362]
[0.3694356]
[0.28702378]
[0.32049817]
[0.27167723]
[0.26209876]
[0.38684306]
[0.317408]
[0.42960402]
[0.38503718]
[0.34887174]
[0.3641441]
[0.33570212]
[0.30437645]
[0.37463862]
[0.421902]
[0.26968327]
[0.2561589]
[0.31265074]
[0.3170511]
[0.3563622]
[0.23371656]
[0.3788969]
[0.33782178]
[0.31191894]
[0.24083935]
[0.35505694]
[0.28193992]
[0.25613162]
[0.30014536]
[0.3177076]
[0.3465132]
[0.33651385]
[0.35923892]
[0.2883099]
[0.34518385]
[0.3019033]
[0.32426223]
[0.3268067]
[0.29484996]
[0.31511763]
[0.42738655]
[0.27181464]
[0.3278317]
[0.40111086]
[0.24601178]
[0.1996506]
[0.20397696]
[0.28920695]
[0.32727718]
[0.23350824]
[0.2769679]
[0.2160237]
[0.2604992]
[0.3528088]
[0.3180146]
[0.2656073]
[0.23724195]
[0.21544039]
[0.22706623]
[0.2714255]
[0.22126795]
[0.28839612]
[0.25061592]
[0.20968652]
[0.26460916]
[0.23848441]
[0.21688518]
[0.1962255]
[0.1962255]
[0.28254473]
[0.26903468]
[0.26903468]
[0.27808863]
[0.25759736]
[0.26862147]
[0.22476073]
[0.18753478]
[0.25235605]
[0.18698755]
[0.21615335]
[0.20195262]
[0.19989622]
[0.20542844]
[0.209204]
[0.28558654]
[0.25783777]
[0.31125227]
[0.30380458]
[0.2679579]
[0.23804109]
[0.20530142]
[0.6113628]
[0.19924876]
[0.19924876]
[0.21840203]
[0.21840203]
[0.2111001]
[0.23695718]
[0.23695718]
[0.20371322]
[0.17954774]
[0.2079227]
[0.3557724]
[0.21207878]
[0.21165203]
[0.28882095]
[0.31653476]
[0.22870494]
[0.18939698]
[0.30698383]
[0.26665047]
[0.45237654]
[0.22953592]
[0.24062693]
[0.42099828]
[0.2384821]
[0.26624116]
[0.17022121]
[0.24497542]
[0.34256896]
[0.20478636]
[0.32699922]
[0.40124106]
[0.3509004]
[0.4037743]
[0.2128894]
[0.24049743]
[0.5324029]
[0.20317832]
[0.47979966]
[0.276578]
[0.21282917]
[0.41297558]
[0.31458437]
[0.2832081]
[0.27681]
[0.39459863]
[0.30331832]
[0.40181044]
[0.25363067]
[0.34472254]
[0.34199443]
[0.33326903]
