0.6361
1.99502
3.7912200000000027
5.106500000000003
4.956000000000004
4.956000000000004
5.1433000000000035
5.267400000000005
5.8914200000000045
6.4866000000000055
6.571520000000006
6.766200000000005
7.629200000000006
8.615600000000002
8.615600000000002
9.133219999999998
10.054619999999995
10.49001999999999
11.002619999999988
11.341119999999984
11.199599999999986
12.964799999999977
12.964799999999977
14.391519999999971
14.391519999999971
14.362399999999969
14.520199999999969
15.328799999999967
15.728099999999968
16.760499999999972
16.915599999999973
17.340099999999975
18.020599999999988
18.38589999999999
19.007099999999994
19.007099999999994
19.024099999999994
19.879299999999997
19.958199999999998
19.958199999999998
20.110100000000003
20.594300000000008
21.034800000000015
21.242500000000014
21.29950000000002
21.377000000000017
21.749600000000022
21.812100000000022
22.025200000000023
22.025200000000023
22.025200000000023
22.40870000000003
22.40870000000003
22.621800000000032
22.666800000000034
22.975200000000036
23.056900000000038
23.482300000000045
23.21640000000004
23.415800000000043
23.617300000000046
23.748800000000042
24.12390000000005
24.12390000000005
24.12390000000005
24.12390000000005
24.38250000000005
24.741400000000052
24.741400000000052
24.741400000000052
24.741400000000052
24.741400000000052
24.91650000000006
25.09960000000006
25.478500000000068
25.72700000000007
25.72700000000007
26.117100000000075
26.020800000000072
26.020800000000072
26.023900000000072
26.278900000000068
26.367700000000074
26.403500000000076
27.044100000000075
27.044100000000075
27.044100000000075
27.044100000000075
27.551200000000076
27.797200000000082
27.797200000000082
27.797200000000082
27.797200000000082
27.797200000000082
27.799500000000073
27.799500000000073
27.849300000000074
27.904400000000084
27.873800000000077
28.140300000000085
