28.018700000000052
27.570900000000055
27.570900000000055
27.570900000000055
27.570900000000055
27.570900000000055
27.570900000000055
27.570900000000055
27.570900000000055
27.570900000000055
27.570900000000055
27.270300000000056
27.270300000000056
27.180800000000055
27.655300000000057
27.37050000000005
27.37050000000005
27.37050000000005
26.922700000000056
26.922700000000056
26.922700000000056
26.922700000000056
26.922700000000056
26.922700000000056
26.922700000000056
26.922700000000056
26.922700000000056
26.922700000000056
26.922700000000056
26.922700000000056
26.922700000000056
26.922700000000056
26.922700000000056
26.922700000000056
27.16500000000006
27.333600000000054
27.333600000000054
27.333600000000054
26.763200000000058
26.88020000000005
27.523300000000052
27.523300000000052
27.523300000000052
27.486400000000057
27.486400000000057
27.486400000000057
27.486400000000057
26.79070000000005
26.79070000000005
26.79070000000005
26.79070000000005
27.07550000000006
27.07550000000006
27.07550000000006
27.07550000000006
27.07550000000006
27.07550000000006
27.07550000000006
27.07550000000006
27.07550000000006
27.07550000000006
27.07550000000006
26.622100000000056
27.06990000000005
26.79070000000005
26.79070000000005
26.79070000000005
26.79070000000005
26.79070000000005
26.79070000000005
26.79070000000005
26.79070000000005
26.79070000000005
27.265200000000053
27.265200000000053
27.265200000000053
27.265200000000053
27.265200000000053
27.265200000000053
27.265200000000053
27.265200000000053
27.265200000000053
27.228300000000058
27.305400000000052
26.811800000000055
26.811800000000055
26.811800000000055
26.532600000000055
27.410200000000053
27.410200000000053
27.410200000000053
27.410200000000053
27.410200000000053
27.410200000000053
27.410200000000053
26.77490000000006
26.77490000000006
26.77490000000006
26.77490000000006
26.77490000000006
26.77490000000006
26.77490000000006
26.77490000000006
26.77490000000006
26.77490000000006
26.77490000000006
26.77490000000006
26.77490000000006
26.77490000000006
26.77490000000006
26.77490000000006
26.77490000000006
26.77490000000006
26.77490000000006
26.77490000000006
26.77490000000006
26.77490000000006
26.77490000000006
26.77490000000006
26.85430000000006
26.85430000000006
26.85430000000006
26.977900000000055
26.49010000000005
26.49010000000005
26.49010000000005
26.49010000000005
26.49010000000005
26.72230000000005
26.72230000000005
26.72230000000005
26.72230000000005
26.72230000000005
27.04350000000006
27.067100000000046
27.067100000000046
27.067100000000046
27.067100000000046
27.067100000000046
27.067100000000046
27.067100000000046
27.067100000000046
27.067100000000046
27.067100000000046
27.067100000000046
27.067100000000046
26.943500000000054
26.943500000000054
26.943500000000054
26.943500000000054
26.943500000000054
26.943500000000054
26.943500000000054
26.943500000000054
26.943500000000054
26.943500000000054
26.943500000000054
26.943500000000054
26.943500000000054
26.943500000000054
26.943500000000054
27.233200000000046
27.233200000000046
27.233200000000046
27.233200000000046
27.233200000000046
27.096300000000053
27.096300000000053
27.096300000000053
27.096300000000053
27.096300000000053
27.096300000000053
27.222200000000047
27.222200000000047
27.222200000000047
27.222200000000047
27.222200000000047
27.222200000000047
27.222200000000047
26.40060000000005
26.40060000000005
26.40060000000005
26.40060000000005
26.40060000000005
27.175700000000052
26.685400000000055
27.09860000000005
26.685400000000055
27.175700000000052
27.016200000000055
27.016200000000055
27.016200000000055
27.016200000000055
27.016200000000055
27.016200000000055
27.016200000000055
27.016200000000055
27.016200000000055
27.016200000000055
27.016200000000055
26.851500000000055
26.851500000000055
26.851500000000055
26.232000000000056
26.838200000000057
27.041200000000053
27.041200000000053
27.041200000000053
27.041200000000053
27.041200000000053
27.041200000000053
27.041200000000053
27.041200000000053
27.041200000000053
26.851500000000055
26.851500000000055
26.851500000000055
26.875100000000053
26.875100000000053
26.875100000000053
26.875100000000053
26.875100000000053
26.875100000000053
26.875100000000053
26.875100000000053
26.875100000000053
26.875100000000053
26.875100000000053
26.875100000000053
26.875100000000053
26.875100000000053
26.875100000000053
26.875100000000053
26.875100000000053
26.875100000000053
26.875100000000053
26.875100000000053
26.875100000000053
26.875100000000053
26.875100000000053
26.875100000000053
26.875100000000053
26.875100000000053
26.875100000000053
26.875100000000053
26.875100000000053
26.875100000000053
26.875100000000053
26.875100000000053
26.875100000000053
26.875100000000053
26.875100000000053
26.875100000000053
26.875100000000053
26.875100000000053
26.875100000000053
26.875100000000053
26.875100000000053
26.875100000000053
26.875100000000053
26.875100000000053
27.027900000000052
27.027900000000052
26.71950000000005
26.46980000000006
27.002000000000045
27.02010000000005
26.46980000000006
26.945200000000053
26.58010000000006
26.58010000000006
26.58010000000006
26.58010000000006
26.58010000000006
26.58010000000006
26.58010000000006
26.560900000000057
26.638400000000058
26.769800000000057
26.206100000000056
26.574500000000054
26.769800000000057
26.769800000000057
26.769800000000057
26.769800000000057
26.769800000000057
26.769800000000057
26.769800000000057
26.947800000000054
26.947800000000054
26.806700000000053
26.832100000000047
26.872300000000052
26.872300000000052
26.872300000000052
26.436400000000056
26.010500000000047
26.78560000000005
26.527500000000053
26.295300000000054
26.72230000000005
26.58010000000006
26.876800000000053
26.316400000000055
26.69957000000005
26.308600000000055
26.279500000000056
26.279500000000056
26.279500000000056
26.279500000000056
26.279500000000056
26.279500000000056
26.279500000000056
26.295300000000054
26.48500000000005
26.48500000000005
26.616500000000052
26.010500000000047
26.972700000000057
26.368000000000055
26.57170000000005
26.57170000000005
26.57170000000005
26.57170000000005
26.610900000000058
26.448100000000053
26.448100000000053
26.448100000000053
26.448100000000053
26.69450000000006
26.63000000000004
25.731000000000048
26.31190000000006
26.368000000000055
26.213300000000057
26.25660000000005
26.46370000000006
26.190000000000055
26.680300000000052
26.680300000000052
26.520800000000058
26.520800000000058
26.81580000000006
26.226900000000054
26.858300000000064
26.226900000000054
26.20430000000005
26.20430000000005
26.20430000000005
27.399400000000057
26.379700000000053
26.379700000000053
26.379700000000053
26.379700000000053
26.379700000000053
26.379700000000053
26.379700000000053
26.379700000000053
26.379700000000053
26.379700000000053
26.379700000000053
26.379700000000053
26.379700000000053
26.379700000000053
26.366100000000056
26.297500000000056
25.494300000000052
25.92640000000006
25.736600000000053
25.90370000000005
25.90370000000005
25.90370000000005
26.332700000000056
26.514900000000047
25.63700000000005
25.557900000000053
25.71910000000005
26.099500000000052
26.266600000000054
26.799400000000052
26.18307000000005
25.79990000000005
25.79990000000005
26.234100000000055
26.581000000000056
26.17010000000006
25.58430000000006
25.976000000000052
26.000980000000048
25.752900000000054
25.952700000000053
26.737900000000057
25.257000000000048
25.257000000000048
25.24690000000005
25.33957000000004
25.897600000000054
25.571770000000047
25.939600000000063
26.600500000000054
26.190300000000054
25.77560000000005
25.86640000000005
24.99890000000005
26.035000000000053
26.406600000000058
25.564400000000052
25.51560000000005
26.290500000000048
24.93050000000005
25.35247000000004
24.92917000000005
24.773700000000044
24.45010000000004
25.318400000000047
25.94100000000005
24.904300000000045
25.97020000000005
25.558000000000053
24.05947000000004
24.859700000000043
23.754300000000033
25.32040000000005
23.111200000000032
23.401600000000037
24.109900000000042
23.153470000000034
22.96450000000002
21.26310000000002
21.246900000000018
21.20400000000002
21.321200000000015
20.793100000000017
20.982800000000015
20.492500000000017
19.706000000000014
19.900700000000015
25.249200000000048
18.869000000000007
18.0014
17.597999999999995
17.31649999999999
16.48649999999998
16.22749999999998
16.02989999999998
16.02989999999998
15.42139999999998
13.134299999999982
13.970199999999984
12.354099999999985
25.556100000000054
11.342499999999989
9.464099999999995
9.205999999999996
9.137599999999997
9.137599999999997
9.134199999999996
8.260600000000004
8.5578
8.5578
9.069199999999997
9.370399999999997
8.3732
8.492400000000002
9.012399999999998
7.223100000000004
8.349300000000003
8.365900000000003
6.666100000000004
8.581500000000002
9.137199999999996
7.850800000000004
8.233400000000003
5.554100000000004
5.412500000000003
7.502800000000004
8.282500000000002
8.398900000000003
7.842700000000005
7.868600000000004
5.7424000000000035
6.874300000000004
25.82790000000004
0.5857
0.5857
4.624000000000003
4.905800000000003
4.042000000000002
-0.11679999999999996
5.097000000000004
5.100400000000002
7.037100000000003
25.795300000000072
25.19970000000007
25.368300000000072
26.19210000000005
24.224700000000063
25.849600000000052
5.664100000000003
25.44590000000004
