[0.5493262]
[0.50250435]
[0.50250435]
[0.50250435]
[0.50250435]
[0.50250435]
[0.50250435]
[0.5605073]
[0.5057395]
[0.5661604]
[0.59327567]
[0.41026348]
[0.41026348]
[0.53254735]
[0.53254735]
[0.53254735]
[0.53254735]
[0.5850889]
[0.5492639]
[0.46950868]
[0.46950868]
[0.46950868]
[0.46950868]
[0.4565874]
[0.4565874]
[0.60516155]
[0.4759372]
[0.47519866]
[0.44949487]
[0.24796012]
[0.41340098]
[0.41340098]
[0.41340098]
[0.41340098]
[0.56471884]
[0.5876293]
[0.5876293]
[0.5876293]
[0.5876293]
[0.5876293]
[0.5876293]
[0.5876293]
[0.25523335]
[0.5572901]
[0.5572901]
[0.5572901]
[0.5572901]
[0.5572901]
[0.5572901]
[0.5572901]
[0.5572901]
[0.5572901]
[0.5572901]
[0.5572901]
[0.5572901]
[0.45298588]
[0.24735078]
[0.2521207]
[0.2521207]
[0.51442754]
[0.51442754]
[0.51442754]
[0.51442754]
[0.51442754]
[0.51442754]
[0.51442754]
[0.51442754]
[0.51442754]
[0.51442754]
[0.51442754]
[0.51442754]
[0.51442754]
[0.51442754]
[0.51442754]
[0.51442754]
[0.51442754]
[0.51442754]
[0.51442754]
[0.51442754]
[0.26021332]
[0.25125194]
[0.5137998]
[0.4284139]
[0.24660505]
[0.45322782]
[0.2571118]
[0.2571118]
[0.2571118]
[0.2571118]
[0.251605]
[0.44768998]
[0.49098188]
[0.49098188]
[0.5076864]
[0.42934272]
[0.5767685]
[0.4860724]
[0.4860724]
[0.25984192]
[0.49354148]
[0.5537047]
[0.24422024]
[0.22766247]
[0.4209132]
[0.25150198]
[0.2406322]
[0.2523087]
[0.42410707]
[0.42410707]
[0.2609736]
[0.3301034]
[0.25942945]
[0.4715332]
[0.32975078]
[0.35157332]
[0.46353388]
[0.2642579]
[0.26004383]
[0.23068878]
[0.22745249]
[0.22745249]
[0.5153531]
[0.2586686]
[0.24537374]
[0.4226977]
[0.4226977]
[0.4226977]
[0.4226977]
[0.4226977]
[0.50696427]
[0.50696427]
[0.5717677]
[0.3887962]
[0.3887962]
[0.4739315]
[0.58229023]
[0.58229023]
[0.5169929]
[0.43404144]
[0.39652333]
[0.5758342]
[0.37405992]
[0.32876834]
[0.32036662]
[0.46038252]
[0.41994366]
[0.37578535]
[0.48416108]
[0.38489]
[0.38489]
[0.38489]
[0.38489]
[0.38489]
[0.24305996]
[0.48058042]
[0.3947272]
[0.3947272]
[0.3947272]
[0.3947272]
[0.3947272]
[0.3947272]
[0.3947272]
[0.4893725]
[0.487004]
[0.487004]
[0.487004]
[0.487004]
[0.487004]
[0.37850386]
[0.36799517]
[0.4749833]
[0.4942813]
[0.46679217]
[0.33554524]
[0.36043814]
[0.493444]
[0.3827445]
[0.26254925]
[0.4074575]
[0.4074575]
[0.49582532]
[0.49518067]
[0.22740859]
[0.25119847]
[0.2517951]
[0.53147614]
[0.23101048]
[0.36830652]
[0.36830652]
[0.36830652]
[0.36830652]
[0.36830652]
[0.36830652]
[0.36830652]
[0.36830652]
[0.36830652]
[0.36830652]
[0.36830652]
[0.36830652]
[0.36830652]
[0.36830652]
[0.36830652]
[0.36830652]
[0.36830652]
[0.36830652]
[0.36830652]
[0.36830652]
[0.36830652]
[0.36830652]
[0.40148768]
[0.40912962]
[0.23047657]
[0.39113098]
[0.34799883]
[0.40639645]
[0.4328286]
[0.46666044]
[0.23634475]
[0.54333186]
[0.54333186]
[0.54333186]
[0.3767393]
[0.4012253]
[0.4012253]
[0.21907762]
[0.39335504]
[0.5000361]
[0.3906149]
[0.5554094]
[0.40023622]
[0.37793767]
[0.35189933]
[0.35189933]
[0.35189933]
[0.35189933]
[0.35189933]
[0.35189933]
[0.35189933]
[0.4602202]
[0.31321067]
[0.31321067]
[0.46753457]
[0.22125976]
[0.4590358]
[0.52654034]
[0.52654034]
[0.52654034]
[0.3390428]
[0.44297355]
[0.35189933]
[0.39267465]
[0.4372595]
[0.4372595]
[0.4372595]
[0.46503174]
[0.37081426]
[0.37081426]
[0.37081426]
[0.51309866]
[0.4581252]
[0.4581252]
[0.4581252]
[0.4581252]
[0.4581252]
[0.4581252]
[0.4581252]
[0.4581252]
[0.4581252]
[0.4581252]
[0.4581252]
[0.4581252]
[0.34424305]
[0.4659583]
[0.4659583]
[0.4659583]
[0.4659583]
[0.597094]
[0.50335956]
[0.5826757]
[0.2828533]
[0.3462452]
[0.3462452]
[0.3462452]
[0.3462452]
[0.3462452]
[0.3462452]
[0.3462452]
[0.3462452]
[0.3462452]
[0.3462452]
[0.3462452]
[0.3462452]
[0.3462452]
[0.3462452]
[0.45299923]
[0.45299923]
[0.35506168]
[0.35506168]
[0.35506168]
[0.38789856]
[0.41338933]
[0.58976]
[0.3735922]
[0.56849456]
[0.376089]
[0.43797812]
[0.3536454]
[0.48438916]
[0.48438916]
[0.48438916]
[0.4004392]
[0.4004392]
[0.4004392]
[0.36045736]
[0.36045736]
[0.36045736]
[0.43486038]
[0.49730533]
[0.41568917]
[0.3485948]
[0.39396343]
[0.39396343]
[0.5069717]
[0.38483697]
[0.35600105]
[0.41989538]
[0.40328908]
[0.47041312]
[0.32526693]
[0.37921873]
[0.38131645]
[0.44564408]
[0.33093295]
[0.47817758]
[0.3298359]
[0.48737177]
[0.35240415]
[0.4296859]
[0.41019166]
[0.21512985]
[0.31918332]
[0.47143754]
[0.47143754]
[0.47143754]
[0.47143754]
[0.46764433]
[0.4477462]
[0.37998858]
[0.37042293]
[0.3844961]
[0.3844961]
[0.3844961]
[0.3844961]
[0.3844961]
[0.3844961]
[0.3844961]
[0.36929372]
[0.30875313]
[0.3101135]
[0.34075615]
[0.47351488]
[0.48379117]
[0.3667146]
[0.3667146]
[0.3864866]
[0.34308648]
[0.37335387]
[0.37973318]
[0.36628938]
[0.31346205]
[0.32796264]
[0.32796264]
[0.2921229]
[0.458689]
[0.5007622]
[0.3229898]
[0.3245628]
[0.32145217]
[0.4175195]
[0.33653972]
[0.45480326]
[0.38520104]
[0.2771559]
[0.42428872]
[0.37278152]
[0.33479565]
[0.4322164]
[0.31976792]
[0.35771883]
[0.35875154]
[0.45148897]
[0.35101345]
[0.44866693]
[0.4212025]
[0.45339426]
[0.31389257]
[0.26872072]
[0.39317992]
[0.46616566]
[0.36425135]
[0.3248203]
[0.37711784]
[0.33830073]
[0.43622017]
[0.5258303]
[0.33398142]
[0.52027196]
[0.46008322]
[0.35075015]
[0.30478713]
[0.30476424]
[0.34877118]
[0.27377242]
[0.4418438]
[0.3862352]
[0.33226743]
[0.3614642]
[0.34609196]
[0.3499994]
[0.36199936]
[0.47063756]
[0.36278564]
[0.2942266]
[0.27866888]
[0.2973426]
[0.2726084]
[0.472931]
[0.32328582]
[0.35523212]
[0.4277542]
[0.45787236]
[0.32700473]
[0.26325813]
[0.32692608]
[0.38105094]
[0.32118654]
[0.32118654]
[0.2994903]
[0.31964594]
[0.2696001]
[0.32911667]
[0.5208556]
[0.3381096]
[0.52948296]
[0.439214]
[0.41133848]
[0.4577738]
[0.41014016]
[0.22395445]
[0.22395445]
[0.22542556]
[0.24095856]
[0.32237417]
[0.23172843]
[0.23793474]
[0.5407557]
[0.15702078]
[0.569943]
[0.56172705]
[0.53387016]
[0.14706892]
[0.47845936]
[0.38349348]
[0.1659506]
[0.38440546]
[0.31529534]
[0.1539784]
[0.20086864]
[0.12413226]
[0.25440526]
[0.14308718]
[0.19725417]
[0.23449399]
[0.32486388]
[0.24965751]
[0.09992647]
[0.0993728]
[0.0993728]
[0.31301242]
[0.2247443]
[0.2840649]
[0.24412695]
[0.3871644]
[0.36137468]
[0.2911287]
[0.29594773]
[0.4066609]
[0.28473756]
[0.2911671]
[0.2674714]
[0.2881638]
[0.2841075]
[0.30926824]
[0.31120372]
[0.23244917]
[0.3045288]
[0.2821554]
[0.2195059]
[0.2410292]
[0.25225198]
