6.006320000000005
5.0206000000000035
5.1528000000000045
5.318620000000004
6.496100000000006
6.496100000000006
4.661100000000005
4.762700000000004
5.234300000000004
5.333000000000005
5.115540000000005
5.939900000000006
4.807120000000004
5.010320000000004
6.0092200000000044
5.1090000000000035
5.1090000000000035
6.174000000000005
4.182520000000003
5.087000000000003
5.087000000000003
6.886600000000006
6.816700000000007
4.224420000000003
4.846800000000004
4.555400000000003
5.087000000000003
4.390520000000003
4.928900000000003
4.386700000000004
4.386700000000004
4.221200000000002
3.8377000000000017
3.916000000000003
5.183100000000005
3.1774000000000013
3.1774000000000013
3.585820000000002
3.585820000000002
4.082100000000003
4.082100000000003
4.082100000000003
3.478900000000001
5.6021000000000045
5.6021000000000045
3.7817000000000034
3.662020000000002
3.662020000000002
3.662020000000002
3.662020000000002
3.662020000000002
3.662020000000002
3.662020000000002
3.662020000000002
3.662020000000002
3.662020000000002
3.277400000000002
3.277400000000002
4.364520000000003
3.1336200000000005
4.091900000000003
3.492700000000002
3.9966000000000026
3.5661000000000023
4.184000000000004
4.017720000000002
3.353600000000001
3.353600000000001
3.353600000000001
3.353600000000001
3.353600000000001
3.353600000000001
3.6590000000000025
3.6590000000000025
3.6590000000000025
3.6590000000000025
4.282500000000002
5.335400000000004
2.8676200000000014
6.213400000000005
3.0570200000000014
4.852000000000003
2.7903000000000002
3.0570200000000014
3.0592000000000015
3.0592000000000015
3.0592000000000015
4.133200000000003
3.292500000000002
4.6795000000000035
4.140520000000003
3.367000000000003
4.612600000000003
3.3700000000000028
3.3700000000000028
4.344920000000004
4.387400000000003
2.9941000000000013
2.9941000000000013
2.9941000000000013
2.7486000000000006
3.054000000000001
3.748200000000003
3.748200000000003
4.313000000000003
3.832100000000003
3.148220000000002
3.849000000000003
3.838300000000002
3.838300000000002
4.047620000000003
3.102800000000001
4.212600000000004
2.55687
3.511700000000003
2.736300000000001
3.6361200000000027
3.493500000000002
3.493500000000002
3.493500000000002
3.493500000000002
4.314600000000003
2.8292
3.367600000000002
2.740120000000001
3.4132000000000025
3.8929000000000027
3.8929000000000027
4.708200000000004
3.5337000000000023
3.5337000000000023
4.255200000000004
3.7504200000000028
3.7504200000000028
3.7504200000000028
3.7504200000000028
3.7504200000000028
3.7504200000000028
3.5337000000000023
3.5337000000000023
4.040800000000003
3.5843200000000017
2.839800000000001
2.839800000000001
3.2539000000000016
3.0670000000000015
4.255200000000004
3.4942200000000025
2.9009000000000014
3.739200000000002
3.739200000000002
3.739200000000002
3.739200000000002
3.739200000000002
3.739200000000002
3.581100000000002
3.581100000000002
3.581100000000002
3.581100000000002
3.581100000000002
3.581100000000002
3.581100000000002
3.0173000000000014
3.415000000000002
3.5573000000000023
3.951500000000003
3.988200000000002
3.227100000000002
3.227100000000002
3.1683200000000014
4.163020000000003
3.1098000000000017
3.573100000000002
3.415000000000002
4.507000000000003
4.673100000000003
3.5157000000000016
3.442000000000002
3.442000000000002
3.442000000000002
3.442000000000002
3.440800000000002
3.440800000000002
3.8945200000000026
3.338320000000002
3.338320000000002
3.338320000000002
3.338320000000002
3.338320000000002
4.469800000000003
3.1507200000000015
3.0368200000000005
3.090700000000001
3.730700000000002
3.730700000000002
3.730700000000002
3.6389200000000024
3.6389200000000024
3.6389200000000024
3.484600000000002
3.225500000000001
2.5574200000000005
2.8675000000000015
2.8675000000000015
2.8675000000000015
2.8675000000000015
3.344520000000002
3.9055200000000028
3.9055200000000028
3.5646000000000018
3.4395200000000017
2.2490000000000006
2.2490000000000006
2.2490000000000006
2.2490000000000006
2.2490000000000006
2.2490000000000006
2.2490000000000006
3.0281200000000013
3.8651000000000035
3.226300000000002
5.342300000000004
2.909200000000001
3.5683000000000025
2.30344
2.30344
3.519720000000002
3.666000000000002
2.9354000000000013
3.036100000000001
3.036100000000001
3.0299000000000014
2.54142
3.0249000000000015
2.996400000000002
2.5542000000000007
4.031200000000003
2.9777200000000015
3.885800000000002
3.036100000000002
1.6952
4.282600000000002
3.9418000000000033
3.273570000000001
3.3690900000000017
3.3690900000000017
2.8858000000000006
2.8858000000000006
2.8858000000000006
3.0404000000000018
3.0404000000000018
2.8104200000000015
2.2298999999999998
3.6465200000000024
4.006820000000003
3.1960000000000015
3.1960000000000015
3.1960000000000015
3.1960000000000015
4.005300000000003
3.019020000000002
1.8755
3.6152000000000024
3.6152000000000024
2.782120000000001
2.782120000000001
2.782120000000001
3.2537000000000016
3.6757000000000026
1.99502
1.99502
1.99502
1.99502
1.99502
1.99502
1.99502
3.421120000000002
2.6693000000000007
4.375500000000002
3.3797000000000024
3.1793000000000005
3.0465000000000018
3.9733000000000036
2.7253000000000007
3.366690000000002
4.1174000000000035
2.424820000000001
2.4953200000000004
1.8312
2.6866200000000005
2.501620000000001
2.9266900000000007
1.8256999999999999
3.597100000000002
3.153500000000001
4.342500000000004
3.202700000000001
1.7283
2.1561000000000003
2.519100000000001
3.1362200000000016
1.48732
1.48732
2.3113
2.638020000000001
4.777800000000004
3.5206000000000017
3.3493700000000017
3.3381000000000016
2.9016000000000015
2.3296
4.5995000000000035
2.639800000000001
2.639800000000001
1.70062
1.70062
2.984700000000002
3.8159700000000027
2.5061
3.5832000000000024
3.5832000000000024
3.2083000000000013
4.257000000000003
3.130300000000001
2.34
3.8804000000000025
3.8804000000000025
3.3675000000000015
2.646000000000001
1.6866
3.4750000000000023
4.031200000000004
3.059000000000002
3.0368000000000013
1.3921999999999999
1.3921999999999999
1.3921999999999999
2.0956
3.741200000000002
2.8278000000000008
2.4088000000000003
3.768900000000002
3.985400000000002
3.7143000000000024
3.5226000000000024
3.7143000000000024
3.578020000000002
2.996290000000001
1.7353
1.2688000000000001
1.2688000000000001
3.213300000000001
1.39002
3.561200000000002
3.637500000000003
2.0876
3.9733000000000036
2.468820000000001
3.1770200000000015
3.241900000000002
3.899200000000003
3.262400000000002
1.6679000000000002
4.294400000000003
1.6669999999999998
3.395100000000002
3.282000000000002
2.899400000000001
2.8972000000000016
2.2592999999999996
3.468300000000002
1.5908
1.5908
1.5908
3.5722000000000023
3.0050000000000017
3.695700000000003
2.724
2.3710700000000005
3.027000000000002
3.027000000000002
4.074700000000003
3.0596000000000014
2.5287000000000006
3.0050000000000017
3.749800000000002
3.468300000000002
2.8733000000000013
3.0321000000000016
1.5314
2.6728000000000014
2.8389000000000015
2.9830000000000014
3.326200000000002
2.6948000000000008
2.860900000000001
3.1395000000000017
2.2788000000000004
2.2914000000000003
2.828800000000001
2.646000000000001
2.8935000000000013
3.165700000000002
3.0050000000000017
2.584000000000001
3.4171000000000022
1.9725
2.4488000000000003
3.849470000000003
2.950000000000001
2.1386000000000003
3.1510000000000016
2.0328
2.3047000000000004
2.3047000000000004
1.8113000000000001
1.5025
2.9940000000000015
3.2733000000000017
2.6400000000000006
1.8926
1.8926
1.7226
1.8926
1.8926
1.111
2.5075000000000003
1.6722
2.7810000000000015
1.1923000000000001
2.3559
2.0587
1.0774000000000001
2.0587
1.5191
3.0084000000000017
2.2118
1.9145999999999999
1.9145999999999999
2.0457
1.7485
1.7485
1.1923
0.9907999999999999
2.0587
4.329200000000003
2.562800000000001
1.5065
1.3404
0.9275
1.1419
3.586100000000002
1.4895
1.3404
1.3584
0.7614
3.763200000000003
3.090200000000001
-0.08290000000000008
2.01548
0.2736000000000001
0.5154
1.3117
1.1164
0.5764
2.3822200000000002
0.5857
2.1288
0.4283000000000001
3.819300000000003
3.615800000000002
2.2028
1.803
0.0040000000000000036
0.5601999999999999
-0.1849
3.179870000000002
1.8127
3.035020000000002
2.6346700000000007
1.6032
3.672900000000002
4.005900000000002
0.6361
3.2828000000000017
3.2828000000000017
3.2828000000000017
3.0679000000000016
3.647400000000002
2.4488000000000003
2.646000000000001
4.450720000000003
3.084900000000002
3.545300000000003
2.675700000000001
4.401400000000003
3.1621000000000015
3.561200000000002
3.727300000000003
3.6589000000000027
