[0.7267723]
[0.7267723]
[0.7267723]
[0.7267723]
[0.7267723]
[0.7267723]
[0.7267723]
[0.7267723]
[0.7267723]
[0.7267723]
[0.7267723]
[0.7267723]
[0.7267723]
[0.7267723]
[0.7267723]
[0.7267723]
[0.7267723]
[0.7267723]
[0.7267723]
[0.7267723]
[0.7267723]
[0.7267723]
[0.7267723]
[0.7267723]
[0.7267723]
[0.7267723]
[0.7267723]
[0.7267723]
[0.7267723]
[0.7267723]
[0.7267723]
[0.7267723]
[0.7267723]
[0.7267723]
[0.7267723]
[0.7267723]
[0.7267723]
[0.7267723]
[0.7267723]
[0.7267723]
[0.7267723]
[0.7267723]
[0.7267723]
[0.7267723]
[0.7267723]
[0.7267723]
[0.7267723]
[0.7267723]
[0.7267723]
[0.7267723]
[0.7267723]
[0.7267723]
[0.7267723]
[0.7267723]
[0.7267723]
[0.7267723]
[0.7267723]
[0.7267723]
[0.7267723]
[0.7267723]
[0.7267723]
[0.7267723]
[0.7267723]
[0.7267723]
[0.7267723]
[0.7267723]
[0.7267723]
[0.7267723]
[0.7267723]
[0.7267723]
[0.7267723]
[0.7267723]
[0.7267723]
[0.7267723]
[0.7267723]
[0.7267723]
[0.7267723]
[0.7267723]
[0.7267723]
[0.7267723]
[0.7267723]
[0.7267723]
[0.7267723]
[0.7267723]
[0.7267723]
[0.7267723]
[0.7267723]
[0.7267723]
[0.7267723]
[0.7267723]
[0.7267723]
[0.7267723]
[0.7267723]
[0.7267723]
[0.7267723]
[0.7267723]
[0.7267723]
[0.7267723]
[0.7267723]
[0.7267723]
[0.7267723]
[0.7267723]
[0.7267723]
[0.7267723]
[0.69231653]
[0.69231653]
[0.69231653]
[0.69231653]
[0.69231653]
[0.34987497]
[0.34203303]
[0.34203303]
[0.34203303]
[0.34203303]
[0.34203303]
[0.34203303]
[0.34203303]
[0.34203303]
[0.35917294]
[0.35917294]
[0.5694737]
[0.5694737]
[0.5694737]
[0.5694737]
[0.5694737]
[0.5694737]
[0.5694737]
[0.5694737]
[0.5694737]
[0.5694737]
[0.5694737]
[0.5694737]
[0.37071717]
[0.34967002]
[0.34967002]
[0.34967002]
[0.34967002]
[0.34967002]
[0.34967002]
[0.34967002]
[0.34967002]
[0.35652056]
[0.3801875]
[0.39921808]
[0.36831495]
[0.35359898]
[0.35359898]
[0.38390124]
[0.3491325]
[0.3611975]
[0.3611975]
[0.3611975]
[0.3611975]
[0.3611975]
[0.3611975]
[0.36483142]
[0.36483142]
[0.36483142]
[0.32877764]
[0.32877764]
[0.32877764]
[0.35114026]
[0.30868673]
[0.39728388]
[0.31146565]
[0.31146565]
[0.38556945]
[0.38556945]
[0.546127]
[0.546127]
[0.546127]
[0.546127]
[0.546127]
[0.546127]
[0.546127]
[0.3696605]
[0.3696605]
[0.377571]
[0.37434486]
[0.35284466]
[0.35284466]
[0.35284466]
[0.36925972]
[0.36925972]
[0.36925972]
[0.36925972]
[0.3383385]
[0.3383385]
[0.37065926]
[0.30522668]
[0.36327314]
[0.34049684]
[0.30611935]
[0.3295421]
[0.3338124]
[0.3204565]
[0.3204565]
[0.3204565]
[0.3438717]
[0.33673912]
[0.36824223]
[0.2917379]
[0.35734934]
[0.35734934]
[0.35734934]
[0.35734934]
[0.29137182]
[0.3290034]
[0.3290034]
[0.3290034]
[0.3290034]
[0.3438117]
[0.3291266]
[0.3689718]
[0.3620041]
[0.34602204]
[0.31521875]
[0.35443923]
[0.33940193]
[0.33940193]
[0.33940193]
[0.36023295]
[0.36023295]
[0.36023295]
[0.36023295]
[0.36023295]
[0.33295316]
[0.33295316]
[0.37122175]
[0.37122175]
[0.3226713]
[0.3226713]
[0.31790707]
[0.31790707]
[0.31790707]
[0.33111703]
[0.351357]
[0.35698095]
[0.30019605]
[0.3305549]
[0.3506144]
[0.3506144]
[0.35328326]
[0.35328326]
[0.35328326]
[0.35328326]
[0.35328326]
[0.3162094]
[0.3162094]
[0.3162094]
[0.3162094]
[0.3162094]
[0.35706332]
[0.3027304]
[0.2821026]
[0.34068546]
[0.34068546]
[0.34068546]
[0.34068546]
[0.31320867]
[0.3666132]
[0.37940335]
[0.33769548]
[0.3358396]
[0.3358396]
[0.3358396]
[0.3358396]
[0.34376886]
[0.3376904]
[0.3376904]
[0.2997635]
[0.2997635]
[0.2997635]
[0.3535279]
[0.31357437]
[0.31889158]
[0.36383143]
[0.3424978]
[0.316848]
[0.33303374]
[0.3486148]
[0.29645255]
[0.33024102]
[0.3332025]
[0.28923646]
[0.3399205]
[0.29019564]
[0.3373902]
[0.38094592]
[0.3776796]
[0.3776796]
[0.30413213]
[0.30413213]
[0.34259358]
[0.34259358]
[0.34259358]
[0.34259358]
[0.34259358]
[0.3532307]
[0.3532307]
[0.34218636]
[0.32009864]
[0.36113045]
[0.32373348]
[0.32373348]
[0.36295152]
[0.29083195]
[0.29284286]
[0.27197415]
[0.3211752]
[0.3211752]
[0.27444586]
[0.3137396]
[0.2981106]
[0.34398952]
[0.34398952]
[0.34398952]
[0.34340328]
[0.31095424]
[0.33946955]
[0.31018585]
[0.31018585]
[0.31018585]
[0.33381987]
[0.34246907]
[0.27451655]
[0.30555722]
[0.35192174]
[0.34426752]
[0.30877343]
[0.3469683]
[0.3625407]
[0.30998236]
[0.30172306]
[0.2757217]
[0.29636335]
[0.31314948]
[0.34026518]
[0.31060326]
[0.29882798]
[0.29806358]
[0.29715717]
[0.29715717]
[0.3359537]
[0.33400005]
[0.27183875]
[0.2986092]
[0.33205235]
[0.26198685]
[0.34477094]
[0.27765056]
[0.29615894]
[0.37986943]
[0.32873902]
[0.28658372]
[0.3115856]
[0.3115856]
[0.36387852]
[0.2886507]
[0.2886507]
[0.2886507]
[0.2886507]
[0.27830184]
[0.27830184]
[0.28508338]
[0.32579714]
[0.31532422]
[0.2632231]
[0.32992497]
[0.2936957]
[0.27922097]
[0.29737958]
[0.28928533]
[0.29521155]
[0.29442653]
[0.2906706]
[0.3173093]
[0.27494377]
[0.27494377]
[0.27494377]
[0.27494377]
[0.27494377]
[0.28994146]
[0.27982524]
[0.2796617]
[0.2852802]
[0.29494238]
[0.31975177]
[0.29341084]
[0.28896627]
[0.297324]
[0.29364106]
[0.2812683]
[0.31086203]
[0.30746213]
[0.2844763]
[0.3233954]
[0.2805841]
[0.2805841]
[0.2805841]
[0.30803084]
[0.28003398]
[0.28003398]
[0.28003398]
[0.28003398]
[0.31126562]
[0.31408596]
[0.29110995]
[0.3203637]
[0.2917909]
[0.322249]
[0.3611863]
[0.27264553]
[0.28348833]
[0.26857662]
[0.3842656]
[0.30497485]
[0.31577238]
[0.29954857]
[0.27084652]
[0.30538112]
[0.27616525]
[0.29475144]
[0.2685049]
[0.29781577]
[0.28857124]
[0.28472212]
[0.30634934]
[0.32353556]
[0.32348993]
[0.26561984]
[0.27188322]
[0.3014625]
[0.29885063]
[0.26748347]
[0.26487312]
[0.27082923]
[0.2689968]
[0.31125093]
[0.287554]
[0.2886834]
[0.3223615]
[0.28788453]
[0.26822641]
[0.27315897]
[0.29135484]
[0.2605237]
[0.28644484]
[0.30861348]
[0.27722424]
[0.29036236]
[0.32344648]
[0.31306455]
[0.29332718]
[0.25867453]
[0.26942593]
[0.24972594]
[0.26859576]
[0.26591775]
[0.3360795]
[0.26822367]
[0.28647152]
[0.37743]
[0.25535676]
[0.26233953]
[0.2794171]
[0.31850755]
[0.27288368]
[0.26057106]
[0.26743704]
[0.2618943]
[0.26398563]
[0.26670307]
[0.2834126]
[0.3001685]
[0.26389894]
[0.26389894]
[0.26424807]
[0.25989446]
[0.2713088]
[0.2878421]
[0.24680223]
[0.2852148]
[0.28188443]
[0.40932193]
[0.27907756]
[0.26746303]
[0.3402066]
[0.26920298]
[0.28286117]
[0.29404762]
[0.2750385]
[0.2971547]
[0.25289735]
[0.2840255]
[0.2763807]
[0.26381662]
[0.27394173]
[0.24995352]
[0.25241995]
