3.662020000000002
3.662020000000002
3.353600000000001
3.353600000000001
3.353600000000001
3.277400000000002
3.277400000000002
2.9830000000000014
3.482800000000002
3.482800000000002
3.7912200000000027
2.2490000000000006
2.2490000000000006
2.2490000000000006
2.2490000000000006
2.2490000000000006
2.2490000000000006
2.2490000000000006
2.30344
2.30344
1.99502
1.99502
1.99502
1.99502
1.99502
1.99502
1.99502
1.99502
1.99502
1.99502
1.99502
1.99502
1.99502
1.99502
1.99502
1.99502
1.99502
1.99502
1.99502
1.99502
1.99502
1.99502
1.99502
1.99502
1.99502
1.99502
1.99502
1.99502
1.99502
1.99502
1.99502
1.99502
1.99502
1.99502
1.99502
1.99502
2.5574200000000005
2.5574200000000005
1.8256999999999999
1.8256999999999999
1.8256999999999999
3.1286200000000015
1.6866
1.6866
1.6866
1.6866
1.6866
1.6866
1.6866
1.6866
1.6866
1.6866
1.6866
1.6866
1.6866
1.6866
1.6866
1.6866
1.6866
1.6866
1.6866
1.6866
1.6866
1.6866
1.6866
1.6866
1.6866
1.6866
1.6866
1.6866
1.6866
1.6866
1.6866
1.6866
1.6866
1.6866
1.6866
1.6866
1.6866
1.6866
1.6866
1.6866
1.6866
1.6866
1.6866
1.6866
1.6866
1.6866
1.6866
1.6866
1.6866
1.6866
1.6866
1.6866
1.6866
1.6866
1.6866
3.2821000000000016
3.2821000000000016
3.275900000000002
2.4151000000000007
2.3296
2.1561000000000003
2.1561000000000003
1.6669999999999998
1.7283
2.639800000000001
1.3921999999999999
1.3921999999999999
1.3921999999999999
1.3921999999999999
1.3921999999999999
1.3921999999999999
2.638020000000001
1.97542
1.97542
1.1789
1.1789
1.1789
2.1163999999999996
2.1163999999999996
2.1163999999999996
2.1163999999999996
2.1163999999999996
3.0249000000000015
1.57722
1.57722
1.57722
1.2688000000000001
1.2688000000000001
1.2688000000000001
1.2688000000000001
1.2688000000000001
1.2688000000000001
1.2688000000000001
1.2688000000000001
1.2688000000000001
1.2688000000000001
1.2688000000000001
1.2688000000000001
1.1453
1.1453
1.8064
1.8064
1.48732
1.48732
3.7057000000000024
4.176400000000003
4.404200000000004
4.0740000000000025
1.5908
1.0816
1.0816
1.0816
1.0816
1.0816
1.0816
1.0816
1.0816
1.0816
2.0845
2.283720000000001
2.283720000000001
1.9752999999999996
1.9752999999999996
1.4876999999999998
1.39002
5.179900000000004
1.4163
1.4163
1.4163
3.637300000000003
1.0769
1.7383
1.7383
3.3617000000000017
1.1232999999999997
2.3626000000000005
2.3626000000000005
2.1166
1.6985999999999999
1.3364
1.3364
1.3364
1.0619999999999998
1.1124
1.1124
1.1124
1.1124
1.1124
1.1124
1.1124
1.1124
1.1124
1.1124
0.6638000000000001
0.6638000000000001
2.8305000000000016
3.229020000000002
1.3364
1.3364
1.5025
1.5025
1.5025
2.5287000000000006
3.374500000000002
2.1386000000000003
2.6948000000000008
2.2827
2.2827
2.2827
2.2827
1.7265
1.7265
1.7265
1.7265
1.9725
3.4365000000000023
1.5824
1.8926
1.8926
1.8926
3.383700000000002
2.1386000000000003
2.1386000000000003
2.1386000000000003
2.1386000000000003
2.1386000000000003
2.1386000000000003
2.1386000000000003
2.1386000000000003
1.1923000000000001
1.4096
1.4096
1.5824
-0.0014000000000000123
2.8755000000000015
2.8847200000000015
2.2827
2.2827
0.9462999999999999
0.9462999999999999
2.3047000000000004
2.3047000000000004
2.3047000000000004
2.3047000000000004
2.3047000000000004
2.3047000000000004
1.8926
1.8926
1.8926
1.8926
1.8926
1.8926
1.8926
1.8926
1.8926
1.0262
1.0262
1.0262
1.0262
1.0262
1.0262
1.0262
1.0262
1.7480999999999998
1.7480999999999998
0.9758
1.8926
2.3047000000000004
0.8664
1.7077
1.7077
0.9360999999999999
0.5952999999999999
1.4634
1.1923
1.1923
1.1923
2.4488000000000003
2.6153700000000004
1.5025
1.5025
1.5025
1.5025
1.5025
1.5025
1.5025
1.5025
1.5025
1.5025
1.5025
1.5025
1.5025
1.5025
2.2559000000000005
1.1636
1.2550999999999999
3.2440000000000015
1.5025
1.5025
2.0587
2.0882
2.0882
1.2844
1.6685999999999999
1.6685999999999999
1.6685999999999999
1.5025
1.7485
1.7485
1.7485
1.7485
1.7485
1.7485
1.7485
1.7485
1.7485
1.7485
1.9145999999999999
1.9145999999999999
2.7810000000000015
2.2543000000000006
2.3559
2.0083
2.562200000000001
1.2771
2.2146000000000003
2.0271
2.4598000000000004
2.2118
2.2118
2.3047000000000004
2.0587
1.0147
1.0147
1.0147
1.6685999999999999
1.3584
1.3584
1.3584
1.3584
1.1419
1.1419
1.1419
1.4895
1.5911
1.7485
1.532
0.8498
2.1932
0.2052
1.9903
2.820300000000001
0.7208999999999999
0.8943
2.0578000000000003
1.6981
1.6981
1.9261
0.37129999999999996
0.37129999999999996
0.37129999999999996
2.620300000000001
2.620300000000001
1.0994
1.0994
1.0171000000000001
1.5065
1.6583999999999999
2.6039000000000003
1.0181
-0.12789999999999985
0.9550000000000001
1.5407000000000002
1.6556
-0.4935
2.0697
0.5857
1.0865
1.0865
1.0865
1.0270000000000001
1.201
1.0070999999999999
0.65587
1.4804
0.6595
0.6595
0.6595
0.9566999999999999
1.37817
1.37817
0.9626999999999999
1.3502
1.4292
1.5025
1.1721
2.0641
2.2138
0.8022
0.33157000000000003
0.3941
1.1124
1.1124
1.1124
2.717100000000001
0.4934
1.5954000000000002
0.41540000000000005
2.12
1.8401
1.53327
0.897
0.0040000000000000036
0.0040000000000000036
0.9420000000000002
1.696
0.546
-0.1849
-0.1849
1.8236999999999999
1.8236999999999999
1.8031
1.7702
0.5601999999999999
0.5601999999999999
3.2828000000000017
1.8456000000000001
1.7702
1.593
1.1101
1.1101
1.439
3.3731000000000018
1.6954
1.3397999999999999
1.5059
1.6376
1.28698
1.7226
1.7634
1.9259
1.2957999999999998
1.3376
1.3376
0.7850999999999999
1.5950999999999997
1.4225999999999999
0.6240000000000001
0.8977
2.2827
2.0587
2.0587
2.0587
2.0587
2.0587
2.0587
2.0587
0.8946999999999999
2.3168000000000006
2.3168000000000006
1.6002
1.6002
1.6002
1.1731999999999998
1.1832
0.6361
0.6361
0.6361
0.6361
0.6361
0.6361
1.8236999999999999
2.4693000000000005
1.75
2.8976000000000015
1.3800999999999999
2.8389000000000006
2.4488000000000003
