[0.6224511]
[0.5901205]
[0.6031338]
[0.54329973]
[0.5360971]
[0.56351745]
[0.55801237]
[0.5246012]
[0.5246012]
[0.5246012]
[0.5246012]
[0.37971476]
[0.6703517]
[0.5352423]
[0.43926194]
[0.48164785]
[0.5131846]
[0.6623305]
[0.6623305]
[0.6623305]
[0.49335524]
[0.49335524]
[0.65793115]
[0.49254274]
[0.65558]
[0.6202565]
[0.64531815]
[0.64531815]
[0.53792936]
[0.53792936]
[0.53792936]
[0.6609564]
[0.65252775]
[0.63241404]
[0.47024134]
[0.6019349]
[0.40825745]
[0.47582623]
[0.47582623]
[0.47582623]
[0.47582623]
[0.47582623]
[0.47582623]
[0.47582623]
[0.47582623]
[0.5946133]
[0.4725314]
[0.4725314]
[0.4725314]
[0.46435833]
[0.46435833]
[0.46435833]
[0.46435833]
[0.46435833]
[0.59505147]
[0.6075508]
[0.6075508]
[0.5521205]
[0.5521205]
[0.46416843]
[0.46416843]
[0.46416843]
[0.61959547]
[0.4282143]
[0.5157746]
[0.4843764]
[0.6182462]
[0.5998881]
[0.5998881]
[0.5998881]
[0.6133877]
[0.6115197]
[0.6115197]
[0.5022381]
[0.5022381]
[0.5022381]
[0.59266496]
[0.59266496]
[0.60467964]
[0.60467964]
[0.5360341]
[0.60127574]
[0.60127574]
[0.60127574]
[0.5290888]
[0.5407966]
[0.65163255]
[0.6208137]
[0.59990627]
[0.40411058]
[0.40411058]
[0.5953094]
[0.4319993]
[0.40067378]
[0.40067378]
[0.40067378]
[0.58221585]
[0.42304882]
[0.42304882]
[0.44073778]
[0.50332874]
[0.54082125]
[0.47118536]
[0.5291393]
[0.47417837]
[0.37568665]
[0.4209067]
[0.41366902]
[0.4131681]
[0.6363452]
[0.49039656]
[0.49039656]
[0.49039656]
[0.49039656]
[0.49039656]
[0.49039656]
[0.49039656]
[0.49039656]
[0.49039656]
[0.49039656]
[0.49039656]
[0.49039656]
[0.49039656]
[0.49039656]
[0.49039656]
[0.49039656]
[0.49039656]
[0.49039656]
[0.5581467]
[0.4260457]
[0.40147406]
[0.57386214]
[0.590306]
[0.41643584]
[0.41643584]
[0.45584613]
[0.49053398]
[0.49879655]
[0.3847967]
[0.3847967]
[0.3847967]
[0.3847967]
[0.56862384]
[0.56862384]
[0.5205094]
[0.5205094]
[0.5540433]
[0.4272764]
[0.37399444]
[0.45506686]
[0.45506686]
[0.56188864]
[0.48917776]
[0.36996406]
[0.48088986]
[0.4761679]
[0.4761679]
[0.43894115]
[0.54072326]
[0.48270234]
[0.47227654]
[0.5029199]
[0.4246636]
[0.49054897]
[0.51101595]
[0.52775633]
[0.53932095]
[0.45878226]
[0.40997657]
[0.40997657]
[0.40997657]
[0.40997657]
[0.40997657]
[0.40997657]
[0.40997657]
[0.5847394]
[0.5109827]
[0.49894693]
[0.49894693]
[0.49894693]
[0.5179505]
[0.5179505]
[0.6584268]
[0.5978945]
[0.3539806]
[0.578048]
[0.33120957]
[0.43245044]
[0.43245044]
[0.43245044]
[0.56862605]
[0.4566003]
[0.4566003]
[0.4566003]
[0.4566003]
[0.4566003]
[0.4566003]
[0.4566003]
[0.5837538]
[0.39049408]
[0.39049408]
[0.5770057]
[0.3409022]
[0.33251417]
[0.33251417]
[0.43194693]
[0.53163326]
[0.53163326]
[0.5658814]
[0.45833758]
[0.45833758]
[0.33545655]
[0.33545655]
[0.33545655]
[0.33545655]
[0.33545655]
[0.33545655]
[0.33545655]
[0.33545655]
[0.33545655]
[0.33545655]
[0.57266515]
[0.45627448]
[0.4122696]
[0.33984554]
[0.34691343]
[0.42401883]
[0.55279416]
[0.55279416]
[0.56129223]
[0.56129223]
[0.3820923]
[0.3820923]
[0.42276546]
[0.61818933]
[0.48822796]
[0.4855837]
[0.5009956]
[0.41879067]
[0.49163738]
[0.36281976]
[0.3422124]
[0.5893079]
[0.4963018]
[0.5132024]
[0.39957654]
[0.56077254]
[0.41102302]
[0.44847015]
[0.3951716]
[0.3951716]
[0.3951716]
[0.5492403]
[0.46407157]
[0.31622848]
[0.5989626]
[0.4226739]
[0.4346857]
[0.4768623]
[0.4768623]
[0.37447566]
[0.34837487]
[0.51758796]
[0.56700385]
[0.5481132]
[0.4289501]
[0.55870074]
[0.33386815]
[0.4490076]
[0.4490076]
[0.4490076]
[0.44523832]
[0.44523832]
[0.44523832]
[0.55122834]
[0.44985214]
[0.44985214]
[0.44985214]
[0.44985214]
[0.44985214]
[0.44985214]
[0.44985214]
[0.44985214]
[0.44985214]
[0.44985214]
[0.44985214]
[0.44985214]
[0.44985214]
[0.44985214]
[0.44985214]
[0.44985214]
[0.44985214]
[0.44985214]
[0.44985214]
[0.44985214]
[0.44985214]
[0.44985214]
[0.44985214]
[0.44985214]
[0.44985214]
[0.44985214]
[0.44985214]
[0.44985214]
[0.44985214]
[0.44985214]
[0.44985214]
[0.44985214]
[0.44985214]
[0.44985214]
[0.44985214]
[0.44985214]
[0.44985214]
[0.44985214]
[0.44985214]
[0.44985214]
[0.44985214]
[0.44985214]
[0.44985214]
[0.44985214]
[0.44985214]
[0.44985214]
[0.44985214]
[0.44985214]
[0.44985214]
[0.44985214]
[0.44985214]
[0.4643847]
[0.57008076]
[0.39491478]
[0.6370584]
[0.41235498]
[0.5697921]
[0.4866903]
[0.4866903]
[0.4866903]
[0.4866903]
[0.4866903]
[0.4866903]
[0.4866903]
[0.4866903]
[0.57567465]
[0.4451863]
[0.45158702]
[0.40766296]
[0.38454148]
[0.52933544]
[0.41844097]
[0.4367551]
[0.4367551]
[0.4689128]
[0.36186162]
[0.4544141]
[0.4515865]
[0.4515865]
[0.4515865]
[0.5668013]
[0.52087194]
[0.4965166]
[0.38431177]
[0.5424682]
[0.55325365]
[0.5290087]
[0.39494023]
[0.5657272]
[0.44631156]
[0.4864695]
[0.39204314]
[0.4141253]
[0.5712199]
[0.43169472]
[0.4177862]
[0.56721455]
[0.40857553]
[0.53930753]
[0.42651662]
[0.42837998]
[0.41586778]
[0.43137953]
[0.4079334]
[0.41763026]
[0.47140226]
[0.36497524]
[0.42199588]
[0.42041084]
[0.3755893]
[0.63081706]
[0.37190902]
[0.48362672]
[0.49202564]
[0.33994684]
[0.47838563]
[0.32964697]
[0.3279913]
[0.34176496]
[0.37434778]
[0.45067477]
[0.50821054]
[0.36260447]
[0.45193925]
[0.3496133]
[0.39194515]
[0.57246476]
[0.29534966]
[0.29834092]
[0.319845]
[0.4605184]
[0.41375408]
[0.36957878]
[0.4271245]
[0.27695888]
[0.4031257]
[0.30709055]
[0.37089562]
[0.34308672]
[0.39273408]
[0.39880458]
[0.51529324]
[0.39269832]
[0.39920345]
[0.2992536]
[0.32752398]
[0.348218]
[0.34862402]
[0.40246585]
[0.3698472]
[0.46660376]
[0.37733403]
[0.4480737]
[0.38473707]
[0.46944296]
[0.41462064]
[0.41005042]
[0.37180382]
[0.44356585]
[0.47397876]
[0.38190377]
[0.40530142]
[0.48612314]
[0.42789543]
[0.441474]
[0.41081125]
[0.35097197]
[0.40915954]
[0.39627525]
[0.41794136]
[0.38761052]
[0.3989602]
[0.41083884]
[0.37414926]
[0.32206273]
[0.4108675]
[0.37976435]
[0.40859264]
[0.32444182]
[0.5021313]
[0.2517854]
[0.32784238]
[0.35487184]
[0.39210367]
[0.31851205]
[0.31592256]
[0.3207903]
[0.27554584]
[0.30536804]
[0.2168598]
[0.28923038]
[0.2558224]
[0.2332006]
[0.3066639]
[0.23684162]
[0.23684162]
[0.3735972]
[0.23167093]
[0.20541273]
[0.43699467]
[0.28976092]
[0.30720136]
[0.2299074]
[0.45041203]
[0.18208094]
[0.15740418]
[0.387006]
[0.24295738]
[0.21447952]
[0.157772]
[0.3937124]
[0.15747353]
[0.38218576]
[0.3449809]
[0.45192513]
[0.33623168]
[0.5024519]
[0.43151897]
[0.40621185]
[0.31266433]
[0.34290814]
[0.27173385]
[0.45179266]
[0.32697752]
[0.34670618]
