[0.6327819]
[0.55905116]
[0.5592284]
[0.5592284]
[0.5592284]
[0.5592284]
[0.5592284]
[0.63394487]
[0.63394487]
[0.63394487]
[0.6490523]
[0.6490523]
[0.5466063]
[0.67483807]
[0.545763]
[0.545763]
[0.545763]
[0.66896397]
[0.727495]
[0.727495]
[0.727495]
[0.727495]
[0.727495]
[0.727495]
[0.727495]
[0.727495]
[0.727495]
[0.727495]
[0.727495]
[0.727495]
[0.727495]
[0.727495]
[0.727495]
[0.727495]
[0.727495]
[0.727495]
[0.727495]
[0.727495]
[0.727495]
[0.727495]
[0.727495]
[0.727495]
[0.727495]
[0.727495]
[0.727495]
[0.727495]
[0.727495]
[0.727495]
[0.727495]
[0.6507829]
[0.5497545]
[0.5171612]
[0.5171612]
[0.5171612]
[0.6280899]
[0.5208182]
[0.61147267]
[0.61147267]
[0.61147267]
[0.5651593]
[0.6280899]
[0.6280899]
[0.6280899]
[0.6280899]
[0.6280899]
[0.6280899]
[0.6280899]
[0.6280899]
[0.6280899]
[0.6280899]
[0.6280899]
[0.6280899]
[0.6280899]
[0.63564336]
[0.5987385]
[0.5987385]
[0.5987385]
[0.5987385]
[0.5987385]
[0.5987385]
[0.6994551]
[0.65912217]
[0.65912217]
[0.65912217]
[0.65912217]
[0.65912217]
[0.65912217]
[0.50665724]
[0.50665724]
[0.545746]
[0.6130557]
[0.6130557]
[0.50604385]
[0.5891031]
[0.669044]
[0.5759662]
[0.4539556]
[0.4539556]
[0.4539556]
[0.4539556]
[0.60644174]
[0.6289176]
[0.5238277]
[0.5190501]
[0.5190501]
[0.5190501]
[0.5190501]
[0.51447403]
[0.51447403]
[0.51447403]
[0.51447403]
[0.51447403]
[0.51447403]
[0.6272031]
[0.5947262]
[0.6129825]
[0.5340291]
[0.5340291]
[0.5865171]
[0.5865171]
[0.5865171]
[0.5865171]
[0.5865171]
[0.62209547]
[0.6288803]
[0.51167125]
[0.573455]
[0.573455]
[0.573455]
[0.573455]
[0.573455]
[0.573455]
[0.573455]
[0.573455]
[0.573455]
[0.573455]
[0.573455]
[0.573455]
[0.48597643]
[0.48597643]
[0.48597643]
[0.48597643]
[0.48597643]
[0.48597643]
[0.49338803]
[0.49338803]
[0.55266017]
[0.5835265]
[0.5835265]
[0.5835265]
[0.5835265]
[0.5835265]
[0.5835265]
[0.5835265]
[0.5835265]
[0.5835265]
[0.5835265]
[0.5835265]
[0.5835265]
[0.5835265]
[0.5835265]
[0.5835265]
[0.5835265]
[0.5835265]
[0.5835265]
[0.5835265]
[0.5835265]
[0.5835265]
[0.5835265]
[0.5408643]
[0.49134085]
[0.49134085]
[0.49134085]
[0.49134085]
[0.5003096]
[0.48206148]
[0.511394]
[0.5348587]
[0.57310927]
[0.5206813]
[0.5023539]
[0.5023539]
[0.5023539]
[0.5023539]
[0.623326]
[0.623326]
[0.43442523]
[0.4344252]
[0.4344252]
[0.4344252]
[0.4344252]
[0.4344252]
[0.4344252]
[0.4344252]
[0.4344252]
[0.4344252]
[0.4344252]
[0.4344252]
[0.4344252]
[0.4344252]
[0.4344252]
[0.4344252]
[0.4344252]
[0.4344252]
[0.4344252]
[0.4344252]
[0.4344252]
[0.4344252]
[0.4344252]
[0.4344252]
[0.4344252]
[0.4344252]
[0.4344252]
[0.4344252]
[0.4344252]
[0.4344252]
[0.4344252]
[0.4344252]
[0.4344252]
[0.4344252]
[0.4344252]
[0.4344252]
[0.4344252]
[0.4344252]
[0.4344252]
[0.4344252]
[0.4344252]
[0.4344252]
[0.4344252]
[0.4344252]
[0.4344252]
[0.4344252]
[0.4344252]
[0.4344252]
[0.4344252]
[0.4344252]
[0.4344252]
[0.4344252]
[0.4344252]
[0.4344252]
[0.4344252]
[0.4344252]
[0.4344252]
[0.4344252]
[0.4344252]
[0.4344252]
[0.4344252]
[0.4344252]
[0.4344252]
[0.4344252]
[0.4344252]
[0.4344252]
[0.4344252]
[0.4344252]
[0.4344252]
[0.4344252]
[0.4344252]
[0.5114089]
[0.5114089]
[0.5114089]
[0.5114089]
[0.4707305]
[0.58122057]
[0.5457458]
[0.45972234]
[0.45972234]
[0.45972234]
[0.45972234]
[0.45972234]
[0.45972234]
[0.5893692]
[0.46302494]
[0.46302494]
[0.46302494]
[0.46302494]
[0.46302494]
[0.46302494]
[0.46302494]
[0.46302494]
[0.46302494]
[0.46302494]
[0.46302494]
[0.46302494]
[0.46302494]
[0.46302494]
[0.46302494]
[0.46302494]
[0.46302494]
[0.44900647]
[0.46715173]
[0.46715173]
[0.46715173]
[0.46715173]
[0.46715173]
[0.46715173]
[0.46715173]
[0.46715173]
[0.2878022]
[0.2878022]
[0.2878022]
[0.2878022]
[0.5753721]
[0.46067593]
[0.38553613]
[0.38553613]
[0.50113004]
[0.50113004]
[0.50113004]
[0.50113004]
[0.50113004]
[0.46049288]
[0.50044286]
[0.50044286]
[0.50044286]
[0.50044286]
[0.50044286]
[0.42848507]
[0.42848507]
[0.42848507]
[0.42848507]
[0.5568059]
[0.5434863]
[0.5760432]
[0.41394112]
[0.5068977]
[0.43474796]
[0.5611154]
[0.285746]
[0.6175594]
[0.58129585]
[0.6130411]
[0.5620135]
[0.60494816]
[0.3894761]
[0.43268958]
[0.46175957]
[0.51046765]
[0.48144338]
[0.57313955]
[0.5614482]
[0.5360204]
[0.4319652]
[0.57580596]
[0.4385146]
[0.45337692]
[0.4445165]
[0.4698519]
[0.51318544]
[0.4493243]
[0.4493243]
[0.51756716]
[0.47447792]
[0.48882565]
[0.62077785]
[0.4727424]
[0.42037338]
[0.52281296]
[0.44090077]
[0.44804746]
[0.49897784]
[0.5305186]
[0.41959056]
[0.45600253]
[0.44613716]
[0.6197965]
[0.52175516]
[0.58519423]
[0.52175516]
[0.55914766]
[0.39900085]
[0.37979448]
[0.5174079]
[0.3979661]
[0.66021603]
[0.6094157]
[0.5462264]
[0.37028983]
[0.6299049]
[0.65937775]
[0.40427637]
[0.5188664]
[0.491988]
[0.6790569]
[0.43173742]
[0.5056243]
[0.39155337]
[0.3935893]
[0.6421468]
[0.6006981]
[0.42857087]
[0.54363394]
[0.51114774]
[0.48510566]
[0.39333996]
[0.4435822]
[0.4922004]
[0.4300249]
[0.2980319]
[0.5883534]
[0.44975716]
[0.33389562]
[0.33389562]
[0.4905862]
[0.50300145]
[0.59763306]
[0.42045766]
[0.3667416]
[0.37340048]
[0.50885415]
[0.47995076]
[0.4914679]
[0.36989343]
[0.36989343]
[0.34472433]
[0.44206762]
[0.4813863]
[0.49091038]
[0.49091038]
[0.3894111]
[0.47954568]
[0.47954568]
[0.45689684]
[0.3280406]
[0.41480798]
[0.3834448]
[0.40326706]
[0.47630364]
[0.35540888]
[0.39339626]
[0.4182403]
[0.4490027]
[0.57153636]
[0.43799722]
[0.5516346]
[0.42175326]
[0.45759606]
[0.45029488]
[0.47393095]
[0.3755232]
[0.5004382]
[0.4154809]
[0.38898718]
[0.50469846]
[0.3554282]
[0.34119827]
[0.34773448]
[0.41798526]
[0.4473137]
[0.4819564]
[0.330959]
[0.36415562]
[0.39283898]
[0.4200695]
[0.3046441]
[0.28688553]
[0.34003788]
[0.40002918]
[0.37268293]
[0.31792557]
[0.3575811]
[0.32168993]
[0.48339102]
[0.32412142]
[0.46907148]
[0.3276955]
[0.27925393]
[0.22272852]
[0.18181102]
[0.18181102]
[0.26840553]
[0.5109872]
[0.48175234]
[0.4728889]
[0.47755343]
[0.17670754]
[0.14455251]
[0.549389]
[0.10171498]
[0.6087754]
[0.529049]
[0.529049]
[0.5194668]
[0.4610553]
[0.548384]
[0.37868103]
[0.5825649]
[0.51024014]
[0.39213216]
[0.5013059]
[0.4355848]
[0.6203]
[0.55324763]
[0.45805976]
[0.501297]
[0.6180803]
[0.42845058]
[0.4149775]
[0.32576057]
[0.5099157]
[0.39587578]
