10.725499999999991
9.735899999999994
9.735899999999994
9.417399999999999
10.47369999999999
9.130199999999999
9.130199999999999
9.130199999999999
9.130199999999999
9.219399999999998
9.510999999999996
9.2758
9.1874
9.098199999999999
9.098199999999999
9.098199999999999
9.098199999999999
9.098199999999999
9.282999999999998
9.282999999999998
19.480520000000002
19.480520000000002
19.480520000000002
19.480520000000002
19.480520000000002
9.471599999999997
20.390820000000016
19.245320000000003
19.245320000000003
19.245320000000003
19.245320000000003
19.245320000000003
19.649620000000002
20.10144000000001
9.510599999999995
19.815720000000006
8.364500000000003
19.55712
19.55712
19.55712
19.55712
19.55712
19.55712
19.55712
19.55712
19.55712
19.55712
19.55712
19.55712
20.091900000000013
9.1744
9.1744
9.1744
9.1744
9.1744
9.1744
19.404320000000002
20.73692000000002
20.73692000000002
20.73692000000002
20.73692000000002
20.73692000000002
20.73692000000002
19.527020000000007
19.527020000000007
19.527020000000007
19.527020000000007
8.560300000000003
8.650800000000004
18.855219999999996
18.855219999999996
18.855219999999996
19.793020000000006
19.527020000000004
19.43092
19.43092
19.43092
9.060099999999998
9.060099999999998
9.217699999999999
19.425620000000002
19.425620000000002
19.425620000000002
19.425620000000002
19.425620000000002
19.425620000000002
9.024499999999998
19.703500000000005
19.98430000000001
19.50222
19.50222
19.50222
9.246499999999996
9.246499999999996
9.246499999999996
9.246499999999996
19.41672
19.292300000000004
19.292300000000004
19.26892
7.986600000000006
9.167399999999999
20.06122000000001
19.920120000000008
19.920120000000008
19.920120000000008
19.920120000000008
19.920120000000008
9.143199999999998
8.582400000000003
19.28452
19.425820000000005
19.907700000000013
19.907700000000013
19.469520000000003
19.469520000000003
19.469520000000003
19.70012000000001
19.70012000000001
18.96672
19.36112
19.375320000000002
19.375320000000002
8.972499999999998
19.01992
8.601900000000002
19.559020000000007
18.752619999999993
18.752619999999993
18.752619999999993
18.752619999999993
19.253420000000002
19.253420000000002
19.253420000000002
19.253420000000002
19.253420000000002
19.17272
19.236819999999998
19.701800000000006
19.75080000000001
19.349420000000002
19.502420000000004
9.348199999999997
19.41672
19.23492000000001
19.40292
8.517900000000001
18.83621999999999
19.172119999999996
19.520300000000002
19.01992
19.01992
19.01992
19.01992
19.01992
19.01992
19.01992
19.01992
19.01992
19.01992
19.01992
19.01992
19.01992
19.01992
19.01992
19.01992
19.01992
19.01992
19.01992
19.01992
19.01992
19.01992
19.01992
19.01992
19.01992
19.01992
19.01992
19.01992
19.01992
19.01992
19.01992
19.01992
19.01992
19.01992
9.415499999999996
19.26292
19.520300000000002
19.39332
19.043319999999998
19.443700000000003
19.443700000000003
19.443700000000003
19.1311
8.653900000000002
8.653900000000002
8.653900000000002
18.878819999999997
18.878819999999997
18.878819999999997
18.878819999999997
18.878819999999997
18.878819999999997
18.878819999999997
19.569000000000006
20.317120000000017
19.828220000000005
19.851720000000007
18.782719999999994
18.782719999999994
18.723119999999994
18.582019999999993
18.582019999999993
19.25252
19.302600000000005
18.943719999999995
18.943719999999995
8.574700000000004
8.457800000000004
20.00852000000001
19.256499999999996
8.512800000000004
8.706100000000003
19.536420000000007
7.954600000000006
18.988419999999994
18.535719999999994
18.917119999999997
8.448600000000004
19.372200000000003
18.768720000000002
19.25502
19.423219999999997
18.949719999999996
18.394619999999993
20.00060000000001
8.621900000000002
8.621900000000002
8.621900000000002
8.621900000000002
8.621900000000002
8.664400000000002
19.302700000000005
19.058119999999995
19.34972
18.39261999999999
18.39261999999999
18.39261999999999
18.924999999999994
18.506119999999996
18.506119999999996
18.38051999999999
9.116000000000001
18.818219999999993
19.452320000000004
9.007299999999999
19.574200000000005
19.204720000000002
18.663919999999994
18.06821999999999
8.353400000000004
19.31572
18.955619999999996
18.54011999999999
19.60482000000001
18.793499999999995
18.742199999999997
19.063019999999998
18.771719999999995
18.798799999999993
18.97852
19.07922
19.259700000000002
18.619799999999987
18.390719999999995
18.390719999999995
18.926619999999993
19.00342
8.426200000000005
18.304299999999994
19.084
19.105719999999998
18.819419999999997
18.90392
19.78812000000001
18.730099999999997
18.83572
19.221600000000002
8.433800000000003
18.41491999999999
8.388500000000004
18.717299999999994
19.432920000000003
18.870099999999997
18.496199999999995
18.520919999999993
18.917619999999992
18.434619999999992
18.46521999999999
18.20711999999999
8.080600000000006
7.731900000000006
19.660520000000005
18.842919999999996
18.63131999999999
18.177719999999987
19.719500000000007
9.016469999999998
18.245319999999992
18.07921999999999
19.24592
18.895899999999997
18.895899999999997
19.13522
18.56021999999999
8.877800000000004
8.231900000000005
17.69141999999998
7.547000000000006
18.33381999999999
8.125600000000006
19.188119999999998
17.81301999999998
18.36481999999999
18.438019999999995
18.80982
18.988699999999998
18.106819999999992
19.31942
18.9531
19.372419999999998
18.12131999999999
18.385919999999988
18.747119999999995
18.817799999999995
9.029099999999998
17.811119999999985
18.710219999999996
7.883800000000005
8.320900000000005
18.8969
7.938700000000006
16.82713999999998
16.82713999999998
16.440119999999972
18.273019999999992
17.980019999999985
18.29089999999999
16.489919999999973
18.834819999999993
18.40339999999999
19.024199999999997
18.121819999999985
18.190419999999985
18.190419999999985
18.582299999999986
17.15041999999998
18.187719999999988
7.6302000000000065
7.906700000000005
17.774019999999975
15.200519999999969
18.694619999999997
17.73039999999998
17.44711999999998
7.9999000000000065
15.90531999999997
15.868919999999967
16.310239999999972
18.18751999999999
18.04329999999999
18.396019999999986
18.265519999999984
16.962819999999976
17.69459999999998
17.592819999999982
15.338819999999968
7.977300000000006
16.518719999999977
16.518719999999977
15.495919999999964
14.399919999999973
5.666000000000004
14.77351999999997
14.638819999999969
15.988319999999971
16.607119999999977
4.765600000000002
14.733119999999968
17.711119999999983
6.2031000000000045
5.490800000000005
6.425600000000005
16.516219999999972
14.39309999999997
14.082919999999968
12.59271999999998
12.831319999999975
13.712419999999977
13.100819999999976
13.570199999999975
12.222119999999983
12.096119999999983
11.598319999999985
11.95331999999998
11.651619999999983
3.4932000000000016
11.492519999999985
11.492519999999985
11.319019999999986
18.752619999999993
12.048999999999985
19.372299999999996
19.1858
10.72971999999999
18.64571999999999
18.34571999999999
10.243619999999993
8.849499999999999
8.299100000000006
8.924600000000002
6.696800000000005
7.957820000000004
8.197700000000006
9.632019999999997
8.626620000000003
8.027820000000006
8.193920000000006
8.389620000000004
6.746940000000005
8.310500000000005
5.009220000000004
7.081520000000006
6.093420000000004
7.450720000000005
2.27567
7.395720000000006
5.892120000000003
2.675720000000001
3.3221000000000016
1.8256999999999999
3.977920000000003
3.2578000000000014
4.047620000000003
0.9758
3.7504200000000028
2.988620000000002
19.17832
1.5908
3.4360200000000027
1.8137
3.7466000000000026
2.0882
1.4895
2.3047000000000004
0.7614000000000001
18.5626
1.21207
1.37817
18.414519999999985
1.5065
0.2097
18.29749999999999
17.345119999999987
17.345119999999987
0.6361
19.60942
19.841420000000003
19.37592
18.92722
18.659919999999993
18.517119999999995
5.550100000000004
5.428200000000004
17.898719999999987
17.91089999999998
18.864299999999997
7.968700000000008
18.348619999999993
18.669019999999996
18.263119999999994
18.815899999999996
18.27491999999999
17.87831999999998
6.0343000000000035
18.508399999999995
8.085920000000005
17.999199999999988
18.9273
20.12672000000001
17.868199999999987
19.56810000000001
18.122319999999988
18.16139999999999
10.046999999999993
18.188719999999982
9.0982
11.406199999999984
16.953899999999972
17.657499999999985
18.45419999999999
