[0.27846906]
[0.23533462]
[0.13807712]
[0.07353383]
[0.07353383]
[0.07353383]
[0.07353383]
[0.04184593]
[0.04184593]
[0.04184593]
[0.04184593]
[0.04184593]
[0.04184593]
[0.04184593]
[0.04063945]
[0.0289098]
[0.02977357]
[0.02977357]
[0.02977357]
[0.0214768]
[0.01468358]
[0.01468358]
[0.00941269]
[0.00941269]
[0.00023058]
[0.00023058]
[0.00023058]
[0.00023058]
[0.00023058]
[0.00023058]
[0.00023058]
[0.00023058]
[0.00023058]
[0.00023058]
[0.00023058]
[0.00023058]
[0.00023058]
[0.00023058]
[0.00023058]
[0.00023058]
[0.00023058]
[0.00023058]
[0.00023058]
[0.00023058]
[0.00023058]
[0.00023058]
[0.00023058]
[0.00023058]
[0.00023058]
[0.00023058]
[0.00023058]
[0.00023058]
[0.00023058]
[0.00023058]
[0.00023058]
[0.00023058]
[0.00023058]
[0.00023058]
[0.00023058]
[0.00023058]
[0.00023058]
[0.00023058]
[0.00023058]
[0.00023058]
[0.00023058]
[0.00023058]
[0.00023058]
[0.00023058]
[0.00023058]
[0.00023058]
[0.00023058]
[0.00023058]
[0.00023058]
[0.00023058]
[0.00023058]
[0.00023058]
[0.00023058]
[0.00023058]
[0.00023058]
[0.00023058]
[0.00023058]
[0.00023058]
[0.00023058]
[0.00023058]
[0.00023058]
[0.00023058]
[0.00023058]
[0.00023058]
[0.00023058]
[0.00023058]
[0.00023058]
[0.00023058]
[0.00023058]
[0.00023058]
[0.00023058]
[0.00023058]
[0.00023058]
[0.00023058]
[0.00023058]
[0.00023058]
[0.00023058]
[0.00023058]
[0.00023058]
[0.00023058]
[0.00023058]
[0.00023058]
[0.00023058]
[0.00023058]
[0.00023058]
[0.00023058]
[0.00023058]
[0.00023058]
[0.00023058]
[0.00023058]
[0.00023058]
[0.00023058]
[0.00023058]
[0.00023058]
[0.00023058]
[0.00023058]
[0.00023058]
[0.00023058]
[0.00023058]
[0.00023058]
[0.00023058]
[0.00023058]
[0.00023058]
[0.00023058]
[0.00023058]
[0.00023058]
[0.00023058]
[0.00023058]
[0.00023058]
[0.00023058]
[0.00023058]
[0.00023058]
[0.00023058]
[0.00023058]
[0.00023058]
[0.00023058]
[0.00023058]
[0.00023058]
[0.00023058]
[0.00023058]
[0.00023058]
[0.00023058]
[0.00023058]
[0.00023058]
[0.00023058]
[0.00023058]
[0.00023058]
[0.00023058]
[0.00023058]
[0.00023058]
[0.00023058]
[0.00023058]
[0.00023058]
[0.00023058]
[0.00023058]
[0.00023058]
[0.00023058]
[0.00023058]
[0.00023058]
[0.00023058]
[0.00023058]
[0.00023058]
[0.00023058]
[0.00023058]
[0.00023058]
[0.00023058]
[0.00023058]
[0.00023058]
[0.00023058]
[0.00023058]
[0.00023058]
[0.00023058]
[0.00023058]
[0.00023058]
[0.00023058]
[0.00023058]
[0.00023058]
[0.00023058]
[0.00023058]
[0.00023058]
[0.00023058]
[0.00023058]
[0.00023058]
[0.00023058]
[0.00023058]
[0.00023058]
[0.00023058]
[0.00023058]
[0.00023058]
[0.00023058]
[0.00023058]
[0.00023058]
[0.00023058]
[0.00023058]
[0.00023058]
[0.00023058]
[0.00023058]
[0.00023058]
[0.00023058]
[0.00023058]
[0.00023058]
[0.00023058]
[0.00023058]
[0.00023058]
[0.00023058]
[0.00023058]
[0.00023058]
[0.00023058]
[0.00023058]
[0.00023058]
[0.00023058]
[0.00023058]
[0.00023058]
[0.00023058]
[0.00023058]
[0.00023058]
[0.00023058]
[0.00023058]
[0.00023058]
[0.00023058]
[0.00023058]
[0.00023058]
[0.00023058]
[0.00023058]
[0.00023058]
[0.00023058]
[0.00023058]
[0.00023058]
[0.00023058]
[0.00023058]
[0.00023058]
[0.00023058]
[0.00023058]
[0.00023058]
[0.00023058]
[0.00023058]
[0.00023058]
[0.00023058]
[0.00023058]
[0.00023058]
[0.00023058]
[0.00023058]
[0.00023058]
[0.00023058]
[0.00023058]
[0.00023058]
[0.00023058]
[0.00023058]
[0.00023058]
[0.00023058]
[0.00023058]
[0.00023058]
[0.00023058]
[0.00023058]
[0.00023058]
[0.00023058]
[0.00023058]
[0.00023058]
[0.00023058]
[0.00023058]
[0.00023058]
[0.00023058]
[0.00023058]
[0.00023058]
[0.00023058]
[0.00023058]
[0.00023058]
[0.00023058]
[0.00023058]
[0.00023058]
[0.00023058]
[0.00023058]
[0.00023058]
[0.00023058]
[0.00023058]
[0.00023058]
[0.00023058]
[0.00023058]
[0.00023058]
[0.00023058]
[0.00023058]
[0.00023058]
[0.00023058]
[0.00023058]
[0.00023058]
[0.00023058]
[0.00023058]
[0.00023058]
[0.00023058]
[0.00023058]
[0.00023058]
[0.00023058]
[0.00023058]
[0.00023058]
[0.00023058]
[0.00023058]
[0.00023058]
[0.00023058]
[0.00023058]
[0.00023058]
[0.00023058]
[0.00023058]
[0.00023058]
[0.00023058]
[0.00023058]
[0.00023058]
[0.00023058]
[0.00023058]
[0.00023058]
[0.00023058]
[0.00023058]
[0.00023058]
[0.00023058]
[0.00023058]
[0.00023058]
[0.00023058]
[0.00023058]
[0.00023058]
[0.00023058]
[0.00023058]
[0.00023058]
[0.00023058]
[0.00023058]
[0.00023058]
[0.00023058]
[0.00023058]
[0.00023058]
[0.00023058]
[0.00023058]
[0.00023058]
[0.00023058]
[0.00023058]
[0.00023058]
[0.00023058]
[0.00023058]
[0.00023058]
[0.00023058]
[0.00023058]
[0.00023058]
[0.00023058]
[0.00023058]
[0.00023058]
[0.00023058]
[0.00023058]
[0.00023058]
[0.00023058]
[0.00023058]
[0.00023058]
[0.00023058]
[0.00023058]
[0.00023058]
[0.00023058]
[0.00023058]
[0.00023058]
[0.00023058]
[0.00023058]
[0.00023058]
[0.00023058]
[0.00023058]
[0.00023058]
[0.00023058]
[0.00023058]
[0.00023058]
[0.00023058]
[0.00023058]
[0.00023058]
[0.00023058]
[0.00023058]
[0.00023058]
[0.00023058]
[0.00023058]
[0.00023058]
[0.00023058]
[0.00023058]
[0.00023058]
[0.00023058]
[0.00023058]
[0.00023058]
[0.00023058]
[0.00023058]
[0.00023058]
[0.00023058]
[0.00023058]
[0.00023058]
[0.00023058]
[0.00023058]
[0.00023058]
[0.00023058]
[0.00023058]
[0.00023058]
[0.00023058]
[0.00023058]
[0.00023058]
[0.00023058]
[0.00023058]
[0.00023058]
[0.00023058]
[0.00023058]
[0.00023058]
[0.00023058]
[0.00023058]
[0.00023058]
[0.00023058]
[0.00023058]
[0.00023058]
[0.00023058]
[0.00023058]
[0.00023058]
[0.00023058]
[0.00023058]
[0.00023058]
[0.00023058]
[0.00023058]
[0.00023058]
[0.00023058]
[0.00023058]
[0.00023058]
[0.00023058]
[0.00023058]
[0.00023058]
[0.00023058]
[0.00023058]
[0.00023058]
[0.00023058]
[0.00023058]
[0.00023058]
[0.00023058]
[0.00023058]
[0.00023058]
[0.00023058]
[0.00023058]
[0.00023058]
[0.00023058]
[0.00023058]
[0.00023058]
[0.00023058]
[0.00023058]
[0.00023058]
[0.00023058]
[0.00023058]
[0.00023058]
[0.00023058]
[0.00023058]
[0.00023058]
[0.00023058]
[0.00023058]
[0.00023058]
[0.00023058]
[0.00023058]
[0.00023058]
[0.00023058]
[0.00023058]
[0.00023058]
[0.00023058]
[0.00023058]
[0.00023058]
[0.00023058]
[0.00023058]
[0.00023058]
[0.00024336]
[0.00024313]
[0.00024313]
[0.00024313]
[0.00025644]
[0.00022683]
[0.00022683]
[0.00020265]
[0.00020805]
[0.00027996]
[0.00027996]
[0.00025138]
[0.00024558]
[0.00029787]
[0.0073296]
[0.00033328]
[0.00033328]
[0.00019819]
[0.00035541]
[0.00023962]
[0.00023962]
[0.00070771]
[0.00020921]
[0.00025099]
[0.0061325]
[0.00388141]
[0.00053002]
[0.00053002]
[0.00126649]
[0.00164113]
[0.00164113]
[0.003218]
[0.00469907]
[0.00101935]
[0.00042479]
[0.00631734]
[0.00032166]
