2.8716230117308683
2.8716230117308683
2.8716230117308683
2.4695370139321735
3.243878738055953
4.150005232447796
4.150005232447796
4.150005232447796
4.150005232447796
4.150005232447796
4.150005232447796
4.150005232447796
4.150005232447796
4.150005232447796
4.150005232447796
4.150005232447796
4.150005232447796
4.150005232447796
4.150005232447796
4.150005232447796
4.150005232447796
3.0449267552965313
2.8642243187252188
2.8642243187252188
2.8642243187252188
3.0669478482244594
3.8655080691519066
3.8655080691519066
3.8655080691519066
3.8655080691519066
4.495044859368964
4.495044859368964
4.495044859368964
4.495044859368964
4.495044859368964
4.495044859368964
3.2753807104224046
3.2753807104224046
3.2753807104224046
3.2753807104224046
3.2753807104224046
3.2753807104224046
3.2753807104224046
3.2753807104224046
3.2753807104224046
3.2753807104224046
3.2753807104224046
3.2753807104224046
3.2753807104224046
3.01163180301406
3.01163180301406
3.01163180301406
3.01163180301406
2.7013958475426776
2.7013958475426776
2.7013958475426776
2.7013958475426776
5.357581964471963
4.73128981339763
2.9029252506778818
3.7048955108598687
4.486946542754804
3.032421506446912
3.030619837112429
3.110317813980556
3.552237042080285
3.552237042080285
3.552237042080285
3.6023089484348
4.941962015978598
4.48955995841226
4.48955995841226
4.48955995841226
4.48955995841226
4.48955995841226
4.48955995841226
4.48955995841226
4.48955995841226
4.48955995841226
4.48955995841226
4.48955995841226
4.48955995841226
4.48955995841226
4.48955995841226
4.48955995841226
4.48955995841226
4.48955995841226
4.48955995841226
4.48955995841226
4.48955995841226
3.048950820376226
3.048950820376226
3.048950820376226
2.929143793001007
4.2795356582246535
5.712103168465585
5.420042077035968
3.6392345337190806
3.6109586075469196
3.6801092828829596
3.6812081365612013
4.38490204704743
4.3193624902219705
5.205998083757553
3.664670423813863
3.664670423813863
3.664670423813863
5.010099446958563
5.010099446958563
5.010099446958563
5.010099446958563
5.010099446958563
2.9330641259895334
2.9330641259895334
4.395286731599989
4.395286731599989
4.395286731599989
4.481174777207646
4.6193324455645755
4.6193324455645755
4.6193324455645755
4.6193324455645755
4.6193324455645755
4.6193324455645755
4.6193324455645755
4.6193324455645755
4.6193324455645755
4.6193324455645755
4.6193324455645755
4.6193324455645755
4.6193324455645755
4.6193324455645755
4.6193324455645755
4.6193324455645755
4.6193324455645755
4.6193324455645755
3.9166771096804567
3.9166771096804567
3.9166771096804567
3.9166771096804567
3.9166771096804567
3.9166771096804567
3.9166771096804567
3.9166771096804567
3.9166771096804567
3.9166771096804567
3.9166771096804567
3.9166771096804567
3.9166771096804567
3.9166771096804567
3.9166771096804567
3.9166771096804567
3.9166771096804567
3.9166771096804567
3.9166771096804567
4.039686923677158
5.025290794130246
3.5660116812621396
4.3686892418308245
4.3686892418308245
4.3686892418308245
4.665545235184593
5.068696626520731
5.378435137740466
4.635383142400656
3.29932531715089
3.29932531715089
3.29932531715089
3.29932531715089
3.29932531715089
3.29932531715089
3.29932531715089
3.29932531715089
3.29932531715089
3.29932531715089
3.29932531715089
3.29932531715089
3.29932531715089
3.29932531715089
3.29932531715089
3.29932531715089
4.911250701283571
4.911250701283571
4.911250701283571
4.911250701283571
4.911250701283571
2.75882479949445
4.921771154676913
4.3861164355493045
4.3861164355493045
4.3861164355493045
4.3861164355493045
4.430643508476377
4.430643508476377
4.430643508476377
4.430643508476377
4.430643508476377
4.430643508476377
4.430643508476377
4.430643508476377
4.430643508476377
4.430643508476377
4.430643508476377
4.430643508476377
4.430643508476377
4.430643508476377
4.430643508476377
4.430643508476377
4.430643508476377
4.430643508476377
4.835551351859168
3.7133671258175855
3.7133671258175855
3.7133671258175855
3.7133671258175855
3.7133671258175855
3.7133671258175855
3.7133671258175855
3.7133671258175855
3.7133671258175855
3.7133671258175855
3.7133671258175855
3.7133671258175855
2.8501257710229844
4.635632981176333
3.6065359569864164
4.062917256225072
5.03336725468373
4.259445571218918
4.633680192057069
3.7407682164742937
3.7407682164742937
4.611941580549397
4.222041638566356
4.94923238535649
4.94923238535649
4.94923238535649
4.94923238535649
4.94923238535649
4.94923238535649
4.94923238535649
4.94923238535649
4.94923238535649
4.94923238535649
4.94923238535649
4.94923238535649
4.94923238535649
5.158399240304568
3.7069256493230576
3.7069256493230576
3.7069256493230576
3.7069256493230576
3.7069256493230576
3.7069256493230576
3.8166275149530895
4.956090661323531
4.956090661323531
4.956090661323531
4.956090661323531
4.956090661323531
4.956090661323531
4.956090661323531
4.956090661323531
4.956090661323531
5.093901039016295
5.093901039016295
5.093901039016295
5.093901039016295
5.093901039016295
5.093901039016295
4.239352470320359
4.239352470320359
4.755603657717316
4.755603657717316
3.3191430255052605
3.3191430255052605
3.3191430255052605
3.3191430255052605
3.3191430255052605
3.3191430255052605
3.3191430255052605
5.555181054967827
3.7295682364099303
3.7295682364099303
3.7295682364099303
3.7295682364099303
3.7295682364099303
3.7295682364099303
3.7295682364099303
3.7295682364099303
3.7295682364099303
3.7295682364099303
3.7295682364099303
3.7295682364099303
3.7295682364099303
3.7295682364099303
3.7295682364099303
3.7295682364099303
3.7295682364099303
3.7295682364099303
3.7295682364099303
3.7295682364099303
3.7295682364099303
3.7295682364099303
3.7295682364099303
3.7295682364099303
3.7295682364099303
3.7295682364099303
3.7295682364099303
3.7295682364099303
3.7295682364099303
3.7295682364099303
3.7295682364099303
3.7295682364099303
3.7295682364099303
3.7295682364099303
3.7295682364099303
3.7295682364099303
3.7295682364099303
3.7295682364099303
3.7295682364099303
3.7295682364099303
3.7295682364099303
3.7295682364099303
3.7295682364099303
3.7295682364099303
3.7295682364099303
3.7295682364099303
3.7295682364099303
3.7295682364099303
3.7295682364099303
3.7295682364099303
3.7295682364099303
3.7295682364099303
3.7295682364099303
3.7295682364099303
3.7295682364099303
3.7295682364099303
3.7295682364099303
3.7295682364099303
3.7295682364099303
3.7295682364099303
3.7295682364099303
3.7295682364099303
3.7295682364099303
3.7295682364099303
3.7295682364099303
3.7295682364099303
3.7295682364099303
3.7295682364099303
3.7295682364099303
3.7295682364099303
3.7295682364099303
3.7295682364099303
3.7295682364099303
3.7295682364099303
3.7295682364099303
3.7295682364099303
4.875674881801977
5.124277976576745
5.149566950623416
5.041375962369221
4.093985763526611
4.093985763526611
4.093985763526611
3.5038612382981738
5.052607344640213
5.052607344640213
5.052607344640213
4.814051447097146
4.602698710624816
5.178131602950372
4.9606796723125415
4.3639618127215005
4.3639618127215005
5.2093960028201085
3.791046671812337
4.102293455834303
3.9238540817544028
3.807702590353049
3.807702590353049
3.8706109558343034
3.8706109558343034
3.8706109558343034
3.8706109558343034
3.8706109558343034
3.8706109558343034
3.8706109558343034
4.153552540403
4.161637255687714
4.161637255687714
3.49715255343465
3.49715255343465
3.49715255343465
3.49715255343465
5.236101385509652
3.9768748417173327
6.0384126531556515
6.0384126531556515
6.0384126531556515
4.970744509474555
3.6663309140506906
4.1583165239930775
5.18377211770803
3.5772450840101353
1.5777181730415606
4.356386106836567
4.130424068874527
4.130424068874527
5.764255906317853
3.853807529549224
5.1157575008307585
4.901169808523067
3.964126366576825
5.265021772944154
4.856331378849432
3.871715242083237
3.9114336592841177
3.736864309217532
4.426861629828492
6.239309591169095
5.5400616392624435
5.908611958712459
4.637466346984605
4.637466346984605
3.5423777412119133
3.6488733798041153
3.6783415259421
5.417193409416086
5.545629515722526
5.495215287527515
4.641714743161758
5.352777145214674
4.3604959207069065
5.121587063111168
4.0621466997585625
5.273629616215374
5.262874970590025
5.027684481119268
5.910792817232034
3.7162708295945768
4.718424434574786
5.241101876118458
4.445498552285853
4.73998804359848
2.8512587565959375
4.648898456078144
4.329029982771678
5.721481287084502
3.0493847504272384
4.472799837241531
5.22920547614845
3.5064683845717957
5.498998579083739
5.08306673159999
4.664910126832691
5.6207796057129835
5.252968415668887
4.563520528841607
4.452059250781685
4.436466302709562
6.143557595441245
4.218502941573652
4.342573734392568
4.196452572202362
3.8075306270887888
2.817701971722599
5.400123029847135
5.977916635243569
5.118460994808089
4.7135947051783695
4.620556696128596
2.1924683822883626
4.891408195904976
4.720248150336424
2.995875611257084
5.047661673504162
5.047661673504162
3.424146894440007
4.3714382405938546
4.08999868818016
5.559007830144988
4.2481681413443
7.3284153846153846
7.3284153846153846
7.3284153846153846
6.841988382288363
5.249171010161238
5.328946595998419
5.655067267957495
5.655067267957495
4.892845459179137
5.922045084740998
5.608950498950868
6.756229198655315
6.010316119325289
4.188027407367198
6.817870944273015
6.294010508250901
7.03855245753704
