6.160400000000003
3.6030000000000006
4.440500000000001
6.461000000000003
6.461000000000003
6.461000000000003
6.461000000000003
6.461000000000003
3.7526000000000006
3.7526000000000006
29.777500000000025
29.777500000000025
29.777500000000025
29.777500000000025
29.777500000000025
29.777500000000025
29.777500000000025
29.777500000000025
29.777500000000025
29.777500000000025
29.777500000000025
29.777500000000025
29.777500000000025
29.777500000000025
29.777500000000025
29.777500000000025
29.777500000000025
29.777500000000025
29.777500000000025
29.777500000000025
29.777500000000025
29.777500000000025
29.777500000000025
29.777500000000025
29.777500000000025
29.777500000000025
29.777500000000025
29.777500000000025
29.777500000000025
29.777500000000025
29.777500000000025
29.777500000000025
29.777500000000025
29.777500000000025
29.777500000000025
29.777500000000025
29.777500000000025
29.777500000000025
29.777500000000025
29.777500000000025
29.777500000000025
29.777500000000025
29.777500000000025
29.777500000000025
29.777500000000025
29.777500000000025
29.777500000000025
29.777500000000025
29.777500000000025
29.777500000000025
29.777500000000025
29.777500000000025
29.777500000000025
29.777500000000025
29.777500000000025
29.777500000000025
29.777500000000025
29.777500000000025
29.777500000000025
29.777500000000025
29.777500000000025
29.777500000000025
29.777500000000025
29.777500000000025
29.777500000000025
29.777500000000025
29.777500000000025
29.777500000000025
29.777500000000025
29.777500000000025
29.777500000000025
29.777500000000025
29.777500000000025
29.777500000000025
29.777500000000025
29.777500000000025
29.777500000000025
29.777500000000025
29.777500000000025
29.777500000000025
29.777500000000025
29.777500000000025
29.777500000000025
29.777500000000025
29.777500000000025
29.777500000000025
29.777500000000025
29.777500000000025
29.777500000000025
29.777500000000025
29.777500000000025
29.777500000000025
29.777500000000025
29.777500000000025
29.777500000000025
29.777500000000025
29.777500000000025
29.777500000000025
29.777500000000025
29.777500000000025
29.777500000000025
29.777500000000025
29.777500000000025
29.777500000000025
29.777500000000025
29.777500000000025
29.777500000000025
29.777500000000025
29.777500000000025
29.777500000000025
29.777500000000025
29.777500000000025
29.777500000000025
29.777500000000025
29.777500000000025
29.777500000000025
29.777500000000025
29.777500000000025
29.777500000000025
29.777500000000025
29.777500000000025
29.777500000000025
29.777500000000025
29.777500000000025
29.777500000000025
29.777500000000025
29.777500000000025
29.777500000000025
29.777500000000025
29.777500000000025
29.777500000000025
29.777500000000025
29.777500000000025
29.777500000000025
29.777500000000025
29.777500000000025
29.777500000000025
29.777500000000025
29.777500000000025
29.777500000000025
29.777500000000025
29.777500000000025
29.777500000000025
29.777500000000025
29.777500000000025
29.777500000000025
29.777500000000025
29.777500000000025
29.777500000000025
29.777500000000025
29.777500000000025
29.777500000000025
29.777500000000025
29.777500000000025
29.777500000000025
29.777500000000025
29.777500000000025
29.777500000000025
29.777500000000025
29.777500000000025
29.777500000000025
29.777500000000025
29.777500000000025
29.777500000000025
29.777500000000025
29.777500000000025
29.777500000000025
29.777500000000025
29.777500000000025
29.777500000000025
29.777500000000025
29.777500000000025
29.777500000000025
29.777500000000025
29.777500000000025
29.777500000000025
29.777500000000025
29.777500000000025
29.777500000000025
29.777500000000025
29.777500000000025
29.777500000000025
29.777500000000025
29.777500000000025
29.777500000000025
29.777500000000025
29.777500000000025
29.777500000000025
29.777500000000025
29.777500000000025
29.777500000000025
29.777500000000025
29.777500000000025
29.777500000000025
29.777500000000025
29.777500000000025
29.777500000000025
29.777500000000025
29.777500000000025
29.777500000000025
29.777500000000025
29.777500000000025
29.777500000000025
29.777500000000025
29.777500000000025
29.777500000000025
29.777500000000025
29.777500000000025
29.777500000000025
29.777500000000025
29.777500000000025
29.777500000000025
29.777500000000025
29.777500000000025
29.777500000000025
29.777500000000025
29.777500000000025
29.777500000000025
29.777500000000025
29.777500000000025
29.777500000000025
29.777500000000025
29.777500000000025
29.777500000000025
29.777500000000025
29.777500000000025
29.777500000000025
29.777500000000025
29.777500000000025
29.777500000000025
29.777500000000025
29.777500000000025
29.777500000000025
29.777500000000025
29.777500000000025
29.777500000000025
29.777500000000025
29.777500000000025
29.777500000000025
29.777500000000025
29.777500000000025
29.777500000000025
29.777500000000025
29.777500000000025
29.777500000000025
29.777500000000025
29.777500000000025
29.777500000000025
29.777500000000025
29.777500000000025
29.777500000000025
29.777500000000025
29.777500000000025
29.777500000000025
29.777500000000025
29.777500000000025
29.777500000000025
29.777500000000025
29.777500000000025
29.777500000000025
29.777500000000025
29.777500000000025
29.777500000000025
29.777500000000025
29.777500000000025
29.777500000000025
29.777500000000025
29.777500000000025
29.777500000000025
29.777500000000025
29.777500000000025
29.777500000000025
29.777500000000025
29.777500000000025
29.777500000000025
29.777500000000025
29.777500000000025
29.777500000000025
29.777500000000025
29.777500000000025
29.777500000000025
29.777500000000025
29.777500000000025
29.777500000000025
29.777500000000025
29.777500000000025
29.777500000000025
29.777500000000025
29.777500000000025
29.777500000000025
29.777500000000025
29.777500000000025
29.777500000000025
29.777500000000025
29.777500000000025
29.777500000000025
29.777500000000025
29.777500000000025
29.777500000000025
29.777500000000025
29.777500000000025
29.777500000000025
29.777500000000025
29.777500000000025
29.777500000000025
29.777500000000025
29.777500000000025
29.777500000000025
29.777500000000025
29.777500000000025
29.777500000000025
29.777500000000025
29.777500000000025
29.777500000000025
29.777500000000025
29.777500000000025
29.777500000000025
29.777500000000025
29.777500000000025
29.777500000000025
29.777500000000025
29.777500000000025
29.777500000000025
29.777500000000025
29.777500000000025
29.777500000000025
29.777500000000025
29.777500000000025
29.777500000000025
29.777500000000025
29.777500000000025
29.777500000000025
29.777500000000025
29.777500000000025
29.777500000000025
29.777500000000025
29.777500000000025
29.777500000000025
29.777500000000025
29.777500000000025
29.777500000000025
29.777500000000025
29.777500000000025
29.777500000000025
29.777500000000025
29.777500000000025
29.777500000000025
29.777500000000025
29.777500000000025
29.777500000000025
29.777500000000025
29.777500000000025
29.777500000000025
29.777500000000025
29.777500000000025
29.777500000000025
29.777500000000025
29.777500000000025
29.777500000000025
29.777500000000025
29.777500000000025
29.777500000000025
29.777500000000025
29.777500000000025
29.777500000000025
29.777500000000025
29.777500000000025
29.777500000000025
29.777500000000025
29.777500000000025
29.777500000000025
29.777500000000025
29.777500000000025
29.777500000000025
29.777500000000025
29.777500000000025
29.777500000000025
29.777500000000025
29.777500000000025
29.777500000000025
29.777500000000025
29.777500000000025
29.777500000000025
29.777500000000025
29.777500000000025
29.777500000000025
29.777500000000025
29.777500000000025
29.777500000000025
29.777500000000025
29.777500000000025
29.777500000000025
29.777500000000025
29.777500000000025
29.777500000000025
29.777500000000025
29.777500000000025
29.777500000000025
29.777500000000025
29.777500000000025
29.777500000000025
29.777500000000025
29.777500000000025
29.777500000000025
29.777500000000025
29.777500000000025
29.777500000000025
29.777500000000025
29.777500000000025
29.777500000000025
29.777500000000025
29.777500000000025
29.777500000000025
29.777500000000025
29.777500000000025
29.52280000000003
29.52280000000003
29.52280000000003
29.52280000000003
29.52280000000003
29.52280000000003
29.52280000000003
29.52280000000003
29.52280000000003
29.52280000000003
29.52280000000003
29.52280000000003
29.52280000000003
29.52280000000003
29.52280000000003
29.52280000000003
29.52280000000003
29.52280000000003
29.52280000000003
29.52280000000003
29.52280000000003
29.52280000000003
29.52280000000003
29.52280000000003
29.52280000000003
29.52280000000003
29.52280000000003
29.52280000000003
29.52280000000003
29.52280000000003
29.387400000000024
29.27040000000003
29.33700000000002
29.129300000000026
29.089600000000026
29.089600000000026
29.089600000000026
29.17180000000003
29.17180000000003
29.340400000000024
29.089600000000026
29.17180000000003
28.99730000000002
28.99730000000002
28.83490000000003
28.481100000000026
28.481100000000026
28.291800000000027
28.441400000000026
27.79330000000003
27.020600000000023
26.92860000000002
26.630200000000013
25.57320000000002
21.913500000000006
21.037000000000006
20.388800000000003
18.2034
17.379399999999993
17.647199999999994
16.787399999999984
15.712399999999977
15.712399999999977
15.712399999999977
15.712399999999977
5.049000000000002
5.049000000000002
5.049000000000002
5.1834000000000024
4.7009000000000025
4.142500000000003
4.142500000000003
-0.17039999999999988
17.01139999999999
13.919699999999978
