4.013717140542547
4.245897786650607
4.39908063831481
5.564035770042338
5.317799166744917
4.379540186603535
4.37801110784528
4.37801110784528
5.227995809951256
3.86004342154148
3.86004342154148
3.86004342154148
3.86004342154148
3.86004342154148
3.86004342154148
3.86004342154148
3.86004342154148
3.86004342154148
5.356115742711561
3.3501496156841757
5.391225993399976
5.73621733132977
3.610709293697494
5.2207964066287795
5.2207964066287795
5.2207964066287795
2.7701055174517943
4.3004441105118625
3.79527072381667
4.039436233321721
3.5602026788854317
5.462587022751812
3.9688697921779
6.0161530367658935
6.0161530367658935
3.6280859778498886
4.171187950252206
4.133340794021469
4.743707786457895
4.183119515168836
4.063759505891615
5.958900954767579
3.7011449748316423
4.8431218127215
4.827665521852324
3.9004049386477275
5.953896665788482
3.6190744598778615
3.8588189985780756
3.5507094292709462
3.875187481448357
4.142943388675496
5.22587858568677
3.9719328060559187
4.069596573769758
4.85010491075475
4.85010491075475
4.85010491075475
3.166850696523844
3.9749459431729797
3.9749459431729797
3.866659538729186
4.418073481144309
4.418073481144309
3.5594833495783282
3.6659726410525906
6.36007288151544
3.492122629293428
3.608524335244674
3.7029115387610982
3.7029115387610982
3.7029115387610982
3.7029115387610982
6.0537833874480125
6.0537833874480125
6.0537833874480125
3.864167685873836
3.911367179047332
3.5508070453136344
3.9023972700892937
5.17664888417691
5.17664888417691
5.17664888417691
4.0181617642859
4.052130134828781
4.052130134828781
3.661327556009848
3.7259771590719213
4.342889827850358
3.4620655078030707
3.4620655078030707
3.4620655078030707
4.083007306809343
5.066661981335685
4.368503198417734
3.420881295575642
3.5185538708264783
3.5185538708264783
3.6211045422454884
4.013210143736619
3.682776130263271
3.682776130263271
5.440393222984169
5.440393222984169
5.440393222984169
3.9240609532999127
3.9240609532999127
3.8418187534043993
3.8418187534043993
3.8418187534043993
3.84384840701156
4.8565804390601715
4.8565804390601715
3.8507560507513556
3.8507560507513556
3.1676549690414477
3.6712707388496
3.5765192895256224
4.983726993172072
4.738002564640258
3.286572746206918
3.280433685267856
3.280433685267856
3.280433685267856
3.280433685267856
3.4767294318289617
3.5707480631079065
3.360014537558164
3.525525108284672
3.2356770534671124
3.2356770534671124
3.2356770534671124
4.560439858092424
4.330658752920067
4.403837669021469
3.7083757005012936
3.7593923496833863
3.7593923496833863
3.7096123917800536
4.276146677286205
4.276146677286205
3.754194243844604
3.5616590149948983
3.5616590149948983
3.8650134126375484
4.190115968547646
5.3130926495231865
3.8538757417257727
3.8538757417257727
3.8538757417257727
3.753174551150151
5.1933469162913815
5.1933469162913815
3.8474676907089584
3.8474676907089584
3.8474676907089584
3.8474676907089584
3.8256812697804055
3.497104993077577
4.002276734011354
3.481516871547278
3.552061499480957
3.844531273031593
3.8486974086711
3.765653704694972
3.7130036744345745
4.071389767003925
3.596944058888295
4.102117258791395
3.928274243487339
3.928274243487339
5.40278847443653
5.40278847443653
5.40278847443653
3.7222200060441413
4.5163487633019646
5.327104479246353
4.05467557521837
5.668683220521512
3.415435225635715
3.890909087188602
4.786310937683144
3.7612271157064345
4.456911696624409
3.5409786199903577
3.5409786199903577
3.6119634692542792
3.906057891838988
3.906057891838988
3.283827533328024
3.849518484249275
3.948081540547901
3.5613939862439796
4.139281175688765
4.271026859229219
3.0012992698899197
3.24616450657631
3.24616450657631
3.24616450657631
3.758187609478968
3.7763823091975564
3.7531850861279112
3.7531850861279112
3.991484026786712
3.69402985016548
3.69402985016548
3.8927676161254396
4.068981133244159
3.4228107175856266
3.8463709962882593
3.8024036670019132
3.8024036670019132
3.5847438475362576
3.6654868842088906
3.832948881613863
3.619412064748521
3.50657571442715
3.50657571442715
3.50657571442715
4.0455635254184585
4.0455635254184585
4.0455635254184585
3.1775370721302743
3.6086129264879307
5.674887876374399
3.82826855358163
4.277908002086362
4.127520640666498
5.289610264707672
3.5172823548861967
3.5172823548861967
3.97434629210756
3.7873569214781906
3.6058147800966402
4.1095567717969335
3.5847658936307685
3.4657033208537227
4.237146430363644
3.892388855819518
3.910918922312484
3.9920642368133716
4.412458673000367
5.733250396656685
5.017739640299293
4.321240133954495
3.674224038761098
3.5606837345867337
4.222551420667782
3.717829692426534
3.4645256169518195
3.394481839724593
3.7429604809336094
4.135005408679769
4.135005408679769
3.8392923441931925
4.4689798100752025
5.075281243195763
3.4548095252131077
3.4548095252131077
3.4548095252131077
3.229115192607254
4.844042688510745
4.4133576701845545
4.153137938421552
4.275599805042028
3.6140919619667233
4.320985972604289
4.015465060778782
3.466321801846865
3.4861945379715005
3.4861945379715005
4.875511314888023
4.522273323953593
4.0161452768116375
4.0161452768116375
4.0161452768116375
4.120871807240289
4.233465400153483
3.4701140278686875
4.144119149547697
3.7127897994537786
3.7127897994537786
3.606940638539191
3.697952880504708
3.0031981952242663
3.2062761916464506
4.528442664684357
3.8557307203298565
3.8862097691886017
4.622380673464288
3.5779619568379086
3.260323207313265
3.8230648302289314
3.3960765602097025
3.9429251083442036
4.20025594245721
3.9567315389452107
4.0989816892851785
3.3619654218859356
4.188192271756654
4.536641980108341
3.5781766752655937
3.232957869037084
3.550140032624487
3.7579174461936606
3.640394631098861
3.6086646775147724
3.8667706382467255
3.681786211140441
4.202857201424066
4.304398793169663
2.979968318125392
3.505935650233422
4.415904699472361
3.463351362465274
4.182297751156214
4.276785490736379
3.1287818990129637
4.215619451861314
3.848110375952957
4.297115742417146
4.297115742417146
4.297115742417146
3.2725493676727426
4.291626472255182
3.518608707033642
3.959239559211257
4.233635844916291
4.73619554532883
4.293615394741454
6.192828622162124
4.6867978022382255
3.6850966264206555
3.5427631490949807
4.110492177910539
4.576931787165959
6.422770753395028
4.433463906059872
4.3458676287350055
3.6637591118834205
4.8745844570840955
4.200108604667523
4.438679998401267
4.461417699142169
5.2190479572323
3.7455564835912956
4.245085158427947
4.496045188197015
4.0987510131419
3.761928508239147
4.421086424484711
4.276742015120092
3.9118953265872607
3.7320450079502248
4.030736155351402
4.237211902474929
4.384214356700012
3.9643325735290738
5.269075480208233
3.600334516101295
6.073091473796021
4.17925306132877
3.7083538668230043
4.320954730897686
4.38998328924114
4.413281853713066
4.553421239958255
3.3916914203963007
3.261328417778775
4.185211407738344
5.378267211864181
4.738379907120321
4.232491308865424
3.8379508895328636
4.570008387240454
4.313920636760957
4.100513330571307
3.8931924797005415
5.297320473521712
3.106823709483857
4.247580051148108
4.264281418509297
3.8487623974082235
3.6975186637095607
4.873156516367123
3.999916581529625
4.757378078715293
3.452820033279499
3.8557011132448906
4.447754452311843
3.9950142954031573
3.80703155602549
3.6494859376444673
4.186327285163127
3.073427643309815
4.104541491035812
3.142180531858207
2.773357972410512
4.063352784596261
1.96091010054813
4.94989566249899
4.5692347209721245
3.141872209913582
5.76571584256722
3.9054109477162395
3.3995585672952657
3.652244169346094
4.750053298015159
4.934958241666806
3.228376414733896
4.577410893617239
2.298557460008034
3.94799694298813
4.534784994295842
4.16432250029956
3.2037429434992477
2.9550671998698714
3.5293240991880808
3.771397109661268
1.6762827764563255
1.5445545429082337
1.8708028831590298
4.120204398416476
2.0587665893989655
4.318434581840556
3.973096717583516
4.131783879563481
5.308595850923384
5.224882931891424
2.3384812616634267
4.676223173507386
5.1911663046697925
3.75987135980343
3.75987135980343
3.816052386258975
3.7361160669023423
3.9919526558001817
3.7020997790553922
3.6395999695449035
3.898492277237211
5.1393897032401625
4.057921765103237
6.3316483655943685
4.267590184267961
4.4528105130580835
6.963984615384615
5.295015906102115
4.695313189922721
4.672737889223985
3.967691447114519
4.559892763219542
4.647925555875391
5.036549501023789
4.012171473664152
5.563842788331847
4.537909805748845
4.17985242329678
3.8347627902565895
7.348311736561689
4.179718434641947
5.24161585629159
4.498785291461453
4.499577122083019
4.7684991758646
4.2002749071676835
5.03981425000627
5.0607773392376405
4.835520258350998
4.805159507659107
5.18277329076184
4.559154785920785
6.308109735748451
4.4194716245009875
5.544849709055787
5.32299396775781
6.4123214841300875
5.762601793133201
4.879776427293937
6.818676210137315
6.203237787738663
5.676407760825501
4.045438547577911
5.216816561914117
4.941034734272581
5.0559617858255015
5.4751782575228924
4.91227718902613
7.114884768634463
4.1883634551998075
4.203810257794801
4.4028095829131715
4.566220152555419
4.391066409120107
5.218067120214798
6.446473117255098
5.061922604576056
4.418546780377909
6.387628161036671
5.485558860767178
3.960576851790779
