5.630251918081449
5.630251918081449
5.630251918081449
5.630251918081449
5.630251918081449
5.630251918081449
5.630251918081449
5.630251918081449
5.57609716408467
5.2535708992169345
5.2535708992169345
5.2535708992169345
5.410296750438211
5.406226914656015
5.2526954087577815
5.471178635480671
5.5168654047114405
5.5168654047114405
5.5168654047114405
5.5168654047114405
5.5168654047114405
5.5168654047114405
5.5168654047114405
5.5168654047114405
5.5168654047114405
5.5168654047114405
5.5168654047114405
5.5168654047114405
5.5168654047114405
5.5168654047114405
5.5168654047114405
5.5168654047114405
5.5168654047114405
5.5168654047114405
5.5168654047114405
5.234119508934372
5.5366502535178075
5.5366502535178075
5.5366502535178075
5.5366502535178075
5.261445758934373
5.261445758934373
5.261445758934373
5.261445758934373
5.261445758934373
5.261445758934373
5.261445758934373
5.261445758934373
5.261445758934373
5.261445758934373
5.261445758934373
5.261445758934373
5.261445758934373
5.261445758934373
5.261445758934373
5.261445758934373
5.261445758934373
5.261445758934373
5.261445758934373
5.261445758934373
5.261445758934373
5.261445758934373
5.261445758934373
5.261445758934373
5.261445758934373
5.261445758934373
5.261445758934373
5.261445758934373
5.261445758934373
5.261445758934373
5.261445758934373
5.261445758934373
5.261445758934373
5.261445758934373
5.6654238031607695
5.6654238031607695
5.6654238031607695
5.6654238031607695
5.6654238031607695
5.420910767348803
5.1802972741842765
5.6606546588219615
5.415525790484011
5.415525790484011
5.415525790484011
5.415525790484011
5.415525790484011
5.415525790484011
5.415525790484011
5.415525790484011
5.415525790484011
5.415525790484011
5.415525790484011
5.415525790484011
5.415525790484011
5.415525790484011
5.415525790484011
5.415525790484011
5.415525790484011
5.415525790484011
5.415525790484011
5.415525790484011
5.415525790484011
5.415525790484011
5.415525790484011
5.415525790484011
5.415525790484011
5.415525790484011
5.415525790484011
5.415525790484011
5.415525790484011
5.415525790484011
5.415525790484011
5.415525790484011
5.415525790484011
5.415525790484011
5.415525790484011
5.415525790484011
5.415525790484011
5.415525790484011
5.415525790484011
5.415525790484011
5.415525790484011
5.415525790484011
5.415525790484011
5.415525790484011
5.415525790484011
5.415525790484011
5.415525790484011
5.415525790484011
5.415525790484011
5.415525790484011
5.415525790484011
5.415525790484011
5.415525790484011
5.415525790484011
5.415525790484011
5.415525790484011
5.415525790484011
5.415525790484011
5.415525790484011
5.415525790484011
5.415525790484011
5.415525790484011
5.415525790484011
5.415525790484011
5.415525790484011
5.415525790484011
5.415525790484011
5.415525790484011
5.415525790484011
5.415525790484011
5.415525790484011
5.415525790484011
5.415525790484011
5.415525790484011
5.415525790484011
5.415525790484011
5.415525790484011
5.415525790484011
5.415525790484011
5.415525790484011
5.415525790484011
5.415525790484011
5.415525790484011
5.415525790484011
5.415525790484011
5.415525790484011
5.415525790484011
5.415525790484011
5.415525790484011
5.415525790484011
5.415525790484011
5.415525790484011
5.415525790484011
5.415525790484011
5.415525790484011
5.415525790484011
5.415525790484011
5.415525790484011
5.415525790484011
5.415525790484011
5.415525790484011
5.415525790484011
5.415525790484011
5.415525790484011
5.415525790484011
5.415525790484011
5.415525790484011
5.415525790484011
5.415525790484011
5.415525790484011
5.415525790484011
5.415525790484011
5.415525790484011
5.415525790484011
5.415525790484011
5.415525790484011
5.415525790484011
5.415525790484011
5.415525790484011
5.415525790484011
5.415525790484011
5.415525790484011
5.415525790484011
5.415525790484011
5.415525790484011
5.415525790484011
5.415525790484011
5.415525790484011
5.415525790484011
5.415525790484011
5.415525790484011
5.415525790484011
5.415525790484011
5.415525790484011
5.415525790484011
5.415525790484011
5.415525790484011
5.415525790484011
5.415525790484011
5.415525790484011
5.415525790484011
5.415525790484011
5.415525790484011
5.415525790484011
5.415525790484011
5.415525790484011
5.415525790484011
5.415525790484011
5.415525790484011
5.415525790484011
5.415525790484011
5.415525790484011
5.415525790484011
5.415525790484011
5.415525790484011
5.415525790484011
5.415525790484011
5.415525790484011
5.415525790484011
5.415525790484011
5.415525790484011
5.415525790484011
5.415525790484011
5.415525790484011
5.415525790484011
5.415525790484011
5.415525790484011
5.415525790484011
5.415525790484011
5.415525790484011
5.415525790484011
5.415525790484011
5.415525790484011
5.415525790484011
5.415525790484011
5.415525790484011
5.415525790484011
5.415525790484011
5.415525790484011
5.415525790484011
5.415525790484011
5.415525790484011
5.415525790484011
5.415525790484011
5.415525790484011
5.415525790484011
5.415525790484011
5.415525790484011
5.415525790484011
5.415525790484011
5.415525790484011
5.415525790484011
5.415525790484011
5.415525790484011
5.415525790484011
5.415525790484011
5.415525790484011
5.415525790484011
5.415525790484011
5.415525790484011
5.415525790484011
5.415525790484011
5.415525790484011
5.415525790484011
5.415525790484011
5.415525790484011
5.415525790484011
5.415525790484011
5.415525790484011
5.415525790484011
5.415525790484011
5.415525790484011
5.415525790484011
5.415525790484011
5.415525790484011
5.415525790484011
5.415525790484011
5.415525790484011
5.415525790484011
5.415525790484011
5.415525790484011
5.415525790484011
5.415525790484011
5.415525790484011
5.415525790484011
5.415525790484011
5.415525790484011
5.415525790484011
5.415525790484011
5.415525790484011
5.415525790484011
5.415525790484011
5.415525790484011
5.415525790484011
5.415525790484011
5.415525790484011
5.415525790484011
5.331705979781849
5.4506277783378145
5.4772345475685835
5.591426414644704
5.591426414644704
5.591426414644704
5.591426414644704
5.591426414644704
5.591426414644704
5.423324745370781
5.423324745370781
5.79449661350265
5.488442020096056
5.318015672723902
5.496641316799353
5.355610557412807
5.490318767348803
5.255855374318988
5.958469397848494
5.554181553252556
5.554181553252556
5.554181553252556
5.538311910205946
5.527019529303331
5.432114609804225
5.432114609804225
5.432114609804225
5.432114609804225
5.432114609804225
5.285221068535867
5.575902239876275
5.173327455467961
5.173327455467961
5.325894871631503
5.203878949833467
5.4225697009442015
5.4225697009442015
5.4225697009442015
5.205087704309731
5.893140327089686
5.564590101754137
5.313489864804011
5.321165877548664
5.336689136538194
5.677131866249901
5.34699673781266
5.34699673781266
5.6582662838323206
5.35928294627875
5.35928294627875
5.35928294627875
5.35928294627875
5.35928294627875
5.35928294627875
5.35928294627875
5.35928294627875
5.35928294627875
5.907790990219659
5.550655558557595
5.550655558557595
5.47763173438177
5.446778652738034
5.491042723392759
5.49133831284537
5.55175854819102
5.870098920136476
5.856089248877672
5.460450119643225
5.550267075041111
5.991919902686503
5.948840597586402
5.502758169732669
5.440439207299754
5.740795826262186
5.533616036011176
5.8025661519641885
5.878498560215188
5.818774624249793
5.376166241681572
5.200122273355143
5.6662505384498925
5.096812393549756
5.16122485870167
6.064718045922576
5.013163614213674
5.013163614213674
5.556483602513638
5.574226058820326
5.763522874318988
5.3024136542633915
5.760773636679219
5.747088044509056
5.484137526667045
5.4539585275144224
5.794502943172979
5.358757393549757
5.659015796268996
5.466349225188841
5.698548602447738
5.515368634848949
5.794468135175016
6.019677922741974
5.522339374587547
5.643239475636069
5.643239475636069
5.856982536629228
5.952811679874831
5.952811679874831
5.952811679874831
5.621913983686158
5.566749135743402
6.135903207847695
5.896304146050323
6.271085399881546
5.750402432364197
5.5873756352797255
5.4865385553837225
5.688085785569115
5.917221142358699
5.592933138231581
5.632179790874154
5.632179790874154
5.628182394386954
5.525082766842811
6.105357554031226
5.491570418566457
5.4430715652241375
5.4430715652241375
5.4430715652241375
5.494040322620586
5.617372442559251
5.38596195974525
5.38596195974525
5.38596195974525
5.438134703536892
5.510462232016165
5.510462232016165
5.387939344548144
5.139850391540996
5.515231614499945
6.107602387546038
5.7024354710627625
5.920310426514236
5.392579767134711
5.114807284091598
5.234191351502208
4.989818064788921
5.087835488215335
6.193614199374868
6.193614199374868
5.174572160047278
6.258902518324071
5.0520717754318945
4.352675005538405
5.912375493229584
6.089286773325095
4.397965115428516
5.411728375938289
4.746932508769061
5.4791208042652855
5.489051962322946
5.4960419769062305
5.310720964453454
5.245990620302095
5.4053206567611465
5.004016657166515
5.006084139683997
4.839146627246693
4.86578865351311
5.367786502914992
5.911630902626153
5.390025235686711
3.967275611257083
3.5133525343340075
4.607495500173444
4.951073029939306
5.33910833031492
6.35540047821923
5.846108252930653
7.027722164596127
5.7868313085220455
