2.583909427560604
2.1253749858242514
1.8643135821623353
2.0590163640565233
2.3919959159599156
2.381463056885808
2.0766925884792578
2.8205575040602557
2.8205575040602557
2.316726340232533
2.880939922742492
2.5088488261029376
2.187967274065773
2.4682854913607564
2.4682854913607564
2.1701479510345845
2.026841496244538
3.4818615534362998
1.052922015068658
3.3733075868734463
2.557930766086031
1.7082882071024752
1.7082882071024752
1.7082882071024752
1.7082882071024752
2.119026780525475
3.373765761187956
3.6025968735082676
3.069886320384062
3.2658805001056637
2.7516797432627005
2.7516797432627005
2.676603179247083
1.842151275554917
3.299949038989846
2.125651504705484
1.9060971411404086
1.4243336278217864
1.4243336278217864
1.4243336278217864
1.4243336278217864
1.4243336278217864
1.4243336278217864
2.421736742395936
3.1047128710993928
3.448489917939269
2.0962618074479487
2.482844009602415
3.72804435955974
2.559187898544973
2.6393184394326568
1.7105372007192585
1.9419490387610985
3.2260171929561468
1.4038788821190806
3.6888630661391666
1.6897677969409592
1.9419892041858908
1.9419892041858908
1.9419892041858908
1.9419892041858908
1.9419892041858908
1.8093738250858848
3.7461255456608864
3.2186924404808988
3.26980787437477
1.5551544299880682
1.5551544299880682
1.8455703178660272
2.1921340648106025
2.2349354653889986
2.2349354653889986
2.1557070812706325
3.1796514001153238
3.4216296822129486
3.4216296822129486
3.4216296822129486
3.4216296822129486
3.363831658081641
1.8813960473081064
2.300435499634519
1.7097883836216532
2.8906592403733207
1.9666744705928458
1.9666744705928458
2.2246235422108818
2.2246235422108818
2.072533846453405
2.457340950143765
3.100781076795295
2.4494679626661267
1.6219230553586375
2.623423384510014
2.532811975694111
2.2454334946163232
3.6743685663936185
3.2651735539614783
3.7121223385550133
1.8645981344342228
1.8645981344342228
2.139420334282681
2.28109484772105
3.577940136707281
2.4223262810918875
2.4223262810918875
2.4223262810918875
2.4223262810918875
2.4223262810918875
2.804905199497716
2.2343567621909344
1.9071101578498961
1.9071101578498961
1.9812346041600097
1.9812346041600097
1.9812346041600097
2.849412900926813
2.849412900926813
4.266055354158318
1.9089715314582758
2.031816101041507
2.3636564334575656
2.3636564334575656
3.6330177396502688
3.6330177396502688
2.8336453962420904
2.133945630966604
1.0
1.0
1.0
3.223499975917652
3.422375073182545
1.7528986761460317
2.1337736541457133
2.481571871977602
2.481571871977602
2.496895396242092
2.1454251926072523
2.7273628832135586
2.7273628832135586
1.9823385542639613
1.9881913609167654
1.9881913609167654
3.956501912220231
1.0
1.0
1.0
1.0
1.0
1.0
1.0
1.0
1.0
1.0
1.0
1.0
1.0
1.0
1.0
1.0
1.0
1.0
1.0
1.0
1.0
1.0
1.0
1.0
2.401484009602415
4.31122152919897
2.2344370729491327
2.891585315081155
1.89007732953492
2.458880186584345
2.2023619468869438
2.198675352600759
2.198675352600759
2.248006912041083
3.523803682760758
4.164766514091677
2.89319694298813
2.0991675818881763
2.4131772438893044
2.7983410611461785
2.340089229723402
2.442091773803833
3.3517632462691704
2.1056693424515576
2.2006267368177532
2.2006267368177532
1.9888166960507565
1.3756519655025397
1.3756519655025397
2.0205745209999275
2.7338073593058514
2.804974888992307
2.425379739213911
2.640509451700453
3.0513996902244713
2.831057405645055
2.309130534203696
3.4974779428493363
2.0061221301475367
2.1607361626032358
2.538510008944179
2.538510008944179
2.538510008944179
2.5847526790463533
4.0895513126193554
1.6008076479779572
3.6772363148654064
1.4117360314366056
1.7159111017799642
2.1734023796277864
1.2839189760017433
2.675414032738191
2.902582148234689
2.5304657060135067
2.091113410707244
1.967688749348401
2.3492739740875273
1.375853801824114
1.375853801824114
1.375853801824114
1.375853801824114
1.375853801824114
2.6134410380095208
2.4532098354093037
2.188500779139032
2.5828069534323603
1.7457257660852008
1.5470917685173156
2.7691191458691797
1.861456017881423
3.065372256047164
1.4329764279944026
2.7822624125274853
1.2644657830406398
1.2644657830406398
1.2644657830406398
1.4961535105420598
2.077693992640606
3.299975690751995
2.4572007182348905
2.870206962729549
2.824099270421856
2.7241059908032064
2.8714760621047812
2.9055319869661584
3.7902586483009033
2.7951105448634017
2.981983108068899
2.889439457330244
2.7591975002995603
3.3240582246886463
1.4899915259421004
1.4899915259421004
1.4899915259421004
4.493163680691363
2.5599430404921346
3.238853880797243
1.7820505493591128
2.9795572632367726
3.4604944682903165
3.170610899632174
2.8362219421829646
3.3196475071392113
2.5064173484427545
2.6804402254625206
3.6540102813195183
1.995535664879064
2.9553761654728596
2.7426334540441903
2.79614159519881
3.0871912303543487
3.0173373723262333
2.8708450765081963
1.7578400366419267
3.180868520272419
2.7997712655284808
2.7997712655284808
3.280628427782406
1.4828615798380689
1.4829102977867876
4.823447794476619
1.4991820926585806
2.7103408254960506
3.0775365438056976
2.337391633892512
1.6349980625642573
4.452007387385711
3.0339017310687897
3.2535634422734034
2.594645338663728
1.0
1.0
2.8497685060055087
2.0423846567611452
3.1973432258489467
1.6546575112236628
1.6546575112236628
2.94917379473603
3.671485441554095
3.316591405253317
3.4079402384426
3.156781658040554
3.009409192750887
1.0766195634868012
1.0766195634868012
1.7048296223004193
1.7048296223004193
1.1818243653934424
4.07566162667206
3.15260149145195
2.667663356536064
3.1910761044590457
3.2740947857746203
3.179067251701424
2.206866224250261
2.206866224250261
2.206866224250261
2.67386209244178
2.7698289578361717
2.4585043214688174
2.9983907514558847
3.886209286458614
2.7313312777566843
3.2505339733995804
3.7779618608297865
2.8751192310687905
2.998462410278975
2.94551671982485
2.450002240227816
2.450002240227816
3.3488434623500307
3.4919269904867427
3.5773451244008516
3.7186162556229885
3.142692724743518
2.806602116836288
2.4079461095164216
3.2859128061469782
2.354193882795773
2.7374163251468104
2.220594816412815
4.040043965530044
2.8324351536625016
4.502570054492677
2.529929163304738
2.240425966455941
2.1248825818405557
3.931646420857205
2.3769851565387654
3.4236494353021447
2.609512405062979
2.0578100138098705
4.451333880418406
2.1652191972251718
3.141381812070808
2.9140554634896354
1.775766139163057
3.4445784711038776
3.3599881015107282
2.576587319483039
3.304382136816308
3.817065608411224
2.585039009731787
3.181679887390313
2.846402378165779
3.557491148287032
2.8673291897633604
4.145795770042339
4.145795770042339
3.6736657777994033
3.8262340452960153
2.4189918006673743
2.5878808540615825
2.3083486687992423
2.472740394625717
3.2002856491679053
3.5223570471536263
4.324460398878424
2.467992263362575
3.6585863624500057
2.9160343686257324
2.9160343686257324
4.105866635863125
1.0
2.6282516412104258
2.316364143940632
2.4854795769353117
1.528193280147697
2.3102154075616834
3.2568235211765852
2.008682098771004
3.145917350117923
3.6648895467294897
3.0139538875303753
3.080817990094478
3.1162538875303767
2.9617825467633843
3.1438699940585435
2.735415201076753
2.168584455403929
2.221657683307857
1.4390300694453533
1.4390300694453533
3.1026057953914377
3.4222846567611462
3.067589784966273
2.179954247312118
2.19982268178177
4.399997492953439
3.040817933031142
2.112885253391843
3.0982284279944015
2.441335226566208
3.617040416971454
3.424608049816417
3.432392833079919
4.17250047690553
2.574727740143384
2.574727740143384
3.9125340522714076
2.786744616324576
3.4521952464431074
2.9428511654728595
3.006787807865753
1.610638898791791
3.5919964296256417
3.5919964296256417
3.7020997790553922
3.7020997790553922
2.843279836957052
3.609802946476206
3.524015354160288
3.524015354160288
3.9178800339685127
3.4266760429102145
3.599188240593853
3.4647063070960016
4.26736921069073
2.4821337875687526
2.606498881662281
4.08999868818016
2.8647793078969865
2.8647793078969865
2.4887692044119607
4.427933707981568
4.747841400039843
3.1141602735971396
3.030809267411156
4.043614072795545
3.176492668220874
2.4262255111224054
2.8964450915419846
2.0822946297440375
2.132452574929866
2.2988578039900194
4.425156410937904
2.2239923490688387
3.010030810607299
3.1871342230603794
3.9975080469838424
4.120001549913935
2.5183123112540056
3.414371383902653
3.379970721639311
3.522644150675065
3.338727123003361
2.6352972545698687
3.5321080924073645
3.811623263328112
3.48620177267696
4.819072217132683
4.028410077127758
4.057000175064006
2.161412727054419
3.593517487605057
3.1331168351497034
3.67171957642004
3.110268439343626
4.222591449201746
4.7016710337408245
4.54145287369008
4.411489857438419
3.778486928484334
4.047501282112396
3.1622524405029004
4.2249213666454715
3.115108257969042
3.850844893255055
4.745658160688756
4.1237176367214765
3.982938583143005
4.962696833936802
5.002950505049545
4.728337600566318
3.202780959177846
3.5216763473652692
4.087479541315563
