3.9010091772827433
3.5873436512134163
3.5873436512134163
3.849112360523706
3.70400625925281
3.5325667937624026
3.3740146561787085
3.3812191954259507
3.923194970830714
3.2036834927651956
3.8309169191200043
3.8309169191200043
3.8309169191200043
3.2543171533102946
3.532238237073468
2.9894393114556177
3.685528816969226
4.230152333308525
3.746355292818958
2.707134342928793
3.3619703400337038
3.3619703400337038
3.3619703400337038
4.527157508030611
3.440696537546005
3.114462285486349
4.1796763795772565
4.188367793982265
3.5561076954257658
2.9839584982593017
2.9839584982593017
3.946562428009754
4.014208873927794
2.6320177941818734
3.7549532120393296
2.9663980634619875
3.431552877329567
3.364653623732261
3.378977589724805
3.378977589724805
3.378977589724805
3.0598050572858124
3.0183199716444946
3.2463105955070954
3.2275879289489264
3.2275879289489264
3.2275879289489264
3.2275879289489264
3.2275879289489264
3.4271134671252117
3.7741079761821066
3.4621649958893217
3.4621649958893217
3.4621649958893217
3.4621649958893217
3.4621649958893217
3.43441107665501
3.35988218423938
3.8048003712612486
3.5500465343508605
5.133065563437971
4.262411902474928
4.262411902474928
4.262411902474928
3.2754258750502885
3.3386167869311194
3.042250995973631
3.042250995973631
3.042250995973631
3.042250995973631
3.042250995973631
3.547457557650141
3.223999760494289
3.223999760494289
3.223999760494289
3.223999760494289
3.5905428342514387
4.8192792734392995
3.7460886518101404
3.7460886518101404
3.4910362458075976
3.582943019434609
3.582943019434609
3.7501026094558085
3.6143885329314553
4.604207181330468
3.6899352784935857
3.1598645151200913
3.1598645151200913
3.5447415597862584
3.707234715158556
3.089692872000132
2.997323123443037
3.4625336497354757
5.120396542494412
3.4017367900811397
3.933022200777204
3.764672988543653
2.7695837076048075
2.9480323950117384
3.2849575117669563
3.7401001396679145
3.420568526522697
3.420568526522697
3.420568526522697
3.583522173706588
3.721386298868964
3.355958874143271
3.8193584255657953
4.274309990514057
4.274309990514057
4.274309990514057
4.274309990514057
4.274309990514057
5.098236293729871
3.186742917661558
3.900896829108989
2.9888315451028085
3.4773970621758146
3.4773970621758146
3.728636287894904
3.728636287894904
3.5347701061209946
3.3111025920431683
3.3009574859022486
3.49257942104091
3.49257942104091
3.49257942104091
4.164094989398294
3.5706266493406886
4.345957829914882
3.959876698524636
3.821160284350861
4.0360739013688915
3.717482627097871
3.717482627097871
3.717482627097871
3.717482627097871
3.0462479130767557
3.6843022135271477
3.6309158612739383
3.879352469618829
3.4005624571440967
2.5269836663224385
2.895822043389142
3.1389995658522434
3.1389995658522434
3.8520439213275344
3.335872623717605
3.4028693150484246
3.721391995386318
3.2865726538039857
3.2865726538039857
3.5710486762382985
3.7770976809401198
3.7770976809401198
3.450556856495348
3.676351209118261
3.6733682275373996
3.539483028969336
3.4851909306165103
4.245999964027335
4.245999964027335
4.554397751383874
4.554397751383874
4.554397751383874
4.828706698188463
4.101687803769552
4.555085979842647
3.44630951306368
3.44630951306368
3.9381717957608346
3.6436121086276234
3.8582997798174548
2.602225066056791
3.513815034536071
3.9201494662897787
4.462897339984536
3.578935538295184
4.280425226851873
4.280425226851873
4.132851977698098
3.3772733612739394
4.012275378630136
4.091904691329271
4.340147971978028
2.5976285418301472
2.5976285418301472
2.5976285418301472
2.5976285418301472
2.5976285418301472
3.809494893731758
3.4764103274146736
3.672782686000204
3.653996048817916
3.653996048817916
4.14676131548968
4.015603634764903
3.6039048326661254
3.373004623218515
3.5609660174651445
3.790605333307324
3.862669734570053
3.862669734570053
3.465602368326193
2.5022855687158625
2.5022855687158625
3.3427462284954856
4.770392671639705
3.827005704020947
3.4967966215371673
3.6515172074277835
4.486993291297151
3.6279562069513647
3.369949611273938
3.692861943455373
4.891766349729637
3.280723598539698
3.280723598539698
3.8358184356571012
3.8358184356571012
3.635157817588068
3.742033699832035
3.7050282898191895
4.070746210033945
4.620657773356545
3.6655061674129783
3.2736247177096267
4.34226256425136
4.3795568992306695
3.156466618135564
4.753458204947969
3.9062350132907477
3.8394978179227515
4.078402259872459
3.0782108617213417
3.7924492961693677
4.169500223441491
4.476538074015072
3.266363985440073
3.266363985440073
3.921820778506972
3.569677117449883
3.9670235937280953
4.673775761733614
3.121529485836179
3.121529485836179
3.121529485836179
3.528476852610008
4.591784708221908
3.569351457240005
3.6145544090205872
3.7487501949574815
3.984169559442634
4.648410338588143
3.4432959737944326
3.2393583721344594
3.2393583721344594
3.3361209247019783
5.5195647458862105
3.7313177244841604
5.0828033580148775
3.8190431672876555
3.8190431672876555
3.7406700835122333
3.9035336497354765
4.146012907408427
4.146012907408427
3.749178152209236
3.919676293279876
3.7437403805047067
3.7437403805047067
3.5574333583371462
5.0143316023782445
3.4157316236618076
3.877813877346828
3.8567485131200803
3.326913774344993
2.8606192907786827
3.315533924722815
2.8707282808134256
2.725624251657834
4.990923863524743
3.5292539208031775
3.6186690789951665
3.9474540768549877
3.116873335644655
3.1567005905323153
4.202431424220956
3.835959807165003
4.13078452746946
4.096648432794906
3.566227495889322
2.5874402050532996
3.4356764624990994
3.925658416390463
3.802427493243009
2.782479406030408
3.497167122604914
4.034101960740836
4.59460187686733
4.224138722179786
3.9823136743638585
4.239224054345323
3.2938859840414905
3.697593622118556
4.026194124500989
3.461707308432242
3.7616441264705616
4.4037042130563595
4.1469092919706
3.7690246650658867
4.2480930595517865
3.8120370837206963
3.780344999665063
4.808372237513774
3.930525664066886
4.539068060183777
4.388332359109058
4.0301035849495745
4.089282976611836
3.960775380504707
3.950882047277931
3.8850992266585536
4.90059164359943
4.418450483193471
4.466756399108993
3.909160380504707
3.513326043652132
4.275129797577912
4.309240235520548
3.994298886508984
4.830559368470578
5.775114072663729
4.4635573047843025
4.1884364447319316
4.39396101534463
4.165874853737023
4.525374962240308
5.206165368173941
4.47639739635217
4.946624533762089
3.0659191689440615
3.323866984683793
3.573460784971296
3.3396408013806402
4.013936917091674
3.2152359956728045
4.1372224546167695
3.3834563303741803
3.3321356024413618
3.002126017891828
4.132814851212043
4.1121043228123995
3.6307037082585065
4.236793259116373
4.22592934543669
4.948198691055291
3.8668207578631977
4.123070518355796
4.83041835027962
3.8274151210810468
4.998489036812993
4.474969617808855
4.444524738982249
4.437303420788496
4.63941023582851
4.610791656082615
3.9739076610208306
4.42073694917571
4.164851747169314
3.327344226362978
4.166917848096119
4.461479480665137
4.4858505858976025
4.1953769930178595
4.921581941629512
3.8041283886517636
4.539390146580714
4.808749926132237
4.899834503112656
4.432125290885778
3.893038612097831
4.798606442330074
4.238923842043169
4.07501247843066
4.551942602558471
4.0594832725756484
4.15462599606837
4.540434737589478
3.148982901139659
3.5245081348754255
4.165395737676134
3.423792679496893
3.411216341662274
3.9736005116164357
2.859552725128582
3.290285013463558
3.959131172169588
2.2822438597082204
2.446723037942496
2.961657381639199
4.868902976120138
2.497578629000012
3.074815261217541
4.307849660973003
2.4235664387522124
3.9200341811325226
3.119477400115324
3.169928555673403
3.667873645229946
2.8598629597308847
2.776326156579989
2.7023937339382424
3.625389572051345
2.530107369232775
1.0766195634868012
2.206866224250261
4.143518649735476
2.6829432695303304
3.4681281907623625
3.8763960724961866
2.387562209993785
3.419522691943161
3.206674790195419
3.1911860975713715
4.452993474605199
2.896228792738917
2.9025829295385037
2.303814237685037
3.335223761764045
3.052592160307734
3.177952081236832
2.221657683307857
3.0940186286429148
5.549272471473076
3.806804406973482
2.574727740143384
2.3384812616634267
4.102843016197974
3.761924627606011
4.2372730139370915
3.7020997790553922
3.6186386497354768
4.577661317516931
3.5530185770965224
5.970702224003233
3.5133525343340075
3.5133525343340075
4.5061309390152555
6.230561904861078
4.800315088540222
5.146106509824623
5.55976131751693
4.004963049092667
3.7603294492024464
4.920197148018319
4.323374486818865
4.474647844693003
5.106206158484259
4.93837779315966
4.9024185541128285
5.115304887728039
4.936516368135328
6.036101243215048
6.259579004147857
4.042847586039452
5.354840790350389
4.231824439281949
4.783750954572051
4.8308339732197965
5.225788832805614
4.951132919258553
6.047935259144567
6.655736348343561
5.192320960557831
3.703162992875505
4.808202563714116
3.9796005751698846
5.68210271543457
3.913031490897856
3.4816569776841337
4.2908543017744485
4.897376130009661
4.969990297013371
5.109972004961496
5.605969329878515
5.84288957094191
5.215529770817207
5.1407324958893215
4.599326935864093
5.038444164782069
4.790913532308309
4.413081538956467
5.390960790402023
6.392290250777986
5.865753344935657
5.172917485132606
5.9668608587323355
6.324039385452376
