[0.02540268]
[0.02540268]
[0.02540268]
[0.02540268]
[0.02540268]
[0.02540268]
[0.02546238]
[0.02535883]
[0.02549806]
[0.02534546]
[0.0256806]
[0.0256806]
[0.0256806]
[0.0256806]
[0.0256806]
[0.02544479]
[0.02540232]
[0.02540232]
[0.02540232]
[0.02540232]
[0.02540232]
[0.02540232]
[0.02540232]
[0.02553525]
[0.02538447]
[0.02538447]
[0.02538447]
[0.02538447]
[0.02538447]
[0.02549792]
[0.02549792]
[0.02549792]
[0.02540237]
[0.02540237]
[0.02540237]
[0.02540237]
[0.02540237]
[0.02540237]
[0.02540237]
[0.02540237]
[0.02540237]
[0.02540237]
[0.02540237]
[0.02540237]
[0.02540237]
[0.02540237]
[0.02540237]
[0.02540237]
[0.02540237]
[0.02540237]
[0.02540237]
[0.02540237]
[0.02540237]
[0.02540237]
[0.02540237]
[0.02540237]
[0.02540237]
[0.02540237]
[0.02540237]
[0.02540237]
[0.02540237]
[0.02540237]
[0.02540237]
[0.02540237]
[0.02540237]
[0.02540237]
[0.02540237]
[0.02540237]
[0.02540237]
[0.02540237]
[0.02540237]
[0.02540237]
[0.02540237]
[0.02540237]
[0.02540237]
[0.02540237]
[0.02540237]
[0.02540237]
[0.02540237]
[0.02540237]
[0.02540237]
[0.02540237]
[0.02540237]
[0.02540237]
[0.02540237]
[0.02540237]
[0.02540237]
[0.02540237]
[0.02540237]
[0.02540237]
[0.02540237]
[0.02540237]
[0.02540237]
[0.02540237]
[0.02540237]
[0.02540237]
[0.02540237]
[0.02540237]
[0.02540237]
[0.02540237]
[0.02540237]
[0.02540237]
[0.02540237]
[0.02540237]
[0.02540237]
[0.02540237]
[0.02540237]
[0.02540237]
[0.02540237]
[0.02540237]
[0.02540237]
[0.02540237]
[0.02540237]
[0.02540237]
[0.02540237]
[0.02540237]
[0.02540237]
[0.02540237]
[0.02540237]
[0.02540237]
[0.02540237]
[0.02540237]
[0.02540237]
[0.02540237]
[0.02540237]
[0.02540237]
[0.02540237]
[0.02540237]
[0.02540237]
[0.02540237]
[0.02540237]
[0.02540237]
[0.02540237]
[0.02540237]
[0.02540237]
[0.02540237]
[0.02540237]
[0.02540237]
[0.02540237]
[0.02540237]
[0.02540237]
[0.02540237]
[0.02540237]
[0.02540237]
[0.02540237]
[0.02540237]
[0.02540237]
[0.02540237]
[0.02540237]
[0.02540237]
[0.02540237]
[0.02540237]
[0.02540237]
[0.02540237]
[0.02540237]
[0.02540237]
[0.02540237]
[0.02540237]
[0.02540237]
[0.02540237]
[0.02540237]
[0.02540237]
[0.02540237]
[0.02540237]
[0.02553518]
[0.02553518]
[0.02553518]
[0.02553518]
[0.02553518]
[0.02553518]
[0.02553518]
[0.02553518]
[0.02553518]
[0.02553518]
[0.02553518]
[0.02553518]
[0.02553518]
[0.02553518]
[0.02563374]
[0.02540231]
[0.02540231]
[0.02540231]
[0.02540231]
[0.02540231]
[0.02540231]
[0.02540231]
[0.02540231]
[0.02540231]
[0.02540231]
[0.02540231]
[0.02540231]
[0.02540231]
[0.02540231]
[0.02540231]
[0.02540231]
[0.02549786]
[0.02532275]
[0.02532275]
[0.02532275]
[0.02532275]
[0.02532275]
[0.02532275]
[0.02532275]
[0.02532296]
[0.02532296]
[0.02532296]
[0.02549789]
[0.02564993]
[0.0256035]
[0.02572794]
[0.02554964]
[0.02554964]
[0.02551475]
[0.02554957]
[0.02554957]
[0.02554957]
[0.02544807]
[0.02565558]
[0.0254069]
[0.02534525]
[0.02534525]
[0.02541246]
[0.02541246]
[0.02570144]
[0.02537006]
[0.02537006]
[0.02537006]
[0.02544444]
[0.02544444]
[0.02554659]
[0.02554659]
[0.02542418]
[0.02548243]
[0.02569043]
[0.02554936]
[0.02544431]
[0.02534518]
[0.02544447]
[0.02544447]
[0.02544447]
[0.02534505]
[0.0255172]
[0.02544442]
[0.02544442]
[0.02544726]
[0.02532259]
[0.02559776]
[0.02541234]
[0.02534505]
[0.02548243]
[0.02591728]
[0.02625896]
[0.02551388]
[0.02557766]
[0.02557766]
[0.02557766]
[0.02541246]
[0.02541246]
[0.02541246]
[0.02541246]
[0.02541246]
[0.02564913]
[0.02542344]
[0.0254124]
[0.02580844]
[0.02558825]
[0.02558826]
[0.02605798]
[0.02558728]
[0.02558728]
[0.0255847]
[0.0255847]
[0.02558563]
[0.02558563]
[0.02558563]
[0.02526688]
[0.02535445]
[0.02558465]
[0.02544689]
[0.02545677]
[0.02554593]
[0.02545038]
[0.02545038]
[0.0254257]
[0.02548235]
[0.0254475]
[0.0255172]
[0.02561716]
[0.02552477]
[0.02537838]
[0.02568991]
[0.025396]
[0.02545683]
[0.02545683]
[0.02567943]
[0.02545753]
[0.02538936]
[0.0256005]
[0.0253241]
[0.02565562]
[0.02544689]
[0.02551451]
[0.02621899]
[0.02595789]
[0.02595789]
[0.02595789]
[0.02595789]
[0.02556831]
[0.02590954]
[0.02602348]
[0.02602348]
[0.02540961]
[0.02595789]
[0.02535245]
[0.02535245]
[0.02543622]
[0.02594471]
[0.02545691]
[0.02545691]
[0.02646351]
[0.02545808]
[0.0263056]
[0.02594462]
[0.02552138]
[0.02564891]
[0.02564891]
[0.02558957]
[0.02545683]
[0.02567979]
[0.02559555]
[0.0255887]
[0.02560253]
[0.02560234]
[0.02668863]
[0.02564013]
[0.02552725]
[0.02542575]
[0.02602775]
[0.02565507]
[0.02566464]
[0.02563296]
[0.02549981]
[0.02550438]
[0.02566451]
[0.02618598]
[0.02575757]
[0.02566463]
[0.0259752]
[0.02530862]
[0.02598006]
[0.02570849]
[0.02541185]
[0.0259395]
[0.0254799]
[0.0254799]
[0.025797]
[0.02586209]
[0.02586209]
[0.02625627]
[0.02618668]
[0.02580066]
[0.02555214]
[0.02547993]
[0.02560798]
[0.02560798]
[0.02560787]
[0.0256216]
[0.0256216]
[0.02586418]
[0.02586401]
[0.02556214]
[0.02558978]
[0.02576889]
[0.02545883]
[0.02588673]
[0.02646372]
[0.02582823]
[0.02578555]
[0.02566457]
[0.02563796]
[0.02654136]
[0.02625124]
[0.02691752]
[0.0264597]
[0.0264597]
[0.02605967]
[0.02605967]
[0.02639266]
[0.02591237]
[0.02653122]
[0.02674474]
[0.02913213]
[0.02673134]
[0.02634092]
[0.02605604]
[0.02646448]
[0.02621778]
[0.028897]
[0.5329815]
[0.02755533]
[0.02847046]
[0.02847046]
[0.02847046]
[0.02847046]
[0.02847046]
[0.02785081]
[0.02694465]
[0.02729651]
[0.02655179]
[0.02877893]
[0.02779282]
[0.02933746]
[0.0267538]
[0.02823984]
[0.03064425]
[0.02875399]
[0.0307427]
[0.28697693]
[0.03132072]
[0.30428442]
[0.30428442]
[0.03226772]
[0.0369997]
[0.0369997]
[0.04753894]
[0.03385674]
[0.03385674]
[0.0340756]
[0.25018042]
[0.03738308]
[0.0346517]
[0.0346517]
[0.02866417]
[0.2838032]
[0.03407871]
[0.0413021]
[0.03354741]
[0.04664742]
[0.03633728]
[0.0693645]
[0.05121037]
[0.06787679]
[0.11724663]
[0.06109495]
[0.0465076]
[0.03849628]
[0.21358582]
[0.04154973]
[0.04154973]
[0.10918928]
[0.08937899]
[0.10875303]
[0.04624053]
[0.05767772]
[0.05767771]
[0.10382114]
[0.15658447]
[0.05172576]
[0.04027858]
[0.17798209]
[0.05179314]
[0.0938383]
[0.13460033]
[0.03901776]
[0.28340408]
[0.10363843]
[0.1263331]
[0.20272098]
[0.10240208]
[0.06409793]
[0.18488929]
[0.05075066]
[0.0868179]
[0.09043133]
[0.10136413]
[0.09670417]
[0.08274029]
[0.07846096]
[0.05990933]
[0.05990933]
[0.17117426]
[0.17117426]
[0.10685533]
[0.10685533]
[0.02672449]
[0.06069481]
[0.21997884]
[0.24630117]
[0.42229304]
[0.02562656]
[0.02734033]
[0.02575234]
[0.10194231]
[0.02550478]
[0.0576572]
[0.02573181]
[0.0259872]
[0.02628469]
[0.02550838]
[0.02727162]
