[0.7819889]
[0.65269357]
[0.7077649]
[0.6923395]
[0.6923395]
[0.6039491]
[0.6195385]
[0.62636757]
[0.6089738]
[0.59049714]
[0.57288146]
[0.6330131]
[0.5934063]
[0.5101812]
[0.5764169]
[0.61502904]
[0.58857346]
[0.5983898]
[0.5506449]
[0.6165869]
[0.5864082]
[0.5910703]
[0.5890506]
[0.5274272]
[0.58528596]
[0.5738556]
[0.56705576]
[0.56705576]
[0.56705576]
[0.5694328]
[0.57337695]
[0.5430162]
[0.5660426]
[0.57190996]
[0.57885593]
[0.597673]
[0.5591974]
[0.5062845]
[0.586431]
[0.5567189]
[0.5564019]
[0.56959313]
[0.56133497]
[0.593204]
[0.5866492]
[0.52850884]
[0.518668]
[0.518668]
[0.5669709]
[0.54191995]
[0.54191995]
[0.5720462]
[0.55921704]
[0.5499137]
[0.5049538]
[0.55277693]
[0.55277693]
[0.49238855]
[0.6206631]
[0.54013103]
[0.54013103]
[0.54013103]
[0.5453745]
[0.5450383]
[0.53236103]
[0.52491486]
[0.54414564]
[0.54414564]
[0.48301348]
[0.54928863]
[0.5078074]
[0.5078074]
[0.5078074]
[0.5253004]
[0.45899528]
[0.49196655]
[0.5417316]
[0.5412261]
[0.54224014]
[0.54224014]
[0.54224014]
[0.54224014]
[0.55222654]
[0.5479939]
[0.54224014]
[0.5264669]
[0.5393898]
[0.5171233]
[0.60769016]
[0.60769016]
[0.60769016]
[0.5491588]
[0.5486744]
[0.5365897]
[0.5365897]
[0.47725478]
[0.5345686]
[0.5345686]
[0.5345686]
[0.5345686]
[0.5345686]
[0.5345686]
[0.5420559]
[0.5537348]
[0.49933708]
[0.47609288]
[0.52530885]
[0.52602607]
[0.5243031]
[0.5253372]
[0.5556088]
[0.5283946]
[0.461878]
[0.43768147]
[0.50923276]
[0.5147008]
[0.51510644]
[0.5185434]
[0.5105819]
[0.49531943]
[0.49034175]
[0.5166149]
[0.5264201]
[0.5264201]
[0.4826309]
[0.44219524]
[0.50863904]
[0.49097285]
[0.5726703]
[0.4389054]
[0.5223766]
[0.50124764]
[0.5181909]
[0.43562123]
[0.45487025]
[0.45487025]
[0.45487025]
[0.5225389]
[0.41354662]
[0.4435602]
[0.4435602]
[0.4435602]
[0.4435602]
[0.41477853]
[0.41477853]
[0.41477853]
[0.41477853]
[0.41477853]
[0.49375424]
[0.51184577]
[0.45297882]
[0.45297882]
[0.45297882]
[0.43458346]
[0.43458346]
[0.4610826]
[0.46696553]
[0.5490282]
[0.48630762]
[0.576187]
[0.52220035]
[0.40683073]
[0.41073963]
[0.41073963]
[0.5089718]
[0.45841143]
[0.43576264]
[0.43809178]
[0.43809178]
[0.48257893]
[0.48257893]
[0.54253376]
[0.4068831]
[0.44710618]
[0.44710618]
[0.4887402]
[0.47618055]
[0.49420768]
[0.5168242]
[0.43056685]
[0.43056685]
[0.5188127]
[0.55730474]
[0.44318447]
[0.49849978]
[0.4485831]
[0.4244545]
[0.42175105]
[0.42175105]
[0.53544766]
[0.46718383]
[0.5000432]
[0.47103587]
[0.42835355]
[0.43711662]
[0.52071416]
[0.52071416]
[0.47617665]
[0.41404137]
[0.4227385]
[0.47311008]
[0.5211217]
[0.5056519]
[0.5091862]
[0.520683]
[0.44439226]
[0.51091367]
[0.46441838]
[0.4649399]
[0.4649399]
[0.41432673]
[0.4884331]
[0.4413382]
[0.49258754]
[0.4570015]
[0.46215037]
[0.39670822]
[0.4276706]
[0.41862214]
[0.4044584]
[0.4044584]
[0.4044584]
[0.40784347]
[0.40784347]
[0.43134186]
[0.45563298]
[0.45114946]
[0.4521678]
[0.49301288]
[0.39949274]
[0.39949274]
[0.39949274]
[0.4809033]
[0.41848287]
[0.41848287]
[0.41848287]
[0.42882222]
[0.42882222]
[0.42882222]
[0.42882222]
[0.42882222]
[0.48308635]
[0.3898586]
[0.4184417]
[0.46244055]
[0.46244055]
[0.46244055]
[0.46244055]
[0.48398674]
[0.4411948]
[0.41048512]
[0.48991656]
[0.48246837]
[0.4858846]
[0.4516845]
[0.45380053]
[0.42841426]
[0.44326502]
[0.39930665]
[0.49511185]
[0.39666086]
[0.44997826]
[0.49241027]
[0.49241027]
[0.49241027]
[0.48497912]
[0.485345]
[0.3800948]
[0.38754693]
[0.41892856]
[0.42407194]
[0.4800137]
[0.47026733]
[0.4683801]
[0.38359392]
[0.49703118]
[0.37887877]
[0.45322415]
[0.45322415]
[0.45322415]
[0.40211463]
[0.42628247]
[0.3680632]
[0.49581802]
[0.42961273]
[0.48276392]
[0.46556377]
[0.46126482]
[0.46126482]
[0.4632348]
[0.3701574]
[0.45816886]
[0.38096732]
[0.43573916]
[0.44405442]
[0.37962052]
[0.45054805]
[0.41320404]
[0.37863383]
[0.46848896]
[0.36411184]
[0.4636482]
[0.4636482]
[0.44605973]
[0.39274216]
[0.39274216]
[0.44575262]
[0.49993682]
[0.42843953]
[0.41977406]
[0.42205933]
[0.4558747]
[0.41048792]
[0.37962025]
[0.34388933]
[0.47473004]
[0.47473004]
[0.47473004]
[0.3901504]
[0.39303496]
[0.369503]
[0.39331192]
[0.44397765]
[0.4370561]
[0.41593552]
[0.4357572]
[0.35727072]
[0.4685999]
[0.4685999]
[0.46558288]
[0.4081478]
[0.4521523]
[0.40652603]
[0.3770892]
[0.34646776]
[0.4407684]
[0.42139494]
[0.38348553]
[0.3668765]
[0.45676425]
[0.42059746]
[0.42059746]
[0.42995125]
[0.42283148]
[0.37473214]
[0.36353236]
[0.41898185]
[0.43399394]
[0.394939]
[0.35285282]
[0.44823372]
[0.44330627]
[0.37822816]
[0.3900621]
[0.4719646]
[0.44186187]
[0.33403346]
[0.4287327]
[0.46571785]
[0.41244403]
[0.45902348]
[0.41250724]
[0.40308896]
[0.45351005]
[0.38200554]
[0.3572403]
[0.39558095]
[0.4178576]
[0.31512526]
[0.35905078]
[0.44012484]
[0.372671]
[0.41642234]
[0.36294737]
[0.4168884]
[0.4416]
[0.35613593]
[0.36866358]
[0.4250109]
[0.4420296]
[0.35028154]
[0.37939772]
[0.5863986]
[0.43791205]
[0.47854453]
[0.34146643]
[0.3968702]
[0.4247425]
[0.35226473]
[0.40253472]
[0.3991559]
[0.40744835]
[0.3923856]
[0.41574755]
[0.42052647]
[0.3878618]
[0.392009]
[0.38280097]
[0.3228941]
[0.34292546]
[0.32758495]
[0.36917502]
[0.3103592]
[0.4173384]
[0.43912032]
[0.3854594]
[0.36483356]
[0.32776338]
[0.343396]
[0.334777]
[0.3226574]
[0.3306695]
[0.38534743]
[0.33045423]
[0.38315412]
[0.3321471]
[0.31475523]
[0.3404485]
[0.3024577]
[0.31564283]
[0.3777553]
[0.31466946]
[0.34223816]
[0.36136198]
[0.33714482]
[0.39318153]
[0.33425942]
[0.28207743]
[0.3281998]
[0.356277]
[0.3263528]
[0.30124328]
[0.33498922]
[0.30422032]
[0.3207681]
[0.3489969]
[0.32719433]
[0.31129983]
[0.30368918]
[0.45191082]
[0.33911687]
[0.30355665]
[0.3316423]
[0.27723214]
[0.34801292]
[0.27312607]
[0.2570762]
[0.2530298]
[0.23610684]
[0.27508497]
[0.2391773]
[0.24025959]
[0.25614518]
[0.25181577]
[0.2514071]
[0.26051155]
[0.24362622]
[0.29509637]
[0.44372618]
[0.4800721]
[0.39030337]
[0.32370138]
[0.39725733]
[0.30847564]
[0.34209386]
[0.27689832]
[0.34743938]
[0.32221523]
[0.39726195]
[0.33524677]
[0.35063902]
[0.2422664]
[0.3165432]
[0.43595546]
[0.25919458]
[0.52055484]
[0.2716278]
[0.24668427]
[0.3491146]
[0.33308235]
[0.3115081]
[0.33233044]
[0.26941574]
[0.37083754]
[0.3431353]
[0.34851128]
[0.31187302]
[0.32399145]
[0.27863923]
[0.43109515]
[0.27583066]
[0.27201682]
[0.3169072]
[0.3788944]
[0.3159304]
[0.36709878]
[0.32838663]
[0.33958158]
[0.38392022]
[0.3363048]
