[0.15399253]
[0.15342094]
[0.15337658]
[0.15401772]
[0.15401772]
[0.15401772]
[0.15339828]
[0.15339828]
[0.15370403]
[0.15390107]
[0.15338653]
[0.15338653]
[0.15338653]
[0.15338653]
[0.15395765]
[0.15395765]
[0.15395765]
[0.15395765]
[0.15392815]
[0.15392815]
[0.15362096]
[0.15416664]
[0.15356208]
[0.15319176]
[0.1533264]
[0.1533264]
[0.15390322]
[0.15413196]
[0.1535725]
[0.15402186]
[0.1536368]
[0.15371811]
[0.15330654]
[0.1558571]
[0.15392877]
[0.15403976]
[0.15373304]
[0.15373304]
[0.15373304]
[0.15373304]
[0.15374759]
[0.15364824]
[0.15348317]
[0.15387674]
[0.15339053]
[0.15339053]
[0.15337455]
[0.15384518]
[0.15366864]
[0.15355018]
[0.15423043]
[0.15351337]
[0.15367328]
[0.15356416]
[0.15353172]
[0.15335737]
[0.15364833]
[0.15618241]
[0.15376262]
[0.15396267]
[0.15328898]
[0.15360488]
[0.1535516]
[0.15360023]
[0.15346287]
[0.15350433]
[0.15350433]
[0.15480593]
[0.15364452]
[0.15393482]
[0.15349221]
[0.15349221]
[0.15349221]
[0.15349221]
[0.15349221]
[0.15349221]
[0.15349221]
[0.15349221]
[0.15349221]
[0.15349221]
[0.15349221]
[0.15349221]
[0.15349221]
[0.15349221]
[0.15355715]
[0.15344736]
[0.15346518]
[0.15423821]
[0.15363495]
[0.15363495]
[0.15363495]
[0.15363495]
[0.15363495]
[0.15363495]
[0.15363249]
[0.15367426]
[0.1534844]
[0.15388817]
[0.15388817]
[0.15388817]
[0.15388817]
[0.15388817]
[0.15388817]
[0.15388817]
[0.15349384]
[0.15399466]
[0.15331112]
[0.15367214]
[0.15354225]
[0.15347251]
[0.15353224]
[0.15390517]
[0.15358803]
[0.15401025]
[0.15351789]
[0.1534753]
[0.15354101]
[0.15360506]
[0.15444298]
[0.15371796]
[0.15346888]
[0.15346888]
[0.15366633]
[0.15362744]
[0.15378056]
[0.15411042]
[0.15342711]
[0.15342711]
[0.15390207]
[0.15773258]
[0.15414667]
[0.15414667]
[0.15414667]
[0.15373653]
[0.1562645]
[0.15414435]
[0.15414435]
[0.15461825]
[0.15424806]
[0.15397693]
[0.15344706]
[0.15344746]
[0.15375176]
[0.15497041]
[0.1535952]
[0.15386932]
[0.15478516]
[0.15442336]
[0.15357432]
[0.15375821]
[0.15463115]
[0.15514015]
[0.15382805]
[0.15432277]
[0.15549181]
[0.15351504]
[0.15894985]
[0.15894985]
[0.15894985]
[0.15367252]
[0.15422077]
[0.15362804]
[0.15362804]
[0.15362804]
[0.15362804]
[0.15354045]
[0.15382951]
[0.15392922]
[0.15392922]
[0.15392922]
[0.15392922]
[0.15405825]
[0.15405825]
[0.15405825]
[0.15405825]
[0.15405825]
[0.15405825]
[0.15405825]
[0.15439466]
[0.15380985]
[0.15717447]
[0.15426047]
[0.15407552]
[0.15410319]
[0.15468396]
[0.15494306]
[0.15494306]
[0.15494306]
[0.15390389]
[0.15337223]
[0.1538252]
[0.15361679]
[0.15970364]
[0.15369307]
[0.15627792]
[0.15410517]
[0.15410517]
[0.15410517]
[0.15410398]
[0.15410398]
[0.1535207]
[0.1535207]
[0.1567302]
[0.1567302]
[0.15344466]
[0.15344466]
[0.15344466]
[0.15344466]
[0.15344466]
[0.15344466]
[0.15360351]
[0.15464072]
[0.15402667]
[0.153459]
[0.153459]
[0.1565137]
[0.1565137]
[0.1565137]
[0.1565137]
[0.1565137]
[0.1565137]
[0.15648961]
[0.16095409]
[0.15497838]
[0.15407231]
[0.15599127]
[0.15458813]
[0.15458813]
[0.15458813]
[0.15350609]
[0.15359357]
[0.15359357]
[0.15359357]
[0.15359357]
[0.15439668]
[0.15439668]
[0.15439668]
[0.15439668]
[0.15439668]
[0.1545969]
[0.16023117]
[0.15521201]
[0.15472601]
[0.15387397]
[0.15371788]
[0.15352815]
[0.15419331]
[0.15859203]
[0.15346585]
[0.15346585]
[0.15683743]
[0.15683743]
[0.15683743]
[0.15480031]
[0.1554335]
[0.15404831]
[0.15576573]
[0.1540509]
[0.1540509]
[0.15354584]
[0.15419947]
[0.15419947]
[0.15419947]
[0.15387453]
[0.15430242]
[0.15335792]
[0.15335792]
[0.1540847]
[0.15408278]
[0.15394323]
[0.15399392]
[0.1583737]
[0.15369101]
[0.15399237]
[0.15394662]
[0.15514159]
[0.15419748]
[0.15586455]
[0.15361595]
[0.15358414]
[0.15682139]
[0.15475011]
[0.1539609]
[0.15417896]
[0.15349364]
[0.15395996]
[0.15483296]
[0.15580735]
[0.15738189]
[0.15348816]
[0.15663752]
[0.15348484]
[0.15381023]
[0.15415365]
[0.15348543]
[0.15482007]
[0.15605046]
[0.1541545]
[0.15365271]
[0.1548167]
[0.15375489]
[0.15407094]
[0.15346459]
[0.15391162]
[0.15363127]
[0.15452021]
[0.15379931]
[0.15476999]
[0.15411569]
[0.16318502]
[0.15431498]
[0.1587784]
[0.15356952]
[0.15494852]
[0.15339603]
[0.1546474]
[0.15447545]
[0.1630584]
[0.15481472]
[0.15491775]
[0.15968592]
[0.15353745]
[0.15353745]
[0.15332147]
[0.1543902]
[0.1571319]
[0.15382896]
[0.15392008]
[0.16755345]
[0.17319845]
[0.15466605]
[0.15362439]
[0.15380573]
[0.15425849]
[0.15385412]
[0.15404913]
[0.15412834]
[0.15367492]
[0.15606083]
[0.15616883]
[0.15463965]
[0.15484902]
[0.15530606]
[0.15698761]
[0.15548736]
[0.15478325]
[0.15416531]
[0.15477356]
[0.15348236]
[0.153752]
[0.15902507]
[0.15567891]
[0.15657681]
[0.15710652]
[0.15407452]
[0.15372172]
[0.154955]
[0.15352316]
[0.15402977]
[0.15364161]
[0.15447287]
[0.1559449]
[0.16111022]
[0.16016817]
[0.15616265]
[0.15477282]
[0.15416712]
[0.15384653]
[0.17174222]
[0.15385915]
[0.1565799]
[0.15381399]
[0.15403745]
[0.15464357]
[0.17331703]
[0.160716]
[0.15424319]
[0.15673152]
[0.15346318]
[0.15822038]
[0.15507889]
[0.15502113]
[0.15552916]
[0.15744811]
[0.15477657]
[0.15579645]
[0.15519333]
[0.15417922]
[0.15674458]
[0.2905696]
[0.15367182]
[0.15429775]
[0.15535532]
[0.15364161]
[0.15340091]
[0.1537171]
[0.153643]
[0.16626056]
[0.15525576]
[0.16590759]
[0.26514465]
[0.15654159]
[0.16681004]
[0.16757381]
[0.1614595]
[0.17079413]
[0.15686525]
[0.16514954]
[0.15924144]
[0.16122377]
[0.15488765]
[0.2274398]
[0.15348114]
[0.16069454]
[0.15390122]
[0.2834341]
[0.4031222]
[0.1682077]
[0.15389526]
[0.15472072]
[0.15417293]
[0.29043856]
[0.45381683]
[0.25598532]
[0.15338503]
[0.15394461]
[0.1938754]
[0.3809011]
[0.19119674]
[0.8662454]
[0.57525134]
[0.16397536]
[0.20872506]
[0.20872506]
[0.1535016]
[0.21947618]
[0.32239538]
[0.38951662]
[0.25519836]
[0.15368378]
[0.15375538]
[0.1542214]
[0.15343171]
[0.20308906]
[0.15350106]
[0.2434019]
[0.15470289]
[0.15363719]
[0.15363656]
[0.15363656]
[0.15371533]
[0.15452836]
[0.15523563]
[0.15420689]
[0.15424028]
[0.15401195]
[0.15371297]
[0.15457757]
[0.15376608]
[0.15348764]
[0.15423086]
[0.15346308]
[0.1797283]
[0.15461098]
[0.15366094]
[0.15341412]
[0.15418836]
[0.15365851]
[0.1749708]
[0.15412325]
[0.15367703]
[0.1544376]
[0.15513559]
[0.17770278]
[0.15400532]
[0.15387003]
[0.15424804]
[0.15358615]
[0.15871781]
[0.15359126]
[0.15366772]
[0.15356804]
[0.15556657]
[0.15371725]
[0.15396255]
[0.15424111]
[0.16022685]
[0.15496849]
[0.15403694]
[0.15415642]
[0.15466638]
[0.15454961]
[0.15340605]
[0.15377696]
[0.15362297]
[0.15415713]
[0.15552828]
[0.15476093]
[0.15362477]
[0.15905084]
