16.021099999999965
15.467499999999966
14.690099999999969
15.015099999999965
14.462499999999968
14.462499999999968
14.462499999999968
14.462499999999968
14.462499999999968
14.462499999999968
14.462499999999968
14.462499999999968
14.462499999999968
14.462499999999968
14.462499999999968
14.462499999999968
14.462499999999968
14.462499999999968
14.462499999999968
14.462499999999968
14.462499999999968
14.462499999999968
14.462499999999968
14.624999999999966
13.955399999999972
13.955399999999972
13.955399999999972
14.55659999999997
15.891499999999963
13.658699999999973
13.658699999999973
13.658699999999973
13.342699999999974
13.559899999999972
13.559899999999972
13.559899999999972
14.332899999999967
13.930199999999969
13.930199999999969
13.930199999999969
13.413099999999972
12.770399999999979
13.540099999999972
13.540099999999972
13.540099999999972
13.540099999999972
11.157999999999989
10.851799999999992
10.851799999999992
10.851799999999992
11.341699999999987
10.442999999999993
10.442999999999993
10.442999999999993
10.442999999999993
10.442999999999993
10.742899999999992
10.742899999999992
10.742899999999992
10.742899999999992
10.828399999999991
13.220799999999974
10.43451999999999
10.672799999999993
11.462499999999988
11.462499999999988
11.462499999999988
10.42249999999999
10.177299999999994
10.167799999999994
10.215399999999994
10.215399999999994
10.215399999999994
10.215399999999994
10.215399999999994
9.931599999999996
10.123769999999993
10.123769999999993
10.123769999999993
10.123769999999993
10.123769999999993
10.123769999999993
10.123769999999993
10.123769999999993
10.123769999999993
10.123769999999993
10.123769999999993
10.123769999999993
10.123769999999993
10.123769999999993
10.123769999999993
10.123769999999993
10.123769999999993
10.123769999999993
10.123769999999993
10.123769999999993
10.123769999999993
10.123769999999993
10.123769999999993
10.123769999999993
10.123769999999993
10.123769999999993
10.123769999999993
10.123769999999993
10.123769999999993
10.123769999999993
10.123769999999993
10.123769999999993
10.123769999999993
10.123769999999993
10.083899999999995
10.083899999999995
9.787199999999997
9.787199999999997
9.787199999999997
10.26729999999999
10.26729999999999
10.26729999999999
10.26729999999999
10.26729999999999
10.26729999999999
10.26729999999999
10.26729999999999
10.26729999999999
10.26729999999999
10.26729999999999
10.26729999999999
10.26729999999999
10.26729999999999
10.26729999999999
10.26729999999999
10.26729999999999
10.26729999999999
10.26729999999999
9.708299999999998
9.708299999999998
9.708299999999998
9.708299999999998
9.708299999999998
9.708299999999998
9.708299999999998
9.708299999999998
9.708299999999998
9.708299999999998
9.708299999999998
9.708299999999998
9.708299999999998
9.708299999999998
9.708299999999998
9.708299999999998
9.708299999999998
9.708299999999998
9.708299999999998
9.708299999999998
9.708299999999998
9.708299999999998
9.708299999999998
9.708299999999998
9.708299999999998
9.708299999999998
9.708299999999998
9.708299999999998
9.708299999999998
9.708299999999998
9.708299999999998
9.708299999999998
9.708299999999998
9.708299999999998
9.708299999999998
9.708299999999998
9.708299999999998
9.708299999999998
9.708299999999998
9.708299999999998
9.708299999999998
9.708299999999998
9.708299999999998
9.708299999999998
9.708299999999998
9.708299999999998
9.708299999999998
9.708299999999998
9.708299999999998
9.708299999999998
9.708299999999998
9.708299999999998
9.708299999999998
9.708299999999998
9.708299999999998
9.708299999999998
9.708299999999998
9.708299999999998
9.708299999999998
9.708299999999998
9.708299999999998
9.708299999999998
9.708299999999998
9.708299999999998
9.708299999999998
9.708299999999998
9.708299999999998
9.708299999999998
9.708299999999998
9.708299999999998
9.708299999999998
9.708299999999998
9.708299999999998
9.708299999999998
9.708299999999998
9.708299999999998
9.708299999999998
9.708299999999998
9.708299999999998
9.708299999999998
9.708299999999998
9.708299999999998
9.708299999999998
9.708299999999998
9.708299999999998
9.708299999999998
9.708299999999998
9.708299999999998
9.708299999999998
9.708299999999998
9.708299999999998
9.708299999999998
9.708299999999998
9.708299999999998
9.708299999999998
9.708299999999998
9.708299999999998
9.708299999999998
9.708299999999998
9.708299999999998
9.708299999999998
9.708299999999998
9.708299999999998
9.708299999999998
9.708299999999998
9.708299999999998
9.708299999999998
9.708299999999998
9.708299999999998
9.708299999999998
9.708299999999998
9.708299999999998
9.708299999999998
9.708299999999998
9.708299999999998
9.708299999999998
9.708299999999998
9.708299999999998
9.708299999999998
9.708299999999998
9.708299999999998
9.708299999999998
9.708299999999998
9.708299999999998
9.708299999999998
9.708299999999998
9.708299999999998
9.708299999999998
9.708299999999998
9.708299999999998
9.708299999999998
9.708299999999998
9.708299999999998
9.708299999999998
9.708299999999998
9.708299999999998
9.708299999999998
9.708299999999998
9.708299999999998
9.708299999999998
9.708299999999998
9.708299999999998
9.708299999999998
9.708299999999998
9.708299999999998
9.708299999999998
9.708299999999998
9.708299999999998
9.708299999999998
9.708299999999998
9.708299999999998
9.708299999999998
9.708299999999998
9.708299999999998
9.708299999999998
9.708299999999998
9.708299999999998
9.708299999999998
9.708299999999998
9.708299999999998
9.708299999999998
9.708299999999998
9.708299999999998
9.708299999999998
9.708299999999998
9.708299999999998
9.708299999999998
9.708299999999998
9.708299999999998
9.708299999999998
9.708299999999998
9.708299999999998
9.708299999999998
9.708299999999998
9.708299999999998
9.708299999999998
9.708299999999998
9.708299999999998
9.708299999999998
9.708299999999998
9.708299999999998
9.708299999999998
9.708299999999998
9.708299999999998
9.708299999999998
9.708299999999998
9.708299999999998
9.708299999999998
9.708299999999998
9.708299999999998
9.708299999999998
9.708299999999998
9.708299999999998
9.708299999999998
9.708299999999998
9.708299999999998
9.708299999999998
9.708299999999998
9.708299999999998
9.708299999999998
9.708299999999998
9.708299999999998
9.708299999999998
9.708299999999998
9.708299999999998
9.708299999999998
9.708299999999998
9.708299999999998
9.708299999999998
9.708299999999998
9.708299999999998
9.708299999999998
9.708299999999998
9.708299999999998
9.708299999999998
9.708299999999998
9.708299999999998
9.708299999999998
9.708299999999998
9.708299999999998
9.708299999999998
9.708299999999998
9.708299999999998
9.708299999999998
9.708299999999998
9.708299999999998
9.708299999999998
9.708299999999998
9.708299999999998
9.708299999999998
9.708299999999998
9.708299999999998
9.708299999999998
9.708299999999998
9.708299999999998
9.708299999999998
9.708299999999998
9.708299999999998
9.708299999999998
9.708299999999998
9.708299999999998
9.708299999999998
9.708299999999998
9.708299999999998
9.708299999999998
9.708299999999998
9.708299999999998
9.708299999999998
9.708299999999998
9.708299999999998
9.708299999999998
9.708299999999998
9.708299999999998
9.708299999999998
9.708299999999998
9.750799999999998
9.231000000000002
10.018799999999995
9.576799999999999
9.147170000000001
9.587599999999998
9.115700000000002
10.096499999999995
9.645599999999993
9.3706
9.473099999999999
9.1521
9.781299999999995
9.073900000000002
9.028100000000002
12.13679999999998
9.020400000000004
9.955899999999994
8.638400000000004
8.645000000000005
8.645000000000005
9.745399999999998
9.1033
9.452099999999996
9.771899999999993
9.11297
9.254199999999996
9.090900000000003
9.863
9.532399999999997
9.310899999999998
9.925869999999994
9.462799999999998
8.598700000000003
8.724000000000002
8.912899999999999
9.608069999999996
8.453200000000004
8.725600000000004
9.024300000000002
9.024300000000002
9.830469999999995
8.993700000000004
9.588999999999999
8.172900000000007
7.717500000000006
8.356700000000004
8.976700000000001
8.035900000000007
7.842800000000007
8.271600000000007
8.271600000000007
7.458500000000005
8.031700000000008
7.161300000000005
7.6116000000000055
7.6116000000000055
6.250700000000004
8.944400000000002
6.648600000000004
8.297000000000006
7.127400000000006
6.840800000000004
6.320400000000005
6.1749000000000045
6.008800000000004
6.008800000000004
6.0606000000000035
6.084100000000006
4.156500000000002
4.561400000000003
4.561400000000003
1.3693
5.251700000000005
4.299100000000002
4.776400000000004
4.776400000000003
4.269300000000003
1.0262
4.170700000000003
4.128200000000002
4.128200000000002
3.4800000000000018
-0.3915
4.234900000000002
3.7212000000000023
3.143700000000002
3.623300000000002
2.9506000000000014
1.4667
3.2483000000000026
11.478499999999983
11.478499999999983
8.580800000000002
7.330300000000007
3.1847000000000008
13.366699999999973
5.627700000000004
10.161469999999994
9.3537
7.950200000000008
15.710299999999975
7.988600000000005
7.988600000000005
6.1673000000000044
4.424800000000003
9.624599999999996
9.206800000000001
9.394499999999999
14.629499999999968
16.17479999999998
