[0.00461963]
[0.00461963]
[0.00459051]
[0.00459051]
[0.00459051]
[0.00459051]
[0.0046232]
[0.00461963]
[0.00461963]
[0.00461963]
[0.00461963]
[0.00458973]
[0.00458973]
[0.00458973]
[0.00458973]
[0.00458973]
[0.00458973]
[0.00458973]
[0.00458973]
[0.00458973]
[0.00458973]
[0.00458973]
[0.00458973]
[0.00458973]
[0.00458973]
[0.00458973]
[0.00458973]
[0.00458973]
[0.00458973]
[0.00458973]
[0.00458973]
[0.00458973]
[0.00458973]
[0.00458973]
[0.00458973]
[0.00458973]
[0.00458973]
[0.00458973]
[0.00458973]
[0.00458973]
[0.00458973]
[0.00458973]
[0.00458973]
[0.00458973]
[0.00458973]
[0.00458973]
[0.00458973]
[0.00458973]
[0.00458973]
[0.00458973]
[0.00458973]
[0.00458973]
[0.00458973]
[0.00458973]
[0.00458973]
[0.00458973]
[0.00458973]
[0.00458973]
[0.00458973]
[0.00458973]
[0.00458973]
[0.00458973]
[0.00458973]
[0.00458973]
[0.00458973]
[0.00458973]
[0.00458973]
[0.00458973]
[0.00458973]
[0.00458973]
[0.00458973]
[0.00458973]
[0.00458973]
[0.00458973]
[0.00458973]
[0.00458973]
[0.00458973]
[0.00458973]
[0.00458973]
[0.00458973]
[0.00458973]
[0.00458973]
[0.00458973]
[0.00458973]
[0.00458973]
[0.00458973]
[0.00458973]
[0.00458973]
[0.00458973]
[0.00458973]
[0.00458973]
[0.00458973]
[0.00458973]
[0.00458973]
[0.00458973]
[0.00458973]
[0.00458973]
[0.00458973]
[0.00458973]
[0.00458973]
[0.00458973]
[0.00458973]
[0.00458973]
[0.00458973]
[0.00458973]
[0.00458973]
[0.00458973]
[0.00458973]
[0.00458973]
[0.00458973]
[0.00458973]
[0.00458973]
[0.00458973]
[0.00458973]
[0.00458973]
[0.00458973]
[0.00458973]
[0.00458973]
[0.00458973]
[0.00458973]
[0.00458973]
[0.00458973]
[0.00458973]
[0.00458973]
[0.00458973]
[0.00458973]
[0.00458973]
[0.00458973]
[0.00458973]
[0.00458973]
[0.00458973]
[0.00458973]
[0.00458973]
[0.00458973]
[0.00458973]
[0.00458973]
[0.00458973]
[0.00458973]
[0.00458973]
[0.00458973]
[0.00458973]
[0.00458973]
[0.00458973]
[0.00458973]
[0.00458973]
[0.00458973]
[0.00458973]
[0.00458973]
[0.00458973]
[0.00458973]
[0.00458973]
[0.00458973]
[0.00458973]
[0.00458973]
[0.00458973]
[0.00458973]
[0.00458973]
[0.00458973]
[0.00458973]
[0.00458973]
[0.00458973]
[0.00458973]
[0.00458973]
[0.00458973]
[0.00458973]
[0.00458973]
[0.00458973]
[0.00458973]
[0.00458973]
[0.00458973]
[0.00458973]
[0.00458973]
[0.00458973]
[0.00458973]
[0.00458973]
[0.00458973]
[0.00458973]
[0.00458973]
[0.00458973]
[0.00458973]
[0.00458973]
[0.00458973]
[0.00458973]
[0.00458973]
[0.00458973]
[0.00458973]
[0.00458973]
[0.00458973]
[0.00458973]
[0.00458973]
[0.00458973]
[0.00458973]
[0.00458973]
[0.00458973]
[0.00458973]
[0.00458973]
[0.00458973]
[0.00458973]
[0.00458973]
[0.00458973]
[0.00458973]
[0.00458973]
[0.00458973]
[0.00458973]
[0.00458973]
[0.00458973]
[0.00458973]
[0.00458973]
[0.00458973]
[0.00458973]
[0.00458973]
[0.00458973]
[0.00458973]
[0.00458973]
[0.00458973]
[0.00458973]
[0.00458973]
[0.00458973]
[0.00458973]
[0.00458973]
[0.00456614]
[0.00461963]
[0.00454721]
[0.00454721]
[0.00454721]
[0.00454721]
[0.00454721]
[0.00454721]
[0.00459319]
[0.00456614]
[0.00462321]
[0.00462321]
[0.00462321]
[0.00462321]
[0.00462321]
[0.00462321]
[0.00462321]
[0.00462321]
[0.00462321]
[0.00462321]
[0.00462321]
[0.00462321]
[0.00462321]
[0.00462321]
[0.00462321]
[0.00462321]
[0.00462321]
[0.00462321]
[0.00462321]
[0.00462812]
[0.00450939]
[0.00450939]
[0.00450939]
[0.00462333]
[0.00456614]
[0.00465815]
[0.00456546]
[0.00459373]
[0.00459373]
[0.00459373]
[0.00459373]
[0.00459373]
[0.00459373]
[0.00459391]
[0.00459391]
[0.00459391]
[0.00459391]
[0.00459391]
[0.00469209]
[0.00469209]
[0.00459402]
[0.00459402]
[0.00459402]
[0.00459402]
[0.00456614]
[0.00456614]
[0.00456614]
[0.00456614]
[0.00456614]
[0.00456614]
[0.00456614]
[0.00456614]
[0.0045274]
[0.00462396]
[0.00461963]
[0.00461963]
[0.00461963]
[0.00461963]
[0.00461963]
[0.00461963]
[0.00456614]
[0.00466522]
[0.00452426]
[0.00452426]
[0.00452426]
[0.00452426]
[0.00452259]
[0.00466489]
[0.00466489]
[0.00466489]
[0.00466489]
[0.00462806]
[0.00452797]
[0.00461526]
[0.00479303]
[0.00450892]
[0.00450828]
[0.00479303]
[0.00462965]
[0.00459886]
[0.00459886]
[0.00480445]
[0.00461716]
[0.00461716]
[0.00471807]
[0.00471807]
[0.00471807]
[0.00471807]
[0.00465253]
[0.00457054]
[0.00461768]
[0.00459925]
[0.00459925]
[0.00459925]
[0.00459951]
[0.00459951]
[0.00459951]
[0.00459951]
[0.0047174]
[0.0047174]
[0.0047174]
[0.0047174]
[0.00467126]
[0.00469836]
[0.00486973]
[0.00476814]
[0.00476814]
[0.00488041]
[0.00488041]
[0.00459147]
[0.00465253]
[0.00476814]
[0.00476814]
[0.00478538]
[0.00478538]
[0.00476814]
[0.00483899]
[0.00487348]
[0.00483878]
[0.00478444]
[0.00460587]
[0.00460587]
[0.00460587]
[0.0046063]
[0.00483878]
[0.00483878]
[0.00483878]
[0.00461996]
[0.00466583]
[0.00521065]
[0.00479706]
[0.00469004]
[0.00482588]
[0.00468871]
[0.00462916]
[0.00462916]
[0.00523987]
[0.00487658]
[0.00487658]
[0.00481178]
[0.00512116]
[0.00450453]
[0.00508006]
[0.00484474]
[0.0054536]
[0.00546061]
[0.00583971]
[0.00583971]
[0.00464142]
[0.00465862]
[0.00453496]
[0.00461921]
[0.0045862]
[0.0045862]
[0.0045862]
[0.00454777]
[0.00467839]
[0.00836633]
[0.00465342]
[0.00467874]
[0.00453369]
[0.00468071]
[0.00462705]
[0.00462705]
[0.00479046]
[0.00463227]
[0.0047942]
[0.00463891]
[0.00480047]
[0.00470597]
[0.00480938]
[0.00456417]
[0.00453114]
[0.00453114]
[0.00456696]
[0.00455338]
[0.00453583]
[0.00455642]
[0.00470181]
[0.00465625]
[0.00457094]
[0.00475878]
[0.00462183]
[0.00482075]
[0.00460651]
[0.00460651]
[0.00473012]
[0.00473012]
[0.00473012]
[0.00467155]
[0.00464526]
[0.004632]
[0.00469059]
[0.00474327]
[0.00485674]
[0.00474477]
[0.00532742]
[0.00532742]
[0.00479293]
[0.00479293]
[0.00479293]
[0.00479293]
[0.00497079]
[0.00472301]
[0.00487296]
[0.00487296]
[0.00487296]
[0.00487296]
[0.00482147]
[0.00498819]
[0.00491527]
[0.0050256]
[0.00535395]
[0.00561044]
[0.00561044]
[0.00561044]
[0.00610503]
[0.0061048]
[0.00610212]
[0.00610212]
[0.0052813]
[0.00488987]
[0.00559431]
[0.0104479]
[0.00492422]
[0.00498005]
[0.00576983]
[0.00507848]
[0.00489047]
[0.00539667]
[0.00629313]
[0.00629313]
[0.00593572]
[0.00500298]
[0.00744107]
[0.00704437]
[0.00827042]
[0.00653347]
[0.00653347]
[0.00653347]
[0.00653347]
[0.00615144]
[0.00712779]
[0.00712779]
[0.0089456]
[0.0089456]
[0.0076429]
[0.01263758]
[0.0138087]
[0.01171583]
[0.00784198]
[0.6063548]
[0.6063548]
[0.01607072]
[0.00533751]
[0.00698726]
[0.00520246]
[0.0242068]
[0.00473786]
[0.00551969]
[0.0052666]
[0.00552122]
[0.00581864]
[0.00804432]
[0.00539627]
[0.00526709]
[0.00577589]
[0.00577589]
[0.00681145]
[0.00592634]
