23.387600000000035
23.387600000000035
23.387600000000035
23.387600000000035
23.387600000000035
23.014100000000035
23.014100000000035
23.014100000000035
23.014100000000035
23.014100000000035
23.014100000000035
23.014100000000035
23.014100000000035
23.014100000000035
23.014100000000035
23.014100000000035
23.014100000000035
23.014100000000035
22.859700000000032
22.745400000000032
22.745400000000032
22.260800000000028
22.54340000000003
22.30330000000003
22.30330000000003
22.30330000000003
22.30330000000003
22.30330000000003
22.30330000000003
22.30330000000003
22.30330000000003
22.30330000000003
22.30330000000003
22.30330000000003
22.30330000000003
22.30330000000003
22.30330000000003
22.30330000000003
22.30330000000003
22.30330000000003
22.30330000000003
22.30330000000003
22.30330000000003
22.30330000000003
22.30330000000003
22.30330000000003
22.30330000000003
22.30330000000003
22.30330000000003
22.30330000000003
22.30330000000003
22.30330000000003
22.30330000000003
22.30330000000003
22.30330000000003
22.30330000000003
22.30330000000003
22.30330000000003
22.30330000000003
22.30330000000003
22.30330000000003
22.30330000000003
22.30330000000003
22.30330000000003
22.30330000000003
22.30330000000003
22.30330000000003
22.30330000000003
22.30330000000003
22.30330000000003
22.30330000000003
22.30330000000003
22.30330000000003
22.30330000000003
23.37970000000003
23.37970000000003
23.37970000000003
23.37970000000003
22.62400000000003
23.405000000000037
23.405000000000037
23.405000000000037
23.405000000000037
23.405000000000037
23.405000000000037
23.405000000000037
23.405000000000037
23.405000000000037
23.405000000000037
23.405000000000037
23.405000000000037
23.405000000000037
23.405000000000037
23.405000000000037
22.66650000000003
22.66650000000003
22.66650000000003
22.66650000000003
22.66650000000003
22.66650000000003
22.66650000000003
22.66650000000003
22.66650000000003
22.66650000000003
22.66650000000003
22.66650000000003
22.66650000000003
22.66650000000003
22.66650000000003
22.66650000000003
22.66650000000003
22.66650000000003
22.66650000000003
22.66650000000003
22.66650000000003
22.66650000000003
22.66650000000003
22.66650000000003
22.66650000000003
22.66650000000003
22.66650000000003
22.66650000000003
22.66650000000003
22.66650000000003
22.66650000000003
22.66650000000003
22.66650000000003
22.66650000000003
22.66650000000003
22.66650000000003
22.66650000000003
22.66650000000003
22.66650000000003
22.66650000000003
22.66650000000003
22.66650000000003
22.66650000000003
22.66650000000003
22.66650000000003
22.66650000000003
22.66650000000003
22.66650000000003
22.66650000000003
22.66650000000003
22.38842000000004
22.38842000000004
22.38842000000004
22.38842000000004
22.38842000000004
22.263600000000025
22.60920000000003
22.60920000000003
22.60920000000003
22.60920000000003
22.60920000000003
22.60920000000003
22.60920000000003
22.60920000000003
22.40910000000003
21.913200000000028
21.913200000000028
21.913200000000028
21.913200000000028
21.913200000000028
21.913200000000028
21.913200000000028
21.913200000000028
21.913200000000028
21.913200000000028
21.913200000000028
21.913200000000028
21.913200000000028
21.913200000000028
21.913200000000028
21.913200000000028
21.913200000000028
21.913200000000028
21.913200000000028
21.913200000000028
21.913200000000028
21.913200000000028
21.913200000000028
21.913200000000028
21.913200000000028
21.913200000000028
21.913200000000028
21.913200000000028
21.913200000000028
21.913200000000028
21.913200000000028
21.913200000000028
21.913200000000028
21.913200000000028
21.913200000000028
21.913200000000028
21.913200000000028
21.913200000000028
21.913200000000028
21.913200000000028
21.913200000000028
21.913200000000028
21.913200000000028
21.913200000000028
22.65170000000003
22.65170000000003
21.63512000000003
21.63512000000003
21.63512000000003
21.913200000000028
21.873500000000025
21.873500000000025
22.195800000000027
21.83260000000003
22.989600000000028
22.989600000000028
22.989600000000028
22.989600000000028
22.989600000000028
22.989600000000028
22.989600000000028
22.989600000000028
22.989600000000028
22.989600000000028
22.989600000000028
22.989600000000028
22.989600000000028
22.989600000000028
22.89790000000004
22.89790000000004
22.89790000000004
22.89790000000004
22.89790000000004
22.89790000000004
22.31890000000003
22.793200000000034
23.03210000000003
23.03210000000003
23.03210000000003
23.03210000000003
23.03210000000003
23.03210000000003
23.03210000000003
22.27640000000003
22.27640000000003
22.27640000000003
22.27640000000003
22.897900000000035
22.897900000000035
22.108800000000027
21.65510000000003
22.61090000000003
22.714300000000033
22.714300000000033
22.714300000000033
22.714300000000033
22.43620000000003
22.43620000000003
22.43620000000003
22.799300000000038
22.799300000000038
22.799300000000038
22.799300000000038
22.756800000000034
22.756800000000034
22.756800000000034
22.756800000000034
22.756800000000034
22.756800000000034
22.756800000000034
22.756800000000034
22.756800000000034
22.756800000000034
22.756800000000034
22.756800000000034
22.756800000000034
22.756800000000034
22.756800000000034
22.756800000000034
22.756800000000034
22.756800000000034
22.25210000000003
22.48220000000003
21.62310000000003
21.442500000000027
22.91000000000004
22.58910000000003
22.004800000000024
21.888300000000037
21.58670000000003
22.36780000000003
22.22030000000003
22.49300000000003
21.217320000000022
21.886700000000033
22.743300000000033
21.29250000000002
21.42780000000003
21.830500000000033
22.309400000000032
22.309400000000032
21.78800000000003
22.38460000000003
21.99040000000003
21.355300000000028
21.070200000000025
21.703500000000037
21.449600000000032
21.760000000000026
21.760000000000026
21.81000000000003
21.63290000000004
20.919700000000027
20.965200000000024
20.77430000000003
21.200400000000027
21.340100000000035
21.010000000000026
20.26060000000002
20.071800000000017
20.884800000000027
20.64020000000002
20.35090000000002
20.110500000000023
19.45850000000001
19.333370000000013
20.186600000000016
19.37960000000001
19.33010000000001
18.94640000000001
18.410800000000002
18.02569999999999
17.584599999999995
18.0114
17.32649999999999
17.6897
17.349399999999996
17.672799999999995
16.423599999999972
17.779999999999998
16.256699999999977
18.54100000000001
16.00199999999997
17.711599999999997
17.711599999999997
17.711599999999997
17.711599999999997
17.711599999999997
16.24849999999998
17.272899999999993
17.27459999999999
17.09209999999999
17.09209999999999
16.353599999999982
16.353599999999982
16.353599999999982
16.353599999999982
16.816399999999987
16.669999999999984
17.172899999999984
15.702599999999979
16.030699999999975
17.04529999999999
16.44389999999998
16.564299999999985
16.12219999999997
16.44289999999998
16.44289999999998
16.44289999999998
16.44289999999998
16.485399999999984
16.485399999999984
16.485399999999984
16.320999999999977
16.604399999999988
14.548799999999973
15.732099999999972
15.732099999999972
15.732099999999972
15.732099999999972
15.732099999999972
15.732099999999972
15.732099999999972
15.732099999999972
15.732099999999972
15.732099999999972
15.732099999999972
15.732099999999972
15.732099999999972
15.732099999999972
15.732099999999972
15.732099999999972
15.732099999999972
15.732099999999972
15.732099999999972
15.732099999999972
16.174199999999978
16.174199999999978
17.300199999999993
16.034599999999976
15.37749999999997
16.052799999999976
16.095299999999973
16.095299999999973
16.095299999999973
16.095299999999973
16.095299999999973
16.095299999999973
16.095299999999973
16.095299999999973
16.095299999999973
16.095299999999973
16.095299999999973
16.095299999999973
16.095299999999973
16.095299999999973
16.095299999999973
16.095299999999973
16.095299999999973
16.41839999999998
16.41839999999998
16.41839999999998
16.41839999999998
16.610599999999984
15.384499999999973
15.341999999999974
15.341999999999974
15.341999999999974
15.341999999999974
15.341999999999974
15.341999999999974
15.341999999999974
15.341999999999974
15.341999999999974
15.341999999999974
15.341999999999974
15.341999999999974
15.341999999999974
15.341999999999974
15.341999999999974
15.341999999999974
15.341999999999974
15.063919999999976
15.063919999999976
15.063919999999976
15.261399999999972
16.096999999999976
14.559599999999973
15.644499999999976
16.34609999999998
16.019899999999975
15.903199999999973
15.370299999999974
15.943399999999976
15.216799999999976
15.216799999999976
15.309099999999972
14.654099999999975
14.654099999999975
16.127499999999976
15.055399999999974
15.697899999999974
15.253999999999978
15.39139999999998
15.114599999999976
13.287899999999977
14.419099999999977
14.56439999999998
14.441199999999977
13.573079999999978
15.373299999999976
14.829299999999975
15.679599999999972
13.574999999999982
15.312399999999975
11.736099999999984
13.202199999999985
13.44909999999998
11.487099999999987
10.406299999999993
10.46749999999999
11.487299999999987
13.835999999999984
10.38399999999999
10.465999999999989
10.252899999999991
9.038299999999998
8.349399999999996
8.349399999999996
1.99502
18.54710000000001
2.9716200000000015
-0.13679999999999998
-0.13679999999999998
1.5480999999999998
2.26358
1.5056
8.050600000000001
10.620699999999987
20.24930000000002
21.272200000000023
