5.342300000000005
5.342300000000005
4.945500000000004
4.412600000000004
4.737700000000004
5.7496000000000045
4.807120000000004
4.962520000000004
5.095820000000004
4.405600000000003
4.536200000000004
4.536200000000004
4.536200000000004
4.224420000000003
4.612400000000004
5.359500000000004
5.623300000000005
3.839800000000003
4.389320000000003
3.916000000000003
4.6620700000000035
4.6620700000000035
4.075500000000003
4.493000000000003
4.082100000000003
3.9312000000000022
3.662020000000002
3.662020000000002
3.662020000000002
3.662020000000002
3.662020000000002
3.662020000000002
3.277400000000002
3.492700000000002
4.7318200000000035
3.2914200000000027
3.950720000000002
3.353600000000001
3.353600000000001
3.353600000000001
3.353600000000001
3.353600000000001
3.353600000000001
3.353600000000001
3.353600000000001
3.353600000000001
3.367620000000002
3.367620000000002
3.7106200000000022
5.355200000000004
4.012000000000002
4.012000000000002
4.971320000000004
4.503400000000004
4.064000000000004
4.597300000000003
3.049800000000001
2.9358000000000013
2.9358000000000013
4.6334000000000035
3.3340000000000014
3.367600000000002
4.044700000000002
2.7486000000000006
3.6739000000000024
3.4571000000000027
3.5016000000000025
3.148220000000002
3.148220000000002
3.482800000000002
3.482800000000002
3.367600000000002
4.734720000000004
3.694700000000002
3.416100000000002
3.416100000000002
3.5843200000000017
3.7504200000000028
4.110700000000003
4.110700000000003
3.5377000000000023
3.5923000000000025
3.5923000000000025
3.4951000000000008
4.007920000000003
3.3340000000000014
2.978900000000001
3.625700000000002
4.3602000000000025
3.108600000000002
3.3614000000000024
3.3614000000000024
3.3614000000000024
2.839800000000001
2.839800000000001
3.1098000000000017
3.3402900000000013
2.977500000000001
2.977500000000001
2.977500000000001
2.977500000000001
2.977500000000001
2.977500000000001
3.704800000000002
3.4482000000000026
3.275900000000002
3.275900000000002
3.442000000000002
3.4942200000000025
2.0853
4.267800000000004
3.279720000000002
4.533500000000003
3.6274700000000024
3.0670000000000024
3.0670000000000024
3.0670000000000024
2.5574200000000005
2.5574200000000005
3.182500000000002
2.2490000000000006
2.2490000000000006
2.2490000000000006
2.2490000000000006
2.2490000000000006
2.2490000000000006
2.2490000000000006
2.2490000000000006
2.2490000000000006
2.2490000000000006
2.2490000000000006
2.2490000000000006
2.2490000000000006
4.872400000000003
2.5567200000000017
2.30344
2.30344
2.30344
2.30344
3.730700000000002
2.981500000000002
4.112400000000003
3.490020000000002
3.490020000000002
3.362700000000003
3.1960000000000015
3.315600000000001
3.6225000000000023
2.7197000000000005
2.7197000000000005
2.54322
3.2897700000000016
3.3614000000000024
3.597100000000002
3.0242000000000004
4.7973000000000035
3.0299000000000014
3.0299000000000014
3.0299000000000014
3.0299000000000014
3.0299000000000014
2.8858000000000006
2.8858000000000006
2.8858000000000006
2.922320000000002
2.922320000000002
2.4151000000000007
2.4151000000000007
3.382000000000002
3.4121000000000015
3.0207000000000015
2.1341200000000002
2.1341200000000002
2.1341200000000002
2.1341200000000002
2.1341200000000002
2.8370000000000006
3.3305000000000016
2.905570000000001
3.842500000000003
1.49622
3.2863000000000016
3.1960000000000015
3.318600000000001
1.99502
1.99502
1.99502
1.99502
1.99502
1.99502
1.99502
1.99502
1.99502
1.99502
1.99502
1.99502
1.99502
1.99502
1.99502
1.99502
1.99502
1.99502
1.99502
1.99502
1.99502
1.99502
1.99502
1.99502
1.99502
1.99502
1.99502
1.99502
1.99502
1.99502
1.99502
1.99502
1.99502
1.99502
1.99502
1.99502
1.99502
1.99502
1.99502
1.99502
1.99502
3.943500000000003
2.638020000000001
2.9726000000000017
2.9726000000000017
2.9726000000000017
2.9726000000000017
1.7006
3.6411000000000024
2.1561000000000003
2.885020000000001
1.8256999999999999
1.8256999999999999
2.424820000000001
2.3296
2.3296
2.3296
2.3296
2.3476
2.4687
2.639800000000001
2.639800000000001
2.639800000000001
2.6142000000000003
1.7283
1.7283
1.7283
1.7283
1.7283
1.7283
2.473700000000001
2.6268000000000002
2.1163999999999996
1.644
1.1789
1.70062
3.6595200000000023
2.730100000000001
1.57722
1.57722
1.57722
1.57722
1.57722
1.6866
1.6866
1.6866
1.6866
1.6866
1.6866
1.6866
1.6866
1.6866
1.6866
1.6866
1.6866
1.6866
1.6866
1.6866
1.6866
1.6866
1.6866
2.3208000000000006
3.0591200000000014
3.297600000000002
1.4990999999999999
1.4990999999999999
1.5582799999999999
2.8278000000000008
2.9137000000000013
2.0352
1.3921999999999999
1.3921999999999999
1.3921999999999999
2.2220000000000004
2.5605
3.1277000000000017
2.736000000000001
2.0987999999999998
3.1452000000000018
3.4286200000000013
2.283720000000001
2.8518000000000012
3.7660200000000024
1.39002
3.395100000000003
2.623500000000001
1.2688000000000001
1.39002
1.39002
1.9130999999999998
2.0343999999999998
2.940800000000001
1.6679000000000002
3.385500000000002
2.3937999999999997
2.1578
3.587100000000002
3.5085200000000025
3.3511000000000015
2.9791000000000016
2.868500000000001
1.9752999999999996
1.9752999999999996
1.9752999999999996
1.9752999999999996
1.9752999999999996
1.9752999999999996
1.0816
2.756100000000001
2.6728000000000014
1.68427
1.68427
1.68427
2.954600000000001
2.8389000000000006
1.5908
3.2890000000000024
2.5255
3.6288000000000014
2.6948000000000008
2.3223000000000003
3.0816000000000017
2.977500000000002
2.6948000000000008
3.0457000000000014
0.9722199999999999
2.3024999999999993
2.9251000000000014
2.8389000000000006
2.5754
2.853900000000001
2.2827
2.2827
1.7265
2.950000000000001
2.1166
3.550200000000002
3.602000000000002
3.0831800000000014
2.6019000000000005
2.4488000000000003
2.2827
2.1386000000000003
2.1386000000000003
2.1386000000000003
3.851600000000002
2.3047000000000004
2.3047000000000004
1.3364
1.3364
1.3364
1.3364
2.4488000000000003
2.3081000000000005
1.7226
1.8926
2.920600000000001
3.0802000000000014
2.0882
1.5025
1.5025
1.1124
1.1124
1.1124
1.1124
1.8667
1.8926
1.8926
2.2559000000000005
3.1140000000000017
2.2118
2.0587
2.0587
1.425
1.8605
1.4096
2.4951000000000008
1.8926
2.2248
1.3451
2.0587
2.0587
1.3451
1.7996999999999999
0.9204
1.4766000000000001
1.0262
1.3514
1.5065
1.4766000000000001
1.1923
1.1923
1.1923
0.9981
1.5025
1.5025
1.5025
1.5025
1.5025
2.551000000000001
2.7590000000000012
1.6685999999999999
2.2302
1.201
2.663000000000001
1.4923
1.4749999999999999
0.7614000000000001
0.5820000000000001
2.1603000000000003
1.3584
1.8031
1.0865
2.1178
0.37129999999999996
0.6595
1.84938
1.6559000000000001
2.2138
1.6839
1.0994
1.0994
2.812100000000001
2.0083
2.1420000000000003
1.7277
0.39107
1.7702
0.5857
0.5857
2.3160000000000007
1.6859
1.7277
2.1098999999999997
0.9723000000000002
2.6948000000000008
1.8828
0.5601999999999999
0.5601999999999999
0.5601999999999999
3.346300000000002
1.439
1.439
0.0040000000000000036
-0.1849
1.28698
1.28698
1.28698
-0.09903
2.3559
2.706900000000001
2.0587
2.0587
2.0587
2.0587
2.0587
2.0587
2.0587
2.0587
2.0587
1.4225999999999999
2.2248
5.009300000000004
1.5733000000000001
1.3451000000000002
4.197500000000003
3.9559000000000033
0.6361
1.2957999999999998
1.2957999999999998
0.8922000000000002
3.982400000000003
3.561200000000002
3.561200000000002
3.5000000000000027
4.758100000000004
