[0.00029502]
[0.00029502]
[0.00029502]
[0.00029502]
[0.00030371]
[0.00030371]
[0.00030371]
[0.00030371]
[0.00030371]
[0.00029611]
[0.00029611]
[0.00029611]
[0.00029611]
[0.00029611]
[0.00029611]
[0.00029611]
[0.00029611]
[0.00029611]
[0.00029611]
[0.00029611]
[0.00029611]
[0.00029611]
[0.00029611]
[0.00029611]
[0.00029611]
[0.00029611]
[0.00029611]
[0.00029611]
[0.00029611]
[0.00029611]
[0.00029611]
[0.00029611]
[0.00029611]
[0.00029611]
[0.00029611]
[0.00029611]
[0.00029611]
[0.00029611]
[0.00029611]
[0.00029611]
[0.00029611]
[0.00029611]
[0.00029611]
[0.00029611]
[0.00029611]
[0.00029611]
[0.00029611]
[0.00029611]
[0.00029611]
[0.00029611]
[0.00029611]
[0.00029611]
[0.00029611]
[0.00029611]
[0.00029611]
[0.00029611]
[0.00029611]
[0.00029611]
[0.00029611]
[0.00029611]
[0.00029611]
[0.00029611]
[0.00029611]
[0.00029611]
[0.00029611]
[0.00029611]
[0.00029611]
[0.00029611]
[0.00029611]
[0.00029611]
[0.00029611]
[0.00029611]
[0.00029611]
[0.00029611]
[0.00029611]
[0.00029611]
[0.00029611]
[0.00029611]
[0.00029611]
[0.00029611]
[0.00029611]
[0.00029611]
[0.00029611]
[0.00029611]
[0.00029611]
[0.00029611]
[0.00029611]
[0.00029611]
[0.00029611]
[0.00029611]
[0.00029611]
[0.00029611]
[0.00029611]
[0.00029611]
[0.00029611]
[0.00029611]
[0.00029611]
[0.00029611]
[0.00029611]
[0.00029611]
[0.00029611]
[0.00029611]
[0.00029611]
[0.00029611]
[0.00029611]
[0.00029611]
[0.00029611]
[0.00029611]
[0.00029611]
[0.00029611]
[0.00029611]
[0.00029611]
[0.00029611]
[0.00029611]
[0.00029611]
[0.00029611]
[0.00029611]
[0.00029611]
[0.00029611]
[0.00029611]
[0.00029611]
[0.00029611]
[0.00029611]
[0.00029611]
[0.00029611]
[0.00029611]
[0.00029611]
[0.00029611]
[0.00029611]
[0.00029611]
[0.00029611]
[0.00029611]
[0.00029611]
[0.00029611]
[0.00029611]
[0.00029611]
[0.00029611]
[0.00029611]
[0.00029611]
[0.00029611]
[0.00029611]
[0.00029611]
[0.00029611]
[0.00029611]
[0.00029611]
[0.00029611]
[0.00029611]
[0.00029611]
[0.00029611]
[0.00029611]
[0.00029611]
[0.00029611]
[0.00029611]
[0.00029611]
[0.00029611]
[0.00029611]
[0.00029611]
[0.00029611]
[0.00029611]
[0.00029611]
[0.00029611]
[0.00029611]
[0.00029611]
[0.00029611]
[0.00029611]
[0.00029611]
[0.00029611]
[0.00029611]
[0.00029611]
[0.00029611]
[0.00029611]
[0.00029611]
[0.00029611]
[0.00029611]
[0.00029611]
[0.00029611]
[0.00029611]
[0.00029611]
[0.00029611]
[0.00029611]
[0.00029611]
[0.00029611]
[0.00029611]
[0.00029611]
[0.00029611]
[0.00029611]
[0.00029611]
[0.00029611]
[0.00029611]
[0.00029611]
[0.00029611]
[0.00029611]
[0.00029611]
[0.00029611]
[0.00029611]
[0.00029611]
[0.00029611]
[0.00029611]
[0.00029611]
[0.00029611]
[0.00029611]
[0.00029611]
[0.00029611]
[0.00029611]
[0.00029611]
[0.00029611]
[0.00029611]
[0.00029611]
[0.00029611]
[0.00029611]
[0.00029611]
[0.00029611]
[0.00029611]
[0.00029611]
[0.00029611]
[0.00029611]
[0.00029611]
[0.00029611]
[0.00029611]
[0.00029611]
[0.00029611]
[0.00029611]
[0.00029611]
[0.00029611]
[0.00029611]
[0.00029611]
[0.00029611]
[0.00029611]
[0.00029611]
[0.00029611]
[0.00029611]
[0.00029611]
[0.00029611]
[0.00029611]
[0.00029611]
[0.00029611]
[0.00029611]
[0.00029611]
[0.00029611]
[0.00029611]
[0.00029611]
[0.00029611]
[0.00029611]
[0.00029611]
[0.00029611]
[0.00029611]
[0.00029611]
[0.00029611]
[0.00029611]
[0.00029611]
[0.00029611]
[0.00029611]
[0.00029611]
[0.00029611]
[0.00029611]
[0.00029611]
[0.00029611]
[0.00029611]
[0.00029611]
[0.00029611]
[0.00029611]
[0.00029611]
[0.00029611]
[0.00029503]
[0.00030389]
[0.00030389]
[0.00030389]
[0.00030389]
[0.00030389]
[0.00030389]
[0.00030389]
[0.00030389]
[0.00030389]
[0.00030389]
[0.00030389]
[0.00030389]
[0.00030389]
[0.00030389]
[0.00030389]
[0.00030389]
[0.00030389]
[0.00030389]
[0.00030389]
[0.00030389]
[0.00030389]
[0.00030389]
[0.00030389]
[0.00030389]
[0.00030389]
[0.00030389]
[0.00030389]
[0.00030389]
[0.00030389]
[0.00030389]
[0.00030389]
[0.00030389]
[0.00030389]
[0.00030389]
[0.00030389]
[0.00030389]
[0.00030389]
[0.00030389]
[0.00030389]
[0.00030389]
[0.00030389]
[0.00030389]
[0.00030389]
[0.00030389]
[0.00030389]
[0.00029506]
[0.0003051]
[0.0003051]
[0.00030516]
[0.00030516]
[0.00030516]
[0.00030516]
[0.00030516]
[0.00030516]
[0.00030516]
[0.00030516]
[0.00030516]
[0.00030516]
[0.00030516]
[0.00030516]
[0.00030516]
[0.00030516]
[0.00030516]
[0.00030516]
[0.00030516]
[0.00030516]
[0.00030516]
[0.00030516]
[0.00030516]
[0.00030516]
[0.00030516]
[0.00030516]
[0.00030516]
[0.00030516]
[0.00030516]
[0.00030516]
[0.00030516]
[0.00030516]
[0.00030516]
[0.00030516]
[0.00030516]
[0.00030516]
[0.00030516]
[0.00030516]
[0.00030516]
[0.00030516]
[0.00030516]
[0.00030516]
[0.00030516]
[0.00030516]
[0.00030516]
[0.00030516]
[0.00030516]
[0.00030516]
[0.00030516]
[0.00030516]
[0.00030516]
[0.00030516]
[0.00030516]
[0.00030516]
[0.00030516]
[0.00030516]
[0.00030516]
[0.00030516]
[0.00030516]
[0.00030516]
[0.00030516]
[0.00030516]
[0.00030516]
[0.00030516]
[0.00030516]
[0.00030516]
[0.00030516]
[0.00030516]
[0.00030516]
[0.00030516]
[0.00030516]
[0.00030516]
[0.00030516]
[0.00030516]
[0.00030516]
[0.00030516]
[0.00030516]
[0.00030516]
[0.00030516]
[0.00030516]
[0.00030516]
[0.00030516]
[0.00030516]
[0.00030516]
[0.00030516]
[0.00030516]
[0.00030516]
[0.00032676]
[0.00031277]
[0.00030537]
[0.00030537]
[0.00030537]
[0.00030537]
[0.00030537]
[0.00029952]
[0.00031449]
[0.00030156]
[0.00030156]
[0.00031736]
[0.00035335]
[0.00030235]
[0.00030235]
[0.00030235]
[0.00030363]
[0.00031262]
[0.00035531]
[0.00030225]
[0.00032871]
[0.00038151]
[0.00049492]
[0.00040973]
[0.00069193]
[0.00089368]
[0.00101166]
[0.00101166]
[0.00101166]
[0.00101166]
[0.00111523]
[0.00215653]
[0.0017295]
[0.0017295]
[0.0017295]
[0.0017295]
[0.0017295]
[0.0017295]
[0.0017295]
[0.0017295]
[0.0017295]
[0.0017295]
[0.0017295]
[0.0017295]
[0.0017295]
[0.0017295]
[0.0017295]
[0.0017295]
[0.0017295]
[0.0017295]
[0.0017295]
[0.0017295]
[0.0017295]
[0.0017295]
[0.0017295]
[0.0017295]
[0.0017295]
[0.0017295]
[0.0017295]
[0.0017295]
[0.0017295]
[0.0017295]
[0.0017295]
[0.0017295]
[0.0017295]
[0.0017295]
[0.0017295]
[0.00104654]
[0.00131333]
[0.00134058]
[0.00437556]
[0.00259593]
[0.00259593]
[0.00259593]
[0.00259593]
[0.00259593]
[0.00259593]
[0.00259593]
[0.00259593]
[0.00087301]
[0.0009286]
[0.00245199]
[0.0003133]
[0.03825738]
[0.00167554]
[0.01452612]
[0.01452612]
[0.01452612]
[0.01452612]
[0.01452612]
[0.01452612]
[0.4152522]
[0.01192104]
[0.01192104]
[0.01192104]
[0.01192104]
[0.00732618]
[0.00069587]
[0.11153492]
[0.00243783]
[0.00031226]
[0.00464126]
[0.00945529]
