19.027199999999997
19.027199999999997
19.027199999999997
19.027199999999997
19.069699999999997
19.009200000000003
18.68329999999999
18.51889999999999
18.42029999999999
18.8497
18.8497
18.8497
18.8497
18.8497
18.8497
18.8497
18.8497
18.8497
18.8497
18.8497
18.8497
18.8497
18.8497
18.8497
18.8497
18.8497
18.8497
18.8497
18.8497
18.8497
18.8497
18.8497
18.8497
18.8497
18.8497
18.8497
18.8497
18.8497
18.8497
18.8497
18.8497
18.8497
18.8497
18.8497
18.8497
18.8497
18.8497
18.8497
18.8497
18.8497
18.8497
18.8497
18.8497
18.8497
18.8497
18.8497
18.8497
18.8497
18.8497
18.8497
18.8497
18.8497
18.8497
18.8497
18.8497
18.8497
18.8497
18.8497
18.8497
18.8497
18.8497
18.8497
18.8497
18.8497
18.8497
18.8497
18.8497
18.8497
18.8497
18.8497
18.8497
18.8497
18.8497
18.51889999999999
18.51889999999999
18.51889999999999
18.51889999999999
18.51889999999999
18.51889999999999
18.51889999999999
18.51889999999999
18.51889999999999
18.51889999999999
18.51889999999999
18.51889999999999
18.51889999999999
18.51889999999999
18.51889999999999
18.51889999999999
18.51889999999999
18.51889999999999
18.51889999999999
18.51889999999999
18.26079999999999
18.26079999999999
18.26079999999999
18.26079999999999
18.26079999999999
18.26079999999999
18.26079999999999
18.26079999999999
18.26079999999999
18.26079999999999
18.26079999999999
18.26079999999999
18.26079999999999
18.26079999999999
18.26079999999999
18.26079999999999
18.26079999999999
18.26079999999999
18.26079999999999
18.26079999999999
18.26079999999999
18.26079999999999
18.26079999999999
18.26079999999999
18.26079999999999
18.26079999999999
18.26079999999999
18.26079999999999
18.26079999999999
18.26079999999999
18.26079999999999
18.26079999999999
18.26079999999999
18.26079999999999
18.26079999999999
18.26079999999999
18.26079999999999
18.26079999999999
18.26079999999999
18.26079999999999
18.26079999999999
18.26079999999999
18.26079999999999
18.26079999999999
18.26079999999999
18.26079999999999
18.679599999999997
18.180199999999985
18.180199999999985
18.180199999999985
18.180199999999985
18.180199999999985
18.180199999999985
18.180199999999985
18.180199999999985
18.180199999999985
18.180199999999985
18.53179999999999
18.119699999999987
18.119699999999987
18.119699999999987
18.562599999999993
18.16789999999999
18.378999999999994
18.378999999999994
18.378999999999994
18.378999999999994
18.378999999999994
18.378999999999994
18.378999999999994
18.378999999999994
18.47809999999999
18.47809999999999
18.47809999999999
18.47809999999999
18.47809999999999
18.47809999999999
18.47809999999999
18.47809999999999
18.47809999999999
18.47809999999999
18.47809999999999
18.47809999999999
18.47809999999999
18.26199999999999
18.26199999999999
18.26199999999999
18.26199999999999
18.26199999999999
18.26199999999999
18.26199999999999
18.40309999999999
18.40309999999999
18.40309999999999
18.40309999999999
18.090699999999984
18.090699999999984
18.219999999999988
18.219999999999988
18.219999999999988
17.962699999999987
17.962699999999987
18.8645
18.411899999999992
18.411899999999992
18.411899999999992
18.411899999999992
18.411899999999992
18.411899999999992
18.411899999999992
18.411899999999992
18.411899999999992
18.411899999999992
18.411899999999992
18.411899999999992
18.411899999999992
18.411899999999992
18.411899999999992
18.411899999999992
18.411899999999992
18.411899999999992
18.411899999999992
18.411899999999992
18.34259999999999
18.54169999999999
18.011799999999983
18.011799999999983
18.011799999999983
18.011799999999983
18.011799999999983
18.011799999999983
18.011799999999983
18.011799999999983
18.011799999999983
18.011799999999983
18.011799999999983
18.011799999999983
18.011799999999983
18.011799999999983
18.011799999999983
18.50209999999999
18.34259999999999
18.34259999999999
18.34259999999999
18.34259999999999
18.34259999999999
18.34259999999999
18.34259999999999
18.34259999999999
18.34259999999999
18.34259999999999
18.34259999999999
18.34259999999999
18.34259999999999
18.34259999999999
18.34259999999999
18.34259999999999
18.627999999999993
18.128799999999988
17.870699999999985
17.870699999999985
17.870699999999985
18.053899999999985
17.790099999999985
17.790099999999985
18.28529999999999
18.345299999999995
18.708099999999998
17.95619999999998
18.24699999999999
18.30009999999999
18.295899999999993
17.893599999999985
17.893599999999985
18.24399999999999
17.998999999999985
18.24469999999999
18.24469999999999
18.24469999999999
18.268099999999993
17.729599999999984
17.62139999999998
17.870699999999985
17.870699999999985
17.904299999999985
17.83869999999998
18.18789999999999
18.18789999999999
18.087999999999987
18.087999999999987
18.087999999999987
17.829899999999984
18.36789999999999
18.20499999999999
18.06949999999999
18.06949999999999
17.804899999999982
17.658099999999983
17.62169999999998
17.62169999999998
17.80559999999998
18.348199999999995
17.913899999999988
17.738699999999984
17.48059999999998
17.48059999999998
17.48059999999998
18.259499999999992
17.687799999999985
17.65579999999998
17.980699999999985
17.70319999999998
17.874819999999985
17.323899999999977
18.58199999999999
18.58199999999999
17.47219999999998
18.18869999999999
18.18869999999999
17.814699999999984
17.93669999999998
17.348099999999977
17.87309999999998
17.17379999999998
17.679399999999987
18.08429999999999
17.231599999999975
17.065499999999975
17.368399999999983
17.68649999999998
17.745999999999988
17.943699999999986
18.167599999999986
17.090499999999974
17.369899999999983
18.12119999999999
17.41729999999998
17.61659999999998
17.48219999999998
16.949399999999976
16.957999999999977
17.373499999999975
17.616599999999984
17.51809999999998
17.68159999999998
16.59969999999997
17.55359999999998
17.862999999999985
16.907599999999977
16.700399999999973
18.21419999999999
17.63459999999998
18.31799999999999
17.729099999999985
16.277399999999968
17.876099999999987
16.838999999999974
17.56299999999998
18.28749999999999
17.715799999999987
17.69859999999998
17.956699999999987
17.956699999999987
17.956699999999987
18.122799999999987
17.074099999999973
17.54989999999998
17.43659999999998
16.47729999999997
16.010999999999964
16.17779999999997
16.17779999999997
17.880199999999988
17.840899999999984
17.681699999999985
17.45209999999998
18.234599999999993
18.234599999999993
17.44959999999998
17.71229999999998
15.664099999999966
15.664099999999966
17.267399999999977
15.670699999999966
16.192599999999967
15.819399999999963
15.281199999999966
17.276599999999977
17.24159999999998
16.991399999999974
17.52579999999998
17.694899999999983
15.429299999999964
17.20479999999998
15.379599999999968
16.679899999999975
14.38669999999997
14.45059999999997
14.11089999999997
14.11089999999997
14.11089999999997
13.93739999999997
13.720799999999972
12.937099999999974
13.516599999999976
12.957699999999974
12.421999999999978
13.406899999999975
13.082999999999974
12.784199999999975
12.371599999999978
13.205699999999974
12.715699999999975
11.388899999999984
11.388899999999984
8.788100000000002
15.485999999999967
12.020299999999978
12.020299999999978
11.630999999999984
11.434899999999985
12.419799999999977
8.453700000000003
14.898299999999969
10.878699999999988
11.490599999999985
10.022699999999993
11.054499999999985
11.054499999999985
10.948499999999989
8.396200000000004
9.294599999999999
9.740199999999996
7.696200000000006
8.170600000000006
8.723100000000002
9.4477
9.853099999999994
9.373099999999999
8.538220000000004
8.538220000000004
7.924900000000006
8.612700000000002
8.481100000000003
8.457800000000004
8.223800000000006
8.8858
9.608679999999996
8.835400000000003
16.49689999999997
8.737500000000004
8.737500000000004
8.699900000000003
4.979700000000005
6.992600000000007
8.253700000000006
6.268400000000006
6.469900000000005
5.451900000000006
5.0099000000000045
5.661200000000005
5.921700000000006
8.348480000000004
3.3164000000000025
1.4990999999999999
5.485800000000006
5.888800000000005
3.4495000000000022
5.0354000000000045
5.0354000000000045
4.386300000000004
4.604500000000004
4.089100000000003
2.3218000000000005
5.773080000000006
0.5857
17.26949999999998
1.1923
1.9145999999999999
17.60969999999999
18.30009999999999
18.011799999999994
18.34259999999999
18.234599999999993
18.03649999999999
17.58299999999998
6.067900000000005
17.127499999999976
5.923800000000005
6.099000000000005
8.284300000000004
12.570099999999975
14.147999999999971
17.82969999999998
17.01539999999998
16.967799999999976
17.483099999999983
