4.365583782829875
4.365583782829875
4.379654771054351
4.379654771054351
4.379654771054351
4.379654771054351
4.38067879409014
4.31813660764876
4.29041190787929
4.360643103429249
4.360643103429249
4.360643103429249
4.367509700309514
4.367509700309514
4.367509700309514
4.367509700309514
4.367509700309514
4.367509700309514
4.367509700309514
4.367509700309514
4.367509700309514
4.367509700309514
4.367509700309514
4.367509700309514
4.3180159864320995
4.3180159864320995
4.3180159864320995
4.3180159864320995
4.3180159864320995
4.3180159864320995
4.3180159864320995
4.3180159864320995
4.3180159864320995
4.3180159864320995
4.3180159864320995
4.3180159864320995
4.3180159864320995
4.3180159864320995
4.3180159864320995
4.3180159864320995
4.3180159864320995
4.3180159864320995
4.3180159864320995
4.3180159864320995
4.3180159864320995
4.3180159864320995
4.3180159864320995
4.3180159864320995
4.3180159864320995
4.3180159864320995
4.3180159864320995
4.3180159864320995
4.3180159864320995
4.3180159864320995
4.3180159864320995
4.3180159864320995
4.3180159864320995
4.3180159864320995
4.3180159864320995
4.3180159864320995
4.3180159864320995
4.3180159864320995
4.3180159864320995
4.3180159864320995
4.3180159864320995
4.3180159864320995
4.3180159864320995
4.3180159864320995
4.3180159864320995
4.3180159864320995
4.3180159864320995
4.3180159864320995
4.3180159864320995
4.3180159864320995
4.3180159864320995
4.3180159864320995
4.3180159864320995
4.3180159864320995
4.3180159864320995
4.3180159864320995
4.3180159864320995
4.3180159864320995
4.3180159864320995
4.3180159864320995
4.3180159864320995
4.3180159864320995
4.3180159864320995
4.3180159864320995
4.3180159864320995
4.3180159864320995
4.3180159864320995
4.3180159864320995
4.3180159864320995
4.3180159864320995
4.3180159864320995
4.3180159864320995
4.3180159864320995
4.3180159864320995
4.3180159864320995
4.3180159864320995
4.3180159864320995
4.3180159864320995
4.3180159864320995
4.3180159864320995
4.3180159864320995
4.3180159864320995
4.3180159864320995
4.3180159864320995
4.3180159864320995
4.3180159864320995
4.3180159864320995
4.3180159864320995
4.3180159864320995
4.3180159864320995
4.3180159864320995
4.3180159864320995
4.3180159864320995
4.3180159864320995
4.3180159864320995
4.3180159864320995
4.3180159864320995
4.3180159864320995
4.3180159864320995
4.3180159864320995
4.3180159864320995
4.3180159864320995
4.3180159864320995
4.3180159864320995
4.3180159864320995
4.3180159864320995
4.3180159864320995
4.3180159864320995
4.3180159864320995
4.3180159864320995
4.3180159864320995
4.3180159864320995
4.3180159864320995
4.3180159864320995
4.3180159864320995
4.3180159864320995
4.3180159864320995
4.3180159864320995
4.3180159864320995
4.3180159864320995
4.3180159864320995
4.3180159864320995
4.3180159864320995
4.3180159864320995
4.3180159864320995
4.3180159864320995
4.3180159864320995
4.3180159864320995
4.3180159864320995
4.3180159864320995
4.3180159864320995
4.3180159864320995
4.3180159864320995
4.3180159864320995
4.3180159864320995
4.3180159864320995
4.3180159864320995
4.3180159864320995
4.3180159864320995
4.3180159864320995
4.3180159864320995
4.3180159864320995
4.3180159864320995
4.3180159864320995
4.3180159864320995
4.3180159864320995
4.3180159864320995
4.3180159864320995
4.3180159864320995
4.3180159864320995
4.3180159864320995
4.3180159864320995
4.3180159864320995
4.3180159864320995
4.3180159864320995
4.3180159864320995
4.3180159864320995
4.3180159864320995
4.3180159864320995
4.3180159864320995
4.3180159864320995
4.3180159864320995
4.3180159864320995
4.3180159864320995
4.3180159864320995
4.3180159864320995
4.3180159864320995
4.3180159864320995
4.3180159864320995
4.3180159864320995
4.3180159864320995
4.3180159864320995
4.3180159864320995
4.3180159864320995
4.3180159864320995
4.3180159864320995
4.3180159864320995
4.3180159864320995
4.3180159864320995
4.3180159864320995
4.3180159864320995
4.3180159864320995
4.3180159864320995
4.3180159864320995
4.3180159864320995
4.3180159864320995
4.3180159864320995
4.3180159864320995
4.3180159864320995
4.3180159864320995
4.3180159864320995
4.3180159864320995
4.3180159864320995
4.3180159864320995
4.3180159864320995
4.3180159864320995
4.3180159864320995
4.3180159864320995
4.3180159864320995
4.3180159864320995
4.3180159864320995
4.3180159864320995
4.503032473140203
4.503032473140203
4.503032473140203
4.503032473140203
4.503032473140203
4.503032473140203
4.503032473140203
4.503032473140203
4.503032473140203
4.503032473140203
4.411482886016731
4.393792643266232
4.2552914233520145
4.2552914233520145
4.2552914233520145
4.2552914233520145
4.2552914233520145
4.2552914233520145
4.518406547009546
4.433438550300373
4.333891677944367
4.333891677944367
4.333891677944367
4.333891677944367
4.333891677944367
4.333891677944367
4.333891677944367
4.333891677944367
4.333891677944367
4.333891677944367
4.333891677944367
4.333891677944367
4.333891677944367
4.333891677944367
4.333891677944367
4.333891677944367
4.333891677944367
4.333891677944367
4.333891677944367
4.333891677944367
4.333891677944367
4.333891677944367
4.333891677944367
4.333891677944367
4.333891677944367
4.333891677944367
4.333891677944367
4.333891677944367
4.333891677944367
4.333891677944367
4.333891677944367
4.333891677944367
4.333891677944367
4.333891677944367
4.333891677944367
4.334932397007912
4.334932397007912
4.334932397007912
4.334932397007912
4.595267396375313
4.188056306295158
4.188056306295158
4.188056306295158
4.478429410080903
4.290638842135587
4.290638842135587
4.246676996419969
4.1081994713565315
4.1081994713565315
4.33565088506109
4.33565088506109
4.387139176532392
4.49975086063506
4.426492859812354
4.426492859812354
4.426492859812354
4.462612324347998
4.462612324347998
4.462612324347998
4.462612324347998
4.462612324347998
4.22165545270796
4.22165545270796
4.569059040844433
4.569059040844433
4.573435951171675
4.238717563583648
4.255454580158235
4.5293113822889985
4.490308539356971
4.490308539356971
4.490308539356971
4.490308539356971
4.5414641345498
4.561730055145687
4.300694680693205
4.1707958690706715
4.4582375802293
4.4582375802293
4.4582375802293
4.4582375802293
4.4582375802293
4.4582375802293
4.4582375802293
4.454711059003088
4.319150335660256
4.5820028858066175
4.505815454841086
4.272018442645573
4.272018442645573
4.54653870462501
4.456471103612211
4.651094514707586
4.543304789059576
4.188025974456965
4.39494043323348
4.448834375600034
4.389862413005218
4.475361047840837
4.287800854286955
4.345704132455607
4.52856748595604
4.507458539479633
4.373292958035185
4.652152483258374
4.518168238476289
4.804425194690587
4.209192056755821
4.335307201686992
4.502049030033616
4.718650579305972
5.040880798546623
4.159908659279202
4.839434336212049
5.085151342533022
4.382830222369766
4.495685793713411
4.425842788734824
4.281925480770213
4.280537980108339
4.52386000208636
4.4939495093792985
4.512101516068262
4.132168917521193
4.397267891231328
4.640905963921357
4.344734098916776
5.086712880994561
4.767435128108397
5.218311227785891
4.9976228809945615
5.276357348484324
5.120220222439126
4.230846184285358
5.214479804071484
5.1126028092694575
4.665942111976472
4.18430268867737
4.154390824915759
3.9702999158248504
4.141594820919755
5.275128728401498
5.355376288841059
5.765152812093865
4.289393612671139
4.0269077017365245
3.9282063970824836
4.3875501655750995
3.8930209605318336
4.115184886261277
3.818858388879055
4.1514332534511045
4.185362232131149
3.601515006661815
4.059897408432707
3.8778900258727997
4.0889513825714925
3.7623214030491727
3.8303845163138597
4.00745046543324
4.00745046543324
3.844226309166677
3.5535998362038477
3.9791120183481787
3.8480322900811785
4.1452873653754025
3.4801371384277946
3.8434598645876346
3.837194846239477
3.7234043734802302
3.635132301006429
3.635132301006429
3.635132301006429
3.729006574919678
3.436072477038401
3.419402663161799
3.645142757125888
3.3206463577805536
3.3633442967859075
3.3633442967859075
3.7730291500769466
3.309631025745184
3.4219042107875204
3.6473865562917176
3.292837591204483
3.675401022265003
3.7592392308251767
3.1055319349065664
3.1055319349065664
3.3113946952768814
3.6046977864426335
3.3977297391053565
3.2027032294656657
3.6010948740790454
3.8502496229869987
3.8418017115361067
3.475178738055953
3.7725604311661627
3.606682637651879
3.461499799494449
3.461499799494449
3.313472119801653
3.518121914879064
3.640530568725218
5.153753034706078
3.5113957129559887
3.161480831636406
3.161480831636406
3.404470953340603
3.4508836937252187
3.4508836937252187
3.4007826498182236
3.290634097778705
3.56848729949445
3.374160272195846
3.6299144629559876
3.6299144629559876
4.163669768274606
4.758975673458451
3.684319786888665
3.684319786888665
3.9402956041874653
3.8077071765481847
3.872155348048816
3.7376672011398435
3.7376672011398435
3.7376672011398435
3.7376672011398435
4.096266639590149
4.096266639590149
3.976220455577714
3.976220455577714
3.976220455577714
3.937419293174866
4.131803296495157
4.131803296495157
4.131803296495157
4.131803296495157
4.131803296495157
4.802653614428451
5.072821982977386
4.445429457410929
6.963984615384615
6.963984615384615
5.332045748320684
5.333789271179494
5.5584246361987155
3.955303662795525
5.5934413798796685
5.936179586424506
5.340861834244482
5.170199468370543
6.608658369709017
6.667782456005186
