[0.00076081]
[0.00077078]
[0.00076435]
[0.00076435]
[0.00076435]
[0.00077301]
[0.00077301]
[0.00077301]
[0.00077301]
[0.00077301]
[0.00077301]
[0.00077301]
[0.00077301]
[0.00077301]
[0.00077301]
[0.00077301]
[0.00077301]
[0.00077301]
[0.00077301]
[0.00077301]
[0.00077301]
[0.00077301]
[0.00077301]
[0.00077301]
[0.00077301]
[0.00077301]
[0.00077301]
[0.00077301]
[0.00077301]
[0.00077301]
[0.00077301]
[0.00077301]
[0.00077301]
[0.00077301]
[0.00077301]
[0.00077301]
[0.00077301]
[0.00077301]
[0.00077301]
[0.00077301]
[0.00077301]
[0.00077301]
[0.00077301]
[0.00077301]
[0.00077301]
[0.00077301]
[0.00077301]
[0.00077301]
[0.00077301]
[0.00077301]
[0.00077301]
[0.00077301]
[0.00077301]
[0.00077301]
[0.00077301]
[0.00077301]
[0.00077301]
[0.00077301]
[0.00077301]
[0.00077301]
[0.00077301]
[0.00077301]
[0.00077301]
[0.00077301]
[0.00077301]
[0.00077301]
[0.00077301]
[0.00077301]
[0.00077301]
[0.00077301]
[0.00077301]
[0.00077301]
[0.00077301]
[0.00077301]
[0.00077301]
[0.00077301]
[0.00077301]
[0.00077301]
[0.00077301]
[0.00077187]
[0.00077187]
[0.00076961]
[0.00076737]
[0.00076737]
[0.00076737]
[0.00076737]
[0.00076737]
[0.00076737]
[0.00076737]
[0.00076737]
[0.00076737]
[0.00076737]
[0.00076737]
[0.00076737]
[0.00076737]
[0.00076737]
[0.00076737]
[0.00076737]
[0.00076737]
[0.00076737]
[0.00076737]
[0.00076737]
[0.00076737]
[0.00077299]
[0.00077306]
[0.00077306]
[0.00077306]
[0.00077306]
[0.00077306]
[0.00077306]
[0.00077696]
[0.00077696]
[0.00077696]
[0.00077696]
[0.00077696]
[0.00077696]
[0.00077696]
[0.00077696]
[0.00077696]
[0.00077696]
[0.00077696]
[0.00077696]
[0.00077696]
[0.00077696]
[0.00077696]
[0.00077696]
[0.00077696]
[0.00077696]
[0.00077696]
[0.00077696]
[0.00077696]
[0.00077696]
[0.00077696]
[0.00077696]
[0.00077696]
[0.00077696]
[0.00077696]
[0.00077696]
[0.00077696]
[0.00077696]
[0.00077696]
[0.00077696]
[0.00077696]
[0.00077696]
[0.00077696]
[0.00077696]
[0.00077696]
[0.00077696]
[0.00077696]
[0.00077696]
[0.00077696]
[0.00077696]
[0.00077696]
[0.00077696]
[0.00077696]
[0.00077696]
[0.00077696]
[0.00077696]
[0.00077696]
[0.00077696]
[0.00077696]
[0.00077696]
[0.00077696]
[0.00077696]
[0.00077696]
[0.00077696]
[0.00077696]
[0.00077696]
[0.00077696]
[0.00077696]
[0.00077696]
[0.00077696]
[0.00077696]
[0.00077696]
[0.00077696]
[0.00077696]
[0.00077696]
[0.00077696]
[0.00077696]
[0.00077696]
[0.00077696]
[0.00077696]
[0.00077696]
[0.00077696]
[0.00077696]
[0.00077696]
[0.00077696]
[0.00077696]
[0.00077696]
[0.00077696]
[0.00077696]
[0.00077696]
[0.00077696]
[0.00077696]
[0.00077696]
[0.00077696]
[0.00077696]
[0.00077696]
[0.00077696]
[0.00077696]
[0.00077696]
[0.00077696]
[0.00077696]
[0.00077696]
[0.00077696]
[0.00077696]
[0.00077696]
[0.00077696]
[0.00077696]
[0.00077696]
[0.00077696]
[0.00077696]
[0.00077696]
[0.00077696]
[0.00077696]
[0.00077696]
[0.00077696]
[0.00077696]
[0.00077696]
[0.00077696]
[0.00077696]
[0.00077696]
[0.00077696]
[0.00077696]
[0.00077696]
[0.00077696]
[0.00077696]
[0.00077696]
[0.00077696]
[0.00077696]
[0.00077696]
[0.00077696]
[0.00077696]
[0.00077696]
[0.00077696]
[0.00077696]
[0.00077696]
[0.00077696]
[0.00077696]
[0.00077696]
[0.00077696]
[0.00077696]
[0.00077696]
[0.00077696]
[0.00077696]
[0.00077696]
[0.00077696]
[0.00077696]
[0.00077696]
[0.00077696]
[0.00077696]
[0.00077696]
[0.00077696]
[0.00077696]
[0.00077696]
[0.00077696]
[0.00077696]
[0.00077696]
[0.00077696]
[0.00077696]
[0.00077696]
[0.00077696]
[0.00077696]
[0.00077696]
[0.00077696]
[0.00077696]
[0.00077696]
[0.00077696]
[0.00077696]
[0.00077696]
[0.00077696]
[0.00077696]
[0.00077696]
[0.00077696]
[0.00077696]
[0.00077696]
[0.00077696]
[0.00077696]
[0.00077696]
[0.00077696]
[0.00077696]
[0.00077696]
[0.00077696]
[0.00077696]
[0.00077696]
[0.00077696]
[0.00077696]
[0.00077696]
[0.00077696]
[0.00077696]
[0.00077696]
[0.00077696]
[0.00077696]
[0.00077696]
[0.00077696]
[0.00077696]
[0.00077696]
[0.00077696]
[0.00077696]
[0.00077696]
[0.00077696]
[0.00077696]
[0.00077696]
[0.00077696]
[0.00077696]
[0.00077696]
[0.00077696]
[0.00077696]
[0.00077696]
[0.00077696]
[0.00077696]
[0.00077696]
[0.00077696]
[0.00077696]
[0.00077696]
[0.00077696]
[0.00077696]
[0.00077696]
[0.00077696]
[0.00077696]
[0.00077696]
[0.00077696]
[0.00077696]
[0.00077696]
[0.00077696]
[0.00077696]
[0.00077696]
[0.00077696]
[0.00077696]
[0.00077696]
[0.00077696]
[0.00077696]
[0.00077696]
[0.00077696]
[0.00077696]
[0.00077696]
[0.00077696]
[0.00077696]
[0.00077696]
[0.00077696]
[0.00077696]
[0.00077696]
[0.00077696]
[0.00077696]
[0.00077696]
[0.00077696]
[0.00077696]
[0.00077696]
[0.00077696]
[0.00077696]
[0.00077696]
[0.00077696]
[0.00077696]
[0.00077696]
[0.00077696]
[0.00077696]
[0.00077696]
[0.00077696]
[0.00077696]
[0.00077696]
[0.00077696]
[0.00077696]
[0.00077696]
[0.00077696]
[0.00077696]
[0.00077696]
[0.00077696]
[0.00077696]
[0.00077696]
[0.00077696]
[0.00077696]
[0.00077696]
[0.00077696]
[0.00077696]
[0.00077696]
[0.00077696]
[0.00077696]
[0.00077696]
[0.00077696]
[0.00077696]
[0.00077696]
[0.00077696]
[0.00077696]
[0.00077696]
[0.00077696]
[0.00077696]
[0.00077696]
[0.00077696]
[0.00077696]
[0.00077696]
[0.00077696]
[0.00077696]
[0.00077696]
[0.00077696]
[0.00077696]
[0.00077696]
[0.00077696]
[0.00077696]
[0.00077696]
[0.00077696]
[0.00077696]
[0.00077696]
[0.00077696]
[0.00077696]
[0.00077696]
[0.00077696]
[0.00077696]
[0.00077696]
[0.00077696]
[0.00077696]
[0.00077696]
[0.00077696]
[0.00077696]
[0.00077696]
[0.00077696]
[0.00077696]
[0.00077696]
[0.00077696]
[0.00077696]
[0.00077696]
[0.00077696]
[0.00077696]
[0.00077696]
[0.00077696]
[0.00077696]
[0.00077696]
[0.00077696]
[0.00077696]
[0.00077696]
[0.00077696]
[0.00077696]
[0.00077696]
[0.00077696]
[0.00077696]
[0.00077293]
[0.00077106]
[0.00077106]
[0.00078883]
[0.00078421]
[0.00077199]
[0.0007838]
[0.0007838]
[0.00077807]
[0.00076817]
[0.00078178]
[0.00077694]
[0.00077694]
[0.00078183]
[0.00078178]
[0.00078178]
[0.00077412]
[0.00077807]
[0.00078905]
[0.00079451]
[0.0007893]
[0.00077885]
[0.00078577]
[0.00078846]
[0.000791]
[0.00078718]
[0.00079076]
[0.00079639]
[0.00078161]
[0.00078273]
[0.00080194]
[0.00078711]
[0.00079454]
[0.00077999]
[0.00082476]
[0.00082476]
[0.00082071]
[0.00078573]
[0.00083408]
[0.00090878]
[0.00090741]
[0.00092867]
[0.00088928]
[0.00094768]
[0.00100813]
[0.00135525]
[0.00146295]
[0.00262392]
[0.00141232]
[0.00086367]
[0.00085394]
[0.00098505]
[0.00089102]
[0.00089102]
[0.00110855]
[0.00232479]
[0.0025154]
[0.00306058]
[0.00601234]
[0.00601234]
[0.00601234]
[0.00301158]
[0.38051698]
[0.5706627]
[0.00095937]
[0.00081754]
