3.963285920919085
3.963285920919085
3.9784039225051284
4.039201532134343
3.8999191980942687
3.776355529473829
3.999563100397882
3.934744650032102
3.934744650032102
3.934744650032102
3.934744650032102
3.934744650032102
3.934744650032102
3.934744650032102
3.934744650032102
3.934744650032102
3.934744650032102
3.934744650032102
3.934744650032102
3.934744650032102
3.934744650032102
3.934744650032102
3.934744650032102
3.934744650032102
3.934744650032102
3.934744650032102
3.934744650032102
3.934744650032102
3.934744650032102
3.934744650032102
3.934744650032102
3.934744650032102
3.934744650032102
3.934744650032102
3.934744650032102
3.934744650032102
3.934744650032102
3.9365674890487563
3.8570817433445077
3.8570817433445077
3.8570817433445077
3.8570817433445077
3.8570817433445077
3.8570817433445077
3.8570817433445077
3.8570817433445077
3.8570817433445077
3.8570817433445077
3.8570817433445077
3.977011898740753
3.973063623788436
3.973063623788436
3.973063623788436
3.9639486665140398
3.9639486665140398
3.9639486665140398
3.885961534185956
3.714579508707187
4.037258731857554
3.677612576224984
3.677612576224984
3.7618732531059313
3.7618732531059313
3.7618732531059313
4.0703147359580045
4.0703147359580045
4.0703147359580045
4.0703147359580045
4.0703147359580045
4.0703147359580045
4.0703147359580045
4.0703147359580045
4.0703147359580045
4.0703147359580045
4.0703147359580045
4.0703147359580045
4.0208432501281095
4.0208432501281095
4.0208432501281095
4.0208432501281095
4.0208432501281095
4.0208432501281095
4.0208432501281095
4.0208432501281095
4.010973635166426
4.010973635166426
4.1147479168018055
4.060272332878265
4.060272332878265
4.065309282541632
3.9875296659769024
3.9875296659769024
3.9875296659769024
3.9875296659769024
3.9875296659769024
3.9870125637630753
3.9870125637630753
3.908486229014552
3.908486229014552
3.9117739540554695
3.842862008741129
4.103268126743117
4.0813805812346455
4.02662888673765
4.02662888673765
4.02662888673765
4.02662888673765
4.02662888673765
4.02662888673765
4.02662888673765
4.02662888673765
4.02662888673765
4.02662888673765
4.02662888673765
4.02662888673765
4.02662888673765
4.02662888673765
4.02662888673765
4.02662888673765
4.02662888673765
4.02662888673765
4.02662888673765
4.02662888673765
4.02662888673765
4.02662888673765
4.02662888673765
4.02662888673765
4.02662888673765
4.02662888673765
4.02662888673765
4.02662888673765
4.02662888673765
4.02662888673765
4.02662888673765
4.02662888673765
4.02662888673765
4.02662888673765
4.02662888673765
4.02662888673765
4.02662888673765
4.108114157050099
4.108114157050099
4.108114157050099
4.108114157050099
4.108114157050099
4.108114157050099
4.108114157050099
4.108114157050099
4.108114157050099
4.108114157050099
4.108114157050099
3.9209714844235677
3.9209714844235677
3.9209714844235677
3.9209714844235677
3.9209714844235677
3.9209714844235677
3.9209714844235677
3.9209714844235677
3.9209714844235677
3.9209714844235677
3.9209714844235677
3.9209714844235677
3.9209714844235677
3.9209714844235677
4.101575104588479
4.135856490663461
3.8440867100165157
3.8440867100165157
3.8440867100165157
3.8440867100165157
3.9318389028689964
4.094843291709162
3.8502643863173853
3.8502643863173853
3.8502643863173853
3.9498287822060423
3.9498287822060423
3.9498287822060423
3.9498287822060423
3.9498287822060423
3.9552268051248696
3.9552268051248696
3.9552268051248696
3.9552268051248696
3.9552268051248696
3.9552268051248696
3.9552268051248696
3.9552268051248696
3.9552268051248696
3.9552268051248696
3.9552268051248696
3.9552268051248696
3.9552268051248696
3.9552268051248696
3.9552268051248696
3.9552268051248696
3.9552268051248696
3.9552268051248696
3.9552268051248696
3.9552268051248696
3.9552268051248696
3.9552268051248696
3.9552268051248696
3.9552268051248696
3.9552268051248696
3.9552268051248696
3.9552268051248696
3.9552268051248696
3.9552268051248696
3.9552268051248696
3.9552268051248696
3.9552268051248696
3.9552268051248696
3.9552268051248696
3.9552268051248696
3.9552268051248696
3.9552268051248696
4.067322080454929
4.089779723775525
4.054569509944628
4.054569509944628
4.054569509944628
3.971040089221275
3.811205040622081
4.074933415072948
4.237524351218137
4.047253694525672
4.047253694525672
3.8786601011688706
3.8535309407046245
3.8535309407046245
4.1108327137511305
4.1772469419087646
3.951182584953318
3.951182584953318
4.138232440036537
3.8624440956035944
4.144543722213636
3.7510388580797134
3.700167523989724
3.8959525137936017
3.977044507450014
3.6645574488644757
3.6825450624831104
3.946380736497951
3.9300223418521725
4.0678047635892725
4.017567808393185
3.917896862512686
3.917896862512686
3.917896862512686
3.917896862512686
3.9335546070816463
4.112927523303784
4.01537813794878
4.096542023199787
3.9407408836672575
3.9078521064027285
4.2096448020962836
3.8563546437656804
3.9156052160590296
3.9779729317924994
3.802468176701735
3.802468176701735
3.8380661199349735
4.022181159072428
4.0304780380341665
3.715942031487522
4.078524922196683
4.048742345390684
4.069848589646858
4.142827587414547
3.9232251746814644
4.061037174205013
3.9609546518603995
3.9609546518603995
3.9609546518603995
3.9468516877886657
3.9468516877886657
3.9468516877886657
3.95003565849563
4.032852526250222
3.8674073822688015
4.1270419921016455
4.012968284604339
4.114248426743886
4.286924675270979
4.107578197371986
4.18091806438761
3.9752564711948617
4.016415548680469
3.8250291805874177
3.9785965232639064
4.08273438132399
4.131626796463936
4.131626796463936
3.8700448271050503
4.036258371836693
4.058407105761203
4.2505181030698616
4.018629438644954
3.7816086616803677
4.216202514540907
4.0456404861081285
4.195020798874374
4.119527999116632
4.004867125938886
4.229205789428527
4.095237150062452
4.33258994909588
4.198973518545657
3.919386390712649
4.104930907613802
4.140392868268099
3.928189134571886
4.018009100073807
4.149864214097893
4.273101687788667
4.124040774710056
4.367997681677435
3.9883970277876077
4.095107498740383
4.195078437454722
4.1151605699802225
4.277004747924241
4.086911517742765
4.761807392696841
3.8355994028931013
4.271601683749131
4.146615013981817
4.225906295138814
4.154055596261754
3.7673067932985527
4.1401596507982585
4.232938438507187
4.1117808244454475
4.342203394483752
4.727537492736664
4.1848928085401
4.073475490779328
4.231090813727125
4.031648940594551
3.8950824305316694
4.073972011804974
4.185608411487766
3.909843311754516
4.102128237023055
4.2793650629438815
4.643607149781861
4.080011325523085
4.614020652217516
3.8965560433359405
4.136300057835308
3.7716637356436316
3.7716637356436316
4.188543878123312
4.029924363220773
4.720063968576221
4.360033767152823
4.684634751951916
3.634765616436968
4.175379558439417
4.513490150647986
4.128250440437
4.061589118166095
4.061589118166095
3.9664447773111364
4.099489909224694
4.608965289328758
4.684400489997653
4.642050147103575
4.617716327658395
4.599343941141105
4.610840023851703
3.7746189923166824
3.794414685121824
5.113982072622697
3.8895502801585558
4.718362255466244
4.056733043288287
4.752150094987259
4.029846940269504
3.9503983174746544
3.869152206562875
3.8936006880092346
4.245956795377672
3.99893760947897
3.6893669092925014
3.8832849435932886
3.8864380680345683
3.5947364406449616
3.5551735634126924
3.6644673598806268
3.566727181338468
3.566727181338468
3.6851973718190507
3.995379370566643
3.79586289240188
3.564732982123986
3.6189607661888132
3.9209786318186097
3.9852984557131332
3.6960051687866633
4.014092789317124
3.639265570815022
3.880582906867817
4.374774217976642
3.8164376799259196
3.6032667225307007
3.8884304078629626
3.905303892881129
4.093835281102875
3.3803935381495975
3.799292827704333
3.2910171707322107
3.8518983397922444
3.267909656484231
4.633654115464292
3.3114301504410157
3.7873734444256106
3.6188013822348353
3.822418305311758
3.5908830822714393
3.7796615591306963
3.6545582852891823
3.7065297406309883
3.3051211633810436
2.569041830692699
2.8041450079502237
2.7895478507595897
2.6268932817661703
3.613064677436185
3.119400606164765
3.0028552614138917
3.3177143749820424
2.9381954255000053
3.140775833864696
2.8945159618380227
3.1742561558682745
3.0027013352094656
2.9111282119471866
2.5238522756776813
3.0491710293707266
2.700860658294829
3.1909231998858143
3.0703403256759767
2.9999587958211436
2.932603121390123
3.726081520292043
3.396849067726282
2.6333854172949582
2.7859984591418474
2.9774324696127934
2.9774324696127934
2.439928343263322
1.5874740278948245
2.8344221839181643
2.880286300332914
2.0096715803423777
3.2011673652034522
2.352779197225173
4.795847321150914
2.847464282233359
2.632387523288177
2.34398024272652
3.0086283444154347
1.9328242738373174
2.574727740143384
3.4324154086071363
3.465781684593237
3.6395999695449035
3.524015354160288
4.305879136567184
4.023460355978468
4.1425666634471545
4.119591547098136
4.26736921069073
2.046056195726994
4.054249346327292
4.731066252110849
4.196719897211552
4.015578422382653
4.499582428269325
5.254494827422155
2.993115753592189
5.109093049707626
4.099628503818602
4.802148303774953
3.1195728080127365
3.516304955478317
3.724838642119087
4.750527938685055
5.170832449909872
4.622670877613326
4.394993543575449
3.8751965447592838
5.21361606677028
5.110799083476737
4.4577118962643825
