26.225100000000044
26.225100000000047
26.225100000000044
26.225100000000044
26.225100000000044
26.225100000000044
26.225100000000044
26.225100000000047
25.967000000000045
25.967000000000045
25.967000000000045
25.967000000000045
25.967000000000045
25.967000000000045
25.83500000000004
25.83500000000004
25.57690000000004
25.57690000000004
25.57690000000004
25.57690000000004
25.57690000000004
25.57690000000004
25.57690000000004
25.57690000000004
25.57690000000004
25.57690000000004
25.57690000000004
25.57690000000004
25.57690000000004
25.57690000000004
25.57690000000004
25.57690000000004
25.57690000000004
25.57690000000004
25.57690000000004
25.57690000000004
25.57690000000004
25.57690000000004
25.57690000000004
25.57690000000004
25.57690000000004
25.57690000000004
25.57690000000004
25.57690000000004
25.57690000000004
25.57690000000004
25.57690000000004
25.57690000000004
25.57690000000004
25.57690000000004
25.57690000000004
25.57690000000004
25.718000000000043
25.718000000000043
25.718000000000043
25.718000000000043
25.718000000000043
25.718000000000043
25.718000000000043
25.718000000000043
25.718000000000043
25.718000000000043
25.718000000000043
25.718000000000043
25.718000000000043
25.718000000000043
25.718000000000043
25.718000000000043
25.718000000000043
25.718000000000043
25.718000000000043
25.718000000000043
25.718000000000043
25.718000000000043
25.718000000000043
25.718000000000043
25.718000000000043
25.718000000000043
25.718000000000043
25.718000000000043
25.718000000000043
25.718000000000043
25.718000000000043
25.718000000000043
25.718000000000043
25.718000000000043
25.718000000000043
25.718000000000043
25.718000000000043
25.718000000000043
25.718000000000043
25.718000000000043
25.718000000000043
25.718000000000043
25.718000000000043
25.718000000000043
25.718000000000043
25.718000000000043
25.718000000000043
25.718000000000043
25.718000000000043
25.718000000000043
25.718000000000043
25.718000000000043
25.718000000000043
25.718000000000043
25.718000000000043
25.718000000000043
25.718000000000043
25.718000000000043
25.718000000000043
25.718000000000043
25.718000000000043
25.718000000000043
25.718000000000043
25.718000000000043
25.576900000000045
25.576900000000045
25.576900000000045
25.576900000000045
25.576900000000045
25.576900000000045
25.576900000000045
25.576900000000045
25.576900000000045
25.576900000000045
25.576900000000045
25.576900000000045
25.576900000000045
25.576900000000045
25.576900000000045
25.576900000000045
25.576900000000045
25.576900000000045
25.576900000000045
25.576900000000045
25.576900000000045
25.576900000000045
25.576900000000045
25.576900000000045
25.576900000000045
25.576900000000045
25.576900000000045
25.576900000000045
25.576900000000045
25.576900000000045
25.576900000000045
25.576900000000045
25.576900000000045
25.576900000000045
25.576900000000045
25.576900000000045
25.576900000000045
25.576900000000045
25.576900000000045
25.576900000000045
25.576900000000045
25.576900000000045
25.576900000000045
25.576900000000045
25.576900000000045
25.576900000000045
25.576900000000045
25.576900000000045
25.576900000000045
25.576900000000045
25.576900000000045
25.576900000000045
25.576900000000045
25.576900000000045
25.576900000000045
25.576900000000045
25.576900000000045
25.576900000000045
25.576900000000045
25.576900000000045
25.576900000000045
25.576900000000045
25.576900000000045
25.576900000000045
25.576900000000045
25.576900000000045
25.576900000000045
25.576900000000045
25.576900000000045
25.576900000000045
25.576900000000045
25.576900000000045
25.576900000000045
25.576900000000045
25.576900000000045
25.576900000000045
25.576900000000045
25.576900000000045
25.576900000000045
25.576900000000045
25.576900000000045
25.576900000000045
25.576900000000045
25.576900000000045
25.576900000000045
25.576900000000045
25.576900000000045
25.576900000000045
25.576900000000045
25.576900000000045
25.576900000000045
25.576900000000045
25.576900000000045
25.576900000000045
25.576900000000045
25.576900000000045
25.576900000000045
25.576900000000045
25.576900000000045
25.576900000000045
25.675500000000035
25.675500000000035
25.675500000000035
25.675500000000035
25.675500000000035
25.675500000000035
25.675500000000035
25.675500000000035
25.318800000000046
25.71800000000004
25.11930000000003
25.11930000000003
25.619400000000038
25.619400000000038
25.619400000000038
25.619400000000038
25.619400000000038
25.619400000000038
25.619400000000038
25.576900000000037
25.576900000000037
25.576900000000037
25.576900000000037
25.576900000000037
25.576900000000037
25.576900000000037
25.576900000000037
25.576900000000037
25.576900000000037
25.576900000000037
25.576900000000037
25.576900000000037
25.576900000000037
25.576900000000037
25.576900000000037
25.576900000000037
25.576900000000037
25.576900000000037
25.576900000000037
25.576900000000037
25.576900000000037
25.576900000000037
25.576900000000037
25.576900000000037
25.576900000000037
25.576900000000037
25.576900000000037
25.576900000000037
25.576900000000037
25.576900000000037
25.576900000000037
25.576900000000037
25.576900000000037
25.576900000000037
25.576900000000037
25.576900000000037
25.576900000000037
25.576900000000037
25.576900000000037
25.576900000000037
25.576900000000037
25.576900000000037
25.576900000000037
25.576900000000037
25.576900000000037
25.576900000000037
25.576900000000037
25.486800000000056
25.370700000000046
25.370700000000046
25.177700000000044
25.177700000000044
25.177700000000044
25.177700000000044
25.177700000000044
25.177700000000044
25.177700000000044
25.177700000000044
25.177700000000044
25.177700000000044
25.177700000000044
25.177700000000044
25.177700000000044
25.177700000000044
25.177700000000044
25.177700000000044
25.177700000000044
25.177700000000044
25.177700000000044
25.35290000000004
25.508500000000044
25.18680000000004
25.18680000000004
25.18680000000004
25.18680000000004
25.607100000000035
25.607100000000035
25.607100000000035
25.607100000000035
25.607100000000035
25.607100000000035
25.607100000000035
25.607100000000035
25.607100000000035
25.607100000000035
25.607100000000035
25.607100000000035
25.607100000000035
25.607100000000035
25.607100000000035
25.069800000000043
25.069800000000043
25.069800000000043
25.069800000000043
25.069800000000043
25.069800000000043
25.069800000000043
25.069800000000043
25.069800000000043
25.069800000000043
25.069800000000043
25.069800000000043
25.069800000000043
25.35290000000004
25.35290000000004
24.928700000000042
24.928700000000042
24.928700000000042
24.928700000000042
24.928700000000042
24.928700000000042
24.928700000000042
24.928700000000042
24.928700000000042
24.928700000000042
24.928700000000042
24.928700000000042
24.928700000000042
24.928700000000042
24.928700000000042
24.928700000000042
24.928700000000042
24.928700000000042
24.928700000000042
24.928700000000042
24.928700000000042
24.928700000000042
24.928700000000042
24.928700000000042
24.928700000000042
24.928700000000042
24.928700000000042
24.928700000000042
24.928700000000042
24.928700000000042
24.928700000000042
24.928700000000042
24.928700000000042
24.928700000000042
24.928700000000042
24.928700000000042
24.928700000000042
24.928700000000042
24.928700000000042
24.928700000000042
24.928700000000042
24.928700000000042
24.928700000000042
24.928700000000042
24.928700000000042
24.928700000000042
24.928700000000042
24.928700000000042
24.928700000000042
25.06980000000004
25.253700000000048
25.179400000000044
25.081500000000048
24.93780000000004
24.896700000000042
24.971900000000044
24.44450000000004
25.20520000000006
24.896700000000045
25.186300000000045
24.958900000000035
24.42160000000004
24.91190000000004
24.860300000000045
25.001400000000036
24.93040000000004
24.863600000000037
24.68230000000004
24.421600000000034
24.790100000000038
24.926900000000035
25.177280000000042
23.682700000000064
24.38960000000004
24.574400000000036
24.240800000000036
24.40660000000003
24.383870000000037
24.538100000000043
24.927100000000046
24.436800000000023
24.12577000000004
24.26550000000006
23.632300000000036
24.38387000000003
24.137300000000035
23.97570000000004
24.972100000000044
24.793700000000037
24.097700000000042
23.970300000000037
23.368300000000033
23.368300000000033
24.83650000000004
23.993600000000036
22.97040000000006
23.317900000000034
21.907100000000042
23.699200000000044
24.280300000000043
24.280300000000043
22.802500000000027
22.802500000000027
23.589100000000034
21.42500000000004
22.465700000000027
20.99410000000002
19.337800000000016
19.44860000000001
19.337800000000016
19.368000000000013
18.68960000000001
18.68960000000001
18.64990000000001
18.232000000000003
18.64990000000001
18.250700000000005
18.0414
18.1003
17.393199999999993
17.353499999999993
17.790269999999992
17.285099999999993
17.321199999999987
17.691599999999998
17.158299999999986
17.005399999999987
17.059699999999985
17.01719999999999
16.057099999999977
16.700499999999984
17.952
16.810999999999986
16.368999999999975
15.199099999999975
16.829699999999992
16.614699999999985
15.966499999999977
14.709399999999977
13.945599999999981
12.766599999999983
12.921399999999982
12.33769999999998
11.794399999999987
11.14619999999999
10.59939999999999
8.6058
8.346800000000004
8.016400000000004
8.016400000000004
6.662800000000003
7.463700000000005
5.533800000000002
4.696200000000003
4.696200000000003
5.164100000000003
0.8404
0.4778000000000001
0.15250000000000002
