[0.00058229]
[0.00059172]
[0.00059172]
[0.00059172]
[0.00059172]
[0.00059172]
[0.00059172]
[0.00059172]
[0.00059172]
[0.00059172]
[0.00059172]
[0.00059172]
[0.00059172]
[0.00059172]
[0.00059172]
[0.00059172]
[0.00059172]
[0.00059172]
[0.00059172]
[0.00059172]
[0.00059172]
[0.00059172]
[0.00059172]
[0.00059172]
[0.00059172]
[0.00059172]
[0.00059172]
[0.00059172]
[0.00059172]
[0.00059172]
[0.00059172]
[0.00059172]
[0.00059172]
[0.00059172]
[0.00059172]
[0.00059172]
[0.00059172]
[0.00059172]
[0.00059172]
[0.00059172]
[0.00059172]
[0.00059172]
[0.00059172]
[0.00059172]
[0.00059172]
[0.00059172]
[0.00059172]
[0.00059172]
[0.00059172]
[0.00059172]
[0.00059172]
[0.00059172]
[0.00059172]
[0.00059172]
[0.00059172]
[0.00059172]
[0.00059172]
[0.00059172]
[0.00059172]
[0.00059172]
[0.00059172]
[0.00059172]
[0.00059172]
[0.00059172]
[0.00059172]
[0.00059172]
[0.00059172]
[0.00059172]
[0.00059172]
[0.00059172]
[0.00059172]
[0.00059172]
[0.00059172]
[0.00059172]
[0.00059172]
[0.00059172]
[0.00059172]
[0.00059172]
[0.00059172]
[0.00059172]
[0.00059172]
[0.00059172]
[0.00059172]
[0.00059172]
[0.00059172]
[0.00059172]
[0.00059172]
[0.00059172]
[0.00059172]
[0.00059172]
[0.00059172]
[0.00059172]
[0.00059172]
[0.00059172]
[0.00059172]
[0.00059172]
[0.00059172]
[0.00059172]
[0.00059172]
[0.00059172]
[0.00059172]
[0.00059172]
[0.00059172]
[0.00059172]
[0.00059172]
[0.00059172]
[0.00059172]
[0.00059172]
[0.00059172]
[0.00059172]
[0.00059172]
[0.00059172]
[0.00059172]
[0.00059172]
[0.00059172]
[0.00059172]
[0.00059172]
[0.00059172]
[0.00059172]
[0.00059172]
[0.00059172]
[0.00059172]
[0.00059172]
[0.00059172]
[0.00059172]
[0.00059172]
[0.00059172]
[0.00059172]
[0.00059172]
[0.00059172]
[0.00059172]
[0.00059172]
[0.00059172]
[0.00059172]
[0.00059172]
[0.00059172]
[0.00059172]
[0.00059172]
[0.00059172]
[0.00059172]
[0.00059172]
[0.00059172]
[0.00059172]
[0.00059172]
[0.00059172]
[0.00059172]
[0.00059172]
[0.00059172]
[0.00059172]
[0.00059172]
[0.00059172]
[0.00059172]
[0.00059172]
[0.00059172]
[0.00059172]
[0.00059172]
[0.00059172]
[0.00059172]
[0.00059172]
[0.00059172]
[0.00059172]
[0.00059172]
[0.00059172]
[0.00059172]
[0.00059172]
[0.00059172]
[0.00059172]
[0.00059172]
[0.00059172]
[0.00059172]
[0.00059172]
[0.00059172]
[0.00059172]
[0.00059172]
[0.00059172]
[0.00059172]
[0.00059172]
[0.00059172]
[0.00059172]
[0.00059172]
[0.00059172]
[0.00059172]
[0.00059172]
[0.00059172]
[0.00059172]
[0.00059172]
[0.00059172]
[0.00059172]
[0.00059172]
[0.00059172]
[0.00059172]
[0.00059172]
[0.00059172]
[0.00059172]
[0.00059172]
[0.00059172]
[0.00059172]
[0.00059172]
[0.00059172]
[0.00059172]
[0.00059172]
[0.00059172]
[0.00059172]
[0.00059172]
[0.00059172]
[0.00059172]
[0.00059172]
[0.00059172]
[0.00059172]
[0.00059172]
[0.00059172]
[0.00059172]
[0.00059172]
[0.00059172]
[0.00059172]
[0.00059172]
[0.00059172]
[0.00059172]
[0.00059172]
[0.00059172]
[0.00059172]
[0.00059172]
[0.00059172]
[0.00059172]
[0.00059172]
[0.00059172]
[0.00059172]
[0.00059172]
[0.00059172]
[0.00059172]
[0.00059172]
[0.00059172]
[0.00059172]
[0.00059172]
[0.00059172]
[0.00059172]
[0.00059172]
[0.00059172]
[0.00059172]
[0.00059172]
[0.00059172]
[0.00059172]
[0.00059172]
[0.00059172]
[0.00059172]
[0.00059172]
[0.00059172]
[0.00059172]
[0.00059172]
[0.00059172]
[0.00059172]
[0.00059172]
[0.00059172]
[0.00059172]
[0.00059172]
[0.00059172]
[0.00059172]
[0.00059172]
[0.00059172]
[0.00059172]
[0.00059172]
[0.00059172]
[0.00059172]
[0.00059172]
[0.00059172]
[0.00059172]
[0.00059172]
[0.00059172]
[0.00059172]
[0.00059172]
[0.00059172]
[0.00059172]
[0.00059172]
[0.00059172]
[0.00059172]
[0.00059172]
[0.00059172]
[0.00059172]
[0.00059172]
[0.00059172]
[0.00059172]
[0.00059172]
[0.00059172]
[0.00059172]
[0.00059172]
[0.00059172]
[0.00059172]
[0.00059172]
[0.00059172]
[0.00059172]
[0.00059172]
[0.00059172]
[0.00059172]
[0.00059172]
[0.00059172]
[0.00059172]
[0.00059172]
[0.00059172]
[0.00059172]
[0.00059172]
[0.00059172]
[0.00059172]
[0.00059172]
[0.00059172]
[0.00059172]
[0.00059172]
[0.00059172]
[0.00059172]
[0.00059172]
[0.00059172]
[0.00059172]
[0.00059172]
[0.00059172]
[0.00059172]
[0.00059172]
[0.00059172]
[0.00059172]
[0.00059172]
[0.00059172]
[0.00059172]
[0.00059172]
[0.00059172]
[0.00059172]
[0.00059172]
[0.00059172]
[0.00059172]
[0.00059172]
[0.00059172]
[0.00059172]
[0.00059172]
[0.00059172]
[0.00059172]
[0.00059172]
[0.00059172]
[0.00059172]
[0.00059172]
[0.00059172]
[0.00059172]
[0.00059172]
[0.00059172]
[0.00059172]
[0.00059172]
[0.00059172]
[0.00059172]
[0.00059172]
[0.00059172]
[0.00059172]
[0.00059172]
[0.00059172]
[0.00059172]
[0.00059172]
[0.00059172]
[0.00059172]
[0.00059172]
[0.00059172]
[0.00059172]
[0.00059172]
[0.00059172]
[0.00059172]
[0.00059172]
[0.00059172]
[0.00059172]
[0.00059172]
[0.00059172]
[0.00059172]
[0.00059172]
[0.00059172]
[0.00059172]
[0.00059172]
[0.00059172]
[0.00059172]
[0.00059172]
[0.00059172]
[0.00059172]
[0.00059172]
[0.00059172]
[0.00059172]
[0.00059172]
[0.00059172]
[0.00059172]
[0.00059172]
[0.00059172]
[0.00059172]
[0.00059172]
[0.00059172]
[0.00059172]
[0.00059172]
[0.00059172]
[0.00059172]
[0.00059172]
[0.00059172]
[0.00059172]
[0.00059172]
[0.00059172]
[0.00059172]
[0.00059172]
[0.00059172]
[0.00059172]
[0.00059172]
[0.00059172]
[0.00059172]
[0.00059172]
[0.00059172]
[0.00059172]
[0.00059172]
[0.00059172]
[0.00059172]
[0.00059172]
[0.00059172]
[0.00059172]
[0.00059172]
[0.00059172]
[0.00059172]
[0.00059172]
[0.00059172]
[0.00059172]
[0.00059172]
[0.00059172]
[0.00059172]
[0.00059172]
[0.00059172]
[0.00059172]
[0.00059172]
[0.00059172]
[0.00059172]
[0.00059172]
[0.00059172]
[0.00059172]
[0.00059172]
[0.00059172]
[0.00059172]
[0.00059172]
[0.00059172]
[0.00059172]
[0.00059172]
[0.00059172]
[0.00059172]
[0.00059172]
[0.00059172]
[0.00059172]
[0.00059172]
[0.00059172]
[0.00059172]
[0.00059172]
[0.00059172]
[0.00059172]
[0.00059172]
[0.0005873]
[0.0005873]
[0.00060405]
[0.00060405]
[0.00059827]
[0.00059827]
[0.0005823]
[0.00060405]
[0.00058628]
[0.00058628]
[0.00059583]
[0.00058433]
[0.00059583]
[0.00059766]
[0.00059766]
[0.00059768]
[0.00060593]
[0.00060593]
[0.00058016]
[0.00059594]
[0.00061497]
[0.00061497]
[0.00061497]
[0.00062035]
[0.00062586]
[0.00063739]
[0.00065368]
[0.0006719]
[0.00067028]
[0.00067028]
[0.00098133]
[0.00098133]
[0.00074261]
[0.00090984]
[0.00102907]
[0.00240225]
[0.0016918]
[0.00111609]
[0.00093471]
[0.00087167]
[0.00115041]
[0.00130272]
[0.00129637]
[0.00110491]
[0.0007971]
[0.00036277]
[0.00035914]
[0.0003792]
[0.02572447]
[0.00125294]
[0.00042747]
[0.0006822]
[0.00299556]
