-6.281431695634691
2.297094361113432
3.2566871940218136
3.410941861563803
3.410941861563803
3.410941861563803
4.4592804938167285
4.4592804938167285
4.724471441479234
4.724471441479234
4.724471441479234
4.586330971245667
4.081631109939944
4.592558842432153
4.084032235549756
3.930731290785635
4.698846190360593
5.510703481584409
3.8107709395462956
3.8107709395462956
3.9145058670279007
4.402125243345988
4.046545506255299
4.046545506255299
5.230559090092381
6.160294099179602
6.160294099179602
6.160294099179602
5.324896564352792
5.598258447495531
5.598258447495531
5.794201984149796
5.994058507969252
6.291739352600909
6.032060021111646
5.810970211587366
2.9857854508787978
2.8913530369622915
2.1892313858433328
2.460118567831698
2.7603628599475862
3.0923264617461483
3.37970208288627
3.755035955490194
3.0923264617461483
3.0196935776976193
3.259808690070279
3.4701374714704136
4.325140982702786
4.365884754489312
4.325140982702786
4.325140982702786
3.620921563008174
3.682814985207611
3.8240410400956066
3.3311911988394907
4.453932414087688
4.686600699946107
4.686600699946107
4.686600699946107
5.777970955349339
4.686600699946107
3.530122698496478
3.4544434920065936
3.925791306015971
3.8506184651249256
2.5840529722557424
3.1717353219787694
3.911880328998161
4.095811841293839
3.9676562016370567
3.9676562016370567
4.1692959541596535
4.31510526726901
3.805863512919344
2.7875592780554417
3.2895406748006333
2.8734916042375547
3.6534446370463143
3.986687887944345
4.520118576822544
5.617279098150777
4.520118576822544
4.520118576822544
4.520118576822544
5.494879484556231
4.520118576822544
4.520118576822544
4.520118576822544
5.3318471336795525
4.520118576822544
4.059611488241309
4.109397368975671
4.646422703677059
5.135926376549737
4.340807345414532
3.1728901703303554
3.1728901703303554
3.1728901703303554
3.4939028310060003
