0.0
0.45093143
0.49168792
0.50789946
0.5030299
0.4920126
0.48530346
0.47021863
0.48890182
0.51001006
0.5576144
0.6000116
0.57020146
0.56126916
0.5868631
0.5845412
0.65882355
0.62741804
0.6455655
0.64602065
0.6553022
0.6399851
0.638937
0.64188176
0.74179536
0.768951
0.786558
0.78493166
0.7677889
0.72516555
0.41454187
0.5598759
0.5209008
0.64460844
0.68115354
0.66695964
0.6654424
0.64572465
0.60665464
0.5977524
0.57964146
0.5927965
0.6289856
0.65518236
0.6505933
0.6349791
0.6105018
0.5807
0.58901846
0.58845454
0.6185436
0.6555779
0.65747243
0.6643517
0.6237678
0.620421
0.6235436
0.6175554
0.6395764
0.69339657
0.74145675
0.66314846
0.6315927
0.6229419
0.6591728
0.6624874
0.6380074
0.6417089
0.6052462
0.60960436
0.6243718
0.6406529
0.6097669
0.65313697
0.70683193
0.67493767
0.653308
0.6085739
0.67493045
0.628458
0.76454055
0.73916125
0.69484663
0.6531031
0.72589916
0.7410095
0.75555027
0.7557539
0.61650676
0.70061034
0.77429986
0.7471984
0.6466647
0.65729386
0.8316848
0.85439247
0.7010379
0.72333014
0.69876176
0.6449804
