4.3386156541934655
4.42597165058831
4.435777164327866
4.435777164327866
4.435777164327866
4.435777164327866
4.435777164327866
4.446563877514798
4.446563877514798
4.418078937088662
4.418078937088662
4.418078937088662
4.418078937088662
4.418078937088662
4.236261355252979
4.236261355252979
4.236261355252979
4.236261355252979
4.323771075721815
4.378215984983548
4.378215984983548
4.378215984983548
4.378215984983548
4.6115630720968825
4.3290006694051595
4.3290006694051595
4.324680613095439
4.324680613095439
4.324680613095439
4.324680613095439
4.324680613095439
4.324680613095439
4.240254477242676
4.506777249075489
4.506777249075489
4.624916920376399
4.624916920376399
4.3756517174779415
4.3756517174779415
4.3756517174779415
4.3756517174779415
4.3756517174779415
4.3756517174779415
4.3756517174779415
4.3756517174779415
4.396694023962762
4.396694023962762
4.396694023962762
4.396694023962762
4.396694023962762
4.38549452684249
4.38549452684249
4.38549452684249
4.262455138287072
4.262455138287072
4.41724446473606
4.41724446473606
4.41724446473606
4.41724446473606
4.41724446473606
4.41724446473606
4.41724446473606
4.41724446473606
4.41724446473606
4.41724446473606
4.41724446473606
4.41724446473606
4.41724446473606
4.41724446473606
4.41724446473606
4.41724446473606
4.41724446473606
4.41724446473606
4.41724446473606
4.41724446473606
4.41724446473606
4.41724446473606
4.41724446473606
4.41724446473606
4.41724446473606
4.41724446473606
4.315930112620515
4.315930112620515
4.315930112620515
4.315930112620515
4.315930112620515
4.315930112620515
4.315930112620515
4.315930112620515
4.315930112620515
4.315930112620515
4.315930112620515
4.315930112620515
4.315930112620515
4.315930112620515
4.315930112620515
4.315930112620515
4.315930112620515
4.315930112620515
4.315930112620515
4.315930112620515
4.315930112620515
4.315930112620515
4.315930112620515
4.315930112620515
4.315930112620515
4.315930112620515
4.315930112620515
4.315930112620515
4.315930112620515
4.315930112620515
4.315930112620515
4.315930112620515
4.315930112620515
4.315930112620515
4.315930112620515
4.315930112620515
4.315930112620515
4.315930112620515
4.315930112620515
4.315930112620515
4.315930112620515
4.315930112620515
4.315930112620515
4.315930112620515
4.315930112620515
4.315930112620515
4.315930112620515
4.315930112620515
4.315930112620515
4.315930112620515
4.315930112620515
4.315930112620515
4.315930112620515
4.315930112620515
4.315930112620515
4.315930112620515
4.315930112620515
4.315930112620515
4.315930112620515
4.315930112620515
4.315930112620515
4.315930112620515
4.315930112620515
4.315930112620515
4.315930112620515
4.315930112620515
4.374356222241524
4.374356222241524
4.374356222241524
4.374356222241524
4.374356222241524
4.374356222241524
4.350394312166356
4.437236918105494
4.403505362962893
4.403505362962893
4.403505362962893
4.403505362962893
4.403505362962893
4.403505362962893
4.403505362962893
4.403505362962893
4.403505362962893
4.403505362962893
4.403505362962893
4.403505362962893
4.306772692495995
4.306772692495995
4.306772692495995
4.306772692495995
4.306772692495995
4.352327496888472
4.409599648371106
4.281277016130952
4.338679271190306
4.390476884655021
4.516725115362968
4.516725115362968
4.375753741383753
4.375753741383753
4.375753741383753
4.0889423690189926
4.0889423690189926
4.0889423690189926
4.0889423690189926
4.362344655572949
4.362344655572949
4.362344655572949
4.2293300889457
4.225416220474486
4.449596121874148
4.255930915960656
4.379758083916753
4.153859937922498
4.153859937922498
4.153859937922498
4.153859937922498
4.153859937922498
4.153859937922498
4.153859937922498
4.153859937922498
4.37476126332151
4.496738306919336
4.496738306919336
4.162013800789736
4.429103684616162
4.439082325636951
4.307709595578637
4.335989443848146
4.405659167247092
4.405659167247092
4.405659167247092
4.405659167247092
4.405659167247092
4.405659167247092
4.405659167247092
4.405659167247092
4.230411869906087
4.230411869906087
4.363946733965276
4.495473777250785
4.576464812370548
4.396733422084484
4.396733422084484
4.545823465594741
4.545823465594741
4.346856743485036
4.346856743485036
4.3049377490075615
4.3049377490075615
4.304939603403166
4.38393731622788
4.319136397315313
4.319136397315313
4.557398020957565
4.396252288779779
4.396252288779779
4.396252288779779
4.433880922584265
4.347539400446791
4.3655375282401465
4.078144091382004
4.377641019724646
4.318364444715945
4.572162669347442
4.558882299779026
4.518527812150478
4.518030834128501
4.330749547396069
4.330749547396069
4.330749547396069
4.279370623213726
4.74777690555827
4.537431235444765
4.101874333403742
4.204283169293334
4.434583746948257
4.757943286087531
4.3513724134509175
4.680249036107516
4.445622325243026
4.720706486350442
4.15887608164461
4.141953966425684
4.363273335117428
4.587160359063987
4.587160359063987
4.0094904383465035
4.2144535014001745
4.403838517354833
4.63765593047866
4.268851069110673
4.268851069110673
4.39128991656196
4.240984823866812
4.228762029071597
4.526964661843847
4.508191754882943
4.630534320184364
4.2970381836458245
4.299839614772838
4.1594169083202015
4.387792231988397
4.517795656829396
4.1362715629979245
4.363125735688528
4.538447784272316
4.294752343370227
4.294752343370227
4.294752343370227
4.661091875798418
4.4498833176756545
4.299142526452069
4.47971421862052
4.207382491157324
4.1928031922662825
4.495129141886061
4.12070223167102
4.47642149745646
4.438000342878596
4.131232185820749
4.519901402668846
4.168411731433536
4.456535280187983
4.5211328860342945
4.240055474304597
5.06250852102184
4.477645361337002
4.567975682478485
4.502285668741257
4.624989514404573
4.529629496912225
4.369212287802607
4.26287112916744
4.265245898411573
4.359657152615086
4.212992258597815
4.429002379155636
4.539087861901371
4.476696259337681
4.31295155691463
4.5530495997505644
4.355660618915568
4.4185175234953356
4.31747631766086
4.323330026452069
4.3695902556608175
4.760351011241056
4.469235690192425
4.01601403334903
4.436455631920998
4.655395480507526
4.6432788001188605
4.216067757309493
5.139443014582577
4.488988696029233
4.457768758244956
4.415021217158502
4.606325022646332
4.693399598046616
4.597617925542418
4.597617925542418
5.018657717659131
4.344200664975649
4.344200664975649
4.694916916144577
4.223234059591019
3.823523811495452
4.905362690797354
4.935724894825857
4.645384466791205
4.513180346508358
4.308965138071153
4.407773708092367
4.9788770514642104
4.374484813960036
4.66763599438554
4.9789968435656915
4.280127028705289
4.494869453331123
4.897528992184041
4.403754707824065
4.335935196195077
5.025837743066186
4.40309713403718
4.220609254998358
4.784677012965345
4.227991564207226
4.211393846540767
4.472531518004754
5.2684540366831705
4.69142887779659
4.267602295644707
5.080322155199868
4.186743304008862
4.455494691279307
4.25032246019067
4.395065013962132
4.542684300808923
4.223779919300588
4.342319603501416
4.230839717337631
4.310640541056928
4.1510163097786705
4.190481013075372
4.081704869915296
4.158460940350884
3.9366745593310917
4.239590992988788
4.049514515120093
4.16228143788503
3.950358384187367
3.9850579020241703
4.413314887050709
3.788474611142865
3.9001632577893446
3.56253429220315
4.033816296975216
3.7316182688097026
3.899394586075208
3.988056788620865
3.667056020580543
3.4640338768358463
3.584009568187687
4.07074402467606
3.6413347536122167
3.1966602219245566
4.862434920201718
3.5272701599036633
3.3141414763818506
3.6508129090939114
3.652443135820233
3.4012047074990193
3.2605836771532193
3.2730409119417683
3.276269253229956
3.2130870924230175
4.474213554012545
3.062268289040782
3.1735781090080497
3.1735781090080497
2.9240296075005077
3.204053861653785
3.5421335188062937
3.404783800202189
3.439114486501313
3.583058764174859
3.2237927390318983
3.722205193014439
3.262126453026414
3.304847864206147
3.339535869414707
3.1977046544800896
1.8551494318459838
2.6192116367856126
2.1587270365141134
4.080826066876525
2.888581495498327
2.2459545857091054
2.5968558332078633
2.5968558332078633
2.5968558332078633
2.5968558332078633
3.491364112813099
3.2958997994944497
2.3679681814157227
3.3362691110413047
3.4512890176578948
4.920206518015302
2.7258126021318194
2.93453039449947
2.93453039449947
2.93453039449947
3.0925262364953134
3.0925262364953134
3.0925262364953134
3.0925262364953134
2.9230413446974914
3.380878212991547
2.8900281075971836
2.8900281075971836
2.4471923149178636
2.505318323116766
2.7475679189493913
2.734983411874161
2.734983411874161
2.734983411874161
2.738080115558061
2.6262922772372104
3.040964730942676
3.669121765103238
1.4623905460874376
4.043614072795545
6.2969712757569685
6.358967733878774
5.631235471163124
2.746051322952477
5.827751542115382
4.894761020569841
5.742204271093021
3.5867189735009264
4.468637919564694
5.111958407603712
5.850176434688766
4.250330875721903
5.59720921133135
5.162633430968567
3.189026131975468
5.130183616576614
4.191796853061957
5.738470912974428
6.594971257988009
3.6659790468177302
4.878585508063101
5.498671878646939
5.578469432731437
4.602669770076682
4.553596037425253
6.467743571509454
