[0.00987807]
[0.00987826]
[0.01002576]
[0.01002576]
[0.01002576]
[0.01002576]
[0.01002576]
[0.01002576]
[0.01002576]
[0.01002576]
[0.01002576]
[0.01002576]
[0.01002576]
[0.01002576]
[0.01002576]
[0.01002576]
[0.01002576]
[0.01002576]
[0.01002576]
[0.01002576]
[0.01002614]
[0.01002614]
[0.01002614]
[0.01002614]
[0.01002614]
[0.01002614]
[0.01002614]
[0.01002614]
[0.01002614]
[0.01002614]
[0.00985899]
[0.0098586]
[0.0098586]
[0.0098586]
[0.0098586]
[0.0098586]
[0.0098586]
[0.0098586]
[0.0098586]
[0.0098586]
[0.0098586]
[0.0098586]
[0.0098586]
[0.0098586]
[0.01002624]
[0.01002624]
[0.01002624]
[0.01002624]
[0.01002624]
[0.01002624]
[0.01002624]
[0.01002624]
[0.01002624]
[0.01002624]
[0.01002624]
[0.01002624]
[0.01002624]
[0.01002624]
[0.01002645]
[0.01002645]
[0.01002645]
[0.01002645]
[0.01002645]
[0.01002645]
[0.01002645]
[0.01002645]
[0.01002645]
[0.0099094]
[0.0099094]
[0.0099094]
[0.0099094]
[0.0099094]
[0.0099094]
[0.0099094]
[0.0099094]
[0.0099094]
[0.0099094]
[0.0099094]
[0.0099094]
[0.0099094]
[0.0099094]
[0.0099094]
[0.0099094]
[0.0099094]
[0.0099094]
[0.0099094]
[0.0099094]
[0.00996791]
[0.00996791]
[0.00996791]
[0.00996791]
[0.00996791]
[0.00996791]
[0.00996791]
[0.00996791]
[0.00996791]
[0.00996791]
[0.00996791]
[0.00996791]
[0.00996791]
[0.00996791]
[0.00996791]
[0.00996791]
[0.00996791]
[0.00996791]
[0.00996791]
[0.00996791]
[0.00996791]
[0.00996791]
[0.00996791]
[0.00996791]
[0.00985901]
[0.00990928]
[0.00990928]
[0.00990928]
[0.00990928]
[0.00990928]
[0.00990928]
[0.00990928]
[0.00990928]
[0.00990928]
[0.01009061]
[0.00994715]
[0.00994715]
[0.00994715]
[0.00994715]
[0.00994715]
[0.00994715]
[0.00994715]
[0.00994715]
[0.00994715]
[0.00994715]
[0.00994715]
[0.00994715]
[0.00994715]
[0.00994715]
[0.00994715]
[0.00994715]
[0.00994715]
[0.00994715]
[0.00994715]
[0.00994715]
[0.00994715]
[0.00994715]
[0.00994715]
[0.00994715]
[0.00994715]
[0.00994715]
[0.00994715]
[0.00994715]
[0.00994715]
[0.00994715]
[0.00994715]
[0.00994715]
[0.00994715]
[0.00994715]
[0.00994715]
[0.00994715]
[0.00994715]
[0.00994715]
[0.00994715]
[0.00994715]
[0.00994715]
[0.00994715]
[0.00994715]
[0.00994715]
[0.00994715]
[0.00994715]
[0.00994715]
[0.00994715]
[0.00994715]
[0.00990934]
[0.00984525]
[0.00984525]
[0.01026853]
[0.00990912]
[0.0099094]
[0.00988544]
[0.00988544]
[0.00988544]
[0.00988544]
[0.00988544]
[0.00988544]
[0.00988544]
[0.00988544]
[0.00988544]
[0.00988544]
[0.00988544]
[0.00988544]
[0.00988545]
[0.00988544]
[0.00988544]
[0.00988544]
[0.00988544]
[0.00988544]
[0.00988544]
[0.00988544]
[0.00988544]
[0.00988544]
[0.00988544]
[0.00988544]
[0.00988544]
[0.00988544]
[0.00988544]
[0.00988544]
[0.00988544]
[0.00988544]
[0.00988544]
[0.00988544]
[0.00988544]
[0.00988544]
[0.00988544]
[0.00988544]
[0.00988544]
[0.00988544]
[0.00988544]
[0.00988544]
[0.00988544]
[0.00988544]
[0.00988544]
[0.00988544]
[0.00988544]
[0.00988544]
[0.00988544]
[0.00988544]
[0.00996872]
[0.00988497]
[0.00988497]
[0.00988497]
[0.00988497]
[0.00988497]
[0.00988497]
[0.00988497]
[0.00988497]
[0.00988497]
[0.00988497]
[0.00988497]
[0.00988497]
[0.00988497]
[0.00988497]
[0.00988497]
[0.00988497]
[0.00988497]
[0.00988497]
[0.00988497]
[0.00988497]
[0.00988497]
[0.00988497]
[0.00988497]
[0.00986927]
[0.00986927]
[0.00986927]
[0.00986927]
[0.00986927]
[0.01004945]
[0.01004945]
[0.01004939]
[0.00996872]
[0.00996872]
[0.00996872]
[0.00996872]
[0.00994771]
[0.00996878]
[0.00996878]
[0.00996878]
[0.00996878]
[0.00996878]
[0.00996878]
[0.00996878]
[0.00996878]
[0.00996878]
[0.00996878]
[0.00996878]
[0.00996878]
[0.00996878]
[0.00996878]
[0.00996878]
[0.00996878]
[0.00996878]
[0.00996878]
[0.00996878]
[0.00996878]
[0.00996878]
[0.00996878]
[0.00996878]
[0.00996878]
[0.00996878]
[0.00996878]
[0.00996878]
[0.00996878]
[0.00996878]
[0.00996878]
[0.00996878]
[0.00996878]
[0.00996878]
[0.00996878]
[0.00996878]
[0.00996878]
[0.00996878]
[0.00996878]
[0.00996878]
[0.00996878]
[0.00996878]
[0.00996878]
[0.00996878]
[0.00996878]
[0.00996878]
[0.00996878]
[0.00996878]
[0.00996878]
[0.00996878]
[0.00996878]
[0.00996878]
[0.00996878]
[0.00996878]
[0.00996878]
[0.00996878]
[0.00996878]
[0.00996878]
[0.00996878]
[0.00996878]
[0.00988046]
[0.01006292]
[0.00996878]
[0.01001281]
[0.01001937]
[0.01001937]
[0.01001937]
[0.00995478]
[0.00999287]
[0.00988597]
[0.00992176]
[0.01007382]
[0.00997174]
[0.00988549]
[0.010368]
[0.01000119]
[0.00996212]
[0.0100004]
[0.01000439]
[0.00986974]
[0.00987239]
[0.00991139]
[0.00991801]
[0.00991037]
[0.0098557]
[0.00993965]
[0.00986801]
[0.00990984]
[0.01016415]
[0.00989896]
[0.00991737]
[0.00991737]
[0.00991737]
[0.00986287]
[0.0099562]
[0.01003314]
[0.01040823]
[0.01119471]
[0.01003144]
[0.00995842]
[0.00988937]
[0.01085333]
[0.01002451]
[0.00996711]
[0.01003568]
[0.01003568]
[0.01075085]
[0.00988269]
[0.0099354]
[0.0100917]
[0.0098985]
[0.01007563]
[0.01039451]
[0.0100917]
[0.00996836]
[0.01008654]
[0.0099285]
[0.01001461]
[0.00991479]
[0.0100844]
[0.01039222]
[0.01085792]
[0.00999012]
[0.01004373]
[0.01053135]
[0.00993724]
[0.00985112]
[0.0099898]
[0.01019632]
[0.00999419]
[0.01002507]
[0.00996969]
[0.00992047]
[0.01011947]
[0.01026357]
[0.01020448]
[0.01008867]
[0.01001404]
[0.00991092]
[0.01001681]
[0.01007552]
[0.01016179]
[0.01007678]
[0.00997488]
[0.01033412]
[0.0105117]
[0.01036074]
[0.01040787]
[0.00980231]
[0.01039007]
[0.00992866]
[0.0106272]
[0.01058234]
[0.01000346]
[0.01045021]
[0.01062852]
[0.01017159]
[0.01074281]
[0.01036462]
[0.01059392]
[0.01101307]
[0.00983782]
[0.01104135]
[0.00997294]
[0.01044995]
[0.01048617]
[0.01083081]
[0.01169499]
[0.01170272]
[0.01170873]
[0.01115123]
[0.01231133]
[0.01139965]
[0.01126529]
[0.01238994]
[0.01335245]
[0.01592792]
[0.02089966]
[0.0214179]
[0.0773724]
[0.01542965]
[0.02174357]
[0.01888188]
[0.02034215]
[0.01758621]
[0.03405404]
[0.03405404]
[0.01830002]
[0.20372933]
[0.02963391]
[0.02003841]
[0.05329949]
[0.09187927]
[0.09066445]
[0.03164788]
[0.03900581]
[0.02541321]
[0.02403052]
[0.02051994]
[0.02051994]
[0.02187907]
[0.02187907]
[0.07518845]
[0.06359485]
[0.05256745]
[0.07599776]
[0.05411138]
[0.05411138]
[0.04428788]
[0.04428786]
[0.19232446]
[0.06737131]
[0.5537707]
[0.04910488]
[0.17328309]
[0.27255568]
[0.05832586]
[0.06030465]
[0.09221228]
[0.5011958]
[0.00967732]
[0.01142325]
[0.0096792]
[0.0096792]
[0.0096792]
[0.01012672]
[0.01006975]
[0.00995307]
[0.01076121]
[0.00994592]
[0.01000343]
[0.0099719]
[0.01148012]
[0.01603748]
[0.00992053]
[0.01011245]
[0.00989415]
[0.00996343]
[0.01000526]
