17.684899999999985
17.684899999999985
17.684899999999985
18.031899999999986
18.031899999999986
17.810199999999984
17.60869999999998
17.60869999999998
18.53589999999999
17.171099999999978
17.916299999999985
17.171099999999978
18.36039999999999
18.36039999999999
17.14439999999998
17.14439999999998
17.14439999999998
17.14439999999998
17.14439999999998
17.14439999999998
17.14439999999998
17.961699999999983
18.386899999999986
18.386899999999986
18.386899999999986
18.386899999999986
18.386899999999986
18.386899999999986
18.386899999999986
18.386899999999986
18.386899999999986
18.386899999999986
18.386899999999986
18.386899999999986
18.386899999999986
18.386899999999986
18.386899999999986
17.961699999999983
18.19069999999999
18.64499999999999
17.858799999999984
17.26969999999998
17.26969999999998
17.26969999999998
17.03509999999998
17.03509999999998
18.06829999999998
18.259119999999985
18.071199999999983
18.071199999999983
17.33389999999997
17.490999999999982
17.717399999999977
17.358499999999978
17.969699999999982
17.49099999999998
17.800599999999985
17.800599999999985
17.932699999999983
17.932699999999983
17.932699999999983
17.932699999999983
18.098999999999986
17.84719999999998
17.39299999999998
17.878999999999987
17.878999999999987
18.171519999999983
17.980699999999977
17.84099999999998
17.84099999999998
17.84099999999998
18.39019999999999
17.901899999999987
17.901899999999987
17.420099999999973
17.420099999999973
18.520199999999985
17.849999999999984
16.996899999999975
17.202799999999975
17.51119999999998
17.51119999999998
17.282299999999974
17.282299999999974
17.282299999999974
17.282299999999974
17.282299999999974
17.282299999999974
17.282299999999974
17.282299999999974
17.282299999999974
17.282299999999974
18.138419999999982
18.582799999999988
18.582799999999988
18.20799999999998
17.815699999999982
17.894299999999987
17.996099999999984
17.712899999999983
17.615999999999982
17.327299999999973
17.327299999999973
17.327299999999973
17.327299999999973
17.327299999999973
17.327299999999973
17.327299999999973
17.327299999999973
17.327299999999973
17.327299999999973
17.327299999999973
17.327299999999973
17.31131999999998
17.993999999999982
17.993999999999982
17.32729999999998
17.32729999999998
17.32729999999998
17.32729999999998
17.32729999999998
17.32729999999998
17.32729999999998
17.144299999999976
17.704099999999983
18.258799999999983
16.86319999999997
17.196899999999975
16.48859999999997
16.48859999999997
17.079999999999977
16.724599999999974
16.724599999999974
17.38779999999998
17.83229999999998
17.960799999999978
17.379299999999972
17.919099999999986
17.299999999999976
17.299999999999976
17.82999999999998
17.82999999999998
17.82999999999998
17.82999999999998
17.769299999999987
17.24699999999997
17.72349999999998
16.726099999999967
16.726099999999967
16.726099999999967
16.726099999999967
17.833819999999985
17.833819999999985
17.00289999999998
16.613899999999973
16.613899999999973
17.32279999999998
17.32279999999998
16.580099999999973
17.24699999999997
17.297599999999974
17.24699999999997
17.927599999999977
17.927599999999977
17.986199999999986
17.088399999999975
17.032299999999978
17.032299999999978
17.81341999999998
17.437299999999976
17.194699999999976
17.661999999999985
18.215599999999984
17.968099999999982
17.316299999999977
17.316299999999977
17.316299999999977
17.316299999999977
17.316299999999977
17.71749999999998
16.768499999999968
17.206599999999973
17.288199999999975
17.66009999999998
17.548899999999975
17.54749999999998
16.503999999999973
17.324499999999976
17.49779999999998
17.49779999999998
17.49779999999998
17.47789999999998
18.044499999999978
16.931599999999975
17.66389999999998
17.525399999999983
17.215599999999977
17.70259999999998
17.587299999999978
17.74939999999998
16.786299999999972
17.67829999999998
16.53219999999997
17.718299999999978
17.413899999999977
17.413899999999977
17.453199999999978
17.248299999999976
17.248299999999976
17.536899999999974
17.240099999999973
17.240099999999973
17.240099999999973
16.823099999999965
16.772099999999973
16.82429999999997
16.900899999999968
17.489999999999977
17.427499999999974
17.201099999999972
17.201099999999972
18.361799999999988
17.15909999999998
17.15909999999998
17.254099999999976
16.639799999999976
17.50139999999998
17.15909999999998
16.85619999999997
17.385799999999982
17.28459999999997
16.885999999999974
16.878699999999977
15.914999999999967
16.883699999999973
17.41139999999998
17.41139999999998
18.275799999999983
17.404799999999977
16.808999999999973
17.089219999999973
17.403399999999976
17.092799999999976
17.092799999999976
16.925199999999972
17.292419999999975
17.06529999999997
17.02769999999997
17.02769999999997
16.368499999999965
16.34619999999997
16.34619999999997
17.42009999999998
17.384299999999975
16.859499999999976
16.859499999999976
16.94989999999997
17.38489999999998
16.722299999999972
17.533499999999982
16.85769999999997
15.838799999999967
16.72229999999997
17.304699999999976
17.317999999999977
17.62979999999998
17.170599999999975
16.70369999999997
17.076799999999977
17.207499999999975
16.63859999999997
17.165199999999977
16.907999999999973
15.717499999999967
17.340199999999975
16.98059999999997
16.87539999999997
16.917199999999973
17.39589999999998
17.30531999999998
17.447579999999977
17.042099999999973
17.021299999999975
16.848499999999976
16.371199999999966
16.48429999999997
17.67659999999998
17.71029999999998
16.991599999999977
17.258199999999974
17.148319999999977
16.64329999999997
17.33039999999998
17.18429999999998
16.37689999999997
17.44659999999998
17.22419999999997
15.31659999999997
16.883299999999977
15.425099999999967
16.643519999999967
17.145899999999976
15.927199999999964
18.42869999999999
16.312599999999968
17.13889999999998
16.597499999999968
16.957099999999972
16.827499999999972
16.56209999999997
16.613299999999967
17.667999999999978
16.953599999999973
16.44919999999997
17.21879999999998
17.14359999999997
16.220899999999965
17.098999999999975
16.745899999999974
17.29259999999998
17.416999999999984
16.731499999999965
17.002499999999976
16.720099999999967
16.418999999999965
17.68639999999998
16.67779999999997
16.515999999999966
16.329699999999967
16.448099999999968
16.38899999999997
16.38899999999997
15.710199999999967
15.266299999999967
15.676799999999968
16.81479999999997
16.656899999999972
17.235819999999975
16.82359999999997
17.11909999999997
16.50499999999997
16.03299999999996
16.358799999999967
16.654799999999966
15.952499999999967
15.439179999999967
16.72389999999997
14.90999999999997
16.83999999999997
16.287619999999965
16.77589999999997
16.341799999999964
15.643499999999966
13.949999999999976
16.68609999999997
16.924599999999973
15.669199999999963
15.435199999999966
16.94229999999997
16.136099999999956
16.489799999999963
16.52701999999997
16.312899999999967
15.405499999999968
14.737899999999971
16.57899999999997
16.92279999999997
16.256819999999966
14.067599999999972
16.566199999999967
14.157899999999971
16.113499999999963
16.195299999999964
13.831419999999971
16.151199999999964
14.376699999999968
13.701899999999974
13.968799999999973
12.964899999999975
16.282699999999963
15.957019999999963
12.14339999999998
13.050299999999979
12.69991999999998
12.31489999999998
12.891299999999976
12.624599999999978
12.143899999999983
11.000199999999987
11.739499999999984
12.586699999999977
10.956299999999988
10.48499999999999
11.767899999999985
10.342999999999993
10.987699999999988
9.828599999999994
10.64809999999999
9.260899999999998
8.8684
9.686799999999995
17.299599999999977
9.773899999999998
8.775500000000001
17.49239999999998
17.14569999999998
8.606800000000003
8.9685
8.879900000000001
8.178500000000005
16.83179999999997
17.17529999999998
8.135500000000006
7.923700000000006
8.700200000000004
17.72141999999998
7.339700000000006
6.412100000000005
7.428800000000006
6.402500000000005
6.772900000000005
6.432700000000006
5.705200000000005
4.726200000000003
4.895000000000004
17.46619999999998
4.942900000000003
4.574900000000003
5.088600000000004
6.025200000000005
2.8484000000000007
4.278400000000003
3.1456000000000017
4.845000000000004
1.6866
2.588700000000001
5.799900000000005
2.8858000000000006
2.8858000000000006
2.6693000000000007
17.894299999999983
1.1923
1.5025
1.5025
16.34389999999997
2.2118
1.3584
0.9275
0.37129999999999996
1.6556
1.0865
0.8022
0.0040000000000000036
2.812100000000001
9.951599999999994
5.185800000000005
17.121119999999983
16.738399999999967
-0.8247
15.515099999999967
0.16199999999999998
16.129599999999964
14.55259999999997
18.010099999999984
17.32029999999997
4.191700000000003
16.61319999999997
14.909299999999968
15.635199999999967
16.088699999999967
17.111199999999975
16.807899999999968
16.72639999999997
16.662219999999976
17.27089999999997
17.172199999999975
7.006900000000005
16.982499999999973
17.73519999999998
15.830499999999963
17.013999999999978
16.96149999999997
17.368499999999983
16.895199999999967
15.41219999999997
17.766119999999987
17.159219999999973
16.36439999999997
17.49509999999998
16.86989999999997
15.277899999999967
17.188999999999975
9.4537
16.669099999999972
15.976699999999965
15.46769999999997
16.030799999999964
17.154499999999977
16.18889999999996
