[0.07940803]
[0.07956542]
[0.07940847]
[0.07959589]
[0.07959589]
[0.0795192]
[0.07959197]
[0.07956538]
[0.07978967]
[0.07935136]
[0.07953809]
[0.07953809]
[0.07953809]
[0.07953809]
[0.07953809]
[0.0799398]
[0.08148818]
[0.07951339]
[0.07992877]
[0.07988281]
[0.07974941]
[0.08015686]
[0.0796245]
[0.0796245]
[0.07951503]
[0.07953744]
[0.07953744]
[0.08034896]
[0.07981502]
[0.07981502]
[0.07981502]
[0.07981502]
[0.07981502]
[0.07981502]
[0.07981502]
[0.07981502]
[0.07956628]
[0.07956628]
[0.07932568]
[0.08019069]
[0.08006068]
[0.0799637]
[0.07993801]
[0.07974897]
[0.07974897]
[0.07974897]
[0.08039784]
[0.07951589]
[0.07976092]
[0.07976092]
[0.07976092]
[0.07976092]
[0.07976092]
[0.08047088]
[0.0796634]
[0.07954095]
[0.07999128]
[0.0819511]
[0.07964057]
[0.07976369]
[0.08033191]
[0.08046194]
[0.07959204]
[0.07999177]
[0.07969893]
[0.07980363]
[0.07972755]
[0.07971215]
[0.07992004]
[0.08006384]
[0.08020261]
[0.07972237]
[0.07972237]
[0.07972237]
[0.07972237]
[0.07972237]
[0.07972237]
[0.07979154]
[0.08016758]
[0.07979877]
[0.07976639]
[0.07976639]
[0.07976639]
[0.07976639]
[0.07991982]
[0.07991982]
[0.07991982]
[0.07986502]
[0.08119345]
[0.07970913]
[0.07970913]
[0.07970913]
[0.07953832]
[0.07965868]
[0.07965868]
[0.07965868]
[0.07965868]
[0.07965868]
[0.07965868]
[0.07965868]
[0.07978105]
[0.08051579]
[0.08210733]
[0.07982951]
[0.08096372]
[0.07956106]
[0.08015975]
[0.08140408]
[0.08019598]
[0.08004144]
[0.07974683]
[0.07974683]
[0.08031947]
[0.08031947]
[0.08145279]
[0.0907227]
[0.079731]
[0.07948431]
[0.07963566]
[0.07959498]
[0.08036359]
[0.08036359]
[0.08036359]
[0.08036359]
[0.08036359]
[0.08036359]
[0.08036359]
[0.08054385]
[0.07988904]
[0.08097704]
[0.08035076]
[0.07979579]
[0.08026076]
[0.07981443]
[0.07937226]
[0.08153465]
[0.07972863]
[0.07982041]
[0.07982041]
[0.0796303]
[0.07940421]
[0.08162105]
[0.07961818]
[0.08012374]
[0.08202831]
[0.08246589]
[0.08058738]
[0.08134733]
[0.0797568]
[0.08115901]
[0.08115901]
[0.07970963]
[0.07970963]
[0.08157388]
[0.08157388]
[0.08035801]
[0.07976863]
[0.07969396]
[0.09024879]
[0.08485548]
[0.08045861]
[0.08367344]
[0.08020147]
[0.07948308]
[0.07985835]
[0.08016575]
[0.08088879]
[0.08049965]
[0.0818858]
[0.08276948]
[0.08135779]
[0.08135779]
[0.08030397]
[0.08040482]
[0.08035791]
[0.08035791]
[0.08276796]
[0.08036133]
[0.08025961]
[0.08025961]
[0.07969033]
[0.08051225]
[0.07964117]
[0.07969894]
[0.08019097]
[0.08019097]
[0.08026088]
[0.08225531]
[0.08014654]
[0.08116314]
[0.08011868]
[0.08011868]
[0.08032648]
[0.08032648]
[0.08032648]
[0.0833118]
[0.08067828]
[0.08112802]
[0.08112802]
[0.07998444]
[0.08364031]
[0.07980645]
[0.0804607]
[0.0804607]
[0.0804607]
[0.08083516]
[0.07986287]
[0.08039019]
[0.08012452]
[0.0799677]
[0.07988137]
[0.08018408]
[0.0801518]
[0.08027461]
[0.08030559]
[0.08092204]
[0.08016051]
[0.07967155]
[0.08617515]
[0.08106156]
[0.08120853]
[0.08078317]
[0.08078317]
[0.08078317]
[0.08078317]
[0.08078317]
[0.08078317]
[0.08078317]
[0.08078317]
[0.08078317]
[0.08020265]
[0.08135764]
[0.08282796]
[0.08050438]
[0.08160886]
[0.07981218]
[0.08001392]
[0.08667598]
[0.08146327]
[0.08032139]
[0.08029728]
[0.08029728]
[0.07991083]
[0.08321566]
[0.08098786]
[0.07979638]
[0.08117023]
[0.08043835]
[0.07963829]
[0.08060378]
[0.08105894]
[0.08010823]
[0.0799017]
[0.07993322]
[0.07972217]
[0.08203861]
[0.07985043]
[0.07984573]
[0.07978674]
[0.08030038]
[0.08181101]
[0.07964236]
[0.08013993]
[0.07998837]
[0.08053482]
[0.0845562]
[0.07967835]
[0.08070502]
[0.08055298]
[0.08014069]
[0.08014069]
[0.08014069]
[0.08014069]
[0.08014069]
[0.08014069]
[0.07974014]
[0.08020377]
[0.08012813]
[0.08020688]
[0.07970372]
[0.0802177]
[0.08056882]
[0.08075935]
[0.0862512]
[0.07963959]
[0.08196434]
[0.0799927]
[0.09540178]
[0.0815304]
[0.07985954]
[0.07985954]
[0.08082369]
[0.08092345]
[0.08233371]
[0.08014051]
[0.0825839]
[0.08343412]
[0.07942706]
[0.08092671]
[0.08074405]
[0.07967597]
[0.08474252]
[0.0805641]
[0.07978515]
[0.08478558]
[0.07999228]
[0.08016326]
[0.0811997]
[0.07969828]
[0.08058466]
[0.08281166]
[0.08236343]
[0.08283528]
[0.08305474]
[0.08983283]
[0.08019044]
[0.08074934]
[0.08014515]
[0.0827991]
[0.08996393]
[0.08042796]
[0.08230001]
[0.07985552]
[0.0801435]
[0.07955806]
[0.080103]
[0.0798796]
[0.0798364]
[0.08058853]
[0.08103032]
[0.09196205]
[0.08000273]
[0.08203473]
[0.08015542]
[0.07984551]
[0.08511532]
[0.08155077]
[0.08059157]
[0.08054856]
[0.08085651]
[0.0816384]
[0.08079643]
[0.07972614]
[0.08282701]
[0.08103734]
[0.07989793]
[0.0809285]
[0.08389869]
[0.08108459]
[0.07955555]
[0.08483838]
[0.08215772]
[0.08029678]
[0.08041716]
[0.08443472]
[0.08088417]
[0.08008955]
[0.08127138]
[0.08042506]
[0.07989122]
[0.08034057]
[0.0808138]
[0.0844903]
[0.08073217]
[0.08792092]
[0.07986669]
[0.0828431]
[0.07981081]
[0.0985795]
[0.08167315]
[0.08261209]
[0.08205258]
[0.08158627]
[0.0800107]
[0.08054812]
[0.08069017]
[0.08069623]
[0.08086054]
[0.17218107]
[0.08523214]
[0.07979666]
[0.08126888]
[0.08210546]
[0.08224842]
[0.08052994]
[0.08100846]
[0.083443]
[0.08079234]
[0.16267602]
[0.08876538]
[0.10373451]
[0.0830362]
[0.09897371]
[0.08110448]
[0.08048864]
[0.08143502]
[0.103475]
[0.08173482]
[0.08375583]
[0.09127998]
[0.08286454]
[0.08128334]
[0.08109729]
[0.08462618]
[0.10205975]
[0.09921271]
[0.08240833]
[0.14369643]
[0.08575661]
[0.0835354]
[0.08044507]
[0.08012079]
[0.07975095]
[0.08124055]
[0.09257189]
[0.22590259]
[0.08006542]
[0.07983682]
[0.08651414]
[0.08733687]
[0.10700043]
[0.10116713]
[0.08030619]
[0.08125966]
[0.09068534]
[0.09196887]
[0.09311415]
[0.09791833]
[0.11048055]
[0.08944235]
[0.08231298]
[0.10130922]
[0.08482337]
[0.08582509]
[0.09726181]
[0.09145131]
[0.10106768]
[0.08008527]
[0.1186847]
[0.08032653]
[0.10238568]
[0.10529795]
[0.09615995]
[0.10024404]
[0.1858718]
[0.18620855]
[0.16362654]
[0.14733554]
[0.37887934]
[0.29099426]
[0.07953916]
[0.23829009]
[0.2604256]
[0.07990948]
[0.21564531]
[0.2748515]
[0.08041389]
[0.1402541]
[0.08076088]
[0.08314119]
[0.08091577]
[0.08526092]
[0.08139075]
[0.07997005]
[0.0848387]
[0.08277477]
[0.07971267]
[0.08062343]
[0.0796296]
[0.08127127]
[0.07951575]
[0.08039176]
[0.07985573]
[0.08030739]
[0.09211998]
[0.08133531]
[0.08159924]
[0.08538633]
[0.08246716]
[0.08084775]
[0.0796938]
[0.08012269]
[0.07956152]
[0.08618933]
[0.07998703]
[0.08267462]
[0.08922338]
[0.08033531]
[0.07996065]
[0.08114177]
[0.07979856]
[0.08298172]
[0.08574159]
[0.07953288]
[0.08083254]
[0.08201259]
[0.08401112]
[0.08082303]
[0.08108465]
[0.07980867]
