4.236844996569827
4.382629767223255
4.269428104498411
4.298763406868993
4.298763406868993
4.298763406868993
4.298763406868993
4.298763406868993
4.298763406868993
4.298763406868993
4.298763406868993
4.298763406868993
4.298763406868993
4.298763406868993
4.204728790289278
4.204728790289278
4.204728790289278
4.411468959305814
4.324498437865374
4.324498437865374
4.9996826179209055
4.3499105160968945
4.403578045091788
4.404235958110118
4.404235958110118
4.404235958110118
4.404235958110118
4.404235958110118
4.404235958110118
4.404235958110118
4.404235958110118
4.404235958110118
4.404235958110118
4.404235958110118
4.404235958110118
4.404235958110118
4.404235958110118
4.404235958110118
4.534542866967724
4.534542866967724
4.534542866967724
4.163875169021468
4.163875169021468
4.163875169021468
4.163875169021468
4.163875169021468
4.2876014295132965
4.2876014295132965
4.2876014295132965
4.2876014295132965
4.2876014295132965
4.023160024790699
3.954401264133373
4.015923608455718
4.219100088779287
4.219100088779287
4.403878684295849
4.403878684295849
4.403878684295849
4.403878684295849
4.403878684295849
4.0265018517137765
4.041529469261578
4.041529469261578
4.465795223923115
4.0211620998702085
4.0211620998702085
4.339636558820487
3.854906661126929
4.2788870742096785
4.1142006497907
4.1142006497907
4.1142006497907
4.1142006497907
4.1142006497907
4.1142006497907
4.1142006497907
4.441402426478726
4.441402426478726
4.441402426478726
4.441402426478726
4.441402426478726
4.441402426478726
4.441402426478726
4.441402426478726
3.9593338648659744
3.9593338648659744
4.399658901497082
4.431491172461701
4.234525086726859
4.234525086726859
4.393197757856874
4.393197757856874
4.080097234829344
4.136619159406085
4.136619159406085
4.136619159406085
4.136619159406085
4.136619159406085
4.136619159406085
4.136619159406085
4.136619159406085
4.136619159406085
4.136619159406085
4.136619159406085
4.136619159406085
4.136619159406085
4.136619159406085
4.136619159406085
4.519112886442879
4.074424707356817
4.074424707356817
4.074424707356817
4.074424707356817
4.074424707356817
4.074424707356817
4.307228370360479
4.139097234829345
4.139097234829345
4.155654736329161
4.324515239997174
4.109197232561157
4.305696231924313
4.305696231924313
4.305696231924313
4.305696231924313
4.305696231924313
4.305696231924313
4.305696231924313
4.305696231924313
4.305696231924313
4.305696231924313
4.305696231924313
4.305696231924313
4.305696231924313
4.305696231924313
4.305696231924313
4.305696231924313
4.305696231924313
4.305696231924313
4.305696231924313
4.305696231924313
4.305696231924313
4.305696231924313
4.305696231924313
4.305696231924313
4.305696231924313
4.305696231924313
4.305696231924313
4.305696231924313
4.305696231924313
4.305696231924313
4.305696231924313
4.305696231924313
4.305696231924313
4.305696231924313
4.305696231924313
4.305696231924313
4.305696231924313
4.305696231924313
4.305696231924313
4.305696231924313
4.305696231924313
4.305696231924313
4.305696231924313
4.305696231924313
4.305696231924313
4.305696231924313
4.305696231924313
4.305696231924313
4.305696231924313
4.305696231924313
4.305696231924313
4.305696231924313
4.305696231924313
4.305696231924313
4.305696231924313
4.305696231924313
4.305696231924313
4.305696231924313
4.474198333730443
4.24702054954218
4.24702054954218
4.24702054954218
4.383010200163074
4.383010200163074
4.383010200163074
4.383010200163074
4.383010200163074
4.383010200163074
3.9305122239396866
3.9305122239396866
3.9305122239396866
3.9305122239396866
3.9305122239396866
4.122008830194293
4.344877806325844
4.553696844258571
4.109455457483007
4.080913630559931
4.080913630559931
4.080913630559931
4.1988950102097835
4.1988950102097835
4.1988950102097835
4.1988950102097835
4.1988950102097835
4.1988950102097835
4.086944640175316
4.419163483257142
4.419163483257142
4.338537534113383
4.338537534113383
4.338537534113383
4.225352626576695
4.212982221014081
4.453418475654615
4.34102103198092
4.120057140175316
4.218012985745095
4.218012985745095
4.218012985745095
4.085841557173667
4.586866911029322
4.275940672998528
4.471282695403707
4.160024026896707
4.598771558296709
4.262993337982331
4.639916228706602
4.205476387924664
4.1093118557124075
4.491088727710189
4.310994248341073
4.266918433797209
4.0882600247907
4.005045802200701
4.456370693535424
4.414337732636193
4.04249485421264
4.5914693960015045
4.588696432745411
4.173278807992224
4.100562264628314
4.312661531692257
4.362708400499029
4.495010071773766
4.529682521248263
4.305922455037063
4.277630040328501
4.50424136886786
4.135861107314378
4.519237553761472
4.168761068043754
4.680445790119377
4.195112671254714
4.223996029071788
4.298505534337097
3.9685362934185946
4.209012203582013
4.209012203582013
4.209012203582013
4.03412727145938
4.346400609400424
4.306459976288888
4.307931130741464
4.025496563252238
4.647872169811791
4.214734544021468
4.3353779176914475
4.100374408473373
4.239152813252237
4.225254425459817
4.206460859175419
4.314577088309197
4.135049207483007
4.333999961375067
3.9031133520454606
4.340145584229336
4.154193938126048
4.101331466997591
4.302394635219786
4.395654241438121
4.362870288455817
4.300297320410417
4.592276491929761
4.0396271013525435
4.627468950508626
4.328051511909585
4.597026417436647
4.270761196400343
4.347795748327268
4.166455457483008
4.166455457483008
4.2858240702090695
4.2858240702090695
4.334300897833007
4.62032452808699
4.592412253144362
4.417531441279839
4.734031485892155
4.064564634096744
4.487080697113464
4.398148596610799
4.615183421600364
4.494945982660141
4.50123704965766
4.824615828513144
4.3779214548188055
4.270709246272194
4.231718719272714
4.114456859422793
4.649391223958721
4.286275224879052
4.093627957533598
4.165758773290882
4.573095194690588
4.016363149790699
4.016363149790699
4.016363149790699
4.178330579305973
4.6678182716136645
4.357424527131892
4.5668871347973585
4.637379923598992
4.637379923598992
4.213206764882615
4.663899606007334
4.736819801575415
4.326308155275159
4.44639916964168
4.46471379646818
4.137893635976151
4.215154124398534
4.832890617980148
4.557433047633135
4.344144383563
4.066742932425662
4.060080958431002
4.776958553052269
4.254815232293688
4.062995496001372
4.100634425459818
3.972488034557024
4.3249913485367415
4.450031047475457
4.7575167892651855
4.7681627589944835
4.313793428206987
4.840521882398702
3.723601626171087
3.9149735450950782
4.784107449039993
5.2448699723713474
5.2448699723713474
3.883024066945688
5.072007390885037
3.7779540719782077
5.110746113179692
4.412679177363197
4.115459017033152
3.913778109361722
5.0819815473793515
3.942788246977857
4.810199165826788
4.414021577045807
4.414021577045807
4.177288907347638
4.977055393533197
4.169426874176009
4.52579046264113
4.376733403974048
3.934333384858844
2.622665721849902
4.371991823916758
4.345405398577393
3.9785005270837575
3.7252820609645667
4.343742991095216
4.275356718337294
3.5560475343981386
4.298902235240771
4.049107001645892
3.8550094455799524
3.4637870948376985
3.8350591910735634
4.079564693953584
4.096924361087095
3.056964175287151
3.056964175287151
4.20193987076475
3.8594429051690984
3.8594429051690984
4.0594001860492535
3.9792714033140886
2.7966719946288467
3.2043358025102684
3.1975289246077168
3.153677665830232
3.591296786038809
2.909702999853856
2.909702999853856
3.697196986707705
3.9239529662887644
3.5490409409915458
3.5733701701835265
2.5721735101380965
2.652280041248499
2.8940963094750245
3.607168384469241
3.2524596552636797
4.068020494508893
3.320856557188133
3.415251449085944
3.411127646473462
3.4280735100438537
3.7514389933966674
3.247993820955675
3.1036852215493793
3.668595026302632
3.320998477038401
3.320998477038401
3.4293862061799185
3.1774415539614784
3.2589349131291083
3.375905235606565
3.375905235606565
3.9847569563564216
3.1302071839646644
3.9289254359243913
3.5965402016989625
3.434364366357352
3.2935983231922474
2.88054713190469
3.430962505664157
2.7546990924230172
3.4532997237303285
2.861738313893433
3.3138580154999397
2.7821631434474536
3.26268561320145
2.6776513468605927
4.005173429173953
3.171466864906023
2.4486130907604142
3.1403744457637313
2.3508759000974973
2.414432672892362
2.414432672892362
3.12351951103291
2.749757437826233
2.592941837641799
2.7424163135658794
1.5610329303024777
2.0293110171543525
2.0293110171543525
3.384798884513634
2.002045420856973
2.8976474437607784
3.1680364236055
2.301868267774415
2.405917168873314
1.6935793918409416
2.141834776456326
2.4710067879101327
3.4324154086071363
3.2514251135317025
3.6283038502324754
3.1638132405938526
3.36553289826497
3.4521952464431074
3.4521952464431074
3.119323046467981
3.9051363175169307
4.043614072795545
3.898492277237211
4.7465912788317715
5.864566890238043
7.3284153846153846
7.3284153846153846
7.3284153846153846
5.365170871538803
4.807953439505166
4.877071823226233
5.936959490454816
5.422492626759675
5.731436190512505
5.65556457558751
5.0348841478267286
4.980188764425929
4.844506594773852
4.215604731154285
5.004479307446838
5.4497362265038145
4.081928054745091
4.002207902939456
4.833207795980025
6.466547488316298
5.3230837725196105
4.627333850522212
