3.3290972220848776
3.2160351014488207
3.1275912053624726
3.2456589550626056
3.2456589550626056
3.0535607273022567
2.9190611681453067
3.3816782682123447
3.1385616195636565
3.1385616195636565
3.1385616195636565
3.1385616195636565
3.1385616195636565
3.1385616195636565
3.1385616195636565
3.1385616195636565
3.1385616195636565
3.1385616195636565
3.1385616195636565
3.1385616195636565
3.041582381537209
3.041582381537209
2.880600077894199
2.880600077894199
2.880600077894199
2.880600077894199
2.880600077894199
2.880600077894199
2.880600077894199
2.880600077894199
2.880600077894199
2.880600077894199
2.880600077894199
2.880600077894199
2.880600077894199
3.0621776865807417
3.0621776865807417
3.0621776865807417
3.3057262024068805
3.3057262024068805
2.9829666130561296
2.9829666130561296
2.9829666130561296
2.9829666130561296
2.9829666130561296
2.8925977396498777
2.8925977396498777
2.8925977396498777
3.1127522721580823
3.1127522721580823
3.1127522721580823
3.1127522721580823
2.985163690829177
2.985163690829177
2.985163690829177
2.7450439974735694
3.0792649874455567
3.0792649874455567
3.0792649874455567
3.0792649874455567
3.0792649874455567
3.0792649874455567
3.0792649874455567
3.0792649874455567
3.0792649874455567
3.0792649874455567
3.0792649874455567
3.0792649874455567
3.0792649874455567
3.0792649874455567
3.0792649874455567
3.0792649874455567
3.0792649874455567
3.0792649874455567
3.0792649874455567
3.0792649874455567
3.0792649874455567
3.0792649874455567
3.0792649874455567
3.0792649874455567
3.0792649874455567
3.0792649874455567
3.0792649874455567
3.0792649874455567
3.0792649874455567
3.0792649874455567
3.0792649874455567
3.0792649874455567
3.0792649874455567
3.0792649874455567
3.0792649874455567
3.0792649874455567
3.0792649874455567
3.0792649874455567
3.0792649874455567
3.0792649874455567
3.0792649874455567
3.0792649874455567
3.0792649874455567
3.0792649874455567
3.0792649874455567
3.0792649874455567
3.0792649874455567
3.0792649874455567
3.0792649874455567
3.0792649874455567
3.0792649874455567
3.0792649874455567
3.0792649874455567
3.0792649874455567
3.0792649874455567
3.0792649874455567
3.0792649874455567
3.0792649874455567
3.0792649874455567
3.1636297697107265
3.208492889477175
3.198950724593221
3.058353916114518
3.3197999402832066
4.276800848099514
4.276800848099514
3.0232808091699113
3.0232808091699113
2.913859637453756
4.232907762533394
4.359375483949736
3.1313714511521864
2.84923277205824
2.84923277205824
3.741986220651965
3.741986220651965
3.741986220651965
3.741986220651965
3.741986220651965
3.741986220651965
3.1250779452966233
3.2450803369905934
3.0490652220234082
3.338950689563732
2.95286153041547
3.0861429800626166
3.242935504732462
3.737341566129026
3.1738899926296904
2.997903820578946
3.247881954108097
3.0086078984288056
3.0086078984288056
3.0086078984288056
3.0086078984288056
3.0086078984288056
3.0086078984288056
3.0086078984288056
3.0086078984288056
3.0086078984288056
3.0086078984288056
3.0086078984288056
3.0086078984288056
3.0086078984288056
3.0086078984288056
3.0086078984288056
3.0086078984288056
3.0086078984288056
3.0086078984288056
3.0086078984288056
3.0086078984288056
3.0086078984288056
3.0086078984288056
3.0086078984288056
3.0086078984288056
3.1413693571672745
3.146461104505267
3.2557513522003507
2.93541448203932
3.0346550422987466
3.154510323178007
3.154510323178007
3.9376121950444993
3.9376121950444993
3.080662949401929
3.27506839976051
2.948189191741914
3.431591020749705
3.0092024918314735
3.2123968494225554
2.866283574891362
3.2450938387835357
3.1580557466612253
3.2181043331673447
3.2181043331673447
2.986737156503562
3.8305811704919446
3.8305811704919446
3.8305811704919446
2.9615538031026123
2.848610365765836
2.848610365765836
2.848610365765836
2.848610365765836
3.349433215114211
3.349433215114211
3.349433215114211
3.349433215114211
3.349433215114211
3.349433215114211
3.245629539081264
4.013541195653348
2.941079665086404
3.066248235596687
2.974482855953047
2.974482855953047
2.8771751126938607
3.447033786681148
2.8803176609730414
3.07676230023028
2.9020872763576566
2.96842939345375
3.9628093795404675
3.416992368781761
3.416992368781761
3.416992368781761
3.416992368781761
3.2968313684125317
3.3108034288104218
3.2385811168568353
3.2385811168568353
3.2191325202067453
3.2972009951508037
4.179695254833614
4.179695254833614
3.2850513477976744
3.903289452278549
4.494658487095533
3.2446498382041327
3.045616398408302
2.9670043087988525
3.2076802642627387
3.0672755274764683
2.992299556226584
3.3540181380854053
3.3540181380854053
3.390233291730228
3.1584093653460865
4.355480450519565
3.2764158319674177
3.2764158319674177
3.4513953688546355
3.4826456832339385
3.3092476155267203
3.0518651948744493
3.3735232395621537
3.3735232395621537
3.197598087748446
3.4075856013040324
2.7388771237432152
3.4087283566335884
3.420351482408015
3.575734004028406
3.840299282856808
3.3141907426780755
4.00696140502977
3.2552755324657756
3.9432875390533857
3.3134343312595362
3.21245814298873
3.5619177402889006
3.7802011006301965
3.0865475387593415
3.017374301564714
3.7354120455610857
3.7354120455610857
3.7354120455610857
3.3413755229884314
3.1698722186179253
3.5523064773213715
3.130337998672852
3.2022303325223547
4.4493132534629645
3.4195483285608193
3.2119774471943616
3.2119774471943616
3.2119774471943616
3.269804184130164
3.141363588731892
3.5250224828601713
3.5087378283067174
3.5509803854492414
4.086124613033626
3.306101379460653
3.183572424561712
3.249877891694849
2.703573688634112
3.180288135492482
4.03752996105435
3.0684600331845644
3.575317897009681
3.2782642021401145
3.2782642021401145
3.2782642021401145
3.625731728197728
3.459360244993592
4.018592593530041
3.4399035182558606
3.47198046961471
3.145225036307819
3.440597205593434
3.2255892476333523
3.356489284067173
3.276743988134415
3.5198854924246232
3.2476729979951813
4.062864565872841
3.9548639632627127
3.5000310639023082
4.106012313736448
4.273944046042406
3.2057976067051923
3.2057976067051923
3.2716232763102333
3.2360401665822343
3.2333342176283875
3.5307913558195185
3.1544020178983123
3.466021730482545
4.035356085730414
4.6744646114672594
4.037999254833615
3.4697249007056925
3.017920742674093
3.4136549066188326
3.7024361765842073
3.917752575163693
3.562528496877224
3.7027123524501393
4.349340182532489
3.6229120549005094
3.0091499836318105
3.7022527825663722
3.5125613075058295
3.7363794765333367
4.029885031332011
3.8417168254296605
3.9729273647619667
3.745646542901836
3.078117797011174
3.8388024602767414
3.3941457651200917
3.520625205570955
3.6687147943616942
3.496124545836179
3.263489593243815
3.646263362244154
3.7424116341548803
3.5066400707675296
4.087534795690537
4.185938140587534
3.820250228926991
3.6911839318088653
3.564990897889035
4.502466791622419
3.526378671749775
4.098371166891324
3.359198432909345
3.2424537213708833
3.7086251282887606
3.5272248601474683
3.7433026156280738
3.720338529850805
3.33364843405269
3.4720015939464357
4.66034707300572
4.047238965339284
3.7917758819515672
2.951836994491215
3.4006166845792496
3.6182640914166857
3.5361550698490394
3.9528538555474206
3.046461571804503
4.069491037828016
4.244966234936886
3.1235496308338693
3.9694465283471425
3.843334477370604
4.2420625676739165
3.677211028214308
4.013149872995145
4.812418518275733
4.192577356960696
4.082161522161424
2.8555550354439383
3.2125552519927183
3.1162906277781692
4.987203164879064
4.192665468976246
4.101317249381907
4.101317249381907
4.000936888625121
4.204234906270393
4.274972815718806
3.048921337746785
4.011356284998158
4.1805043293473165
3.4618587913953993
2.5968719853387725
3.873882927994403
4.14256360997755
4.522294020436351
4.160235544954288
4.668243135104415
4.750810746926936
3.3056469708067873
4.366915368315269
3.516360374637788
2.948757857811664
2.7963722219738596
2.4420467412648623
2.6717282420880846
3.1115865795611537
3.2739205232178765
3.399925443088949
2.5810153541602876
3.285139402641822
3.2580164770384012
4.314520217825976
3.492455340855698
3.2083303435959003
3.0569800154999403
2.9491298987681382
2.5552595222486794
2.6649273544165126
2.7771725117173602
3.745130004132549
3.745130004132549
3.629822922023953
3.48877220561816
3.638335226566209
3.39172167449445
3.1978161337952447
2.958246283165023
3.0868201712011736
3.0868201712011736
2.6262922772372104
2.7178142087292727
3.5922232537400856
3.184668179439777
2.691203573220788
3.4247791026682606
3.302667901561664
3.685186319303849
3.8621896124720774
3.2063909052636808
3.9348713996628906
3.0736051853118624
2.7052995049174786
3.040964730942676
3.5015153649804382
2.503645932901547
3.11323310293925
4.548883937127518
4.234334859261511
3.8461395049174794
3.056056784904646
3.056056784904646
2.7197692003141345
3.9364035302173574
3.2504478857025445
3.363216129889924
3.7975726151399574
4.255092096195182
3.5675330321613394
4.708045226205193
3.6555369232958848
3.229706160700932
4.327519992976134
4.233804231068791
3.956796688863223
4.643698172160239
4.845754886665214
5.378952142350742
5.927676357454384
4.331538209277987
5.3853658568707194
3.6487788906780825
3.6907227874998245
4.034024911144398
2.874019941504608
5.316678656463715
2.811002122956163
2.811002122956163
3.996072464422422
5.24821660239023
4.302585155883799
3.8660479704484247
2.9843418789654947
2.996740839947128
4.098054674131404
3.7838683122224612
3.6895198157068094
