4.462835243153565
4.462835243153565
4.462835243153565
4.342180619906086
4.342180619906086
4.342180619906086
4.68078848840383
4.466340088968542
4.466340088968542
4.466340088968542
4.466340088968542
4.466340088968542
4.466340088968542
4.466340088968542
4.466340088968542
4.466340088968542
4.466340088968542
4.466340088968542
4.466340088968542
4.575270432393536
4.575270432393536
4.575270432393536
4.575270432393536
4.575270432393536
4.398641977001521
4.398641977001521
4.398641977001521
4.398641977001521
4.398641977001521
4.398641977001521
4.398641977001521
4.398641977001521
4.398641977001521
4.398641977001521
4.398641977001521
4.398641977001521
4.398641977001521
4.398641977001521
4.398641977001521
4.398641977001521
4.398641977001521
4.398641977001521
4.398641977001521
4.398641977001521
4.452963606420254
4.452963606420254
4.42057766131494
4.42057766131494
4.42057766131494
4.42057766131494
4.42057766131494
4.42057766131494
4.42057766131494
4.42057766131494
4.42057766131494
4.42057766131494
4.42057766131494
4.42057766131494
4.42057766131494
4.42057766131494
4.42057766131494
4.42057766131494
4.42057766131494
4.42057766131494
4.42057766131494
4.42057766131494
4.42057766131494
4.492688587821316
4.674796657226158
4.674796657226158
4.674796657226158
4.674796657226158
4.674796657226158
4.674796657226158
4.771809795415402
4.795844512910296
4.621357013973392
4.628725111604838
4.470096717021867
4.470096717021867
4.470096717021867
4.470096717021867
4.470096717021867
4.5214735772515535
4.5214735772515535
4.5214735772515535
4.5214735772515535
4.5214735772515535
4.568199936236779
4.568199936236779
4.706242742998793
4.591531647015128
4.6648724330834295
4.6648724330834295
4.6648724330834295
4.6648724330834295
4.6648724330834295
4.6648724330834295
4.6648724330834295
4.6648724330834295
4.6648724330834295
4.6648724330834295
4.6648724330834295
4.6648724330834295
4.6648724330834295
4.6648724330834295
4.6648724330834295
4.6648724330834295
4.6648724330834295
4.551435988663562
4.625096316858562
4.167185215522032
4.637220891399064
4.611751320262236
4.611751320262236
4.611751320262236
4.611751320262236
4.5826343509861545
4.5826343509861545
4.5826343509861545
4.5826343509861545
4.5826343509861545
4.5826343509861545
4.5826343509861545
4.5826343509861545
4.5826343509861545
4.5826343509861545
4.5826343509861545
4.709769363059284
4.693468776650176
4.709606203965013
4.729333567144776
4.5936715420895275
4.5936715420895275
4.5936715420895275
4.5936715420895275
4.5936715420895275
4.5936715420895275
4.5936715420895275
4.5936715420895275
4.5936715420895275
4.5936715420895275
4.5936715420895275
4.5936715420895275
4.5936715420895275
4.5936715420895275
4.5936715420895275
4.5936715420895275
4.5936715420895275
4.5936715420895275
4.5936715420895275
4.5936715420895275
4.5936715420895275
4.5936715420895275
4.5936715420895275
4.5936715420895275
4.5936715420895275
4.5936715420895275
4.5936715420895275
4.5936715420895275
4.5936715420895275
4.5936715420895275
4.5936715420895275
4.349737366966778
4.5687981316001585
4.5687981316001585
4.5687981316001585
4.5687981316001585
4.5687981316001585
4.5687981316001585
4.5687981316001585
4.379356530313553
4.379356530313553
4.379356530313553
4.379356530313553
4.379356530313553
4.682384580606811
4.682384580606811
4.682384580606811
4.463451807147003
4.463451807147003
4.499730880835607
4.582356186101711
4.7061091827537265
4.620589594547669
4.620589594547669
4.620589594547669
4.620589594547669
4.620589594547669
4.620589594547669
4.620589594547669
4.620589594547669
4.620589594547669
4.620589594547669
4.620589594547669
4.620589594547669
4.620589594547669
4.404073264163393
4.664737076063767
4.664737076063767
4.664737076063767
4.664737076063767
4.664737076063767
4.664737076063767
4.664737076063767
4.664737076063767
4.664737076063767
4.664737076063767
4.664737076063767
4.664737076063767
4.664737076063767
4.664737076063767
4.664737076063767
4.664737076063767
4.664737076063767
4.664737076063767
4.664737076063767
4.664737076063767
4.664737076063767
4.664737076063767
4.664737076063767
4.664737076063767
4.664737076063767
4.664737076063767
4.664737076063767
4.664737076063767
4.664737076063767
4.664737076063767
4.664737076063767
4.664737076063767
4.664737076063767
4.664737076063767
4.664737076063767
4.348038863660131
4.404813313494224
4.404813313494224
4.309629520418563
4.309629520418563
4.357476905820436
4.357476905820436
4.357476905820436
4.950790939050528
4.643090404174631
4.552084838295583
4.429013242682675
4.405237057899139
4.646399937567461
4.639135459132215
4.713037773631876
4.642137049359777
4.508717399010128
4.587509066405264
4.594213481097707
4.676969544059649
4.714129970165182
4.688802274565125
4.550636860453661
4.503259690487109
4.736036629779358
4.208208910718076
4.48197163545187
4.501739566842295
4.540347055781943
4.62688551089824
4.62688551089824
4.5746641122968414
4.494330339872322
4.566630191584828
4.641999846562575
4.587137608800338
4.294176527717539
4.576189643254592
4.654242429545203
4.576450626213477
4.606001443086879
4.485290378748495
4.485290378748495
4.985393867315176
4.842102573835303
4.576037368960281
4.517932783635343
4.7300930493296285
4.57590799607061
4.206560738026733
4.299179947251643
4.554774061107871
4.614929418250728
4.612416111808084
4.394428909900601
4.384092434346992
4.780881749928472
4.700552667647072
4.233844649363336
4.668671122286603
4.611214551055143
4.638453662756223
4.603656070338799
4.841658127614178
4.578443976428682
4.619898836068138
4.709082643500813
4.649923099569409
4.523156419989149
4.437917749552508
4.906662199820177
4.824023047340737
4.823607172928483
4.248189713084914
4.7061906157933455
4.704382528808063
4.704382528808063
4.697361608104201
4.452212510918974
4.959696165404919
4.678830943293898
4.71076234817238
4.79553456934963
4.796516162756222
4.738951218871632
4.514662528808062
4.614999695310328
4.775596602817519
4.388912977887257
4.85978662377564
4.439438230602297
4.318342099469959
4.9277152168087675
4.4134133317766295
4.360499404499491
4.937242643765373
4.576957711126287
4.940165370805967
4.9088720881368975
4.67950508182505
4.735540594518406
4.792503116239137
5.016893902506631
4.3666340887775075
4.6769831609206145
4.722775827589265
4.357174523412417
4.72546146378367
4.835865259652529
4.718656979478737
4.743968854188834
4.620959014663285
5.239923015257462
4.722924451020649
4.6927752271503484
4.367216202262336
5.448015671017991
4.662305098342564
4.658267212002565
5.098555796507385
4.611649846348181
5.181953643016241
4.61270789548348
4.618098450096078
5.309436099781362
5.309436099781362
4.941539123877689
4.225764676553769
5.375950954496093
5.136089405099203
5.192742234238313
4.619963837808291
5.4031758169485045
5.13939217323602
5.054395029993524
4.247509682105206
4.617822908925854
5.047267036538817
5.779848920520347
3.959533688463706
5.641606606693804
5.742659301813263
4.040119063558363
3.8294335716629444
4.0855485124849995
4.406127103527254
6.190212544469308
5.443216344343208
5.935080793972369
4.035085858988074
4.053670701822462
4.149169795864833
3.9579514472835564
3.9172215865307907
3.8181808664589223
3.8775683587225576
3.6063445006406027
3.7381572490952077
3.6943107425074597
3.768605755882538
3.5850963231475834
3.5850963231475834
3.5850963231475834
3.4737843617534025
3.5028687190068872
3.786855744512291
3.3152726628682316
3.398097189082103
3.9451220608904256
3.083302353945493
3.205303018431918
5.075328935325581
3.6063146769914862
3.7998854459041516
5.406875710603237
3.4921402398530734
3.761390049591098
3.5019869059640714
3.727149036516013
3.345709478424517
3.3308272627538367
3.2188818927162384
3.1925524406785186
3.393659575512147
3.1767457694736176
2.9480705110532632
3.1548768529284406
3.261193278256985
3.236893829055761
3.2200278152704307
3.192150323192247
3.431128151246547
3.2642189083878392
3.5454554403047673
3.5538289160571184
3.150100716426122
2.726596786548493
3.4583341522904565
5.477093683842764
3.1970440387610974
3.779676012755573
3.3737364244023933
5.564173681768821
2.8219810433790187
3.161059547907735
3.6181567341137324
3.7231195509532604
3.683521784203881
2.962491192205942
3.817407392144329
3.6529452028380867
3.109328180749314
1.1765612788317714
1.1765612788317714
1.1765612788317714
1.0
1.0
3.403888900880246
2.9199776079178896
3.5226123051355662
1.0
3.968301436809341
1.7037926112513748
3.118052300616113
3.5280213510713256
2.672056104076045
3.7816232634374884
2.9552911173386427
5.552347938725102
4.01913966401804
2.650296646278811
3.136944375560806
3.461364858111134
4.164626176686509
5.037202792493799
4.919388651747668
3.006787807865753
4.076467311220435
3.7899031924811366
3.669121765103238
6.396659442789029
4.427933707981568
5.623784119077447
6.1797508876029825
5.745630513829845
6.643268684225032
5.567490419112254
5.98084948628942
5.914877262133485
6.272446395704851
6.360957325640123
5.875740458981887
6.493471443315099
4.914470178106115
5.565855325375334
6.1242880171019145
6.064209779624372
6.2446665071067775
3.6730627444852253
6.741820136219348
5.112186953455801
6.16732176576324
6.116106822166157
6.488004635388564
6.444209456883016
6.217911011657321
