5.712097226557438
5.712097226557438
5.712097226557438
5.712097226557438
5.712097226557438
5.712097226557438
5.712097226557438
5.712097226557438
5.712097226557438
5.712097226557438
5.712097226557438
5.712097226557438
5.712097226557438
5.712097226557438
5.712097226557438
5.712097226557438
5.712097226557438
5.712097226557438
5.712097226557438
5.712097226557438
5.712097226557438
5.712097226557438
5.712097226557438
5.712097226557438
5.712097226557438
5.712097226557438
5.712097226557438
5.712097226557438
5.712097226557438
5.712097226557438
5.712097226557438
5.712097226557438
5.712097226557438
5.712097226557438
5.712097226557438
5.712097226557438
5.712097226557438
5.712097226557438
5.712097226557438
5.712097226557438
5.712097226557438
5.712097226557438
5.712097226557438
5.712097226557438
5.712097226557438
5.712097226557438
5.712097226557438
5.712097226557438
5.712097226557438
5.517035326016181
5.517035326016181
5.517035326016181
5.517035326016181
5.517035326016181
5.517035326016181
5.628511661060058
5.6680600667941246
5.6680600667941246
5.6680600667941246
5.6680600667941246
5.6680600667941246
5.6680600667941246
5.6517183841715966
5.6517183841715966
5.6517183841715966
5.6517183841715966
5.6517183841715966
5.6517183841715966
5.6517183841715966
5.6517183841715966
5.6517183841715966
5.6517183841715966
5.6517183841715966
5.6517183841715966
5.6517183841715966
5.6517183841715966
5.6517183841715966
5.6517183841715966
5.6517183841715966
5.6517183841715966
5.6517183841715966
5.6517183841715966
5.6517183841715966
5.6517183841715966
5.6517183841715966
5.6517183841715966
5.6517183841715966
5.6517183841715966
5.6517183841715966
5.6517183841715966
5.6517183841715966
5.6517183841715966
5.6517183841715966
5.6517183841715966
5.6517183841715966
5.6517183841715966
5.6517183841715966
5.6517183841715966
5.6517183841715966
5.6517183841715966
5.6517183841715966
5.6517183841715966
5.6517183841715966
5.6517183841715966
5.6517183841715966
5.6517183841715966
5.6517183841715966
5.6517183841715966
5.6517183841715966
5.6517183841715966
5.6517183841715966
5.6517183841715966
5.6517183841715966
5.6517183841715966
5.6517183841715966
5.6517183841715966
5.6517183841715966
5.6517183841715966
5.6517183841715966
5.6517183841715966
5.6517183841715966
5.6517183841715966
5.6517183841715966
5.6517183841715966
5.6517183841715966
5.6517183841715966
5.6517183841715966
5.6517183841715966
5.6517183841715966
5.6517183841715966
5.6517183841715966
5.6517183841715966
5.6517183841715966
5.6517183841715966
5.6517183841715966
5.762810362652113
5.762810362652113
5.762810362652113
5.7468524928296265
5.729381605325442
5.465203384189071
5.465203384189071
5.465203384189071
5.465203384189071
5.465203384189071
5.465203384189071
5.465203384189071
5.465203384189071
5.465203384189071
5.465203384189071
5.465203384189071
5.465203384189071
5.465203384189071
5.465203384189071
5.465203384189071
5.465203384189071
5.465203384189071
5.465203384189071
5.465203384189071
5.5287602110946725
5.727983380403592
4.962678653761289
5.606993143786981
5.606993143786981
5.606993143786981
5.606993143786981
5.606993143786981
5.606993143786981
5.606993143786981
5.606993143786981
5.606993143786981
5.606993143786981
5.606993143786981
5.606993143786981
5.606993143786981
5.606993143786981
5.606993143786981
5.606993143786981
5.606993143786981
5.606993143786981
5.606993143786981
5.606993143786981
5.606993143786981
5.606993143786981
5.606993143786981
5.606993143786981
5.606993143786981
5.606993143786981
5.606993143786981
5.606993143786981
5.606993143786981
5.606993143786981
5.606993143786981
5.606993143786981
5.606993143786981
5.606993143786981
5.606993143786981
5.606993143786981
5.606993143786981
5.606993143786981
5.606993143786981
5.560744078978152
5.560744078978152
5.590685287433684
5.590685287433684
5.590685287433684
5.590685287433684
5.590685287433684
5.590685287433684
5.590685287433684
5.590685287433684
5.590685287433684
5.590685287433684
5.590685287433684
5.590685287433684
5.590685287433684
5.590685287433684
5.590685287433684
5.590685287433684
5.590685287433684
5.590685287433684
5.590685287433684
5.590685287433684
5.590685287433684
5.590685287433684
5.590685287433684
5.590685287433684
5.590685287433684
5.590685287433684
5.590685287433684
5.590685287433684
5.590685287433684
5.590685287433684
5.590685287433684
5.590685287433684
5.590685287433684
5.590685287433684
5.590685287433684
5.590685287433684
5.590685287433684
5.590685287433684
5.590685287433684
5.590685287433684
5.590685287433684
5.590685287433684
5.590685287433684
5.590685287433684
5.590685287433684
5.590685287433684
5.590685287433684
5.590685287433684
5.590685287433684
5.590685287433684
5.590685287433684
5.590685287433684
5.590685287433684
5.590685287433684
5.590685287433684
5.590685287433684
5.590685287433684
5.590685287433684
5.590685287433684
5.590685287433684
5.590685287433684
5.590685287433684
5.590685287433684
5.590685287433684
5.590685287433684
5.590685287433684
5.590685287433684
5.590685287433684
5.590685287433684
5.590685287433684
5.590685287433684
5.590685287433684
5.590685287433684
5.590685287433684
5.590685287433684
5.590685287433684
5.590685287433684
5.590685287433684
5.590685287433684
5.590685287433684
5.590685287433684
5.590685287433684
5.590685287433684
5.590685287433684
5.590685287433684
5.590685287433684
5.590685287433684
5.590685287433684
5.590685287433684
5.590685287433684
5.590685287433684
5.590685287433684
5.590685287433684
5.590685287433684
5.590685287433684
5.590685287433684
5.590685287433684
5.590685287433684
5.590685287433684
5.590685287433684
5.590685287433684
5.590685287433684
5.590685287433684
5.590685287433684
5.590685287433684
5.590685287433684
5.590685287433684
5.590685287433684
5.590685287433684
5.590685287433684
5.590685287433684
5.590685287433684
5.590685287433684
5.590685287433684
5.590685287433684
5.590685287433684
5.590685287433684
5.590685287433684
5.590685287433684
5.590685287433684
5.590685287433684
5.590685287433684
5.590685287433684
5.590685287433684
5.590685287433684
5.590685287433684
5.590685287433684
5.590685287433684
5.590685287433684
5.590685287433684
5.590685287433684
5.590685287433684
5.590685287433684
5.590685287433684
5.590685287433684
5.590685287433684
5.590685287433684
5.590685287433684
5.590685287433684
5.590685287433684
5.590685287433684
5.590685287433684
5.590685287433684
5.590685287433684
5.590685287433684
5.590685287433684
5.590685287433684
5.590685287433684
5.590685287433684
5.590685287433684
5.590685287433684
5.590685287433684
5.590685287433684
5.590685287433684
5.590685287433684
5.590685287433684
5.590685287433684
5.590685287433684
5.590685287433684
5.590685287433684
5.590685287433684
5.590685287433684
5.590685287433684
5.70322391301775
5.70322391301775
5.70322391301775
5.70322391301775
4.95203066318545
4.95203066318545
4.95203066318545
4.95203066318545
4.95203066318545
4.95203066318545
4.95203066318545
4.95203066318545
4.95203066318545
4.95203066318545
4.95203066318545
4.95203066318545
4.95203066318545
4.95203066318545
4.95203066318545
4.95203066318545
4.95203066318545
4.95203066318545
4.95203066318545
4.95203066318545
4.95203066318545
4.95203066318545
4.95203066318545
4.95203066318545
4.95203066318545
4.95203066318545
4.95203066318545
4.95203066318545
4.95203066318545
4.95203066318545
4.95203066318545
4.95203066318545
4.95203066318545
4.95203066318545
4.95203066318545
4.95203066318545
4.95203066318545
4.95203066318545
4.95203066318545
4.95203066318545
4.95203066318545
4.95203066318545
4.95203066318545
4.95203066318545
4.95203066318545
4.95203066318545
4.95203066318545
4.95203066318545
4.95203066318545
4.95203066318545
4.95203066318545
4.95203066318545
4.95203066318545
4.95203066318545
4.95203066318545
4.95203066318545
4.95203066318545
5.727130884171597
5.727130884171597
5.727130884171597
5.727130884171597
5.727130884171597
5.692625836094673
5.890724847873244
4.855434208375955
4.855434208375955
4.855434208375955
5.708594947464505
5.486417387853896
5.528962689399988
5.528962689399988
5.528962689399988
5.476138123643164
5.689751221499618
5.608034737983135
5.384440226922101
5.326463650225331
5.648097676993041
5.717416422964819
5.685458265609946
5.575122880994561
5.718085957917639
6.130398470456274
5.377283878078482
5.3526128809945615
5.379775403555799
5.291224888218212
5.291224888218212
5.291224888218212
5.291224888218212
5.291224888218212
5.291224888218212
5.291224888218212
5.291224888218212
5.291224888218212
5.291224888218212
5.291224888218212
5.291224888218212
5.291224888218212
5.223507167523919
4.501279404521915
5.094580325580227
5.379377243113069
5.832249052642311
5.023692138034513
4.642145389236557
4.772693605282646
5.062301938624419
5.040656425795466
6.393212987028411
4.650062069923402
4.801775512145612
4.788297113319705
3.128707420032658
4.695195582546065
3.0386059033105806
4.6479772822486884
4.4759134817184245
6.12262707994784
6.089312277839266
6.03864911475481
6.03864911475481
6.03864911475481
6.03864911475481
6.03864911475481
5.150167052798169
5.251777483741305
5.492029796701955
6.436702044570141
5.9559553094931665
