5.0007546271437855
3.9761707110598694
3.443233591856326
4.2444082685754125
4.36157292554007
4.5315219911917435
3.555423207443491
3.957140215638873
3.9831846841603014
4.064331375395534
3.8877478616537857
3.225343611640371
3.225343611640371
3.626566081248029
3.3928361042494597
3.3928361042494597
3.3928361042494597
4.853883123647282
4.853883123647282
4.853883123647282
4.853883123647282
3.7391756907519946
3.7391756907519946
4.817975065548204
3.58525219757073
5.0240224593116185
4.188624023482236
3.9103511668617266
4.356957450854032
3.5321596521982936
3.5321596521982936
3.5321596521982936
3.7319425590420803
3.270164126227483
3.6275587811918095
3.24036702224849
4.747238206205351
4.747238206205351
4.082050787287942
3.6268915086444427
3.6268915086444427
3.6268915086444427
3.653278444798099
3.4997153652856827
3.6362396156116272
3.6362396156116272
4.112177086290289
3.658665071004413
3.199181709662713
3.2346381744744956
3.6205976556040262
3.491276986707704
3.491276986707704
3.491276986707704
3.491276986707704
3.491276986707704
3.491276986707704
3.491276986707704
3.491276986707704
3.491276986707704
3.3897933055091434
3.3897933055091434
3.7536700893681125
3.641472839550514
3.4967130927025263
3.4967130927025263
3.4967130927025263
3.4967130927025263
3.4967130927025263
3.4967130927025263
4.210753178625717
3.383818792727771
3.666141144296395
3.4901522270000234
3.23169306760272
3.7610852416001146
3.5420869385768627
3.8294129321987613
4.404867017211865
3.1848016551158125
3.9202212014891256
3.588155912873688
4.193975431339589
3.3302519890935987
4.153272539264309
4.136113108868207
3.9109030097646826
3.555655359417214
3.555655359417214
3.555655359417214
3.555655359417214
3.7669706228786906
4.080054186650826
4.080054186650826
4.080054186650826
3.711063790431437
3.755724679270367
3.5935174102090093
3.5935174102090093
3.5935174102090093
3.4705092462691702
3.600242417534224
3.600242417534224
4.878129355910366
4.878129355910366
3.3926267710127123
3.796901334533792
3.796901334533792
3.796901334533792
3.8807610924230165
3.9998649418290997
3.9998649418290997
3.9998649418290997
3.9998649418290997
3.9998649418290997
3.9998649418290997
3.9998649418290997
3.9194286742640987
3.6037233045125694
3.6037233045125694
3.6037233045125694
3.6037233045125694
3.972583959971285
3.972583959971285
3.972583959971285
3.2568951302846427
3.2568951302846427
3.2568951302846427
3.3846940643624475
3.483016461734361
4.18722999116844
4.18722999116844
4.18722999116844
2.4143549575105325
3.373173638578135
3.373173638578135
4.525729324870331
4.525729324870331
3.4189733983211994
4.00410124626917
4.00410124626917
4.00410124626917
3.531093709115731
3.6302552705040387
3.8814337120554825
3.8814337120554825
3.8814337120554825
3.8814337120554825
3.8814337120554825
3.8814337120554825
3.8814337120554825
3.8814337120554825
3.8814337120554825
3.786890055762285
3.786890055762285
4.8578764802906385
3.5652934733681043
4.0036238398619535
3.6214608709334097
3.237875936389197
3.6339006199215156
3.9816707133764293
3.8715109898866213
3.8715109898866213
3.7958145855675207
3.7958145855675207
4.406177179591337
3.984166198524413
3.46158401549994
3.46158401549994
3.46158401549994
3.46158401549994
3.46158401549994
3.402223440322782
3.402223440322782
4.125387727271037
3.5957934001153244
3.564432310141088
3.564432310141088
3.564432310141088
3.564432310141088
3.564432310141088
3.773215780489103
3.9337222970868364
4.0014358616537855
3.493653092423017
4.12240132006077
3.5202557078076318
4.027923783978903
4.303473876484559
3.81574506811482
3.482562158383055
3.482562158383055
3.997116406880389
3.415180236667622
3.415180236667622
3.415180236667622
3.415180236667622
4.303986331847759
3.774354109157935
3.547428784730709
3.547428784730709
3.547428784730709
3.547428784730709
3.547428784730709
3.547428784730709
3.547428784730709
3.547428784730709
3.547428784730709
3.547428784730709
3.547428784730709
3.547428784730709
3.4408812462691696
3.4408812462691696
4.957104799446938
3.242159347423505
3.242159347423505
3.3966492928207996
5.756382348412795
3.621828323192248
3.621828323192248
3.9211290547114412
4.058389816214932
3.6869302875706627
3.9048818733288346
3.3343719558978133
3.6712855550053884
3.5002092462691703
4.500800487132085
4.724360596733089
4.1097577739969315
3.8085400024487797
3.5461394026418214
2.618211386397327
2.618211386397327
3.122197602932099
4.939201047101722
3.575080887642608
3.575080887642608
3.6862980436931725
3.6862980436931725
3.6613711202949286
3.732016414733895
4.315370190242781
3.8207689506833358
4.380719141206056
5.327139086747518
4.616982920145563
4.567066081248029
3.585496885791569
4.256091038631617
3.585295280726001
2.953606041617542
3.1982723898991114
3.089428832868381
3.089428832868381
3.6253885960230843
3.6253885960230843
3.5310750924230163
3.9970092465486804
3.6634936696431364
3.9284128039900175
3.873405200830316
3.33128037308676
3.5323322495214082
3.9521849215212246
4.0145461330459495
3.5777227847307094
4.844560001151002
4.231839763150186
3.259627536176625
3.430027246269171
4.032844492235652
3.519175208557595
3.519175208557595
3.717460484646315
3.159886015499941
3.4279041675519686
3.297996863152407
3.874361173323969
4.06834669761899
2.8888066299532174
4.33742473203889
3.2844622333943
3.4044087271739514
3.4044087271739514
3.4044087271739514
3.4044087271739514
3.4044087271739514
3.4044087271739514
3.4044087271739514
3.4044087271739514
3.743004279368864
3.6974705975167366
3.6974705975167366
3.8560576384712935
4.201174932573145
3.9917141619722676
3.6858886377759035
3.859377092423017
3.5460838373222874
3.224948812772369
3.5418733835386167
3.5640304684750435
3.6230077625837662
3.361295861277526
3.5242349621164912
5.221486578340603
2.8470305323809555
3.5422212007545273
3.5718804723813298
3.2125011564211183
2.7536488129239416
4.173898201204002
3.6751478897177385
3.732216035442983
2.915173526356657
3.7286157564199716
3.7476481796232264
2.949671256362855
4.14028981304067
2.826768309109834
2.634384099625107
3.7115538701455986
2.954403133660348
3.851476963345201
5.538915118396281
4.1191614382381765
3.3738189578361713
3.907483524557642
3.3553352800736373
3.141862090377664
4.739752304422424
3.7964171281059365
5.392842762456917
4.936858591807487
3.5567830077761773
3.9004985975713726
4.381992347960585
3.779311485308699
3.603347861653786
3.1139608316364056
4.022398517586312
2.4052371303377047
5.788408800667303
2.866597161737726
4.010438350992995
4.795781752804087
3.0557641882797633
5.462034533050831
4.087373400115325
4.8456534474919275
4.2564202642996785
4.1768065712824285
3.4537790554889165
3.4537790554889165
2.711803601809283
3.3312694866676225
3.761524498192423
2.997186325744609
3.3835108472308475
3.8324323715780597
4.514958141741272
3.7142160916712097
3.3416379914879526
4.5624835080892385
5.769880204025052
3.426785865072775
3.3769663427811505
4.550985464507651
4.296247208552655
4.244997934622269
4.564527287711048
4.3704444200747545
4.224108045577067
3.5507347491654784
3.3803612031992483
4.206227562671795
4.275980620675603
3.7361530456026353
3.7057997040874966
5.754854785774619
4.717768992950393
4.261417295820495
3.650625331462546
4.086793254251466
3.9728679617085394
4.384869776094452
4.718828652399952
4.210944282033345
4.073828278268901
4.899480152542588
4.017822784730709
5.038206993569474
3.6196115513596077
4.776678807273999
4.531966082365212
4.404159329377095
4.781282973362799
4.701779976794135
4.744513992692715
4.360718842475661
4.294188525516527
4.840617113142963
4.737698185752556
4.480696028366796
4.495404271673887
2.7935773080141733
5.321574215209166
4.641840377683301
4.85622576615523
6.329029376384821
2.907917508769062
4.748533570802399
3.694263018752178
5.624465530305155
5.716386357787928
4.411616620338643
3.589414361635958
4.709891652278978
4.537048508262666
3.2607156994285997
3.3441163549229076
3.501612643989537
3.9322648520522376
3.98123911236606
4.225617623349391
4.039250955815113
5.08763203431314
3.974609020280381
4.718559889878423
4.777360041682228
4.2250050809612265
4.289306155366641
4.377412055291957
4.419924288037063
5.27024570000979
4.740566777308748
4.854844644344241
4.854844644344241
4.721238135737554
4.816544761000206
3.6847402039417743
3.7331691632177932
5.278971431354611
5.162410912472968
3.4838810764026213
4.30887396504111
4.908414382269501
3.123626015673877
4.354094787145391
4.148938160782734
4.408446086294716
5.220754822633223
4.506101080714102
5.8275622790553925
1.605723046467979
4.689813924720514
4.689813924720514
5.048491125209238
4.010224831992505
1.9802570386349831
3.5623230568445763
3.1384416540195996
4.3668804532942795
3.6723573763712034
4.952163667495737
4.63308269583582
3.5133525343340075
4.3325526426433925
5.174023513330658
3.669121765103238
4.01979868818016
4.01979868818016
6.667815384615385
4.391776370035488
4.369360888606968
4.451690183332108
4.64510348094236
6.226135043068311
4.743583303564777
5.123500547121772
5.123500547121772
7.3284153846153846
4.438677170335382
3.60870968483351
4.554520621019551
5.12683319546396
5.331926618877118
5.020865742273437
5.0889755777538355
5.172477439108063
4.242524179111827
4.795578851909298
5.3678496173258825
4.6189742672133765
5.122032072992938
5.2736553765303755
5.073845295119846
4.460852699767532
