[0.5693868]
[0.58176696]
[0.60375506]
[0.4857168]
[0.46608436]
[0.46608436]
[0.46608436]
[0.47464392]
[0.47464392]
[0.46349722]
[0.46349722]
[0.46349722]
[0.46349722]
[0.46349722]
[0.46349722]
[0.46349722]
[0.46349722]
[0.46349722]
[0.46349722]
[0.46349722]
[0.46349722]
[0.46349722]
[0.46349722]
[0.46349722]
[0.46349722]
[0.46349722]
[0.46349722]
[0.46349722]
[0.46349722]
[0.46349722]
[0.46349722]
[0.46349722]
[0.46349722]
[0.46349722]
[0.46349722]
[0.46349722]
[0.46349722]
[0.46349722]
[0.46349722]
[0.46349722]
[0.46349722]
[0.46349722]
[0.46349722]
[0.46349722]
[0.46349722]
[0.46349722]
[0.46349722]
[0.46349722]
[0.46349722]
[0.46349722]
[0.46349722]
[0.46349722]
[0.46349722]
[0.46349722]
[0.46349722]
[0.46349722]
[0.46349722]
[0.46349722]
[0.46349722]
[0.46349722]
[0.46349722]
[0.46349722]
[0.46349722]
[0.46349722]
[0.46349722]
[0.46349722]
[0.46349722]
[0.46349722]
[0.46349722]
[0.46349722]
[0.46349722]
[0.46349722]
[0.46349722]
[0.46349722]
[0.46349722]
[0.46349722]
[0.46349722]
[0.46349722]
[0.46349722]
[0.46349722]
[0.46349722]
[0.46349722]
[0.46349722]
[0.46349722]
[0.46349722]
[0.46349722]
[0.467915]
[0.50471604]
[0.5101015]
[0.54959255]
[0.5043835]
[0.50305015]
[0.50305015]
[0.50305015]
[0.50305015]
[0.43079272]
[0.49494913]
[0.49494913]
[0.49494913]
[0.46698982]
[0.46698982]
[0.5353063]
[0.39987138]
[0.43219957]
[0.43219957]
[0.43219957]
[0.48973918]
[0.50892264]
[0.4299954]
[0.48506895]
[0.48506895]
[0.48506895]
[0.48506895]
[0.48506895]
[0.48506895]
[0.48506895]
[0.48506895]
[0.48506895]
[0.48506895]
[0.4827645]
[0.4827645]
[0.4827645]
[0.4827645]
[0.49936154]
[0.48027748]
[0.48027748]
[0.48846313]
[0.41754743]
[0.4904709]
[0.4904709]
[0.4904709]
[0.4904709]
[0.4904709]
[0.4904709]
[0.4904709]
[0.4904709]
[0.48801222]
[0.48801222]
[0.48801222]
[0.48801222]
[0.48801222]
[0.49462852]
[0.42059076]
[0.5131522]
[0.5131522]
[0.5131522]
[0.5131522]
[0.5131522]
[0.5131522]
[0.5131522]
[0.5131522]
[0.5131522]
[0.5131522]
[0.5131522]
[0.5131522]
[0.51207334]
[0.5208855]
[0.48235336]
[0.48235336]
[0.48235336]
[0.48235336]
[0.5010165]
[0.5010165]
[0.5010165]
[0.50067]
[0.50067]
[0.50067]
[0.50067]
[0.4902339]
[0.4902339]
[0.46015036]
[0.511095]
[0.4714879]
[0.47073516]
[0.46008155]
[0.46008155]
[0.46008155]
[0.46008155]
[0.46008155]
[0.46008155]
[0.46008155]
[0.46008155]
[0.46008155]
[0.46008155]
[0.46008155]
[0.46008155]
[0.46008155]
[0.46008155]
[0.46008155]
[0.46008155]
[0.46008155]
[0.46008155]
[0.46008155]
[0.46008155]
[0.46008155]
[0.46008155]
[0.46008155]
[0.46008155]
[0.46008155]
[0.46008155]
[0.46008155]
[0.46008155]
[0.46008155]
[0.46008155]
[0.46008155]
[0.46008155]
[0.46008155]
[0.46008155]
[0.46008155]
[0.405887]
[0.40659532]
[0.40659532]
[0.40659532]
[0.48421726]
[0.45927745]
[0.51172644]
[0.51172644]
[0.51172644]
[0.51172644]
[0.51172644]
[0.5171775]
[0.50992835]
[0.50992835]
[0.50992835]
[0.50992835]
[0.50992835]
[0.45628387]
[0.45628387]
[0.50073135]
[0.50073135]
[0.50073135]
[0.48142067]
[0.51316816]
[0.4539745]
[0.4539745]
[0.4539745]
[0.4539745]
[0.4539745]
[0.4539745]
[0.4539745]
[0.4539745]
[0.47314167]
[0.47314167]
[0.47314167]
[0.47314167]
[0.5072059]
[0.5072059]
[0.5072059]
[0.5072059]
[0.5072059]
[0.5072059]
[0.5072059]
[0.5072059]
[0.5072059]
[0.4601591]
[0.4601591]
[0.4601591]
[0.40887696]
[0.46135634]
[0.46135634]
[0.46135634]
[0.46135634]
[0.46135634]
[0.46135634]
[0.46135634]
[0.46135634]
[0.42494503]
[0.49246502]
[0.49246502]
[0.49246502]
[0.45599708]
[0.45599708]
[0.45599708]
[0.4067223]
[0.4964419]
[0.49243405]
[0.46904263]
[0.46904263]
[0.4649886]
[0.4995482]
[0.4995482]
[0.45057824]
[0.45057824]
[0.45057824]
[0.45057824]
[0.45057824]
[0.45057824]
[0.45057824]
[0.45057824]
[0.45057824]
[0.45057824]
[0.45057824]
[0.45057824]
[0.45057824]
[0.45057824]
[0.45057824]
[0.45057824]
[0.45057824]
[0.45057824]
[0.45057824]
[0.45057824]
[0.45057824]
[0.45057824]
[0.45057824]
[0.45057824]
[0.45057824]
[0.45057824]
[0.45057824]
[0.45057824]
[0.45057824]
[0.45057824]
[0.45057824]
[0.45057824]
[0.45057824]
[0.45057824]
[0.45057824]
[0.45057824]
[0.45057824]
[0.45057824]
[0.45057824]
[0.45057824]
[0.4597611]
[0.44251546]
[0.45217678]
[0.3970065]
[0.49479383]
[0.49479383]
[0.5005934]
[0.50511515]
[0.47726044]
[0.47726044]
[0.47726044]
[0.49146053]
[0.49146053]
[0.49146053]
[0.49146053]
[0.44909626]
[0.45704812]
[0.45704812]
[0.50873643]
[0.48828605]
[0.48828605]
[0.48828605]
[0.48828605]
[0.48828605]
[0.48828605]
[0.48828605]
[0.47531456]
[0.47531456]
[0.4503512]
[0.4591882]
[0.45606992]
[0.45606992]
[0.45606992]
[0.45606992]
[0.45606992]
[0.45606992]
[0.46868753]
[0.49125174]
[0.45148513]
[0.46692732]
[0.4514563]
[0.4514563]
[0.4514563]
[0.4514563]
[0.4514563]
[0.4514563]
[0.4514563]
[0.45612696]
[0.45576453]
[0.45576453]
[0.45576453]
[0.4878374]
[0.4878374]
[0.4586743]
[0.45127314]
[0.47516665]
[0.4836405]
[0.4491664]
[0.4920926]
[0.4940932]
[0.4446176]
[0.48926884]
[0.47236505]
[0.41971105]
[0.45517996]
[0.45517996]
[0.45517996]
[0.45517996]
[0.48319447]
[0.48790708]
[0.43589857]
[0.47893852]
[0.47764632]
[0.45189372]
[0.4229646]
[0.40037876]
[0.43811464]
[0.44449824]
[0.39740345]
[0.46251935]
[0.47507703]
[0.44855797]
[0.44693625]
[0.43804464]
[0.4395161]
[0.42102584]
[0.47378463]
[0.45828548]
[0.39647135]
[0.44343472]
[0.42479652]
[0.38564175]
[0.42163774]
[0.3765804]
[0.42598617]
[0.3721348]
[0.40970996]
[0.3999605]
[0.42322332]
[0.3703016]
[0.402116]
[0.38310388]
[0.35784426]
[0.39681035]
[0.46539402]
[0.34761503]
[0.41200286]
[0.36197877]
[0.36197877]
[0.36197877]
[0.3130077]
[0.35599402]
[0.4454489]
[0.36652756]
[0.36830223]
[0.3960576]
[0.4890537]
[0.35930842]
[0.31169492]
[0.31169492]
[0.31169492]
[0.33832523]
[0.3964372]
[0.34465972]
[0.39755902]
[0.37025535]
[0.3464828]
[0.3464828]
[0.3630709]
[0.40277067]
[0.35790688]
[0.35461214]
[0.3740231]
[0.3740231]
[0.3740231]
[0.35281914]
[0.6082446]
[0.3327425]
[0.33296692]
[0.38828892]
[0.33964702]
[0.41524345]
[0.3574116]
[0.37916198]
[0.41016257]
[0.38243178]
[0.50491744]
[0.3461578]
[0.36957034]
[0.3757973]
[0.3705391]
[0.34630677]
[0.33621597]
[0.32629862]
[0.43840376]
[0.3859006]
[0.29315606]
[0.25930458]
[0.2881462]
[0.33297446]
[0.29736963]
[0.28471366]
[0.23790158]
[0.30136707]
[0.36184183]
[0.2675628]
[0.32206392]
[0.16099706]
[0.14677937]
[0.14369178]
[0.16086423]
[0.16086423]
[0.36458197]
[0.13359213]
[0.13102126]
[0.12048097]
[0.39414367]
[0.33921766]
[0.32114157]
