2.0512962162517905
2.237918384571797
2.237918384571797
2.075566424854685
2.075566424854685
2.075566424854685
2.075566424854685
1.292069328656492
1.8371147320336014
1.0
1.0
1.0
1.3148931913043747
1.4805669007743525
2.204882129194486
1.9048592926283714
1.9048592926283714
3.195863827681812
2.305495585692137
1.9128114755805523
1.9128114755805523
1.671774431845984
2.094435201076754
1.6903310119572872
2.898741223383322
3.3359504769055306
1.7228338691001444
2.3202514908995138
2.3202514908995138
1.0804143977581013
1.0804143977581013
1.0804143977581013
1.0804143977581013
1.7910678277184058
1.7782474423165198
2.7484384614249855
1.991049431845985
2.177425585692138
1.7000799767550898
1.7000799767550898
1.041975344503662
2.4090085297336294
2.6212293549984302
2.256307766203159
2.632387523288177
2.034355624758769
2.034355624758769
2.034355624758769
1.0
1.0
1.0
1.0
1.0
1.0
1.0
1.0
1.0
1.1430120072255576
1.6606470855084048
1.6606470855084048
4.135574112345974
2.9486077973461047
1.6295901374030706
1.4173518085757895
1.192665672972261
1.192665672972261
1.0
1.0
2.12651921741611
2.2129537016818457
2.2129537016818457
3.106699129537369
2.254316506462782
2.254316506462782
2.008682098771004
2.008682098771004
1.561184751290897
1.561184751290897
1.561184751290897
1.0
1.0
1.0
1.0
1.0
1.0
1.0
1.0
1.0
1.0
1.0
1.0
1.0
1.0
1.0
1.0
1.0
1.0
1.0
1.0
1.0
1.0
1.0
1.0
1.0
1.0
1.0
1.0
1.0
1.0
1.0
1.0
1.0
1.0
1.0
1.8271504687640174
1.8271504687640174
1.0
1.0
1.0
1.0
1.0
1.0
1.0
2.9327266522957274
1.528193280147697
2.15074244359859
1.3098936145958557
1.5527732132580638
1.5527732132580638
2.637050942164933
1.1406996346627452
1.1406996346627452
1.1406996346627452
3.410176190087742
3.0393382947073704
1.426382456189046
1.426382456189046
2.1905993002145845
1.2234273938600708
1.0
1.0
1.0
1.0
1.0
1.0
1.0
1.0
1.0
1.0
1.0
1.0
1.0
1.0
1.0
1.0
1.0
1.0
1.0
1.0
1.0
1.0
1.0
1.0
1.0
1.0
1.0
1.0
1.0
1.0
1.0
1.0
1.0
1.0
1.0
1.0
1.0
1.0
1.0
1.0
1.0
1.0
1.0
1.0
1.0
1.0
1.0
1.0
1.0
1.950342045720605
1.1765612788317714
1.1765612788317714
1.1765612788317714
1.1765612788317714
1.1765612788317714
1.1765612788317714
1.1765612788317714
1.1765612788317714
1.1765612788317714
1.1765612788317714
1.1765612788317714
1.1765612788317714
2.340520448204952
1.4390300694453533
1.4390300694453533
1.4390300694453533
1.41771602262261
2.67570081706646
1.2633697403702335
1.2633697403702335
1.2633697403702335
1.2633697403702335
3.325180578411193
3.325180578411193
1.6366758942163866
1.5231789711394654
2.1135665242948516
2.6637340881609237
1.9614305096010014
1.9614305096010014
1.9614305096010014
1.9614305096010014
1.2371536252092383
1.2371536252092383
1.2371536252092383
3.7729406972921833
3.7607560819075676
1.3717690098246216
1.3717690098246216
1.3717690098246216
1.3717690098246216
2.0071356744361672
2.8802868102766155
3.56177939497924
1.605723046467979
3.893936739538292
2.122656825298197
2.266932106538695
3.6413992537155293
4.347625517451794
2.5347911252092388
2.176592246398835
3.7590354015579646
1.7983089711394626
3.507613214326149
3.2762358028423924
3.540839084148634
4.156040970307522
1.7549570386349824
1.7549570386349824
1.7549570386349824
1.7549570386349824
1.7549570386349824
1.7549570386349824
1.7549570386349824
3.572053853379403
2.1297129976729785
2.6312935865240785
3.9081309051370514
3.0968962901811405
2.56510204806254
3.302712526119116
3.7465933918409418
3.134296663447156
3.562788658759361
2.523487432677925
2.058307661852597
2.058307661852597
2.880495837909665
2.880495837909665
3.2992735865240794
3.1638132405938526
3.1638132405938526
3.1876805482861617
3.1876805482861617
3.1876805482861617
3.1876805482861617
4.204951199111308
4.0181436995332485
4.355312030894196
3.4521952464431074
3.4521952464431074
3.4521952464431074
3.4521952464431074
2.426920689980671
2.426920689980671
2.426920689980671
2.426920689980671
2.426920689980671
2.426920689980671
2.426920689980671
2.426920689980671
2.426920689980671
1.9921123809244392
1.9921123809244392
1.9921123809244392
1.9921123809244392
1.9921123809244392
1.9921123809244392
1.9921123809244392
3.061931509824622
1.9644153541602876
4.524633990143384
2.9835459329015457
2.9835459329015457
2.9835459329015457
2.9835459329015457
2.733714536134517
2.9849122790553917
2.3215076618525963
3.6448321065386953
4.315548007225557
4.817401411208086
3.4249183233661844
3.6020252059572773
3.2550074713630845
3.2550074713630845
3.2550074713630845
3.2550074713630845
3.2550074713630845
3.7953444507162564
3.934522377137661
3.4990597403702326
3.2930518152544863
3.2930518152544863
3.2287812270191925
3.5368608334876415
3.5935446939512827
3.594485124985617
2.620143766903748
2.637738431083365
2.3143692003141343
2.3143692003141343
4.194405237994787
3.827595043601633
3.827595043601633
4.076467311220435
4.076467311220435
3.7020997790553922
3.8293499023135524
2.8416014592114394
3.504403530217357
3.702549740370232
3.702549740370232
6.004987033722191
3.8255533592762365
5.428773268618967
5.428773268618967
4.946511699533248
4.273087432677924
3.7818795867476993
3.5919964296256417
3.5919964296256417
3.5919964296256417
3.5919964296256417
3.5919964296256417
3.5919964296256417
3.5919964296256417
3.520810355978469
3.520810355978469
4.2906928172933085
2.8183185770965213
4.556748007225557
3.3069176130575944
3.3069176130575944
3.3069176130575944
3.3069176130575944
3.3069176130575944
3.3069176130575944
3.3069176130575944
3.3069176130575944
3.3069176130575944
3.3069176130575944
3.2828737609000287
3.609802946476206
3.609802946476206
3.609802946476206
3.609802946476206
3.672441278831771
2.7475679189493913
2.7475679189493913
2.7475679189493913
3.6157274713630834
2.621528467206412
2.2160570386349825
3.006787807865753
3.948630261749985
3.948630261749985
3.7094935865240792
3.7094935865240792
3.3977699713630845
3.3977699713630845
3.6609767021323147
4.023460355978468
4.333849366675514
3.9078766961285964
4.292517694863414
3.108278382288363
3.766207471363085
3.599188240593853
4.773577711367569
4.282115894216386
4.282115894216386
4.1425666634471545
3.8244590550734916
3.8244590550734916
3.9257912788317704
3.5546091515191325
3.5546091515191325
3.524015354160288
3.524015354160288
3.457492277237211
3.6395999695449035
3.6395999695449035
3.6395999695449035
4.546602533892498
5.085182894526973
3.625559075836838
4.26736921069073
4.26736921069073
3.2967845849295188
3.8008767021323147
4.695674598669828
4.771078260384849
3.643447063607044
4.8222341610717105
4.427933707981568
4.427933707981568
4.427933707981568
4.51249507849607
5.690042912464442
3.7899031924811366
4.221538240593853
5.240966372272961
4.991788622610171
3.821177607053876
4.553769009824623
4.747841400039843
4.747841400039843
4.186869802406706
5.46173700164359
5.501196600076887
3.669121765103238
3.669121765103238
4.932200740593853
5.310996442203031
5.051758679965269
5.3826489711394645
4.38611595625286
4.854106651439719
5.305221278831771
4.08999868818016
4.08999868818016
4.076324240276528
4.5869384310833645
5.428105894216387
4.731066252110849
5.767475078144915
5.767475078144915
4.054249346327292
4.054249346327292
4.054249346327292
4.054249346327292
6.045242811289592
5.594765124985617
4.303953815698749
5.703692817293309
5.743680509601002
5.527798201908693
4.043614072795545
5.55976131751693
5.893322855978469
6.161799740370232
3.251088263425288
3.5133525343340075
6.088915163670777
6.088915163670777
6.088915163670777
6.049230548286162
5.98712304646798
2.9053404279944015
3.7984191909196836
3.964197212897705
2.929610041602082
2.5657415614078385
2.5657415614078385
2.497280022946299
4.771863146963639
5.14022137379318
7.3284153846153846
7.3284153846153846
5.3059554546559475
3.196641561407837
5.868476923076923
4.562776705305391
5.045481088576681
4.340386533199456
3.8904806553456295
4.405239861876058
4.192378323886765
2.7611031122958885
