[9.219131e-05]
[9.312115e-05]
[9.312115e-05]
[9.312115e-05]
[9.312115e-05]
[9.312115e-05]
[9.312115e-05]
[9.312115e-05]
[9.312115e-05]
[9.312115e-05]
[9.312115e-05]
[9.312115e-05]
[9.312115e-05]
[9.312115e-05]
[9.312115e-05]
[9.312115e-05]
[9.312115e-05]
[9.312115e-05]
[9.312115e-05]
[9.312115e-05]
[9.312115e-05]
[9.312115e-05]
[9.312115e-05]
[9.312115e-05]
[9.312115e-05]
[9.312115e-05]
[9.312115e-05]
[9.312115e-05]
[9.312115e-05]
[9.312115e-05]
[9.312115e-05]
[9.312115e-05]
[9.312115e-05]
[9.312115e-05]
[9.312115e-05]
[9.312115e-05]
[9.312115e-05]
[9.312115e-05]
[9.312115e-05]
[9.312115e-05]
[9.312115e-05]
[9.312115e-05]
[9.312115e-05]
[9.312115e-05]
[9.312115e-05]
[9.262097e-05]
[9.4076524e-05]
[9.4076524e-05]
[9.4076524e-05]
[9.4076524e-05]
[9.4076524e-05]
[9.4076524e-05]
[9.354239e-05]
[9.354239e-05]
[9.354239e-05]
[9.354239e-05]
[9.354239e-05]
[9.354239e-05]
[9.354239e-05]
[9.354239e-05]
[9.354239e-05]
[9.354239e-05]
[9.354239e-05]
[9.192952e-05]
[9.410488e-05]
[9.410488e-05]
[9.410488e-05]
[9.410488e-05]
[9.410488e-05]
[9.410488e-05]
[9.410488e-05]
[9.410488e-05]
[9.410488e-05]
[9.410488e-05]
[9.410488e-05]
[9.410488e-05]
[9.410488e-05]
[9.468691e-05]
[9.468691e-05]
[9.468691e-05]
[9.468691e-05]
[9.468691e-05]
[9.468691e-05]
[9.468691e-05]
[9.468691e-05]
[9.468691e-05]
[9.468691e-05]
[9.468691e-05]
[9.468691e-05]
[9.468691e-05]
[9.468691e-05]
[9.468691e-05]
[9.468691e-05]
[9.468691e-05]
[9.468691e-05]
[9.468691e-05]
[9.468691e-05]
[9.468691e-05]
[9.468691e-05]
[9.468691e-05]
[9.468691e-05]
[9.468691e-05]
[9.468691e-05]
[9.468691e-05]
[9.468691e-05]
[9.468691e-05]
[9.468691e-05]
[9.468691e-05]
[9.468691e-05]
[9.468691e-05]
[9.468691e-05]
[9.468691e-05]
[9.468691e-05]
[9.468691e-05]
[9.468691e-05]
[9.468691e-05]
[9.468691e-05]
[9.468691e-05]
[9.468691e-05]
[9.468691e-05]
[9.468691e-05]
[9.468691e-05]
[9.468691e-05]
[9.468691e-05]
[9.468691e-05]
[9.468691e-05]
[9.468691e-05]
[9.468691e-05]
[9.468691e-05]
[9.468691e-05]
[9.468691e-05]
[9.468691e-05]
[9.468691e-05]
[9.468691e-05]
[9.468691e-05]
[9.468691e-05]
[9.468691e-05]
[9.468691e-05]
[9.468691e-05]
[9.468691e-05]
[9.468691e-05]
[9.468691e-05]
[9.468691e-05]
[9.468691e-05]
[9.468691e-05]
[9.468691e-05]
[9.468691e-05]
[9.468691e-05]
[9.468691e-05]
[9.468691e-05]
[9.468691e-05]
[9.468691e-05]
[9.468691e-05]
[9.468691e-05]
[9.468691e-05]
[9.468691e-05]
[9.468691e-05]
[9.468691e-05]
[9.468691e-05]
[9.468691e-05]
[9.468691e-05]
[9.468691e-05]
[9.468691e-05]
[9.468691e-05]
[9.468691e-05]
[9.468691e-05]
[9.468691e-05]
[9.468691e-05]
[9.468691e-05]
[9.468691e-05]
[9.468691e-05]
[9.468691e-05]
[9.468691e-05]
[9.468691e-05]
[9.468691e-05]
[9.468691e-05]
[9.468691e-05]
[9.468691e-05]
[9.468691e-05]
[9.468691e-05]
[9.468691e-05]
[9.468691e-05]
[9.468691e-05]
[9.468691e-05]
[9.468691e-05]
[9.468691e-05]
[9.468691e-05]
[9.468691e-05]
[9.468691e-05]
[9.468691e-05]
[9.468691e-05]
[9.468691e-05]
[9.468691e-05]
[9.468691e-05]
[9.468691e-05]
[9.468691e-05]
[9.468691e-05]
[9.468691e-05]
[9.468691e-05]
[9.468691e-05]
[9.468691e-05]
[9.468691e-05]
[9.468691e-05]
[9.468691e-05]
[9.468691e-05]
[9.468691e-05]
[9.468691e-05]
[9.468691e-05]
[9.468691e-05]
[9.468691e-05]
[9.468691e-05]
[9.468691e-05]
[9.468691e-05]
[9.468691e-05]
[9.468691e-05]
[9.468691e-05]
[9.468691e-05]
[9.468691e-05]
[9.468691e-05]
[9.468691e-05]
[9.468691e-05]
[9.468691e-05]
[9.468691e-05]
[9.468691e-05]
[9.468691e-05]
[9.468691e-05]
[9.468691e-05]
[9.468691e-05]
[9.468691e-05]
[9.468691e-05]
[9.468691e-05]
[9.468691e-05]
[9.468691e-05]
[9.468691e-05]
[9.468691e-05]
[9.468691e-05]
[9.468691e-05]
[9.468691e-05]
[9.468691e-05]
[9.468691e-05]
[9.468691e-05]
[9.468691e-05]
[9.468691e-05]
[9.468691e-05]
[9.468691e-05]
[9.468691e-05]
[9.468691e-05]
[9.468691e-05]
[9.468691e-05]
[9.468691e-05]
[9.468691e-05]
[9.468691e-05]
[9.468691e-05]
[9.468691e-05]
[9.468691e-05]
[9.468691e-05]
[9.468691e-05]
[9.468691e-05]
[9.468691e-05]
[9.468691e-05]
[9.468691e-05]
[9.468691e-05]
[9.468691e-05]
[9.468691e-05]
[9.468691e-05]
[9.468691e-05]
[9.468691e-05]
[9.468691e-05]
[9.468691e-05]
[9.468691e-05]
[9.468691e-05]
[9.468691e-05]
[9.468691e-05]
[9.468691e-05]
[9.468691e-05]
[9.468691e-05]
[9.468691e-05]
[9.468691e-05]
[9.468691e-05]
[9.468691e-05]
[9.468691e-05]
[9.468691e-05]
[9.468691e-05]
[9.468691e-05]
[9.468691e-05]
[9.468691e-05]
[9.468691e-05]
[9.468691e-05]
[9.468691e-05]
[9.468691e-05]
[9.468691e-05]
[9.468691e-05]
[9.468691e-05]
[9.468691e-05]
[9.468691e-05]
[9.468691e-05]
[9.468691e-05]
[9.468691e-05]
[9.468691e-05]
[9.468691e-05]
[9.468691e-05]
[9.468691e-05]
[9.468691e-05]
[9.468691e-05]
[9.468691e-05]
[9.468691e-05]
[9.468691e-05]
[9.468691e-05]
[9.468691e-05]
[9.468691e-05]
[9.468691e-05]
[9.468691e-05]
[9.468691e-05]
[9.468691e-05]
[9.468691e-05]
[9.468691e-05]
[9.468691e-05]
[9.468691e-05]
[9.468691e-05]
[9.468691e-05]
[9.468691e-05]
[9.468691e-05]
[9.468691e-05]
[9.468691e-05]
[9.468691e-05]
[9.468691e-05]
[9.468691e-05]
[9.468691e-05]
[9.468691e-05]
[9.468691e-05]
[9.468691e-05]
[9.468691e-05]
[9.468691e-05]
[9.468691e-05]
[9.468691e-05]
[9.468691e-05]
[9.468691e-05]
[9.468691e-05]
[9.468691e-05]
[9.468691e-05]
[9.468691e-05]
[9.468691e-05]
[9.468691e-05]
[9.468691e-05]
[9.468691e-05]
[9.468691e-05]
[9.468691e-05]
[9.468691e-05]
[9.468691e-05]
[9.468691e-05]
[9.468691e-05]
[9.468691e-05]
[9.468691e-05]
[9.468691e-05]
[9.468691e-05]
[9.468691e-05]
[9.468691e-05]
[9.468691e-05]
[9.468691e-05]
[9.468691e-05]
[9.468691e-05]
[9.468691e-05]
[9.468691e-05]
[9.468691e-05]
[9.468691e-05]
[9.468691e-05]
[9.468691e-05]
[9.468691e-05]
[9.468691e-05]
[9.468691e-05]
[9.468691e-05]
[9.468691e-05]
[9.468691e-05]
[9.468691e-05]
[9.468691e-05]
[9.468691e-05]
[9.468691e-05]
[9.468691e-05]
[9.468691e-05]
[9.468691e-05]
[9.468691e-05]
[9.468691e-05]
[9.468691e-05]
[9.468691e-05]
[9.468691e-05]
[9.479568e-05]
[9.475528e-05]
[9.189219e-05]
[9.529598e-05]
[9.489544e-05]
[9.91066e-05]
[9.804675e-05]
[9.804675e-05]
[9.89791e-05]
[9.89791e-05]
[9.89791e-05]
[9.89791e-05]
[9.89791e-05]
[9.89791e-05]
[9.89791e-05]
[9.89791e-05]
[9.89791e-05]
[9.89791e-05]
[9.89791e-05]
[9.89791e-05]
[9.89791e-05]
[9.89791e-05]
[9.89791e-05]
[9.89791e-05]
[9.89791e-05]
[9.89791e-05]
[9.89791e-05]
[9.89791e-05]
[9.89791e-05]
[9.89791e-05]
[9.89791e-05]
[9.89791e-05]
[9.89791e-05]
[9.89791e-05]
[9.89791e-05]
[9.89791e-05]
[9.89791e-05]
[9.89791e-05]
[9.89791e-05]
[9.89791e-05]
[9.89791e-05]
[9.89791e-05]
[9.89791e-05]
[9.89791e-05]
[9.89791e-05]
[9.89791e-05]
[9.89791e-05]
[9.89791e-05]
[9.89791e-05]
[9.89791e-05]
[9.89791e-05]
[9.89791e-05]
[9.89791e-05]
[9.89791e-05]
[9.89791e-05]
[9.89791e-05]
[9.89791e-05]
[9.499567e-05]
[9.8151424e-05]
[0.00011313]
[0.00010626]
[9.598802e-05]
[9.406764e-05]
[9.823776e-05]
[0.00017013]
[0.09262788]
[0.00091044]
[9.46101e-05]
[0.03527632]
[0.00010655]
[0.00068637]
[9.829708e-05]
[0.00125626]
[0.00070522]
[0.00034647]
[0.00053212]
[0.00076199]
[0.00039674]
[0.00038088]
[0.00048439]
[0.00048439]
[0.00048439]
[0.00048439]
[0.00048439]
[0.00048439]
[0.00048439]
[0.00048439]
[0.00048439]
[0.00048439]
[0.00048439]
[0.00048439]
[0.00048439]
[0.00048439]
[0.00048439]
[0.00048439]
[0.00048439]
[0.00048439]
[0.00048439]
[0.00048439]
[0.00048439]
[0.00048439]
[0.00048439]
[0.00052353]
[0.00037777]
[0.00042159]
[0.00042159]
[0.00033108]
[0.00053417]
[0.00093089]
[0.00044991]
[0.0006856]
[0.00032173]
[0.00061617]
[0.00029353]
[0.00029353]
