4.626038974774338
4.626038974774338
4.626038974774338
3.855532845197681
4.7922245885055474
4.054130537505374
4.104572075966912
4.104572075966912
4.104572075966912
4.104572075966912
4.104572075966912
4.104572075966912
4.104572075966912
4.104572075966912
4.104572075966912
4.104572075966912
4.104572075966912
4.104572075966912
4.104572075966912
4.104572075966912
4.104572075966912
4.104572075966912
4.104572075966912
4.104572075966912
4.104572075966912
4.104572075966912
4.104572075966912
4.104572075966912
4.104572075966912
4.104572075966912
4.104572075966912
4.104572075966912
4.104572075966912
4.104572075966912
4.018382472062159
4.018382472062159
4.218665562424604
3.5712053573507596
3.5712053573507596
3.5712053573507596
3.5712053573507596
4.061685922120759
4.241482363203691
3.484839106920787
3.037214112235448
3.9251563242197243
3.9860667237734004
3.8838178196829354
3.8838178196829354
3.8838178196829354
3.8838178196829354
3.8838178196829354
3.8838178196829354
3.8838178196829354
3.8838178196829354
3.8838178196829354
3.8838178196829354
3.8838178196829354
4.414851073906026
4.414851073906026
4.414851073906026
4.414851073906026
4.414851073906026
4.414851073906026
4.414851073906026
4.414851073906026
3.9095036456528502
3.9095036456528502
3.9095036456528502
5.206231501623364
4.267853978489553
4.267853978489553
4.267853978489553
3.767902405538446
3.767902405538446
3.767902405538446
3.767902405538446
3.767902405538446
3.767902405538446
3.767902405538446
3.767902405538446
3.767902405538446
4.007187539879064
4.007187539879064
4.5811238221976165
3.8915172648205676
3.8915172648205676
3.8915172648205676
3.8915172648205676
3.8915172648205676
3.8915172648205676
3.8915172648205676
3.8915172648205676
3.8915172648205676
3.8915172648205676
3.8915172648205676
5.102020805107891
5.055380219572081
4.221034895648295
4.164245638086646
4.164245638086646
4.164245638086646
4.164245638086646
4.164245638086646
4.164245638086646
4.164245638086646
4.164245638086646
4.164245638086646
4.164245638086646
4.164245638086646
4.164245638086646
4.164245638086646
4.164245638086646
4.164245638086646
4.164245638086646
4.164245638086646
4.164245638086646
4.164245638086646
3.9395203801519205
3.9395203801519205
3.9395203801519205
3.9395203801519205
3.9395203801519205
4.163109944589631
3.2668015018949683
3.2668015018949683
3.2668015018949683
3.2668015018949683
3.2668015018949683
3.8024843236371275
3.8024843236371275
5.729618434659394
4.457492587955988
4.061423222447141
3.2264558726360733
4.492907935136707
4.551397856677544
4.551397856677544
4.551397856677544
4.551397856677544
4.551397856677544
4.551397856677544
3.429896291083095
3.0156248919021067
3.0156248919021067
2.5192911812867553
3.822963092702527
4.478698955578643
5.791067492209756
5.4712665662571265
2.673823752951119
2.673823752951119
2.673823752951119
2.673823752951119
2.673823752951119
2.673823752951119
2.673823752951119
2.673823752951119
2.673823752951119
2.673823752951119
2.673823752951119
2.673823752951119
2.673823752951119
4.3798418127215
2.834623837955988
2.834623837955988
2.834623837955988
2.834623837955988
4.311037532695585
2.8950685889063195
2.8950685889063195
2.8950685889063195
2.8950685889063195
2.8950685889063195
2.8950685889063195
4.071165883941235
3.22030362043217
2.8931664451484362
2.8931664451484362
2.8931664451484362
2.8931664451484362
2.8931664451484362
2.8931664451484362
4.8199502624843245
4.4983812301729245
2.5110598272216773
2.5110598272216773
2.5110598272216773
2.5110598272216773
2.5110598272216773
4.508314514650069
2.901210857186756
5.221818733734308
2.2606910932953035
2.2606910932953035
4.530396914879065
4.530396914879065
4.530396914879065
4.530396914879065
4.530396914879065
4.530396914879065
4.530396914879065
4.530396914879065
4.530396914879065
4.530396914879065
4.530396914879065
4.530396914879065
2.8355619054258643
3.170147499198591
3.959406985482559
5.368881373161061
5.368881373161061
5.368881373161061
5.368881373161061
4.1980901643698525
4.59299451103291
4.684011259524761
3.0967293668021414
3.0967293668021414
3.0967293668021414
3.0967293668021414
4.430895922120759
3.1982721198016524
3.099469597733556
3.099469597733556
3.099469597733556
3.4154076182947044
4.566316842019299
4.307824273547887
3.3758375398790648
4.652672034741916
2.4670081043636785
2.4670081043636785
2.4670081043636785
3.7653244604522227
4.928354847571372
2.803068841113129
2.803068841113129
2.803068841113129
3.567840347026646
3.567840347026646
3.567840347026646
2.5789186755865465
3.4546243836592208
3.4546243836592208
3.4546243836592208
4.955784858213631
4.955784858213631
4.955784858213631
3.511129323242896
4.783615799098234
4.144628625908313
3.309695197225171
4.5511380682734375
3.0348738379559883
3.0348738379559883
3.0348738379559883
3.0348738379559883
4.444314249875273
4.366122561163569
4.3390634661852445
4.3390634661852445
4.3390634661852445
3.149314514650067
3.149314514650067
3.149314514650067
3.149314514650067
3.149314514650067
3.149314514650067
3.149314514650067
3.149314514650067
3.149314514650067
3.149314514650067
3.149314514650067
3.149314514650067
3.149314514650067
3.149314514650067
3.149314514650067
3.149314514650067
3.149314514650067
3.149314514650067
3.149314514650067
3.149314514650067
3.149314514650067
3.149314514650067
3.149314514650067
3.149314514650067
3.149314514650067
3.149314514650067
3.149314514650067
3.149314514650067
3.149314514650067
3.149314514650067
3.149314514650067
3.149314514650067
3.149314514650067
3.149314514650067
3.149314514650067
3.149314514650067
3.149314514650067
3.149314514650067
3.149314514650067
3.149314514650067
3.149314514650067
3.149314514650067
3.149314514650067
3.149314514650067
3.149314514650067
3.149314514650067
3.149314514650067
3.149314514650067
3.149314514650067
3.149314514650067
3.149314514650067
3.149314514650067
3.149314514650067
3.149314514650067
3.6996205996098848
5.089239755664265
3.7517692706482952
3.7517692706482952
3.7517692706482952
3.4335801862918602
3.652237417117105
3.218517157657182
4.445418056594196
3.370972584209799
3.370972584209799
3.370972584209799
3.001941561407837
4.16416137541859
4.16416137541859
4.16416137541859
4.477473220955365
3.4252316365981397
3.4252316365981397
3.164839462955987
3.207032144649358
4.567508999043836
3.5681865364927656
3.5681865364927656
3.5681865364927656
3.5681865364927656
5.395495604187467
3.2153074287549943
4.776610532233542
3.806329370747428
3.806329370747428
3.806329370747428
3.806329370747428
3.806329370747428
3.9448625398790655
3.75005060618782
3.6843934610731477
4.180484323637128
3.2825593499806462
3.2825593499806462
5.208520714420446
3.2554755206482957
4.252706241445345
3.0227561432406826
5.3132657650646475
3.7455614574622054
3.3846585182757334
3.3846585182757334
3.3846585182757334
3.3846585182757334
3.3846585182757334
3.3846585182757334
3.3846585182757334
3.3846585182757334
4.660664036110358
4.0246831693967415
5.433100732392593
3.3167585220219227
3.41546027651749
4.605949501480621
4.53465522194541
4.444951321146895
3.419610056265279
3.6341303585077034
4.44028874180214
4.034402358627207
4.182516691351529
4.006598096739621
4.061643340972726
4.7626423593981215
4.045127221505535
3.8913781592535646
3.5169785280628387
3.5169785280628387
3.5169785280628387
2.573472440028013
3.9750257221439433
5.493955514644577
3.9947506234556975
4.910226428106116
3.971585465237064
4.528650142567828
4.049788109912902
4.181785376417527
3.7856899451896773
4.422503351183039
3.523581664793526
3.458626553553998
3.985246087554774
3.6802310494944495
3.324163238772627
4.158274070786017
5.179804383659221
4.2112245129464885
3.949287303975564
3.663002756308657
4.163226930883075
4.313393686857086
4.836516331952269
4.297989697040045
3.9469355771696373
4.386128999043836
4.705797621473108
3.3634111689386135
4.153161042711501
3.7038027040984236
4.2120512595247614
4.2120512595247614
3.8070226779825305
4.468759074159924
4.245626974782737
3.697389837203163
4.131398827085913
4.105436874079045
3.9810971694235375
4.155240472274532
4.037962174268478
5.2525010648185475
3.808529871116697
3.845978347427115
4.370694562231778
4.06462352797192
4.656637782411194
4.193195138345597
4.295472807736208
4.295472807736208
4.109166620792026
4.2904050113213525
4.297439247507702
4.217254208672292
3.9181417063226114
4.761521245213107
4.703688298438646
4.703688298438646
4.995068053070787
5.499911464371089
5.353316890194138
4.326562569876307
4.666152566386738
4.548189697715104
1.540953085559675
4.758951335617507
4.571363831660507
4.231981463695602
5.3381844262725995
5.491745967608065
5.487014622278966
4.083559154303588
3.485033961711906
4.600861847375684
3.5568922772372105
5.051709554569905
3.669121765103238
3.669121765103238
3.669121765103238
3.669121765103238
5.296287681210382
3.967275611257083
4.7884293592284894
3.5133525343340075
4.955779658986248
4.08999868818016
4.08999868818016
4.616692277237211
5.0213786252092385
7.3284153846153846
7.3284153846153846
7.3284153846153846
6.635276923076923
4.368531278831772
6.661041654019599
4.2637996077179565
5.107603694256417
4.01840726823154
5.589407193788314
5.2831971552636805
5.60416541504094
5.72469042063775
5.72469042063775
5.736086995012402
5.736086995012402
5.270885358114608
5.270885358114608
