[0.83932996]
[0.01797738]
[0.01797738]
[0.01797738]
[0.01797738]
[0.01797738]
[0.01797738]
[0.01797738]
[0.01797738]
[0.01797738]
[0.01797738]
[0.01797738]
[0.01797738]
[0.01797738]
[0.01797738]
[0.01797738]
[0.01797738]
[0.01797738]
[0.01797738]
[0.01797738]
[0.01797738]
[0.01797738]
[0.01797738]
[0.01797738]
[0.01797738]
[0.01797738]
[0.01797738]
[0.01797738]
[0.01797738]
[0.01797738]
[0.01797738]
[0.01797738]
[0.01797738]
[0.01797738]
[0.01797738]
[0.01797738]
[0.01797738]
[0.01797738]
[0.01797738]
[0.01797738]
[0.01797738]
[0.01797738]
[0.01797738]
[0.01797738]
[0.01843786]
[0.00016403]
[0.00016403]
[0.00016403]
[0.00016403]
[0.00016403]
[0.00016403]
[0.00016403]
[0.00016403]
[0.00016403]
[0.00016403]
[0.00016403]
[0.00016403]
[0.00016403]
[0.00016403]
[0.00016403]
[0.00016403]
[0.00016403]
[0.00016403]
[0.00016403]
[0.00016403]
[0.00016403]
[0.00016403]
[0.00016403]
[0.00016403]
[0.00016403]
[0.00016403]
[0.00016403]
[0.00016403]
[0.00016403]
[0.00016403]
[0.00016403]
[0.00016403]
[0.00016403]
[0.00016403]
[0.00016403]
[0.00016403]
[0.00016403]
[0.00016403]
[0.00016403]
[0.00016403]
[0.00016403]
[0.00016403]
[0.00016403]
[0.00016403]
[0.00016403]
[0.00016403]
[0.00016403]
[0.00016403]
[0.00016403]
[0.00016403]
[0.00016403]
[0.00016403]
[0.00016403]
[0.00016403]
[0.00016403]
[0.00016403]
[0.00016403]
[0.00016403]
[0.00016403]
[0.00016403]
[0.00016403]
[0.00016403]
[0.00016403]
[0.00016403]
[0.00016403]
[0.00016403]
[0.00016403]
[0.00016403]
[0.00016403]
[0.00016403]
[0.00016403]
[0.00016403]
[0.00016403]
[0.00016403]
[0.00016403]
[0.00016403]
[0.00016403]
[0.00016403]
[0.00016403]
[0.00016403]
[0.00016403]
[0.00016403]
[0.00016403]
[0.00016403]
[0.00016403]
[0.00016403]
[0.00016403]
[0.00016403]
[0.00016403]
[0.00016403]
[0.00016403]
[0.00016403]
[0.00016403]
[0.00016403]
[0.00016403]
[0.00016403]
[0.00016403]
[0.00016403]
[0.00016403]
[0.00016403]
[0.00016403]
[0.00016403]
[0.00016403]
[0.00016403]
[0.00016403]
[0.00016403]
[0.00016403]
[0.00016403]
[0.00016403]
[0.00016403]
[0.00016403]
[0.00016403]
[0.00016403]
[0.00016403]
[0.00016403]
[0.00016403]
[0.00016403]
[0.00016403]
[0.00016403]
[0.00016403]
[0.00016403]
[0.00016403]
[0.00016403]
[0.00016403]
[0.00016403]
[0.00016403]
[0.00016403]
[0.00016403]
[0.00016403]
[0.00016403]
[0.00016403]
[0.00016403]
[0.00016403]
[0.00016403]
[0.00016403]
[0.00016403]
[0.00016403]
[0.00016403]
[0.00016403]
[0.00016403]
[0.00016403]
[0.00016403]
[0.00016403]
[0.00016403]
[0.00016403]
[0.00016403]
[0.00016403]
[0.00016403]
[0.00016403]
[0.00016403]
[0.00016403]
[0.00016403]
[0.00016403]
[0.00016403]
[0.00016403]
[0.00016403]
[0.00016403]
[0.00016403]
[0.00016403]
[0.00016403]
[0.00016403]
[0.00016403]
[0.00016403]
[0.00016403]
[0.00016403]
[0.00016403]
[0.00016403]
[0.00016403]
[0.00016403]
[0.00016403]
[0.00016403]
[0.00016403]
[0.00016403]
[0.00016403]
[0.00016403]
[0.00016403]
[0.00016403]
[0.00016403]
[0.00016403]
[0.00016403]
[0.00016403]
[0.00016403]
[0.00016403]
[0.00016403]
[0.00016403]
[0.00016403]
[0.00016403]
[0.00016403]
[0.00016403]
[0.00016403]
[0.00016403]
[0.00016403]
[0.00016403]
[0.00016403]
[0.00016403]
[0.00016403]
[0.00016403]
[0.00016403]
[0.00016403]
[0.00016403]
[0.00016403]
[0.00016403]
[0.00016403]
[0.00016403]
[0.00016403]
[0.00016403]
[0.00016403]
[0.00016403]
[0.00016403]
[0.00016403]
[0.00016403]
[0.00016403]
[0.00016403]
[0.00016403]
[0.00016403]
[0.00016403]
[0.00016403]
[0.00016403]
[0.00016403]
[0.00016403]
[0.00016403]
[0.00016403]
[0.00016403]
[0.00016403]
[0.00016403]
[0.00016403]
[0.00016403]
[0.00016403]
[0.00016403]
[0.00016403]
[0.00016403]
[0.00016403]
[0.00016403]
[0.00016403]
[0.00016403]
[0.00016403]
[0.00016403]
[0.00016403]
[0.00016403]
[0.00016403]
[0.00016403]
[0.00016403]
[0.00016403]
[0.00016403]
[0.00016403]
[0.00016403]
[0.00016403]
[0.00016403]
[0.00016403]
[0.00016403]
[0.00016403]
[0.00016403]
[0.00016403]
[0.00016403]
[0.00016403]
[0.00016403]
[0.00016403]
[0.00016403]
[0.00016403]
[0.00016403]
[0.00016403]
[0.00016403]
[0.00016403]
[0.00016403]
[0.00016403]
[0.00016403]
[0.00016403]
[0.00016403]
[0.00016403]
[0.00016403]
[0.00016403]
[0.00016403]
[0.00016403]
[0.00016403]
[0.00016403]
[0.00016403]
[0.00016403]
[0.00016403]
[0.00016403]
[0.00016403]
[0.00016403]
[0.00016403]
[0.00016403]
[0.00016403]
[0.00016403]
[0.00016403]
[0.00016403]
[0.00016403]
[0.00016403]
[0.00016403]
[0.00016403]
[0.00016403]
[0.00016403]
[0.00016403]
[0.00016403]
[0.00016403]
[0.00016403]
[0.00016403]
[0.00016403]
[0.00016403]
[0.00016403]
[0.00016403]
[0.00016403]
[0.00016403]
[0.00016403]
[0.00016403]
[0.00016403]
[0.00016403]
[0.00016403]
[0.00016403]
[0.00016403]
[0.00016403]
[0.00016403]
[0.00016403]
[0.00016403]
[0.00016403]
[0.00016403]
[0.00016403]
[0.00016403]
[0.00016403]
[0.00016403]
[0.00016403]
[0.00016403]
[0.00016403]
[0.00016403]
[0.00016403]
[0.00016403]
[0.00016403]
[0.00016403]
[0.00016403]
[0.00016403]
[0.00016403]
[0.00016403]
[0.00016403]
[0.00016403]
[0.00016403]
[0.00016403]
[0.00016403]
[0.00016403]
[0.00016403]
[0.00016403]
[0.00016403]
[0.00016403]
[0.00016403]
[0.00016403]
[0.00016403]
[0.00016403]
[0.00016403]
[0.00016403]
[0.00016403]
[0.00016403]
[0.00016403]
[0.00016403]
[0.00016403]
[0.00016403]
[0.00016403]
[0.00016403]
[0.00016403]
[0.00016403]
[0.00016403]
[0.00016403]
[0.00016403]
[0.00016403]
[0.00016403]
[0.00016403]
[0.00016403]
[0.00016403]
[0.00016403]
[0.00016403]
[0.00016403]
[0.00016403]
[0.00016403]
[0.00016403]
[0.00016403]
[0.00016403]
[0.00016403]
[0.00016403]
[0.00016403]
[0.00016403]
[0.00016403]
[0.00016403]
[0.00016403]
[0.00016403]
[0.00016403]
[0.00016403]
[0.00016403]
[0.00016403]
[0.00016403]
[0.00016403]
[0.00016403]
[0.00016403]
[0.00016403]
[0.00016403]
[0.00016403]
[0.00016403]
[0.00016403]
[0.00016403]
[0.00016403]
[0.00016403]
[0.00016403]
[0.00016403]
[0.00016403]
[0.00016403]
[0.00016403]
[0.00016403]
[0.00016403]
[0.00016403]
[0.00016403]
[0.00016418]
[0.00016418]
[0.00016418]
[0.00016423]
[0.00016418]
[0.00016419]
[0.0001641]
[0.00016416]
[0.00016424]
[0.00016418]
[0.00016426]
[0.00016426]
[0.00016401]
[0.00016407]
[0.00016428]
[0.00016443]
[0.00016386]
[0.00016516]
[0.0001662]
[0.00016606]
[0.00016659]
[0.00016701]
[0.00016888]
[0.00016679]
[0.0001735]
[0.00016716]
[0.00016688]
[0.00016994]
[0.00017227]
[0.00021025]
[0.00017035]
[0.00017035]
[0.00017035]
[0.00017035]
[0.00017035]
[0.00017035]
[0.00016737]
[0.00018784]
[0.00018197]
[0.00016955]
[0.00016712]
[0.00018752]
[0.00016599]
[0.00016599]
[0.00016599]
[0.00016637]
[0.00016637]
