5.5449892484487755
5.5449892484487755
5.5449892484487755
4.709688962088098
4.709688962088098
4.709688962088098
4.709688962088098
4.709688962088098
4.709688962088098
5.033308419875819
5.200342304422788
5.200342304422788
4.926313302418426
5.597712650455974
5.597712650455974
5.044912657554308
5.044912657554308
5.044912657554308
5.044912657554308
5.044912657554308
5.044912657554308
5.044912657554308
5.044912657554308
5.044912657554308
5.044912657554308
5.044912657554308
5.044912657554308
5.41154893897574
5.41154893897574
5.41154893897574
5.41154893897574
5.41154893897574
5.41154893897574
5.41154893897574
5.41154893897574
5.41154893897574
5.41154893897574
5.41154893897574
5.41154893897574
5.41154893897574
5.41154893897574
5.41154893897574
5.41154893897574
5.41154893897574
5.41154893897574
5.41154893897574
5.41154893897574
5.41154893897574
5.41154893897574
5.41154893897574
5.41154893897574
5.41154893897574
5.41154893897574
5.41154893897574
5.41154893897574
5.41154893897574
5.41154893897574
5.41154893897574
5.41154893897574
5.41154893897574
5.41154893897574
5.41154893897574
5.41154893897574
5.41154893897574
5.41154893897574
5.41154893897574
5.41154893897574
5.41154893897574
5.41154893897574
5.168894678266389
5.168894678266389
4.851013829204609
4.8351338104428825
4.962767487741195
5.0428050111933524
5.0428050111933524
5.513248513632411
5.513248513632411
5.513248513632411
5.333101609317214
5.417412866352862
5.327059114007646
5.327059114007646
5.327059114007646
5.327059114007646
5.327059114007646
5.327059114007646
5.327059114007646
5.327059114007646
5.327059114007646
5.327059114007646
5.327059114007646
5.327059114007646
5.327059114007646
5.327059114007646
5.327059114007646
5.327059114007646
5.327059114007646
5.327059114007646
5.327059114007646
5.327059114007646
5.327059114007646
5.327059114007646
5.327059114007646
5.327059114007646
5.327059114007646
5.327059114007646
5.327059114007646
5.327059114007646
5.327059114007646
5.327059114007646
5.327059114007646
5.327059114007646
5.327059114007646
5.327059114007646
5.327059114007646
5.327059114007646
5.327059114007646
5.327059114007646
5.327059114007646
5.327059114007646
5.327059114007646
5.327059114007646
5.327059114007646
5.327059114007646
5.327059114007646
5.327059114007646
5.327059114007646
5.327059114007646
5.327059114007646
5.327059114007646
5.327059114007646
5.327059114007646
5.327059114007646
5.327059114007646
5.327059114007646
5.327059114007646
5.327059114007646
5.327059114007646
5.327059114007646
5.327059114007646
5.327059114007646
5.327059114007646
5.327059114007646
5.327059114007646
5.327059114007646
5.327059114007646
5.327059114007646
5.327059114007646
5.327059114007646
5.327059114007646
5.327059114007646
5.327059114007646
5.327059114007646
5.327059114007646
5.327059114007646
5.327059114007646
5.327059114007646
5.327059114007646
5.327059114007646
5.327059114007646
5.327059114007646
5.327059114007646
5.327059114007646
5.327059114007646
5.327059114007646
5.327059114007646
5.327059114007646
5.327059114007646
5.327059114007646
5.327059114007646
5.327059114007646
5.327059114007646
5.327059114007646
5.327059114007646
5.327059114007646
5.327059114007646
5.327059114007646
5.327059114007646
5.327059114007646
5.327059114007646
5.327059114007646
5.327059114007646
5.327059114007646
5.327059114007646
5.327059114007646
5.327059114007646
5.327059114007646
5.327059114007646
5.327059114007646
5.327059114007646
5.327059114007646
5.327059114007646
5.327059114007646
5.327059114007646
5.327059114007646
5.327059114007646
5.327059114007646
5.327059114007646
5.327059114007646
5.327059114007646
5.327059114007646
5.327059114007646
5.327059114007646
5.327059114007646
5.327059114007646
5.327059114007646
5.327059114007646
5.327059114007646
5.327059114007646
5.327059114007646
5.327059114007646
5.327059114007646
5.327059114007646
5.327059114007646
5.327059114007646
5.327059114007646
5.327059114007646
5.327059114007646
5.327059114007646
5.327059114007646
5.327059114007646
5.327059114007646
5.327059114007646
5.327059114007646
5.327059114007646
5.327059114007646
5.327059114007646
5.327059114007646
5.327059114007646
5.327059114007646
5.327059114007646
5.327059114007646
5.327059114007646
5.327059114007646
5.327059114007646
5.327059114007646
5.327059114007646
5.327059114007646
5.327059114007646
5.327059114007646
5.327059114007646
5.327059114007646
5.327059114007646
5.327059114007646
5.327059114007646
5.327059114007646
5.327059114007646
5.327059114007646
5.327059114007646
5.327059114007646
5.327059114007646
5.327059114007646
5.327059114007646
5.327059114007646
5.327059114007646
5.327059114007646
5.327059114007646
5.327059114007646
5.327059114007646
5.327059114007646
5.327059114007646
5.327059114007646
5.327059114007646
5.327059114007646
5.327059114007646
5.327059114007646
5.327059114007646
5.327059114007646
5.327059114007646
5.327059114007646
5.327059114007646
5.327059114007646
5.327059114007646
5.327059114007646
5.327059114007646
5.327059114007646
5.327059114007646
5.327059114007646
5.327059114007646
5.327059114007646
5.327059114007646
5.327059114007646
5.327059114007646
5.327059114007646
5.327059114007646
5.327059114007646
5.327059114007646
5.327059114007646
5.327059114007646
5.327059114007646
5.327059114007646
5.327059114007646
5.327059114007646
5.327059114007646
5.327059114007646
5.327059114007646
5.327059114007646
5.327059114007646
5.327059114007646
5.327059114007646
5.327059114007646
5.327059114007646
5.327059114007646
5.327059114007646
5.327059114007646
5.327059114007646
5.327059114007646
5.327059114007646
5.327059114007646
5.327059114007646
5.327059114007646
5.327059114007646
5.327059114007646
5.327059114007646
5.327059114007646
5.327059114007646
5.327059114007646
5.327059114007646
5.327059114007646
5.327059114007646
5.327059114007646
5.327059114007646
5.327059114007646
5.243199553695108
5.243199553695108
5.243199553695108
5.175402308599102
5.175402308599102
5.175402308599102
5.175402308599102
5.175402308599102
5.175402308599102
5.175402308599102
5.175402308599102
5.175402308599102
5.175402308599102
5.175402308599102
5.175402308599102
5.175402308599102
5.175402308599102
5.175402308599102
5.175402308599102
5.175402308599102
5.175402308599102
5.175402308599102
5.175402308599102
5.175402308599102
5.175402308599102
5.175402308599102
5.175402308599102
5.175402308599102
5.175402308599102
5.175402308599102
5.175402308599102
5.175402308599102
5.175402308599102
5.175402308599102
5.175402308599102
5.175402308599102
5.175402308599102
5.175402308599102
5.175402308599102
5.175402308599102
5.001697179591557
5.001697179591557
5.001697179591557
5.1902317731692325
5.1902317731692325
5.1902317731692325
5.1902317731692325
5.1902317731692325
5.1902317731692325
5.1902317731692325
5.1902317731692325
5.44559672109915
5.436577312996928
5.92798427970415
5.4009648658955305
5.239215989433282
5.662242416071435
5.341091008544636
5.341091008544636
5.341091008544636
5.341091008544636
5.341091008544636
5.336276937647421
5.288872081167634
5.288872081167634
5.288872081167634
5.288872081167634
4.926099391778168
5.118119645339694
5.118119645339694
5.1039312664902825
5.393665499379692
5.630715704783322
5.3823426745814515
5.3823426745814515
5.3823426745814515
5.3823426745814515
5.3823426745814515
5.3823426745814515
5.3823426745814515
5.3823426745814515
5.3823426745814515
5.3823426745814515
5.3823426745814515
5.3823426745814515
5.3823426745814515
5.3823426745814515
5.3823426745814515
5.3823426745814515
5.3823426745814515
5.3823426745814515
5.3823426745814515
5.3823426745814515
5.3823426745814515
5.3823426745814515
5.3823426745814515
5.3823426745814515
5.3823426745814515
5.3823426745814515
5.3823426745814515
5.3823426745814515
5.3823426745814515
5.3823426745814515
5.3823426745814515
5.3823426745814515
5.3823426745814515
5.3823426745814515
5.3823426745814515
5.3823426745814515
5.2296005520073585
5.572655174890473
5.444620063625054
5.523763848364656
5.0061794014372545
4.925239345152076
5.746418305720765
5.461669662275621
5.016223281535895
5.348385529574479
5.460030314758114
5.370958980431289
5.370958980431289
5.184539096983142
5.538703146438517
5.746661740649296
5.8692187762965755
5.306467876676473
5.342487526841744
5.658942134645544
5.073928491808751
4.801072263101537
5.479619692406967
5.599328123814082
4.700094939772184
4.995446862849474
5.312863281535895
4.434977075584137
5.388249175517578
5.484524937466732
4.968912026852937
5.227325960954914
5.389335142578079
5.41088530747647
4.01197806750334
4.781147500491471
4.756431342836232
4.087204506936581
4.087204506936581
4.998053167523173
4.998053167523173
4.998053167523173
4.419963666991306
4.686365903697714
5.84270183212003
5.713062239828265
4.743583303564777
5.900632519737991
5.1607942104381355
6.01560871288136
5.380027540948505
6.436096580397843
5.909322787060716
6.4301689099780015
5.698785105901295
6.177157233519041
6.0141400460902315
5.698364578094035
5.698364578094035
5.698364578094035
5.698364578094035
6.403329573788586
5.112453394667995
5.377941261440397
5.874779952185785
7.197534165197778
5.479639924849382
