[0.0254751]
[0.02534706]
[0.02534705]
[0.02547447]
[0.0253475]
[0.0253475]
[0.02550297]
[0.02550297]
[0.02550297]
[0.02550297]
[0.02550297]
[0.02550297]
[0.02550297]
[0.02550297]
[0.02550297]
[0.02550297]
[0.02550297]
[0.02550297]
[0.02550297]
[0.02550297]
[0.02550297]
[0.02550297]
[0.02550297]
[0.02550297]
[0.02550297]
[0.02550297]
[0.02550297]
[0.02550297]
[0.02537176]
[0.02537176]
[0.02537176]
[0.02537176]
[0.02537176]
[0.02537176]
[0.02537176]
[0.02537176]
[0.02537176]
[0.02537176]
[0.02537176]
[0.02537176]
[0.02537176]
[0.02537176]
[0.02537176]
[0.02537176]
[0.02537176]
[0.02537176]
[0.02537176]
[0.02537176]
[0.02537176]
[0.02537176]
[0.02537176]
[0.02537176]
[0.02537176]
[0.02537176]
[0.02537176]
[0.02537176]
[0.02537176]
[0.02537176]
[0.02537176]
[0.02537176]
[0.02537176]
[0.02537176]
[0.02537176]
[0.02537176]
[0.02537176]
[0.02537176]
[0.02537176]
[0.02537176]
[0.02537176]
[0.02537176]
[0.02537176]
[0.02537176]
[0.02537176]
[0.02537176]
[0.02537176]
[0.02537176]
[0.02537176]
[0.02537176]
[0.02537176]
[0.02537176]
[0.02537176]
[0.02537176]
[0.02537176]
[0.02537176]
[0.02537176]
[0.02537176]
[0.02537176]
[0.02537176]
[0.02537176]
[0.02537176]
[0.02537176]
[0.02537176]
[0.02537176]
[0.02537176]
[0.02537176]
[0.02537176]
[0.02537176]
[0.02537176]
[0.02537176]
[0.02537176]
[0.02537176]
[0.02537176]
[0.02537176]
[0.02537176]
[0.02537176]
[0.02537176]
[0.02537176]
[0.02537176]
[0.02537176]
[0.02537176]
[0.02537176]
[0.02537176]
[0.02537176]
[0.02537176]
[0.02537176]
[0.02537176]
[0.02537176]
[0.02537176]
[0.02537176]
[0.02537176]
[0.02537176]
[0.02537176]
[0.02537176]
[0.02537176]
[0.02537176]
[0.02537176]
[0.02537176]
[0.02537176]
[0.02537176]
[0.02537176]
[0.02537176]
[0.02537176]
[0.02537176]
[0.02537176]
[0.02537176]
[0.02537176]
[0.02537176]
[0.02537176]
[0.02537176]
[0.02537176]
[0.02537176]
[0.02537176]
[0.02537176]
[0.02537176]
[0.02537176]
[0.02537176]
[0.02537176]
[0.02537176]
[0.02537176]
[0.02537176]
[0.02537176]
[0.02537176]
[0.02537176]
[0.02537176]
[0.02537176]
[0.02537176]
[0.02537176]
[0.02537176]
[0.02537176]
[0.02537176]
[0.02537176]
[0.02537176]
[0.02537176]
[0.02537176]
[0.02537176]
[0.02537176]
[0.02537176]
[0.02537176]
[0.02537176]
[0.02537176]
[0.02537176]
[0.02537176]
[0.02537176]
[0.02537176]
[0.02537176]
[0.02537176]
[0.02537176]
[0.02537176]
[0.02537176]
[0.02537176]
[0.02537176]
[0.02537176]
[0.02537176]
[0.02537176]
[0.02537176]
[0.02537176]
[0.02537176]
[0.02537176]
[0.02537176]
[0.02537176]
[0.02537176]
[0.02537176]
[0.02537176]
[0.02537176]
[0.02537176]
[0.02537176]
[0.02537176]
[0.02537176]
[0.02537176]
[0.02537176]
[0.02537176]
[0.02537176]
[0.02537176]
[0.02537176]
[0.02537176]
[0.02537176]
[0.02537176]
[0.02537176]
[0.02537176]
[0.02537176]
[0.02537176]
[0.02537176]
[0.02537176]
[0.02537176]
[0.02537176]
[0.02537176]
[0.02537176]
[0.02537176]
[0.02562118]
[0.0255036]
[0.0255036]
[0.0255036]
[0.0255036]
[0.0255036]
[0.0255036]
[0.0255036]
[0.0255036]
[0.0255036]
[0.0255036]
[0.0255036]
[0.0255036]
[0.0255036]
[0.0255036]
[0.0255036]
[0.0255036]
[0.0255036]
[0.0255036]
[0.0255036]
[0.0255036]
[0.0255036]
[0.0255036]
[0.0255036]
[0.0255036]
[0.0255036]
[0.0255036]
[0.0255036]
[0.0255036]
[0.0255036]
[0.0255036]
[0.0255036]
[0.0255036]
[0.0255036]
[0.0255036]
[0.0255036]
[0.0255036]
[0.0255036]
[0.0255036]
[0.0255036]
[0.0255036]
[0.0255036]
[0.0255036]
[0.0255036]
[0.0255036]
[0.0255036]
[0.0255036]
[0.0255036]
[0.0255036]
[0.0255036]
[0.0255036]
[0.0255036]
[0.0255036]
[0.0255036]
[0.0255036]
[0.0255036]
[0.0255036]
[0.0255036]
[0.0255036]
[0.0255036]
[0.0255036]
[0.0255036]
[0.0255036]
[0.0255036]
[0.0255036]
[0.0255036]
[0.0255036]
[0.0255036]
[0.0255036]
[0.0255036]
[0.0255036]
[0.0255036]
[0.0255036]
[0.0255036]
[0.0255036]
[0.0255036]
[0.0255036]
[0.0255036]
[0.0255036]
[0.0255036]
[0.0255036]
[0.0255036]
[0.0255036]
[0.0255036]
[0.0255036]
[0.0255036]
[0.0255036]
[0.0255036]
[0.0255036]
[0.0255036]
[0.0255036]
[0.0252044]
[0.02512946]
[0.02512946]
[0.02512946]
[0.02512946]
[0.02512946]
[0.02512946]
[0.02512946]
[0.02512946]
[0.02512946]
[0.02512946]
[0.02512946]
[0.02634615]
[0.0259508]
[0.02547432]
[0.02533502]
[0.0255891]
[0.0255893]
[0.0255893]
[0.0255893]
[0.02562102]
[0.02550295]
[0.02550295]
[0.02550292]
[0.02554413]
[0.0256086]
[0.02512932]
[0.02565405]
[0.02522556]
[0.02522556]
[0.02522556]
[0.02522602]
[0.02533501]
[0.02512932]
[0.02545875]
[0.02640787]
[0.02561978]
[0.02561978]
[0.02549563]
[0.02549563]
[0.02549563]
[0.02595163]
[0.02600755]
[0.02580926]
[0.02575814]
[0.02561993]
[0.02580926]
[0.02560771]
[0.0256035]
[0.0256035]
[0.0254073]
[0.02576132]
[0.02560726]
[0.02560726]
[0.02565321]
[0.02542887]
[0.02542887]
[0.02636698]
[0.02641035]
[0.02565264]
[0.02560295]
[0.02653988]
[0.0258266]
[0.02653988]
[0.02653988]
[0.02558411]
[0.02566302]
[0.0257272]
[0.02529342]
[0.02642662]
[0.02607966]
[0.02512568]
[0.02600523]
[0.02514118]
[0.02578715]
[0.02580126]
[0.02598222]
[0.02530151]
[0.02551244]
[0.02598205]
[0.0260013]
[0.02589968]
[0.0269617]
[0.02600238]
[0.02664923]
[0.02664361]
[0.02549778]
[0.0278599]
[0.0278599]
[0.0278599]
[0.0278599]
[0.02640733]
[0.02712465]
[0.02698956]
[0.02640733]
[0.02577765]
[0.02577765]
[0.02596606]
[0.02566421]
[0.02800817]
[0.02577762]
[0.02885299]
[0.02783774]
[0.02670322]
[0.02698577]
[0.02602882]
[0.02715504]
[0.02648841]
[0.02802387]
[0.02676]
[0.02676]
[0.02617033]
[0.02648025]
[0.0266762]
[0.03106245]
[0.03334331]
[0.02958446]
[0.03625977]
[0.03726199]
[0.03271377]
[0.0295458]
[0.03538582]
[0.04888044]
[0.03372923]
[0.0738765]
[0.04705134]
[0.04502835]
[0.03965539]
[0.07356698]
[0.04300557]
[0.04301406]
[0.09119279]
[0.05314726]
[0.06666531]
[0.06732865]
[0.27487352]
[0.08693585]
[0.0608216]
[0.05368778]
[0.06537897]
[0.1011872]
[0.05447089]
[0.06528568]
[0.08692989]
[0.07394574]
[0.13792107]
[0.19069251]
[0.07775667]
[0.07775667]
[0.17607376]
[0.2510288]
[0.06436061]
[0.12385172]
[0.06793056]
[0.15819776]
[0.10390782]
[0.10745829]
[0.02821697]
[0.02821697]
[0.02754387]
[0.06137019]
[0.05390047]
[0.04139541]
[0.04795064]
[0.04754118]
[0.04754118]
[0.04981896]
[0.087667]
[0.087667]
[0.09100655]
[0.2920036]
[0.2920036]
[0.02720663]
[0.02693606]
[0.02719622]
[0.02767059]
[0.13262925]
[0.02766968]
[0.02619589]
[0.02667991]
[0.02809554]
[0.1252002]
[0.02615742]
[0.07327314]
[0.02772347]
[0.02735012]
[0.0288269]
[0.02827687]
[0.02781005]
[0.02871731]
[0.02638581]
