[0.55370605]
[0.55447555]
[0.5598393]
[0.4135269]
[0.71605766]
[0.4950459]
[0.52780217]
[0.67023706]
[0.4950459]
[0.5840085]
[0.52490836]
[0.37657732]
[0.5332843]
[0.55848235]
[0.6734731]
[0.672717]
[0.54389894]
[0.42362496]
[0.56327003]
[0.71267384]
[0.35880917]
[0.3562748]
[0.47613412]
[0.48424605]
[0.47907767]
[0.47907767]
[0.47907767]
[0.47907767]
[0.47907767]
[0.5326011]
[0.5326011]
[0.56938803]
[0.56938803]
[0.49187043]
[0.49187043]
[0.5730641]
[0.56367207]
[0.57229245]
[0.56607515]
[0.35237175]
[0.36348283]
[0.29188645]
[0.33149114]
[0.3730131]
[0.3730131]
[0.3463262]
[0.3463262]
[0.49622452]
[0.49622452]
[0.53304905]
[0.37105513]
[0.3222723]
[0.5772323]
[0.42549145]
[0.3325977]
[0.3293864]
[0.57607615]
[0.53201824]
[0.3258705]
[0.3142978]
[0.5455798]
[0.40746018]
[0.49976516]
[0.5335202]
[0.6259804]
[0.43138787]
[0.31395182]
[0.31395182]
[0.33378312]
[0.620727]
[0.620727]
[0.620727]
[0.620727]
[0.29126656]
[0.29126656]
[0.29126656]
[0.29126656]
[0.29126656]
[0.29126656]
[0.29126656]
[0.29126656]
[0.5130493]
[0.61999005]
[0.64750916]
[0.58052313]
[0.330838]
[0.3821408]
[0.5447958]
[0.61107]
[0.35445425]
[0.35445425]
[0.2913646]
[0.3337061]
[0.3337061]
[0.50530404]
[0.38724658]
[0.30024225]
[0.35458142]
[0.4489734]
[0.4616087]
[0.2881591]
[0.29131874]
[0.31355894]
[0.3553788]
[0.29540998]
[0.29555368]
[0.5790288]
[0.46889582]
[0.46889582]
[0.62898016]
[0.29589438]
[0.29127154]
[0.29127154]
[0.29127154]
[0.29127154]
[0.29127154]
[0.29127154]
[0.29127154]
[0.29127154]
[0.29118848]
[0.29118848]
[0.29118848]
[0.29118848]
[0.29118848]
[0.29118848]
[0.33062452]
[0.50926775]
[0.29538092]
[0.42753184]
[0.42753184]
[0.42125443]
[0.50114673]
[0.50114673]
[0.3319316]
[0.38056868]
[0.4895958]
[0.4667842]
[0.4667842]
[0.4667842]
[0.5343249]
[0.29560342]
[0.32861304]
[0.505466]
[0.29787222]
[0.5421783]
[0.48933882]
[0.3357016]
[0.44538486]
[0.4637137]
[0.4637137]
[0.31472114]
[0.31472114]
[0.31472114]
[0.30572534]
[0.44449398]
[0.44449398]
[0.44449398]
[0.44449398]
[0.44449398]
[0.5087851]
[0.35466713]
[0.2916859]
[0.35597375]
[0.49470514]
[0.4891158]
[0.5048156]
[0.31880265]
[0.5071565]
[0.5018007]
[0.40347934]
[0.29120493]
[0.58299994]
[0.5012488]
[0.54896647]
[0.45626265]
[0.4936681]
[0.4936681]
[0.4936681]
[0.2969564]
[0.43389785]
[0.53509915]
[0.54624003]
[0.34835386]
[0.2982678]
[0.2982678]
[0.48925707]
[0.47621396]
[0.34972414]
[0.4936681]
[0.4936681]
[0.4936681]
[0.4936681]
[0.5161538]
[0.5161538]
[0.5161538]
[0.36466262]
[0.47017056]
[0.5822723]
[0.5822723]
[0.51678145]
[0.48996812]
[0.5871956]
[0.2878991]
[0.50690055]
[0.5223695]
[0.36427066]
[0.32839677]
[0.5268531]
[0.53711224]
[0.37009275]
[0.5007296]
[0.3836677]
[0.5549215]
[0.5549215]
[0.5549215]
[0.5549215]
[0.50684655]
[0.50684655]
[0.50583684]
[0.30762646]
[0.42446855]
[0.43878713]
[0.44327506]
[0.2965255]
[0.47591937]
[0.29655573]
[0.56277364]
[0.40532348]
[0.3522829]
[0.3522829]
[0.3278496]
[0.3243293]
[0.51509017]
[0.51509017]
[0.51509017]
[0.5133403]
[0.39131632]
[0.4149983]
[0.29199317]
[0.4397598]
[0.5653633]
[0.55316305]
[0.4484701]
[0.5401241]
[0.5110392]
[0.4565505]
[0.29171467]
[0.29171467]
[0.32781512]
[0.3749296]
[0.56115484]
[0.54218805]
[0.45732832]
[0.34556732]
[0.430116]
[0.4061608]
[0.4061608]
[0.4400659]
[0.49283445]
[0.49283445]
[0.5214913]
[0.5214913]
[0.5214913]
[0.36721095]
[0.4327665]
[0.56807846]
[0.29607868]
[0.34002557]
[0.4499156]
[0.56772643]
[0.496017]
[0.496017]
[0.496017]
[0.44114032]
[0.54607487]
[0.49588278]
[0.30577162]
[0.30931526]
[0.3111201]
[0.29684043]
[0.5730216]
[0.52382797]
[0.38292512]
[0.57230425]
[0.51534355]
[0.51534355]
[0.4405085]
[0.2972132]
[0.5655359]
[0.47131884]
[0.43623614]
[0.5425381]
[0.45197436]
[0.35169247]
[0.5342304]
[0.29170686]
[0.43007147]
[0.5198329]
[0.5198329]
[0.5198329]
[0.5371347]
[0.34358966]
[0.34358966]
[0.413886]
[0.43281353]
[0.51883084]
[0.2898304]
[0.29168323]
[0.57560474]
[0.29519933]
[0.3264608]
[0.30472118]
[0.31432125]
[0.46128115]
[0.48314506]
[0.48707262]
[0.28961107]
[0.4472603]
[0.4472603]
[0.49422625]
[0.5309506]
[0.50835896]
[0.5952739]
[0.5285753]
[0.3925737]
[0.2930013]
[0.28805843]
[0.31664848]
[0.4938276]
[0.6157125]
[0.43018794]
[0.47794992]
[0.2919585]
[0.38409427]
[0.3225904]
[0.54290915]
[0.42924955]
[0.30010444]
[0.3291922]
[0.44888315]
[0.31150413]
[0.51487887]
[0.45355713]
[0.36298305]
[0.4158472]
[0.39137346]
[0.30118084]
[0.54196805]
[0.470658]
[0.2971275]
[0.4670276]
[0.4533184]
[0.42691538]
[0.49316624]
[0.3023683]
[0.39833695]
[0.31419703]
[0.51198643]
[0.4288821]
[0.29769647]
[0.39339128]
[0.29005262]
[0.29808357]
[0.31226248]
[0.31226248]
[0.2938362]
[0.40044665]
[0.29595003]
[0.29771537]
[0.34566033]
[0.47592297]
[0.28534082]
[0.3672093]
[0.41488376]
[0.5304344]
[0.49452543]
[0.4593105]
[0.3580474]
[0.42496738]
[0.48984045]
[0.47263843]
[0.50793946]
[0.38611814]
[0.42879552]
[0.30752033]
[0.3917042]
[0.3857208]
[0.49635717]
[0.39374915]
[0.4090673]
[0.36090505]
[0.29321608]
[0.3415538]
[0.46318886]
[0.34764987]
[0.43815815]
[0.5481638]
[0.49983352]
[0.40854374]
[0.30051973]
[0.32534438]
[0.38252]
[0.38000113]
[0.4473992]
[0.3765142]
[0.4836806]
[0.3388878]
[0.28834748]
[0.42022386]
[0.29342002]
[0.38913658]
[0.3816946]
[0.47979635]
[0.44944084]
[0.3905845]
[0.37858358]
[0.2999911]
[0.31365407]
[0.32329166]
[0.40800568]
[0.41815478]
[0.44199583]
[0.30472323]
[0.4649257]
[0.37084043]
[0.42676032]
[0.4550049]
[0.35589424]
[0.3121518]
[0.32153806]
[0.3564542]
[0.28686497]
[0.3884041]
[0.35498518]
[0.32749966]
[0.32749966]
[0.30625716]
[0.2950848]
[0.43385944]
[0.32016757]
[0.39949512]
[0.30608162]
[0.3502652]
[0.3492713]
[0.34055123]
[0.36137506]
[0.36031318]
[0.34293503]
[0.3856296]
[0.3464295]
[0.37361428]
[0.31930467]
[0.35368502]
[0.2883911]
[0.29140016]
[0.3219679]
[0.32291624]
[0.3127825]
[0.27367827]
[0.45805913]
[0.28737277]
[0.29929802]
[0.289669]
[0.31841636]
[0.3489077]
[0.41526517]
[0.34192595]
[0.29181153]
[0.30448827]
[0.49304938]
[0.29186264]
[0.35924357]
[0.41205314]
[0.28572753]
[0.44992548]
[0.3622258]
[0.34548762]
[0.32929635]
[0.39405766]
[0.37802273]
[0.44771105]
[0.45617026]
[0.4024117]
[0.32466272]
[0.39702666]
[0.43184152]
[0.3998006]
[0.33185652]
[0.47702226]
[0.41151968]
[0.32590166]
[0.34134817]
[0.3705673]
[0.38927805]
[0.32484615]
[0.33167127]
[0.3645417]
[0.38096905]
[0.36844078]
[0.33536047]
