4.082913568906984
4.082913568906984
4.082913568906984
4.076091653490457
4.095534035069859
4.017325381301109
4.017325381301109
4.017325381301109
4.017325381301109
4.017325381301109
3.7436150795519847
4.030716144772963
4.030716144772963
4.030716144772963
3.826766722123538
3.6736596320538455
3.8934824829646217
3.8934824829646217
3.8934824829646217
3.8934824829646217
3.8860478488425247
4.1093257288347225
4.1093257288347225
4.1093257288347225
4.1093257288347225
4.1093257288347225
4.1093257288347225
4.1093257288347225
4.1093257288347225
4.1093257288347225
4.1093257288347225
4.1093257288347225
4.1093257288347225
4.1093257288347225
4.1093257288347225
4.1093257288347225
4.1093257288347225
4.1093257288347225
4.1093257288347225
4.1093257288347225
4.1093257288347225
4.1093257288347225
4.1093257288347225
4.1093257288347225
4.1093257288347225
4.1093257288347225
4.1093257288347225
4.1093257288347225
4.1093257288347225
4.1093257288347225
4.1093257288347225
4.1093257288347225
4.1093257288347225
4.1093257288347225
4.1093257288347225
4.206094561978581
4.301577792575422
4.143422745416943
4.143422745416943
4.143422745416943
4.143422745416943
4.143422745416943
4.143422745416943
4.143422745416943
4.143422745416943
4.143422745416943
4.143422745416943
4.143422745416943
4.143422745416943
4.143422745416943
4.143422745416943
4.143422745416943
4.143422745416943
4.143422745416943
4.143422745416943
4.143422745416943
4.143422745416943
4.143422745416943
4.143422745416943
4.143422745416943
4.143422745416943
4.143422745416943
4.143422745416943
4.143422745416943
4.143422745416943
4.143422745416943
4.143422745416943
4.230563175834936
4.230563175834936
4.230563175834936
4.230563175834936
3.866070247547788
3.890801999930197
3.890801999930197
3.890801999930197
3.890801999930197
3.890801999930197
3.890801999930197
3.890801999930197
3.890801999930197
3.890801999930197
3.890801999930197
3.890801999930197
3.890801999930197
3.890801999930197
3.890801999930197
3.890801999930197
3.890801999930197
3.890801999930197
3.890801999930197
3.890801999930197
3.890801999930197
3.890801999930197
3.890801999930197
3.890801999930197
3.890801999930197
3.890801999930197
3.890801999930197
3.890801999930197
3.890801999930197
3.890801999930197
3.890801999930197
3.890801999930197
3.890801999930197
3.890801999930197
3.890801999930197
3.890801999930197
3.890801999930197
3.890801999930197
3.890801999930197
3.890801999930197
3.890801999930197
3.890801999930197
3.890801999930197
3.890801999930197
3.890801999930197
3.890801999930197
3.890801999930197
3.890801999930197
3.890801999930197
3.890801999930197
3.890801999930197
3.890801999930197
3.890801999930197
3.890801999930197
3.7270663982368974
3.7270663982368974
3.7270663982368974
3.7270663982368974
3.7270663982368974
3.7270663982368974
3.7270663982368974
3.846245339513538
3.846245339513538
3.846245339513538
3.846245339513538
4.222815013246256
4.222815013246256
4.222815013246256
3.9343223685601645
4.245646813258314
3.6635930972792394
4.239690619257256
4.239690619257256
4.239690619257256
4.239690619257256
4.239690619257256
4.239690619257256
4.239690619257256
3.8062775407565708
3.8062775407565708
3.8062775407565708
3.8062775407565708
3.8062775407565708
3.8062775407565708
3.8062775407565708
3.8062775407565708
3.8062775407565708
3.8062775407565708
3.8062775407565708
3.8062775407565708
3.8062775407565708
3.8062775407565708
3.8062775407565708
3.8062775407565708
3.8062775407565708
3.8062775407565708
3.8062775407565708
3.8062775407565708
3.8062775407565708
3.8062775407565708
3.8062775407565708
3.8062775407565708
3.8062775407565708
3.8062775407565708
3.8062775407565708
3.8062775407565708
3.8062775407565708
3.8062775407565708
3.8062775407565708
3.8062775407565708
3.8062775407565708
3.8062775407565708
3.8062775407565708
3.8062775407565708
3.8062775407565708
3.8062775407565708
3.8062775407565708
3.8062775407565708
3.8062775407565708
3.8062775407565708
3.8062775407565708
3.8062775407565708
3.8062775407565708
3.8062775407565708
3.8062775407565708
3.8062775407565708
3.8062775407565708
3.8062775407565708
3.8062775407565708
3.8062775407565708
3.8062775407565708
3.8062775407565708
4.136550556988605
4.136550556988605
3.920781712136499
4.149482606643058
3.9164771421914057
4.093996101165748
3.9742294229920576
4.107988492986189
4.035461115187164
4.122544464816224
3.824987976120042
4.056633436410068
4.143153137295337
4.143153137295337
3.8649686942471186
3.8649686942471186
4.141910656484759
3.8768172421967124
4.087854621319461
3.711084449159472
4.108488419907978
4.122558247769748
4.4091936915825585
3.588553212649673
3.930900604952118
4.107121123795321
3.8534589947488502
4.150154444026203
3.6469693889084756
3.790184932945291
3.790184932945291
3.790184932945291
3.790184932945291
3.790184932945291
4.232542842076442
4.241555572477797
3.7751771872496214
3.9998404351378065
4.208852110449807
4.118322289986266
4.230236048458755
4.115815678526921
4.1428566432100755
3.9938997705486763
3.7004084213248802
4.273866903637097
4.198856670637545
3.8426858806167568
3.8426858806167568
3.9810358779692576
4.1684130568035
4.294354716375592
4.480797409645325
4.416777358680443
4.397386972395154
3.7148132808279906
3.7148132808279906
3.8896943076225057
3.9809198055458435
3.8395795730990656
3.8395795730990656
4.232509121780882
4.0999597873645275
3.9590233630230633
3.9768375519429515
3.800526900825454
4.369311057331933
3.762200162215567
3.8119752618876594
4.55472259766374
4.113068640025853
4.186236177910537
4.439104715652347
3.972180390544926
3.972180390544926
3.979654011608938
3.981045796647205
4.453546856120572
3.5411741230745113
3.922805268164553
4.176338060918001
4.176338060918001
3.911258572789629
4.361692550778857
3.519965841823965
3.8146526866368236
4.366269163487373
4.026248369361465
3.7925965267175936
3.873281365566589
4.132720663225451
3.9275775280290413
4.353428202413441
4.353428202413441
4.168519647180706
4.206604321777483
3.9139200914042904
3.7919317738395026
3.878711140492017
3.8979394875835434
4.345260952427283
4.423155042208471
4.423155042208471
4.423155042208471
4.423155042208471
4.413806296836196
3.6686808826716826
4.2018986274436845
3.924052856845302
4.155668879164952
3.8910255127237807
3.8100446955855727
3.808240273194487
4.465080891829288
4.151862262983206
4.151862262983206
3.8638400230469774
3.8638400230469774
3.874449907463079
4.973875190253869
4.953988495083643
4.997269510185776
4.593593535824851
4.593593535824851
4.771813232845879
4.4380509005105875
3.800788437359521
3.800788437359521
5.041258688212407
4.660174723049243
4.660174723049243
4.643433934813707
3.971178190851158
4.947222944448955
5.056204966274683
5.049716444980779
3.9797410709942707
4.184958060284147
3.82955236346481
3.9030749167974763
3.923014295299769
3.9154458463802753
3.841494376807664
4.084291108272337
4.003012627027061
3.465337893963981
4.108430219864971
3.955377740037555
4.514152623496506
4.498505614439094
4.076648421381764
3.74228504541247
3.6374343204415602
4.02100067351295
4.02100067351295
3.548777712872633
3.5130291184493085
4.032781639522309
3.4428546090927226
3.051217321155865
4.073214185195415
3.304179327844828
4.049493866650748
2.93036220315056
2.9730491537000105
3.7580357378780294
4.24007880855401
3.03182140554458
4.554144963547044
2.781427707807632
3.1644761259887852
3.6540967756923504
3.241496309475024
2.9177921952791657
2.743808223574332
3.19170959326045
3.19170959326045
3.1039539149295328
2.9267033761033368
2.358822115684175
2.6998142792208135
3.4660656813875157
3.129507732279924
2.6832748992592865
2.960672449046019
2.8035894898148968
3.1490671253426994
2.6472782763699794
3.035927667601313
3.5967078295446324
2.7473999337086212
2.932539491656973
2.8889840127812274
2.8889840127812274
2.6456108571867567
2.94306115563837
2.2473737100155837
2.453352400165974
2.7315789253649125
2.6683117162707575
2.416771740727313
3.477050909598403
3.0142620805567786
3.4894590050475554
2.710021639009666
4.296690449353306
2.688769751417526
3.0538760763916493
3.46402742163502
4.596214859081755
4.596214859081755
1.304762875769466
3.4099766685954656
3.2100694075862393
2.6036080772449424
3.3164946291944863
3.0790940472305994
3.683222907643785
3.6002597735445248
1.9897413446974923
3.538692288057362
2.4700062916322167
3.3674285233976002
3.3674285233976002
2.077709151519132
3.5028969703316086
2.0800404981470866
1.699621281696647
2.652287084148634
3.203692240140869
1.5664517021323139
1.989216022622612
2.07788535597847
2.07788535597847
5.328997146195322
1.7549570386349824
2.0532381614228647
1.8791313408682448
1.8791313408682448
2.2412786252092385
3.7023600012218383
2.505318323116766
2.505318323116766
2.505318323116766
2.505318323116766
2.505318323116766
2.505318323116766
2.5810153541602876
2.5810153541602876
2.5810153541602876
2.5810153541602876
2.5810153541602876
2.734983411874161
2.738080115558061
2.7475679189493913
4.043614072795545
5.664220877469935
5.915819840048592
5.259169145113273
5.686252555310001
4.509346972676356
5.467971267676958
5.9827203003541545
4.971173466599525
4.891599046612152
4.934212206093687
5.93524129756543
4.430611878988711
5.799626755276738
5.89720029808634
5.675473430256407
5.610912791958535
3.0501722053534337
5.928045320779778
5.712683237417516
5.35307034653089
5.765139538563179
