3.6778039967325
5.938519847409188
3.403605952922253
3.403605952922253
3.5540250328392506
6.491840937861408
6.491840937861408
6.491840937861408
6.491840937861408
6.491840937861408
6.491840937861408
6.491840937861408
3.5307762102332862
3.5307762102332862
3.5307762102332862
3.5307762102332862
6.593388021546952
6.390130272731158
6.676775411515849
6.549186838114999
3.622312252690712
4.379705567947491
6.568419611175909
6.531282037437039
3.646154740557062
4.41559732070788
3.8227217651032372
3.8227217651032372
3.8227217651032372
3.8227217651032372
3.8227217651032372
3.275979790558919
3.275979790558919
3.6653876702018877
3.6653876702018877
3.6653876702018877
6.857627732790787
3.5857326138289185
4.824416885201666
3.945034253123703
3.3477957247752332
3.4834301516193102
3.325866369485027
3.325866369485027
3.325866369485027
3.325866369485027
3.9140018254949345
3.7132107116111257
3.9616718126097865
3.9616718126097865
3.9616718126097865
3.9616718126097865
3.9616718126097865
3.9616718126097865
3.9616718126097865
3.9616718126097865
3.311723683087842
3.311723683087842
3.311723683087842
7.116855135171172
3.45438027795303
3.45438027795303
3.7498663153039864
3.402854976794135
3.8787725117173597
3.5297205822714393
3.309755949915946
3.309755949915946
3.309755949915946
3.309755949915946
3.309755949915946
3.309755949915946
3.309755949915946
3.504915303616052
3.504915303616052
3.504915303616052
3.504915303616052
3.4725301838575238
4.099407812609787
4.099407812609787
4.099407812609787
3.5189802586944303
4.229272978943777
4.134531334892118
3.546690659109192
3.3820882699375154
3.3820882699375154
3.4096039571949595
3.750574218475043
3.3155045595302752
3.45783050126966
3.45783050126966
3.45783050126966
3.45783050126966
3.45783050126966
3.45783050126966
3.45783050126966
3.45783050126966
3.45783050126966
5.30546194536064
3.759309044119531
3.9661920397311983
3.46815922016376
3.535234219240605
3.56626329256195
3.56626329256195
3.0768991300346826
3.0768991300346826
3.0768991300346826
3.112264197539325
3.2540430017601247
3.2540430017601247
3.2540430017601247
4.521891474842756
3.3960157998221385
3.7137411281523445
3.7137411281523445
2.8989785421690843
3.27682483285024
3.1936042052746387
3.1936042052746387
3.1936042052746387
3.020330809203001
5.424881218395297
3.526990060000241
7.767330374402959
3.402757113496482
3.402757113496482
3.402757113496482
3.5519481586123174
3.5519481586123174
3.5519481586123174
3.5519481586123174
3.5519481586123174
3.5519481586123174
3.1115735859384612
3.5395578283705627
3.3343903312004564
3.3343903312004564
3.3343903312004564
3.8949027896783637
3.430461701791285
3.9392965957293704
4.734500180599817
3.6953404638264518
3.786938130311613
3.5761420753926485
3.5761420753926485
4.862292020447595
3.5342461937252185
3.5342461937252185
3.5342461937252185
3.423245472571372
3.423245472571372
3.595510055890318
6.70190078570587
3.4725916658293956
3.4725916658293956
3.4725916658293956
3.4725916658293956
2.889582289897241
3.612463383396653
4.264973944022468
3.4976901841098336
4.096813273169576
3.8630125232342953
4.83976817343606
4.402924247909894
3.8615689929503922
3.8615689929503922
3.8615689929503922
3.127854539722798
3.3153905323809543
3.761485547673054
3.761485547673054
3.761485547673054
3.761485547673054
3.761485547673054
3.761485547673054
3.761485547673054
3.761485547673054
3.761485547673054
3.761485547673054
3.761485547673054
3.761485547673054
3.761485547673054
3.761485547673054
3.761485547673054
3.761485547673054
3.761485547673054
3.761485547673054
3.761485547673054
3.761485547673054
3.761485547673054
3.761485547673054
3.761485547673054
3.761485547673054
3.761485547673054
3.761485547673054
3.761485547673054
3.761485547673054
3.761485547673054
3.761485547673054
3.761485547673054
3.761485547673054
3.761485547673054
3.761485547673054
3.761485547673054
3.761485547673054
3.761485547673054
3.761485547673054
3.761485547673054
3.761485547673054
3.761485547673054
3.761485547673054
3.761485547673054
3.761485547673054
3.761485547673054
3.761485547673054
3.761485547673054
3.761485547673054
3.761485547673054
3.761485547673054
3.761485547673054
3.761485547673054
3.761485547673054
3.761485547673054
3.761485547673054
3.761485547673054
3.761485547673054
1.6768244368867933
1.6768244368867933
6.475519283843666
6.475519283843666
3.577009932535507
3.577009932535507
3.577009932535507
3.577009932535507
3.577009932535507
3.577009932535507
3.577009932535507
3.577009932535507
3.577009932535507
3.577009932535507
3.577009932535507
3.577009932535507
3.577009932535507
3.577009932535507
3.577009932535507
3.577009932535507
3.577009932535507
3.577009932535507
3.6212850261606677
6.031825163105742
3.56971866370956
3.56971866370956
3.56971866370956
3.56971866370956
3.56971866370956
3.56971866370956
3.56971866370956
3.56971866370956
3.56971866370956
3.56971866370956
3.56971866370956
3.56971866370956
3.56971866370956
3.56971866370956
3.56971866370956
2.924321899670666
2.976160692264104
3.4832639741011295
3.7555865484718716
4.971950761032911
2.8033851574798554
4.053715466304624
3.471430230055776
3.471430230055776
3.208795504917479
3.206751855600043
3.206751855600043
3.206751855600043
3.206751855600043
3.206751855600043
3.206751855600043
3.206751855600043
3.206751855600043
3.206751855600043
3.206751855600043
3.206751855600043
3.206751855600043
3.206751855600043
3.206751855600043
3.206751855600043
3.206751855600043
3.206751855600043
3.206751855600043
3.206751855600043
3.206751855600043
3.206751855600043
3.206751855600043
3.206751855600043
3.206751855600043
3.206751855600043
3.206751855600043
3.206751855600043
3.206751855600043
3.206751855600043
3.206751855600043
3.206751855600043
3.206751855600043
3.206751855600043
3.206751855600043
3.206751855600043
3.206751855600043
3.206751855600043
6.11141867214024
3.424991525942099
2.530143868571127
2.530143868571127
2.530143868571127
2.530143868571127
2.530143868571127
2.530143868571127
2.530143868571127
2.4685739440224665
2.4685739440224665
2.4685739440224665
2.4685739440224665
2.4685739440224665
3.0727132489236997
4.009082940111125
2.3700708058726967
3.4216496587636325
3.4216496587636325
3.4216496587636325
3.4216496587636325
3.4216496587636325
3.4216496587636325
3.4216496587636325
3.4216496587636325
3.4216496587636325
3.4216496587636325
3.4216496587636325
3.4216496587636325
3.3919506944969946
3.4164374869498246
2.4492220323428384
3.579996745722319
2.4498427141503036
2.4498427141503036
2.4498427141503036
2.4498427141503036
2.4498427141503036
2.4498427141503036
2.4498427141503036
4.343752924494449
4.456026430363645
3.1262918126097876
3.1262918126097876
3.1262918126097876
3.1262918126097876
3.1262918126097876
3.1262918126097876
3.1262918126097876
3.1262918126097876
1.6677692721457618
1.6677692721457618
1.6677692721457618
1.6677692721457618
1.6677692721457618
1.6677692721457618
1.6677692721457618
1.6677692721457618
4.100736038306418
2.715529504366371
2.9645687356867096
2.9645687356867096
2.9645687356867096
2.9645687356867096
3.600932728330056
2.5311827347333082
5.10026850948509
3.4267450075696217
3.5975764160519903
3.8051044144768342
5.506421505471708
6.37147681298967
4.299360396374554
3.1119998126097883
3.405642711913541
3.3415768193155717
2.59740028550452
2.59740028550452
2.59740028550452
2.59740028550452
2.59740028550452
4.073319706734332
4.291875796671372
4.437499084516107
4.56528163583221
4.388508325400198
4.2124541733726115
2.0144482520331177
4.829390110906431
2.7813283391289136
4.503081990297873
4.52609207539265
3.5133461952226828
3.9945053668203165
3.054001043379019
3.043293810863881
4.166500132335706
4.181351236176642
5.105963513774749
5.0141727931185445
4.2841168384162085
2.4390388190471874
4.709387789166661
2.2169024719023174
2.2169024719023174
2.2169024719023174
4.9670483317606005
5.756020806643481
2.977805658763634
3.6905115228672303
2.4193691410392297
3.6846950117907316
3.5199084753483323
3.7482347724385665
3.585426067321576
4.742947781946905
5.566298078715293
2.438270829594577
4.79710409788575
4.613117580481807
5.816093827004585
5.3105557707966735
3.310826736217898
3.310826736217898
1.8078563491991098
4.059718525854617
5.342883806606068
5.556097329180313
4.9793965580673865
3.6060518277801012
4.8338743187252184
4.074231049494449
3.971490901566476
3.1573185770965218
3.6696822207484967
4.66751696447176
2.995875611257084
5.1439043221189475
3.5079235394298163
3.1061201985852467
4.501119763150185
3.894308623969943
5.289330810458228
5.353826558618488
3.127953429539706
5.633465086171071
3.3952666501438635
5.134662601128074
4.226602671978812
3.26046281729331
3.0642615075724446
2.7877970589832053
3.861392110858386
4.326812358837765
5.08635156532428
4.00543293030248
2.9972979691006394
4.131373365279955
3.040964730942676
3.040964730942676
3.434734091821179
4.747841400039843
4.351480115558061
4.445429457410929
4.910015354160287
4.057921765103237
4.937938431083365
4.4398120217006145
6.4280175042063705
4.290522295281372
4.860065522063449
6.229742178561845
6.185222581952269
4.650819806606069
4.94628065664641
4.192512672102397
5.044241745912904
6.179449442143401
4.299928283753459
4.047955125437607
5.466091599304515
6.041847994162001
5.067104209382742
6.565062948884394
