6.956700000000005
8.327300000000006
8.327300000000006
8.327300000000006
8.327300000000006
7.554370000000004
7.502700000000006
5.813100000000004
5.813100000000004
7.6493000000000055
7.6493000000000055
7.973000000000007
8.062200000000008
6.849300000000005
6.482100000000005
6.482100000000005
7.655500000000006
9.220400000000001
9.220400000000001
7.663500000000005
8.128200000000007
7.553100000000007
3.3202000000000016
3.3202000000000016
8.756300000000001
8.756300000000001
3.7787000000000024
8.997499999999999
8.997499999999999
2.7836000000000007
2.9560000000000013
6.381500000000004
3.5481000000000025
5.1064000000000025
3.388600000000002
3.388600000000002
3.388600000000002
3.388600000000002
3.388600000000002
3.388600000000002
3.388600000000002
3.388600000000002
3.388600000000002
3.388600000000002
3.388600000000002
3.388600000000002
3.388600000000002
3.388600000000002
3.388600000000002
3.388600000000002
3.388600000000002
3.388600000000002
3.388600000000002
3.388600000000002
3.388600000000002
3.388600000000002
4.197300000000003
4.197300000000003
4.197300000000003
4.197300000000003
5.411000000000003
4.337400000000003
4.337400000000003
8.957070000000002
2.998500000000001
4.497700000000003
6.350600000000005
6.350600000000005
5.053500000000005
5.053500000000005
5.053500000000005
5.053500000000005
5.053500000000005
5.053500000000005
5.053500000000005
5.192400000000004
6.369300000000004
6.369300000000004
6.369300000000004
4.340600000000003
3.903900000000003
4.925100000000005
4.925100000000005
4.925100000000005
4.925100000000005
4.925100000000005
4.925100000000005
7.678500000000007
8.454200000000005
4.802300000000003
4.802300000000003
4.802300000000003
4.802300000000003
4.802300000000003
4.802300000000003
4.802300000000003
4.802300000000003
4.802300000000003
4.802300000000003
4.802300000000003
4.802300000000003
3.109300000000001
8.437500000000005
8.437500000000005
8.437500000000005
8.437500000000005
8.437500000000005
8.437500000000005
2.957200000000001
2.957200000000001
2.957200000000001
5.192400000000004
5.020500000000003
4.464600000000003
4.464600000000003
4.464600000000003
9.111499999999998
9.111499999999998
8.435100000000004
6.220000000000004
2.6084000000000005
7.038900000000005
8.364400000000005
9.473099999999997
9.473099999999997
8.054800000000007
6.8166000000000055
8.8389
5.168800000000004
5.168800000000004
5.168800000000004
5.168800000000004
6.187300000000005
4.749900000000003
6.618500000000004
6.618500000000004
5.714500000000005
8.798800000000002
2.8252000000000006
2.8252000000000006
2.8252000000000006
9.558599999999997
8.646000000000003
4.908600000000004
8.836800000000002
7.965400000000009
7.965400000000009
4.910700000000003
4.910700000000003
9.538999999999996
9.538999999999996
9.538999999999996
9.538999999999996
6.2191000000000045
6.2191000000000045
6.2191000000000045
4.821200000000003
4.821200000000003
2.8324000000000007
9.0683
9.0683
9.0683
9.0683
5.678800000000004
8.463300000000002
8.463300000000002
8.463300000000002
4.287300000000003
5.558900000000003
4.520600000000003
8.298400000000004
8.298400000000004
8.298400000000004
6.0769000000000055
6.0769000000000055
6.0769000000000055
6.0769000000000055
6.0769000000000055
6.0769000000000055
6.0769000000000055
6.0769000000000055
8.536100000000001
4.621590000000002
2.6161000000000003
4.325800000000003
9.1108
8.107200000000006
5.9695200000000055
9.231199999999998
3.162200000000002
7.461770000000007
4.130500000000002
9.399899999999999
8.908500000000002
8.908500000000002
9.0153
9.0153
9.0153
9.0153
9.0153
8.396300000000005
4.231490000000002
4.231490000000002
7.9679000000000055
4.112200000000002
8.333100000000005
8.775670000000002
6.628300000000005
5.762500000000005
7.415800000000009
6.015590000000005
6.015590000000005
6.015590000000005
6.015590000000005
6.015590000000005
6.015590000000005
6.015590000000005
8.137400000000005
9.468069999999999
8.547070000000003
8.777400000000002
7.042490000000005
8.066770000000007
8.066770000000007
8.066770000000007
9.0436
6.377390000000005
6.377390000000005
9.706799999999996
9.706799999999996
9.706799999999996
9.706799999999996
5.131800000000005
7.558000000000006
9.336299999999994
6.196300000000004
4.030700000000002
4.184890000000002
8.368200000000003
5.283300000000003
4.073200000000003
7.193400000000005
8.9768
7.251300000000005
3.6352900000000012
5.919300000000003
5.190900000000003
3.7588000000000026
5.045900000000003
8.548070000000003
8.820400000000001
4.348590000000002
4.348590000000002
6.058090000000005
7.766900000000006
7.766900000000006
7.766900000000006
3.246100000000002
7.5891000000000055
7.044000000000004
4.200790000000001
8.7436
6.796300000000006
5.604090000000003
5.114300000000004
9.114199999999999
6.0480900000000055
6.0480900000000055
5.0770900000000045
3.569200000000002
8.777470000000001
8.777470000000001
8.777470000000001
3.4727000000000015
5.244690000000004
8.80287
8.8882
8.825300000000002
8.7719
8.109270000000008
5.272600000000004
2.1867
5.341000000000003
4.364300000000003
3.0718000000000014
4.458200000000004
4.458200000000004
4.458200000000004
4.458200000000004
6.4416000000000055
3.053300000000001
4.615300000000003
8.533000000000005
4.2649000000000035
7.460200000000007
7.460200000000007
3.934290000000002
4.3141000000000025
8.634300000000001
7.074500000000006
7.9866000000000055
5.4837200000000035
5.039100000000004
7.742000000000006
4.407000000000004
5.326800000000003
4.097500000000003
6.402200000000004
3.0450000000000017
5.093500000000004
5.4539000000000035
6.681870000000004
8.371800000000002
4.294200000000002
8.79827
6.695800000000005
6.294300000000005
7.1250900000000055
4.461300000000002
5.805800000000005
6.046000000000005
2.6175000000000015
8.303570000000004
3.788700000000002
8.273670000000005
4.100600000000003
3.5473000000000026
4.050500000000003
8.295400000000004
4.016900000000003
4.765800000000002
2.5280000000000014
5.170100000000004
6.995800000000005
7.028800000000006
4.762700000000003
6.798700000000005
2.4995000000000003
6.270400000000005
3.0813000000000015
8.046700000000007
5.669800000000005
4.344900000000003
2.981200000000001
9.320899999999998
7.419700000000005
7.257100000000005
4.362900000000003
4.583890000000003
6.2012000000000045
6.548900000000003
5.310400000000003
5.310400000000003
2.0074999999999994
4.784400000000002
5.157500000000005
2.956200000000001
5.209100000000003
5.050990000000001
8.165170000000005
4.9456900000000035
4.4791000000000025
3.621290000000002
3.7614000000000027
4.141400000000002
7.463800000000006
7.826900000000008
6.087200000000004
3.202700000000002
5.441600000000005
5.434400000000004
8.428900000000004
2.0927999999999995
5.568800000000005
6.9043000000000045
3.7976800000000024
8.579300000000003
7.710900000000005
6.491500000000005
2.6994000000000007
4.513100000000003
3.6423000000000014
5.025900000000005
4.3781000000000025
8.826000000000002
5.529700000000004
5.982200000000004
6.453700000000005
2.8115000000000014
7.998200000000007
8.358000000000004
2.7438000000000002
2.7836000000000016
4.404700000000004
4.404700000000004
6.808400000000005
4.247300000000003
4.247300000000003
4.247300000000003
4.0885000000000025
5.733200000000004
2.878400000000001
6.9728000000000065
2.9358000000000013
2.9358000000000013
2.9358000000000013
2.9358000000000013
2.9358000000000013
5.043800000000004
4.048600000000002
4.661300000000002
5.2988000000000035
5.096900000000002
5.609100000000004
5.106000000000004
5.764300000000005
4.458300000000003
4.382800000000002
4.668000000000004
4.688100000000003
3.7912000000000026
4.240100000000003
4.169000000000003
4.3987000000000025
2.6693000000000007
4.799800000000003
3.3340000000000014
2.0116
1.8034999999999999
2.1176999999999997
5.055790000000003
5.236700000000004
1.99502
4.500900000000002
2.6268000000000002
5.510700000000004
2.825600000000002
1.5614999999999999
3.9535000000000027
1.4990999999999999
1.4842
6.862300000000007
5.111800000000002
4.797800000000003
-0.8784000000000003
6.7340900000000055
2.0478
4.638000000000003
1.3702999999999996
2.2220000000000004
5.045900000000003
3.975100000000002
6.689200000000004
4.500700000000004
0.9275
0.9981
-0.03350000000000003
1.37817
1.21207
1.21207
0.08860000000000012
-0.1849
-0.09903
6.107500000000004
5.222400000000004
0.38539999999999996
7.993100000000007
0.6361
0.16199999999999998
0.16199999999999998
0.16199999999999998
8.605200000000004
4.705900000000004
9.918099999999995
8.246970000000006
5.4021000000000035
7.9390000000000045
3.085300000000002
2.8180000000000005
5.652500000000005
5.0065000000000035
6.772700000000005
5.548600000000004
7.521700000000005
9.0761
3.374200000000002
3.374200000000002
5.441800000000004
7.121200000000006
7.889600000000006
3.957900000000003
3.8835900000000017
4.615300000000002
4.615300000000002
3.113500000000002
5.515400000000002
6.619400000000006
6.163600000000002
5.371900000000004
4.604200000000004
