26.239500000000056
26.032100000000053
26.032100000000053
25.76830000000006
26.05710000000005
26.05710000000005
26.05710000000005
25.891900000000057
25.891900000000057
25.891900000000057
25.891900000000057
25.891900000000057
25.891900000000057
25.891900000000057
25.891900000000057
25.891900000000057
25.891900000000057
25.891900000000057
25.891900000000057
25.891900000000057
25.891900000000057
25.891900000000057
25.891900000000057
25.891900000000057
25.891900000000057
25.891900000000057
25.891900000000057
25.891900000000057
25.891900000000057
25.891900000000057
25.891900000000057
25.891900000000057
25.891900000000057
25.891900000000057
25.891900000000057
25.891900000000057
25.891900000000057
25.891900000000057
25.891900000000057
25.891900000000057
25.891900000000057
25.891900000000057
25.891900000000057
25.891900000000057
25.891900000000057
25.891900000000057
25.891900000000057
25.891900000000057
25.891900000000057
25.891900000000057
25.891900000000057
25.897600000000054
25.897600000000054
25.897600000000054
25.897600000000054
25.897600000000054
25.897600000000054
25.897600000000054
25.897600000000054
25.897600000000054
25.897600000000054
25.897600000000054
25.897600000000054
25.897600000000054
25.897600000000054
25.897600000000054
25.897600000000054
25.897600000000054
25.897600000000054
25.897600000000054
25.897600000000054
25.897600000000054
25.897600000000054
25.897600000000054
25.897600000000054
25.897600000000054
25.897600000000054
25.897600000000054
25.897600000000054
25.897600000000054
25.897600000000054
25.897600000000054
25.897600000000054
25.897600000000054
25.897600000000054
25.897600000000054
25.897600000000054
25.897600000000054
25.897600000000054
25.897600000000054
25.897600000000054
25.897600000000054
25.897600000000054
25.897600000000054
25.897600000000054
25.897600000000054
25.897600000000054
25.897600000000054
25.897600000000054
25.897600000000054
25.897600000000054
25.897600000000054
25.897600000000054
25.897600000000054
25.897600000000054
25.897600000000054
25.897600000000054
25.897600000000054
25.897600000000054
25.897600000000054
25.897600000000054
25.897600000000054
25.897600000000054
25.897600000000054
25.897600000000054
25.897600000000054
25.897600000000054
25.897600000000054
25.897600000000054
25.897600000000054
25.897600000000054
25.897600000000054
25.897600000000054
25.897600000000054
25.897600000000054
25.897600000000054
25.897600000000054
25.897600000000054
25.897600000000054
25.897600000000054
25.897600000000054
25.897600000000054
25.897600000000054
25.897600000000054
25.897600000000054
25.897600000000054
25.897600000000054
25.897600000000054
25.897600000000054
25.897600000000054
25.897600000000054
25.897600000000054
25.897600000000054
25.897600000000054
25.897600000000054
25.897600000000054
25.897600000000054
25.897600000000054
25.897600000000054
25.897600000000054
25.897600000000054
25.897600000000054
25.897600000000054
25.897600000000054
25.897600000000054
25.897600000000054
25.897600000000054
25.897600000000054
25.897600000000054
25.897600000000054
25.897600000000054
25.897600000000054
25.897600000000054
25.897600000000054
25.897600000000054
25.897600000000054
25.897600000000054
25.897600000000054
25.897600000000054
25.897600000000054
25.897600000000054
25.897600000000054
25.897600000000054
25.897600000000054
25.897600000000054
25.897600000000054
25.897600000000054
25.897600000000054
25.897600000000054
25.897600000000054
25.897600000000054
25.897600000000054
25.897600000000054
25.897600000000054
25.897600000000054
25.897600000000054
25.897600000000054
25.897600000000054
25.897600000000054
25.897600000000054
25.897600000000054
25.897600000000054
25.897600000000054
25.897600000000054
25.897600000000054
25.897600000000054
25.897600000000054
25.897600000000054
25.897600000000054
25.897600000000054
25.897600000000054
25.897600000000054
25.897600000000054
25.897600000000054
25.897600000000054
25.897600000000054
25.897600000000054
25.897600000000054
25.897600000000054
25.897600000000054
25.897600000000054
25.897600000000054
25.897600000000054
25.897600000000054
25.897600000000054
25.897600000000054
25.897600000000054
25.897600000000054
25.897600000000054
25.897600000000054
25.897600000000054
25.897600000000054
25.897600000000054
25.897600000000054
25.897600000000054
25.897600000000054
25.897600000000054
25.897600000000054
25.897600000000054
25.897600000000054
25.897600000000054
25.897600000000054
25.897600000000054
25.897600000000054
25.897600000000054
25.897600000000054
25.897600000000054
25.897600000000054
25.897600000000054
25.897600000000054
25.897600000000054
25.897600000000054
25.897600000000054
25.897600000000054
25.897600000000054
25.897600000000054
25.897600000000054
25.897600000000054
25.897600000000054
25.897600000000054
25.897600000000054
25.897600000000054
25.897600000000054
25.897600000000054
25.897600000000054
25.897600000000054
25.897600000000054
25.897600000000054
25.897600000000054
25.897600000000054
25.897600000000054
25.642900000000058
25.63950000000006
25.63950000000006
25.63950000000006
25.426400000000054
25.341400000000053
25.341400000000053
25.651600000000055
25.667000000000048
25.501800000000056
25.390500000000053
25.390500000000053
25.50750000000005
25.390500000000056
25.390500000000056
25.387500000000053
25.249400000000055
25.249400000000055
25.249400000000055
25.249400000000055
25.249400000000055
25.249400000000055
25.29190000000005
25.249400000000055
25.376900000000052
25.286200000000058
25.45710000000005
25.083300000000055
25.315500000000053
26.073000000000057
25.291900000000055
25.291900000000055
25.385600000000053
25.111700000000052
25.54950000000006
25.277800000000052
25.033800000000053
25.184300000000054
25.184300000000054
25.21740000000005
25.21740000000005
25.11740000000005
24.76520000000005
25.02210000000005
25.067000000000046
24.60120000000005
24.60120000000005
24.60120000000005
24.84150000000005
24.793900000000047
24.73820000000005
24.73820000000005
24.743900000000046
24.743900000000046
24.485800000000047
24.474200000000046
25.005900000000054
24.99220000000005
23.947300000000055
24.316900000000047
24.602100000000046
24.602100000000046
24.667500000000054
23.49170000000005
23.30480000000005
23.531000000000045
23.99890000000005
23.832600000000042
23.19260000000005
22.441300000000023
22.336300000000026
20.155800000000013
21.21640000000002
21.21640000000002
21.21640000000002
21.175600000000024
20.992400000000025
20.992400000000025
20.826300000000018
20.775900000000018
20.775900000000018
20.43050000000002
20.504400000000018
20.899600000000017
20.455970000000015
20.012900000000013
20.005300000000016
20.005300000000016
20.005300000000016
20.005300000000016
20.005300000000016
20.005300000000016
20.071700000000014
20.070600000000017
19.162200000000006
18.979800000000004
18.5273
18.716200000000004
17.205599999999983
16.915199999999984
17.17259999999999
17.17259999999999
16.95609999999998
16.357399999999977
16.374399999999977
15.843699999999975
15.801199999999977
15.503999999999976
14.34939999999998
14.59679999999998
10.630099999999988
12.881899999999984
12.233699999999985
8.9063
8.9063
8.9063
8.9063
8.9063
8.9063
8.9063
8.9063
8.9063
8.9063
8.9063
10.01689999999999
9.245999999999997
9.113999999999997
9.071499999999997
9.071499999999997
9.071499999999997
9.071499999999997
9.071499999999997
9.071499999999997
9.071499999999997
9.071499999999997
9.071499999999997
9.071499999999997
9.071499999999997
9.071499999999997
9.071499999999997
9.071499999999997
9.071499999999997
9.071499999999997
9.071499999999997
9.071499999999997
9.071499999999997
9.071499999999997
9.071499999999997
9.071499999999997
9.071499999999997
9.071499999999997
9.071499999999997
9.071499999999997
9.071499999999997
9.071499999999997
9.071499999999997
9.071499999999997
9.071499999999997
9.071499999999997
9.071499999999997
9.071499999999997
9.071499999999997
9.071499999999997
9.071499999999997
9.071499999999997
9.071499999999997
9.071499999999997
9.071499999999997
9.071499999999997
9.071499999999997
9.071499999999997
9.071499999999997
9.071499999999997
9.071499999999997
9.071499999999997
9.071499999999997
9.071499999999997
9.071499999999997
9.071499999999997
9.071499999999997
9.071499999999997
9.071499999999997
9.071499999999997
9.071499999999997
9.071499999999997
9.071499999999997
9.071499999999997
9.071499999999997
9.071499999999997
9.071499999999997
9.071499999999997
9.071499999999997
9.071499999999997
9.071499999999997
9.071499999999997
9.071499999999997
9.071499999999997
9.071499999999997
9.071499999999997
9.071499999999997
9.071499999999997
8.024200000000004
8.423300000000001
8.126100000000003
8.100200000000005
9.640899999999991
8.383600000000001
9.463799999999992
8.557300000000001
7.179800000000004
8.336800000000004
8.344500000000004
9.176199999999996
8.092300000000005
7.327900000000004
7.0869000000000035
7.129400000000004
6.438500000000003
5.975400000000003
7.735200000000004
6.571600000000004
1.883
5.111100000000003
4.654400000000003
4.656800000000002
5.470600000000005
0.8022
4.113700000000002
8.072900000000006
5.4706000000000055
26.061000000000057
23.33800000000005
8.6808
4.657900000000002
24.618100000000048
24.094800000000056
18.87770000000001
18.87770000000001
22.899000000000047
