4.01850287257274
4.033007154193006
4.033007154193006
4.015254962292829
4.015254962292829
3.9546231957294236
3.9546231957294236
4.047668936718178
4.047668936718178
4.047668936718178
4.341069045810514
3.916416823114206
3.916416823114206
3.916416823114206
3.916416823114206
3.991432247758042
3.991432247758042
3.939648570845013
3.939648570845013
3.939648570845013
3.939648570845013
3.939648570845013
3.939648570845013
3.939648570845013
3.939648570845013
3.939648570845013
3.939648570845013
3.939648570845013
3.939648570845013
3.939648570845013
3.939648570845013
3.939648570845013
3.939648570845013
3.939648570845013
3.939648570845013
3.939648570845013
4.013531790142203
3.8619651493317075
3.8619651493317075
3.8619651493317075
3.8619651493317075
3.8619651493317075
3.8619651493317075
3.8619651493317075
3.8619651493317075
3.8619651493317075
3.8619651493317075
3.8619651493317075
3.8619651493317075
4.314620374481843
3.9221418657158074
3.9221418657158074
4.084596097053119
4.084596097053119
4.084596097053119
4.084596097053119
4.084596097053119
4.084596097053119
4.084596097053119
4.084596097053119
4.084596097053119
4.084596097053119
4.084596097053119
4.084596097053119
4.084596097053119
4.084596097053119
4.084596097053119
4.084596097053119
4.084596097053119
4.084596097053119
4.084596097053119
4.084596097053119
4.084596097053119
4.084596097053119
4.084596097053119
4.084596097053119
4.084596097053119
4.084596097053119
4.084596097053119
4.084596097053119
4.084596097053119
4.084596097053119
4.084596097053119
4.084596097053119
4.084596097053119
4.084596097053119
4.084596097053119
4.084596097053119
4.084596097053119
4.084596097053119
4.084596097053119
4.084596097053119
4.084596097053119
4.084596097053119
3.9595471948015533
3.9688937192408638
4.025548398792527
4.025548398792527
4.025548398792527
4.025548398792527
4.025548398792527
4.025548398792527
4.025548398792527
4.025548398792527
4.025548398792527
4.025548398792527
4.025548398792527
4.025548398792527
4.025548398792527
4.025548398792527
4.025548398792527
3.9771761250010904
3.9771761250010904
3.9771761250010904
3.9771761250010904
3.9771761250010904
3.9771761250010904
3.9771761250010904
3.9771761250010904
3.9771761250010904
3.9771761250010904
3.9771761250010904
4.308905937649252
4.308905937649252
4.308905937649252
4.308905937649252
4.308905937649252
4.308905937649252
4.308905937649252
4.308905937649252
4.308905937649252
4.308905937649252
4.308905937649252
4.308905937649252
4.308905937649252
4.308905937649252
4.308905937649252
4.308905937649252
4.308905937649252
4.308905937649252
4.308905937649252
4.308905937649252
4.308905937649252
4.432762448100528
4.047236961063673
3.918188838597322
3.918188838597322
3.918188838597322
3.918188838597322
3.918188838597322
3.9379370772745332
3.9379370772745332
3.9379370772745332
3.9379370772745332
3.9379370772745332
3.9379370772745332
4.005010161583826
4.01167580063854
4.1485937992437165
4.309148433698638
4.309148433698638
4.043037670228613
3.8746730945283065
3.8746730945283065
3.8746730945283065
3.8746730945283065
3.745314290483816
3.745314290483816
4.121942891477651
3.836476063887094
3.8962846275946
3.8962846275946
4.022368272819098
3.9207401334369703
4.234552716645148
3.8902281216399768
4.045763634015956
4.088886034859005
3.7870699248338386
4.329519642520043
3.839417881190582
4.454109327775956
3.954432223379156
3.954432223379156
3.901519019843641
3.901519019843641
3.901519019843641
3.901519019843641
3.901519019843641
3.8644481789964686
4.0661951925518105
4.0661951925518105
4.0661951925518105
4.0661951925518105
3.8833821316170027
3.98522582601046
3.913576905052677
3.913576905052677
3.913576905052677
3.994834829623935
4.1124728282977925
3.9574221747514384
4.543001329031874
4.1136700456248
4.088924261066628
3.9561967423961732
3.907138091876635
4.227704857986937
4.05131811052352
3.890207642039895
4.21092294901206
4.003237049018653
3.939888281203306
3.939888281203306
3.905355208770855
4.193211776777403
3.862200519671225
4.190943347259314
3.961722272762799
3.918430692100313
3.918430692100313
4.243930641019222
4.236747202789886
3.8074347373190687
3.8074347373190687
4.045202639718079
3.990523494823731
4.118403805639068
3.8904756553305564
4.174214392620886
4.111090277625209
4.111090277625209
4.111090277625209
4.111090277625209
4.326173471480438
4.210682458896923
3.810686919251924
4.190844307382
3.9257346473417627
4.211800017001292
3.7209613088114324
4.1505410956828905
4.037382583105419
4.475386697367149
4.538732165131643
4.538732165131643
4.436344139152151
4.096991058183108
4.011523719835509
4.082054901144043
4.215289377173828
3.9270435935987154
4.269242756663671
4.165827731149144
3.9841849671828538
4.540337015122101
4.229471010910616
3.888512038188771
3.9687131009894
4.306973848538864
4.306973848538864
4.226363178960333
4.17404310258407
3.7779780910318674
4.192976414779011
4.245332299379021
3.9020600828682976
4.137126913852297
4.51629189619391
3.885146237084075
3.885146237084075
4.2238322618092505
4.2353310810574785
3.9138667423006916
3.7804623804551403
4.364884894838536
3.784649249095345
4.389114654081185
4.695137687539248
3.798685737985812
4.026586134320322
4.614540406003135
4.092693905753286
3.799992406543641
4.08351970728941
4.492433977824163
4.597271916347832
4.278976978323715
4.250206405455368
4.435591753175402
3.9590150543493214
4.12415095326587
4.200888518797118
4.464082562668336
4.309957322329138
4.518546998658237
4.114170016529588
4.161610922954968
4.127860197923772
4.711913009923665
4.0553521527488865
4.8348792554454905
4.0987817555240165
4.689211968242628
4.622469482345573
4.443625920585107
4.208557969447976
3.993778033845615
4.815164633499587
4.569930810545275
4.3460361660005855
4.807074614123989
4.064897133518599
4.763391173924136
5.153033535460456
4.757523948258807
4.98138263682638
4.614106724898869
4.39351881824347
4.178932943895935
4.896536114715252
4.661728551311301
4.996258840996041
4.996258840996041
4.962763977423953
4.909306288875265
5.0109513071546345
5.0109513071546345
4.888631036498314
4.911541644669171
3.9137733214671133
4.264000572277286
5.067327084202472
4.398379853469924
4.744758750685323
5.038222505475032
4.6926558041056206
3.758590157068478
4.6202860614444425
4.879150979702901
4.852489477796337
4.880208739425138
4.987305501993212
4.781721712725997
3.985718521859461
4.7245879712971135
4.9921659300605885
4.573961730684366
3.789466127628768
3.6554050213193463
3.579401972466248
5.404493056033897
4.093684822947506
3.637710165823515
4.036043931166683
3.311173191579571
3.88905597876078
3.7937104364983316
3.5560774287931043
3.7754379500511828
3.2193623973255523
3.4868683475658298
3.2930345660867832
3.7468672144976454
3.553408827709677
3.853365583650632
3.426128998428654
3.9480853147716424
3.98925009697739
3.3562186880436915
3.2101601596912417
3.744970898461328
3.2751948389990684
3.8713047688242748
4.300215389456208
4.231482317103234
4.356934248717045
4.309019122090872
4.309019122090872
4.334212583226572
4.334212583226572
4.203732505740107
4.203732505740107
3.294906136235025
3.2242524084243724
3.1772243709474157
2.8635197468765696
3.2897697172459113
4.905232216223391
3.507828343684505
5.171520241301895
5.203344266112209
2.557907091655231
5.209060248552207
5.209060248552207
5.122956299508429
2.6897676848953775
3.3751717180269143
3.087045100030931
2.6875535539614788
3.0487252112707584
2.0958305638562003
2.64361555396148
2.3593731879641915
2.548963379057147
2.586363805112631
2.8042265891655394
2.356139882807808
2.23055774849502
2.6737814264935853
2.6906386148450014
2.5142387180528765
2.5142387180528765
2.3790843283206513
6.050096226090763
2.2448879871544776
2.479576024962851
2.593212151561241
2.6636253435741715
2.489240116654276
2.9033542137543655
2.9731779011354593
2.2096381332109534
2.6527850612556723
2.288922781010575
2.5646381697909746
2.8821984058497065
2.513095537157973
1.6764053071608807
1.6764053071608807
1.9852688457893173
1.571130218891323
1.5470917685173156
1.4329764279944026
1.4329764279944026
2.185605284997113
2.2348409943304297
4.254354573346545
4.585378176151538
4.5175642416598825
3.7464869514471815
1.940999349768095
4.204394759263775
2.2987240386694427
1.4805669007743525
2.3523038978596613
2.3523038978596613
4.973812349338257
2.675376964453452
2.491387271334954
2.002309816461368
2.4860775723382975
1.9048592926283714
2.305495585692137
5.0261460250398695
2.4645682582404174
2.7271982647045405
2.5810153541602876
3.1638132405938526
3.006787807865753
3.006787807865753
3.006787807865753
4.374268381627404
3.5623230568445763
3.737584584929518
3.7780887373179493
3.929268120937034
3.9364035302173574
4.221538240593853
4.043614072795545
5.003741329022691
4.803567172049234
3.2372380972851964
4.229411088375474
4.297134786939551
5.8719715637179615
5.347011110761568
5.955502309943069
5.867171101151861
4.225403483686954
3.5905483870047394
5.717287227034293
5.334015477999019
5.022966626079592
5.786521920579082
5.779030694536467
5.327894172620919
5.851563925197912
5.844854227375624
5.399490211657487
5.755993944052241
5.2769856657775875
4.061148604988754
4.899957879789912
5.2969128376924335
5.819930236613556
5.98167340349493
4.840050268288391
6.04405232818355
6.193081259995261
