4.233019400247482
4.233019400247482
4.418142558004944
4.917755440585353
4.852966542221823
4.852966542221823
4.698538456563193
4.698538456563193
4.721075930209986
4.721075930209986
4.721075930209986
4.721075930209986
4.721075930209986
4.9095230565424846
4.234986317265237
4.844987156561684
4.844987156561684
4.844987156561684
4.844987156561684
4.844987156561684
4.844987156561684
4.844987156561684
4.844987156561684
4.844987156561684
4.249480732890371
4.928487995788207
4.886970258354298
4.8378382578995245
4.8378382578995245
4.77297910959403
4.77297910959403
4.29919719214065
4.3418831249923295
4.3418831249923295
4.3418831249923295
4.245110008193359
4.245110008193359
4.245110008193359
4.245110008193359
4.245110008193359
4.245110008193359
4.245110008193359
4.245110008193359
4.245110008193359
4.245110008193359
4.245110008193359
4.7458498004289105
4.205711207620267
4.947534623007142
4.947534623007142
4.947534623007142
4.225522436704539
4.427988607355269
4.427988607355269
4.427988607355269
4.427988607355269
4.427988607355269
4.427988607355269
4.427988607355269
4.427988607355269
4.530692987640167
4.530692987640167
4.868023648562399
4.963189297563355
4.579611690198536
4.756569950192774
4.576763807038161
4.868869297563355
4.868869297563355
4.868869297563355
4.868869297563355
5.091832259225335
4.915007522415426
4.641448753508026
4.241733936152296
4.241733936152296
4.241733936152296
4.241733936152296
4.241733936152296
4.241733936152296
4.241733936152296
4.241733936152296
4.813599001705367
4.950934035085586
5.0280025050313135
4.3910905198074595
4.3910905198074595
4.728268572924448
4.605590897339164
5.042381038838715
5.042381038838715
5.047957921681938
4.414794106526481
4.414794106526481
4.896163738668754
4.354868089998449
4.141410655258139
4.141410655258139
4.141410655258139
4.141410655258139
4.141410655258139
4.141410655258139
4.141410655258139
4.141410655258139
4.141410655258139
4.141410655258139
4.141410655258139
4.241022319751378
4.759004429463862
4.891477044368022
4.217487711429813
4.711766889725682
4.569931703760705
4.569931703760705
4.050755061648236
4.9035827233311196
4.9035827233311196
4.9035827233311196
4.422728598855484
4.444864141486322
4.837567759101816
4.837567759101816
4.007700256394516
4.007700256394516
4.959253882899523
4.227562269563143
4.591130947141307
4.404226771401169
4.404226771401169
5.226526128625337
4.7643216290297286
4.890819356734953
4.890819356734953
4.890819356734953
4.401537042727726
4.401537042727726
4.850553381078597
4.850553381078597
4.850553381078597
4.850553381078597
4.850553381078597
4.850553381078597
4.28902132076768
4.28902132076768
4.28902132076768
4.932143684927725
4.963904327149153
4.7899663064089255
4.402491738350098
4.939184327149155
4.315342463624823
4.884236172633134
4.996858950065319
4.778595584633214
4.778595584633214
4.778595584633214
4.908961167445208
4.835584947951412
4.835584947951412
4.835584947951412
4.835584947951412
4.835584947951412
4.835584947951412
4.337558024064385
4.337558024064385
4.3716874513838695
4.644431426695752
4.87431402046701
4.2730219296704774
4.957801827790297
4.957801827790297
4.957801827790297
4.957801827790297
4.957801827790297
4.957801827790297
4.957801827790297
4.957801827790297
4.976595921674296
4.75960061122402
4.493902853860904
4.679328335553016
4.702083549981705
4.800981533539183
4.295305194690588
5.2392176800871955
4.542118825627604
4.578642775864308
4.463354219473699
4.463354219473699
4.463354219473699
4.321267035053394
4.330879532532732
4.330879532532732
5.100104108644052
4.648331278482249
4.648331278482249
4.648331278482249
4.648331278482249
4.586556144986536
4.718734999829252
4.718734999829252
4.278996007995797
4.844154276399364
4.496025135048519
4.775847652813168
4.775847652813168
4.486084685610317
4.020317294439485
4.824687469245519
4.824687469245519
3.94158620781314
4.90297343957519
4.576547128392244
4.227082484232196
5.252717362241378
5.2099456886793565
4.79491518868687
4.326518437011269
4.339653325019315
4.207300529558889
4.203725954715201
4.7419886164391425
4.94539512068857
4.480133528732236
4.795912880994562
4.919381447165488
4.307770595492956
4.769359407350765
4.164182024064384
4.948081833406341
5.258562049359032
4.201903665096017
4.201903665096017
4.201903665096017
4.628845929293866
4.367616517553574
4.140944917148116
5.2009168988573595
5.2009168988573595
5.2009168988573595
5.076352747522737
5.076352747522737
5.129528731146408
5.129528731146408
4.47796198010834
5.326995499705372
5.054996740400162
4.583593621758062
4.583593621758062
4.583593621758062
4.402026496095486
5.247564233312202
4.892148199229235
4.589891965448653
4.513589192640066
4.744620579613413
4.597433353017346
5.364644379099224
4.825038161116426
4.664585578500227
4.296895662274103
4.7491709818009324
4.181265229598289
4.8137036560836695
4.346513611244718
4.346513611244718
4.346513611244718
4.861187306542092
4.69324198010834
4.863558231610796
5.131605304835493
4.404238692239604
4.404238692239604
4.55911925777972
4.274412441646802
4.274412441646802
4.274412441646802
4.274412441646802
4.274412441646802
5.161128019258697
5.161128019258697
5.161128019258697
5.301155527619901
5.301155527619901
5.301155527619901
5.022111521023772
4.311963071954219
4.591004049073857
4.838864460891216
5.145662864567705
4.435586382414808
4.435586382414808
4.435586382414808
4.435586382414808
4.8603480775129135
5.315324624302428
5.21354828626895
4.658321348536742
4.2769617163720755
5.152250154900682
4.448638501107926
5.006820025065959
5.001900045312556
5.34751182993138
5.062607429796985
5.062607429796985
5.062607429796985
4.923347248829896
4.438844409032962
5.136230008917812
5.172309540997828
5.3101820473376415
4.651013380510922
4.817623877986397
4.259623776310105
4.326594226658552
5.1880974367371095
5.1695547181340595
5.352993777059508
5.352993777059508
5.352993777059508
4.6913439560843795
4.609327958130319
4.738820506900428
4.738820506900428
5.2287909836114785
5.24756064440262
5.2313076247274175
4.173121985986638
4.80414566338238
5.078808014494716
5.118707776302424
4.690805528481279
5.116401928532442
4.146314707427782
4.146314707427782
4.146314707427782
4.146314707427782
5.458646442687214
5.275489529085819
5.300856555158459
5.3697259846729315
4.997143717422404
5.507148199229235
4.936886717942252
5.085112757747643
5.085112757747643
5.085112757747643
5.085112757747643
4.8079753969791135
5.428870778148581
4.3803699687156135
5.115607346184945
4.825918994535623
5.400158656600172
4.4274773207676805
5.077400347730996
4.641043066626681
4.797029033649052
5.139769673643377
4.983075365764135
5.406559407350764
4.939938506851018
5.180129234653866
4.610282208669168
4.844404711099968
5.177210008917812
5.3888129690914734
4.477277988759761
5.160963520100246
5.685836785883863
5.017047484440503
4.987544130022867
5.58760384906794
4.931894061747947
4.945089666412314
5.813318130311836
4.38246693703893
4.713076775614332
4.242215570103924
4.892014840001668
5.192492307732731
5.148031460929017
4.147921013582231
4.75629658587072
5.632848728712407
4.88697177857168
4.140299732727118
4.140299732727118
4.329686882920226
4.329686882920226
4.246786449550778
4.285896504298412
4.141743582842146
4.263390048167073
4.367888616398016
4.432719209868703
4.304271389962479
4.955908150593382
4.824839512402089
4.686835349289206
4.829897365155864
4.2568045742333025
4.2568045742333025
5.184948108976566
4.6452053961756175
5.752281472639142
5.124159306136791
4.592316168151575
5.07363076149646
4.653016094540973
4.2682754695881595
4.606653081544249
4.284313529441305
4.79376400005379
4.313786867354514
5.309633300871116
5.131446142171567
4.858447240075329
5.046771002718549
4.862987957180636
4.856291838112254
4.571913488355633
4.779949506416399
4.322106601480719
4.881628627295518
5.417532642297827
4.3435039059558695
4.301252169346094
5.1163362893569815
4.634305834778973
4.480807707846748
3.6055390822140643
3.3604786245599154
4.423085911989231
4.552714990622719
4.552714990622719
4.552714990622719
4.227793549280891
4.308208454300984
3.3276657710229856
4.091224318511661
3.9953097506823427
2.5822121067845263
4.841076973642246
3.7799325842097984
3.4822589173719525
3.5757312301729236
4.456727763049333
3.7122060494944495
3.8104104962803778
4.055886430363644
3.6804779759253403
3.6350142038795017
4.263804632676038
3.0709100418808397
3.7191122206843765
4.336130745485143
2.9180414519369595
4.435407906929752
3.467765658763632
3.16502927265007
6.149398252809295
4.411842229424427
4.2036836436387315
3.9527381742937475
4.685231525942562
4.420763530252932
3.6395999695449035
5.63814369775637
5.001689377405292
4.023460355978468
3.599188240593853
3.7899031924811366
5.25684503248892
3.669121765103238
5.256505501034042
4.043614072795545
4.731066252110849
6.095787689218067
5.387783665713636
5.060995727783179
5.1027281655829375
5.6017305805502895
4.378173680853369
5.543025119809732
5.529046139487729
6.082454568760783
5.8208966149808345
4.160801848055221
4.899138255585661
4.136340130029192
6.273550761107969
5.33245916902193
5.51667875936089
5.605436077991014
6.508088539750845
5.628587509628394
5.258617446274957
5.4751553101799635
