5.210440117710105
4.9735302512115345
4.9735302512115345
4.9735302512115345
4.9735302512115345
4.9735302512115345
4.9735302512115345
4.9735302512115345
4.9735302512115345
5.109466821132589
5.283259175248345
5.050342090793193
5.050342090793193
5.050342090793193
5.050342090793193
5.050342090793193
5.050342090793193
5.050342090793193
5.0907827618321715
5.185218733201024
5.185218733201024
5.185218733201024
5.185218733201024
5.584256119495484
5.584256119495484
5.584256119495484
5.584256119495484
5.584256119495484
5.226343454885294
5.675368184272812
5.270810612586338
5.270810612586338
5.137257230626965
4.812287843941588
5.6467600244849
5.6467600244849
5.6467600244849
5.709709805274059
5.074565932200363
5.074565932200363
5.074565932200363
5.074565932200363
5.074565932200363
5.074565932200363
5.560892614418869
5.626357172127062
5.816620414503513
5.816620414503513
5.816620414503513
5.816620414503513
5.331286921437901
5.331286921437901
5.341738554648998
5.730714308238644
5.149203344199255
5.149203344199255
5.149203344199255
5.561255799848197
5.394846643843808
5.23898131153695
4.9891054749949575
5.72521528434276
5.136747021076492
5.136747021076492
5.136747021076492
5.136747021076492
5.252380498020054
5.200692482849334
5.642751625085053
5.153233357201089
5.250232254789396
5.785645538871432
5.247989177866318
5.3837427229456996
4.9494857768766245
5.936603483984086
5.762793354157739
5.762793354157739
5.762793354157739
5.762793354157739
5.762793354157739
5.872455156224889
5.872455156224889
5.346443142899037
5.789454420320742
5.190841880017852
5.850634521656532
5.205041321220042
5.240374010151577
5.5952547019316725
5.187949230562138
5.116883433867516
4.963382267996642
5.763415423951326
5.682870586932461
5.682870586932461
5.682870586932461
5.682870586932461
5.682870586932461
5.682870586932461
5.682870586932461
5.682870586932461
5.682870586932461
5.682870586932461
5.682870586932461
5.682870586932461
5.682870586932461
5.682870586932461
5.682870586932461
5.682870586932461
5.682870586932461
5.682870586932461
5.682870586932461
5.682870586932461
5.682870586932461
5.682870586932461
5.682870586932461
5.682870586932461
5.682870586932461
5.682870586932461
5.682870586932461
5.682870586932461
5.384029678167771
5.361410346183964
5.836319095342011
5.836319095342011
5.836319095342011
5.604276641458943
5.764740939898793
5.764740939898793
5.764740939898793
5.764740939898793
5.764740939898793
5.764740939898793
5.764740939898793
5.764740939898793
5.764740939898793
5.764740939898793
5.764740939898793
5.764740939898793
5.83207627461418
6.283043083669245
5.583599813594204
5.679612010726059
5.679612010726059
5.679612010726059
5.679612010726059
5.679612010726059
6.1582812892735985
5.8137597326349155
5.8137597326349155
5.8137597326349155
5.8137597326349155
5.8137597326349155
5.8137597326349155
5.43148721378387
5.86941869968927
5.976668988679281
5.976668988679281
5.976668988679281
5.976668988679281
5.976668988679281
5.976668988679281
5.976668988679281
5.976668988679281
5.458237775333762
5.80463847990905
5.59103522171356
5.9907397902750885
5.83185010573487
6.054122178172715
6.054122178172715
6.053350562852311
6.053350562852311
6.053180460410134
5.518261276285295
5.8296413540075545
5.540103822704394
5.540103822704394
5.540103822704394
6.480233155020913
6.480233155020913
6.480233155020913
6.480233155020913
6.224197042630309
5.345949111366151
5.245769739152516
5.480574304993547
5.828617493560273
5.829463127045502
5.829463127045502
6.355456018322842
5.531601864484416
5.617554539135046
5.112349250261078
5.112349250261078
5.112349250261078
5.112349250261078
5.112349250261078
6.023666859893021
5.517162178142058
6.016568511660887
5.790376867098552
5.790376867098552
5.790376867098552
5.901299281942359
5.651026202034374
5.716393699325814
5.7785180763572335
5.7785180763572335
5.7785180763572335
5.7785180763572335
5.7785180763572335
5.7785180763572335
5.7785180763572335
5.7785180763572335
5.7785180763572335
5.7785180763572335
5.7785180763572335
5.7785180763572335
5.7785180763572335
5.7785180763572335
6.097811882225511
6.639624848694763
6.82763500634066
6.164090288849216
5.1870961152591
5.1870961152591
5.1870961152591
5.1870961152591
5.1870961152591
5.663535788114743
5.663535788114743
5.663535788114743
5.663535788114743
5.451110753541102
5.451110753541102
5.451110753541102
6.08431388250367
6.12897316698976
5.859056654896961
5.859056654896961
5.859056654896961
5.859056654896961
5.859056654896961
5.859056654896961
5.859056654896961
5.859056654896961
5.572670181723538
6.828920218707416
5.9449515090083676
5.738742832245239
5.935151296806776
5.733927058778663
6.197441376382372
5.777842755692717
6.517916916089801
6.517916916089801
6.167081622528416
6.588202111732679
6.319370870586009
6.82822344534789
3.4907065908777266
3.4907065908777266
3.4907065908777266
3.4907065908777266
3.4907065908777266
3.4907065908777266
3.4907065908777266
3.4907065908777266
3.4907065908777266
3.4907065908777266
3.4907065908777266
3.4907065908777266
3.4907065908777266
3.4907065908777266
3.4907065908777266
3.4907065908777266
3.4907065908777266
3.4907065908777266
3.4907065908777266
3.4907065908777266
5.512105720071572
3.51220486591418
3.51220486591418
3.51220486591418
3.51220486591418
3.799357117604126
3.799357117604126
3.799357117604126
3.799357117604126
3.799357117604126
3.799357117604126
3.799357117604126
3.799357117604126
3.799357117604126
3.799357117604126
3.799357117604126
3.799357117604126
3.799357117604126
3.799357117604126
3.799357117604126
3.871931188477074
3.8533985407882803
3.8614666100765724
4.19371911413789
4.4369868758681275
4.84902323789043
4.146661238219195
4.146661238219195
4.146661238219195
4.434964252978817
4.371286605919993
4.975938692505098
4.198092769021116
4.281369005047554
4.281369005047554
4.281369005047554
4.281369005047554
4.281369005047554
5.490381224995916
4.400509950488627
4.307940726913803
4.307940726913803
4.307940726913803
4.307940726913803
4.307940726913803
4.307940726913803
4.307940726913803
4.456246045163182
3.9232324801390117
3.9232324801390117
3.9232324801390117
4.170351507627082
4.559540939604339
4.727629589455322
4.727629589455322
4.727629589455322
4.727629589455322
4.7168263517768345
4.694078406536866
4.694078406536866
4.694078406536866
4.694078406536866
4.694078406536866
4.694078406536866
4.694078406536866
4.694078406536866
4.694078406536866
4.544877119963715
4.715560535542861
4.715560535542861
4.715560535542861
4.1377817630937095
4.1377817630937095
4.1377817630937095
4.1377817630937095
4.1377817630937095
4.1377817630937095
4.1377817630937095
4.1377817630937095
4.1377817630937095
4.1377817630937095
4.1377817630937095
4.1377817630937095
4.1377817630937095
4.1377817630937095
4.1377817630937095
4.1377817630937095
4.1377817630937095
4.1377817630937095
4.1377817630937095
4.1377817630937095
4.1377817630937095
4.1377817630937095
4.1377817630937095
4.1377817630937095
4.1377817630937095
4.1377817630937095
4.1377817630937095
4.1377817630937095
4.1377817630937095
4.1377817630937095
4.1377817630937095
4.1377817630937095
4.1377817630937095
4.1377817630937095
4.1377817630937095
4.1377817630937095
4.1377817630937095
4.1377817630937095
4.1377817630937095
4.1377817630937095
4.1377817630937095
4.1377817630937095
4.1377817630937095
4.1377817630937095
4.1377817630937095
4.1377817630937095
4.1377817630937095
4.1377817630937095
4.1377817630937095
4.1377817630937095
4.1377817630937095
4.1377817630937095
4.1377817630937095
4.1377817630937095
4.1377817630937095
4.1377817630937095
4.1377817630937095
4.1377817630937095
4.1377817630937095
4.1377817630937095
4.1377817630937095
4.1377817630937095
4.1377817630937095
4.1377817630937095
4.1377817630937095
4.1377817630937095
4.1377817630937095
4.1377817630937095
4.341826749218636
3.0392859038549807
3.0392859038549807
3.0392859038549807
3.0392859038549807
3.0392859038549807
3.0392859038549807
3.0392859038549807
3.0392859038549807
3.0392859038549807
3.0392859038549807
3.0392859038549807
3.0392859038549807
3.0392859038549807
3.0392859038549807
3.0392859038549807
3.0392859038549807
3.0392859038549807
3.0392859038549807
3.0392859038549807
3.0392859038549807
3.0392859038549807
3.0392859038549807
3.0392859038549807
3.0392859038549807
3.0392859038549807
3.0392859038549807
3.0392859038549807
3.0392859038549807
3.0392859038549807
3.0392859038549807
3.0392859038549807
3.0392859038549807
3.0392859038549807
3.0392859038549807
3.0392859038549807
3.0392859038549807
3.0392859038549807
3.0392859038549807
3.0392859038549807
3.0392859038549807
3.0392859038549807
3.0392859038549807
3.0392859038549807
3.0392859038549807
3.2581137217868124
4.516952903064791
4.516952903064791
3.0759471558134326
5.539008235816785
4.809728517049845
5.549451515341098
4.747924650757427
4.933902382794313
4.971540035372811
5.568018879143672
5.58364283816359
4.0576250358771215
2.608907661852596
4.668031229958396
6.111913631596685
5.525078804603581
5.442802479183262
6.622806394065293
6.061517374744312
6.059460956590639
5.894470614298376
5.697930206224032
5.604339375997763
6.881669762270887
6.559247647417471
6.944435926523114
5.890946428437558
4.3811880454757395
5.327972806409736
6.962964693741759
6.717467248032829
6.41786779066363
6.2312842667000155
