18.70749999999999
18.180019999999985
18.180019999999985
18.180019999999985
18.576619999999984
18.305319999999984
18.092419999999986
18.092419999999986
17.78991999999998
18.205599999999986
18.205599999999986
18.205599999999986
18.205599999999986
18.205599999999986
18.205599999999986
18.205599999999986
19.1857
17.88019999999998
18.928599999999996
18.928599999999996
18.928599999999996
18.928599999999996
18.928599999999996
18.205599999999986
18.205599999999986
18.882099999999994
19.464500000000005
17.530219999999975
18.936699999999995
18.538499999999992
18.538499999999992
18.538499999999992
18.538499999999992
18.538499999999992
18.538499999999992
18.538499999999992
17.92769999999998
17.92769999999998
17.92769999999998
17.92769999999998
17.92769999999998
17.92769999999998
17.92769999999998
17.69179999999998
18.043319999999984
18.043319999999984
18.043319999999984
18.043319999999984
18.013199999999983
18.636099999999992
18.636099999999992
18.636099999999992
18.636099999999992
18.636099999999992
18.636099999999992
18.636099999999992
18.636099999999992
18.77059999999999
18.73521999999999
18.897499999999997
17.66599999999998
18.758399999999995
18.758399999999995
18.758399999999995
17.691799999999983
17.691799999999983
17.344799999999974
18.431999999999988
17.501499999999975
18.42679999999999
18.42679999999999
18.132699999999986
18.892899999999994
18.57689999999999
18.57689999999999
18.57689999999999
18.57689999999999
18.57689999999999
18.57689999999999
17.986119999999985
18.460799999999992
18.244099999999992
17.788199999999982
17.959599999999984
17.849999999999984
17.763199999999983
17.763199999999983
17.67769999999998
17.67769999999998
17.67769999999998
17.67769999999998
17.67769999999998
17.67769999999998
17.67769999999998
17.67769999999998
17.67769999999998
17.67769999999998
17.67769999999998
17.67769999999998
17.67769999999998
17.67769999999998
17.67769999999998
17.67769999999998
17.67769999999998
17.67769999999998
17.67769999999998
17.67769999999998
17.67769999999998
17.67769999999998
17.67769999999998
17.67769999999998
17.67769999999998
17.67769999999998
17.67769999999998
17.67769999999998
17.67769999999998
17.67769999999998
17.67769999999998
17.816799999999983
17.816799999999983
17.816799999999983
17.816799999999983
17.816799999999983
17.816799999999983
17.933499999999984
18.65101999999999
18.65101999999999
18.65101999999999
17.70651999999998
17.70651999999998
17.70651999999998
17.70651999999998
17.70651999999998
18.574419999999986
16.943499999999975
16.943499999999975
16.943499999999975
17.547399999999982
18.213499999999986
18.127999999999986
18.127999999999986
18.47159999999999
17.903299999999984
18.47849999999999
18.406399999999987
18.401499999999988
17.103399999999976
17.85459999999998
17.85459999999998
18.063299999999984
18.063299999999984
17.590099999999982
17.590099999999982
17.590099999999982
17.590099999999982
17.590099999999982
17.590099999999982
17.590099999999982
17.590099999999982
18.607099999999996
17.322699999999973
17.40651999999998
18.470319999999994
18.470319999999994
18.470319999999994
18.470319999999994
18.026899999999983
18.026899999999983
18.046699999999984
17.65299999999998
17.265999999999977
18.421099999999996
18.421099999999996
18.421099999999996
18.201419999999985
18.201419999999985
18.201419999999985
18.625419999999995
18.435819999999985
16.152219999999968
16.152219999999968
16.152219999999968
18.625419999999995
17.487799999999982
18.30591999999999
17.035999999999973
17.035999999999973
17.36679999999998
17.36679999999998
17.82339999999998
17.82339999999998
17.82339999999998
17.881999999999984
17.65729999999998
17.65729999999998
17.65729999999998
17.163899999999977
17.313199999999973
17.313199999999973
18.20409999999998
18.20409999999998
17.47069999999998
17.47069999999998
17.47069999999998
17.47069999999998
17.47069999999998
17.47069999999998
17.38519999999998
17.521699999999978
18.23647999999999
16.997499999999977
17.50709999999998
17.290519999999976
17.25989999999998
17.25989999999998
17.25989999999998
16.538599999999974
16.538599999999974
18.155399999999986
18.155399999999986
18.155399999999986
18.155399999999986
18.155399999999986
16.650799999999972
16.955999999999975
17.70819999999998
17.124899999999975
17.914119999999986
17.914119999999986
17.59819999999998
17.541299999999982
17.076299999999975
17.349499999999978
17.579499999999978
17.00219999999997
17.00219999999997
17.64299999999998
18.850499999999993
18.850499999999993
17.57759999999998
17.57759999999998
17.57759999999998
17.57759999999998
17.57759999999998
17.07629999999998
17.123099999999976
18.201619999999984
17.992999999999984
17.209899999999976
17.893899999999984
18.871799999999993
17.49179999999998
16.217319999999965
18.046519999999983
16.810599999999972
16.956999999999972
15.908899999999965
15.908899999999965
15.908899999999965
17.267199999999974
16.967299999999973
16.967299999999973
17.11629999999998
17.11629999999998
17.11629999999998
17.11629999999998
17.11629999999998
17.11629999999998
17.11629999999998
17.44741999999998
17.220299999999973
17.99131999999998
17.67519999999998
17.67519999999998
17.291099999999975
17.776799999999977
16.914499999999972
16.988899999999973
18.181819999999988
17.259099999999975
16.874019999999973
17.59819999999998
17.444099999999978
17.773799999999984
17.97491999999999
17.765299999999982
17.765299999999982
17.765299999999982
17.765299999999982
16.927999999999972
16.693699999999968
17.53949999999998
16.739199999999975
17.357919999999982
16.44421999999997
17.58759999999998
16.961099999999973
17.358599999999978
17.836699999999983
16.613519999999966
15.863799999999964
15.863799999999964
17.49239999999998
16.558399999999974
17.942199999999982
17.59299999999998
17.278079999999978
17.36509999999998
17.402619999999978
18.16159999999999
16.23299999999997
17.151819999999976
17.75641999999997
16.811299999999967
17.804219999999983
17.155099999999976
17.600799999999982
16.77899999999997
18.52679999999999
16.602499999999978
18.902299999999997
18.125619999999984
17.618999999999982
17.10229999999998
16.801719999999975
17.53101999999998
16.29039999999997
15.272099999999966
16.97259999999997
17.997799999999984
16.454899999999963
15.90826999999997
17.084099999999975
17.78259999999998
18.066099999999985
17.044599999999967
17.82931999999998
17.130899999999976
17.50429999999998
16.428699999999967
17.353799999999982
17.001599999999975
16.84341999999997
16.900399999999973
17.52419999999998
16.45979999999997
17.49299999999998
16.468099999999968
15.900299999999966
17.693799999999978
15.303899999999967
17.473899999999976
18.175219999999985
16.758319999999976
16.758319999999976
16.693599999999968
17.76279999999998
16.691899999999972
16.566399999999966
17.51239999999998
15.936199999999962
16.589499999999973
17.316699999999976
15.819599999999964
16.238699999999966
17.234399999999976
15.617899999999965
16.048399999999965
17.473219999999973
16.075599999999962
15.350619999999967
17.002299999999973
16.787819999999975
17.424099999999974
17.371499999999976
14.431299999999972
15.487599999999967
16.57059999999997
17.141799999999975
16.284499999999966
16.43129999999997
16.98569999999998
17.285819999999976
17.93421999999998
15.364699999999965
14.356999999999971
13.679599999999976
16.045299999999965
15.102599999999965
13.595699999999976
12.52639999999998
13.863319999999973
16.031499999999966
12.495599999999978
15.802199999999964
12.27159999999998
12.42129999999998
14.884699999999961
12.942099999999979
11.287519999999986
12.076699999999981
12.336999999999978
10.005999999999995
10.258199999999992
10.161099999999996
18.269199999999987
9.878599999999993
9.725419999999994
18.276199999999985
8.175300000000005
7.619100000000007
6.120520000000005
6.345100000000006
6.611500000000006
7.074800000000006
6.0457000000000045
7.093800000000006
5.7554200000000035
5.499100000000005
4.695120000000004
3.3340000000000014
4.386700000000004
6.020200000000004
4.584000000000002
4.850000000000003
5.949500000000005
4.336300000000003
4.649920000000003
4.595200000000003
4.8670000000000035
1.6866
1.3921999999999999
3.442000000000002
2.8858000000000006
3.1942200000000014
2.6268000000000002
2.6268000000000002
2.4549000000000003
2.2888
3.841700000000003
3.841700000000003
17.737899999999982
17.520099999999978
17.353999999999978
18.469199999999987
1.5314
18.489919999999987
17.997799999999984
17.938399999999984
18.325699999999987
0.9758
17.445699999999974
18.42541999999999
1.1923
1.1923
1.1923
16.937799999999967
0.9275
1.1164
9.726099999999995
17.043799999999973
17.206819999999976
17.789899999999975
16.69099999999997
14.81949999999997
17.52009999999998
17.429919999999974
16.81979999999997
17.329119999999975
18.51929999999999
16.384619999999966
11.782099999999982
3.739300000000002
17.41759999999998
16.994999999999973
17.449499999999976
17.189499999999978
15.962799999999964
18.074699999999982
17.783299999999983
18.071499999999983
18.158999999999992
16.703499999999977
18.52239999999999
17.263719999999974
17.310899999999975
17.242299999999975
17.47169999999997
17.498799999999978
16.94769999999997
17.690599999999982
17.57289999999998
16.891799999999968
15.071799999999966
15.307799999999968
17.76801999999998
9.110399999999998
16.03901999999996
15.787799999999967
17.114399999999975
