4.471200000000001
4.003200000000002
4.003200000000002
4.003200000000002
4.003200000000002
4.003200000000002
4.395000000000002
4.395000000000002
7.784400000000007
4.7394000000000025
4.510300000000002
4.510300000000002
4.510300000000002
4.510300000000002
4.237700000000002
3.934800000000002
3.8043000000000022
4.7943000000000024
4.7943000000000024
4.7943000000000024
4.7943000000000024
4.7943000000000024
4.7943000000000024
4.7943000000000024
4.7943000000000024
4.7943000000000024
4.015000000000002
4.672800000000002
4.672800000000002
7.294900000000007
4.280500000000002
4.280500000000002
4.537300000000003
4.369100000000001
3.476000000000001
3.476000000000001
3.476000000000001
3.476000000000001
3.476000000000001
3.476000000000001
4.432200000000002
2.6334
2.6334
2.6334
2.6334
4.446200000000002
4.446200000000002
4.446200000000002
4.446200000000002
4.446200000000002
4.377800000000002
20.29960000000001
20.29960000000001
2.5908999999999995
2.5908999999999995
2.5908999999999995
2.5908999999999995
2.5908999999999995
2.5908999999999995
2.5908999999999995
2.5908999999999995
2.5908999999999995
2.5908999999999995
2.5908999999999995
20.096480000000007
3.5543000000000013
3.5543000000000013
3.5543000000000013
3.5543000000000013
3.5543000000000013
3.5543000000000013
20.251280000000012
3.190900000000001
3.1369000000000007
19.909500000000005
19.909500000000005
19.909500000000005
19.909500000000005
19.909500000000005
19.909500000000005
19.909500000000005
19.909500000000005
19.909500000000005
19.695080000000004
19.55128
19.907980000000002
4.608200000000003
19.3402
19.679479999999998
19.58098
19.504379999999998
19.504379999999998
19.504379999999998
19.504379999999998
19.504379999999998
19.504379999999998
19.504379999999998
19.504379999999998
19.504379999999998
19.504379999999998
19.504379999999998
19.504379999999998
19.504379999999998
19.762080000000005
19.423779999999997
19.261299999999995
19.261299999999995
19.261299999999995
2.949300000000001
19.63888
19.517879999999998
19.517879999999998
19.517879999999998
19.517879999999998
19.346799999999998
19.346799999999998
19.423779999999997
19.2216
19.2216
19.180699999999995
19.503
19.4991
19.383179999999996
19.383179999999996
19.383179999999996
19.383179999999996
19.383179999999996
19.383179999999996
19.383179999999996
19.383179999999996
19.383179999999996
19.225679999999997
19.225679999999997
19.180699999999995
19.217079999999996
18.783999999999992
19.05098
19.192899999999995
19.192899999999995
19.110279999999996
18.948179999999994
18.948179999999994
18.948179999999994
19.235299999999995
19.119179999999997
19.375680000000003
19.094199999999994
19.094199999999994
19.094199999999994
19.033679999999997
19.033679999999997
19.033679999999997
19.033679999999997
19.033679999999997
19.033679999999997
19.033679999999997
19.033679999999997
19.033679999999997
19.033679999999997
19.033679999999997
19.033679999999997
19.414099999999998
18.83927999999999
19.05487999999999
19.001679999999993
18.990579999999998
18.990579999999998
18.990579999999998
18.990579999999998
19.004079999999995
18.824479999999994
18.85617999999999
18.85617999999999
19.004079999999995
18.652799999999996
19.015179999999994
18.790599999999994
18.790599999999994
18.790599999999994
18.790599999999994
18.790599999999994
18.854799999999994
18.817179999999993
19.070299999999992
19.070299999999992
19.070299999999992
18.826979999999992
19.092279999999995
18.852069999999994
18.68869999999999
18.922179999999994
18.53899999999999
18.53899999999999
18.53899999999999
18.53899999999999
18.55807999999999
18.55807999999999
18.55807999999999
18.55807999999999
18.55807999999999
18.98558
18.98558
18.899379999999994
18.896979999999996
19.188779999999994
18.922279999999994
18.706699999999994
18.869379999999996
18.97617999999999
19.044679999999996
2.614300000000001
18.81867999999999
18.765899999999988
19.06167999999999
18.57157999999999
18.53697999999999
18.857599999999994
19.32708
18.786399999999993
19.02808
18.82857999999999
19.33158
18.47747999999999
18.811479999999996
18.49017999999999
18.65629999999999
18.65629999999999
18.65629999999999
1.9638
18.48319999999999
18.36857999999999
18.29767999999999
18.29767999999999
18.54387999999999
18.54387999999999
18.34147999999999
3.4880000000000013
19.40008
4.095600000000002
19.131379999999996
19.131379999999996
18.956479999999996
17.914399999999983
18.58009999999999
18.517679999999988
18.253879999999985
18.014899999999987
18.09347999999999
18.898179999999993
18.201579999999986
18.206599999999984
18.936979999999995
18.936979999999995
18.252199999999988
19.133399999999995
18.26257999999999
18.26257999999999
18.42879999999999
18.421379999999992
18.49527999999999
18.441779999999987
18.044279999999986
18.452679999999994
18.250499999999978
19.09388
18.226079999999985
17.69267999999998
18.390099999999983
18.292999999999978
18.86837999999999
18.106279999999987
18.164079999999984
18.374079999999992
18.374079999999992
18.374079999999992
18.374079999999992
18.566299999999988
18.01897999999998
17.924179999999986
18.33737999999999
19.57428
18.11949999999999
17.93769999999998
17.93769999999998
17.93769999999998
18.565579999999994
18.195299999999982
18.654199999999992
18.101699999999987
16.61347999999997
18.57677999999999
17.76897999999998
17.83597999999998
17.83597999999998
18.231479999999987
18.231479999999987
17.854479999999985
19.42418
18.048899999999986
18.612979999999986
17.536479999999983
18.269579999999987
18.460699999999992
18.31327999999999
18.43747999999999
18.43747999999999
2.9624000000000006
18.32249999999999
17.803999999999977
17.803999999999977
18.042999999999985
18.092799999999983
18.092799999999983
18.092799999999983
17.86149999999998
17.52589999999998
17.52589999999998
17.713279999999976
17.713279999999976
17.713279999999976
17.840379999999982
2.3133
17.876899999999985
17.876899999999985
18.46927999999999
18.715179999999986
19.299399999999995
19.184179999999994
19.184179999999994
19.184179999999994
19.184179999999994
4.013500000000002
17.255179999999985
17.62497999999998
17.922379999999986
16.31287999999997
18.104479999999988
18.701299999999993
17.710479999999976
4.501200000000001
19.142679999999995
19.086479999999998
18.213479999999986
17.539879999999982
19.107979999999994
17.994379999999985
17.63517999999998
17.486979999999974
18.092279999999985
17.27917999999998
18.281679999999987
17.13889999999997
16.267099999999964
18.346379999999993
18.530379999999987
17.754999999999985
18.625779999999995
17.462279999999975
18.342279999999988
18.342279999999988
18.342279999999988
18.342279999999988
18.71917999999999
18.743079999999992
18.299879999999987
15.234779999999967
18.022599999999986
17.217879999999973
16.622299999999967
16.557499999999962
17.271899999999977
18.74057999999999
16.97347999999997
18.41017999999999
16.457799999999967
16.47137999999997
17.898899999999983
18.643099999999993
18.135279999999987
17.994799999999987
17.80837999999998
17.84687999999998
17.09069999999998
18.006199999999986
16.21579999999996
16.81287999999998
16.81287999999998
17.016599999999983
16.276899999999962
2.5984
1.9909699999999997
15.851199999999961
7.384300000000006
16.599679999999964
17.414499999999972
2.9909000000000017
16.512579999999964
13.956299999999972
17.472979999999975
16.566879999999976
15.205199999999966
6.0453000000000054
15.785979999999968
14.912699999999962
17.315779999999975
15.493499999999964
13.792299999999972
4.519800000000004
15.230899999999961
5.290200000000005
14.114799999999967
7.637200000000006
7.637200000000006
5.629500000000004
13.185699999999974
14.524899999999967
13.225699999999975
2.108
2.0945
12.679899999999977
13.88579999999997
4.129700000000003
5.3971000000000044
10.972799999999987
14.712599999999965
11.015299999999987
13.443199999999974
11.801499999999985
8.502000000000004
11.692699999999986
10.67559999999999
12.59179999999998
5.985600000000005
7.173900000000006
10.59499999999999
3.155700000000002
17.241879999999977
8.284700000000004
11.200299999999988
9.007
7.560020000000007
6.783800000000006
3.5652000000000026
9.773999999999997
9.368599999999999
8.374300000000003
3.0772000000000013
10.098099999999992
9.1511
4.197300000000004
4.363400000000004
2.0576999999999996
7.772800000000006
3.5482000000000022
19.360780000000002
6.155000000000004
3.8072000000000026
17.448079999999973
5.184980000000004
18.143579999999986
2.9529000000000014
1.2929000000000002
1.2929000000000002
18.79057999999999
1.1538
1.1124
17.94597999999998
1.1164
-0.09489999999999993
1.3584
0.16199999999999998
17.885079999999988
1.26738
18.766379999999987
1.1394
19.60118000000001
3.8739000000000026
18.141199999999984
17.76427999999999
4.079400000000002
18.435999999999986
18.235399999999988
17.983299999999986
18.41189999999999
18.305679999999988
18.48649999999999
18.429379999999988
7.092400000000006
18.61467999999999
18.26397999999999
18.02877999999998
18.02877999999998
19.41198
17.988399999999984
18.828579999999988
18.536079999999988
16.941679999999966
17.98959999999998
18.61797999999999
18.380099999999988
