7.4625800000000035
8.818490000000006
6.716300000000005
6.716300000000005
10.86868999999999
6.640100000000005
10.369119999999995
9.356390000000001
9.92672
9.469189999999998
8.319290000000006
9.196890000000002
7.127900000000006
9.164720000000004
9.140120000000001
9.33699
5.235800000000004
9.225620000000001
9.225620000000001
9.049720000000002
6.367600000000005
6.912200000000005
8.156590000000007
7.226690000000006
6.968100000000005
6.968100000000005
6.160600000000005
4.534500000000003
9.418479999999997
9.536579999999997
10.002479999999993
10.002479999999993
10.002479999999993
5.719400000000005
5.719400000000005
9.629589999999995
6.402700000000004
8.534090000000003
3.7859000000000025
4.9421000000000035
4.423400000000003
9.567199999999996
4.2055000000000025
6.754800000000005
5.172700000000003
7.498000000000007
3.8510000000000026
7.500690000000007
8.376070000000004
8.376070000000004
9.718499999999995
7.872670000000006
7.872670000000006
3.267900000000002
3.267900000000002
3.267900000000002
3.267900000000002
3.5623000000000022
3.5623000000000022
3.5623000000000022
7.5106900000000065
7.5106900000000065
5.505900000000003
3.3958000000000013
3.3958000000000013
3.3958000000000013
3.4277000000000024
6.175400000000004
5.771800000000005
7.575180000000005
7.330790000000006
8.339890000000004
4.5744000000000025
4.5744000000000025
4.5744000000000025
6.240400000000004
6.114000000000005
3.863400000000003
6.168980000000005
6.168980000000005
5.706880000000004
3.1941000000000015
4.457900000000003
4.457900000000003
4.457900000000003
4.457900000000003
8.050290000000006
6.187600000000005
3.196500000000002
3.991300000000002
7.903770000000005
5.3011000000000035
5.693400000000004
3.4609000000000014
3.4609000000000014
7.298400000000005
7.298400000000005
7.298400000000005
5.7119000000000035
7.0045000000000055
4.066100000000002
7.831690000000006
9.613199999999997
8.047120000000007
6.664380000000005
8.520990000000003
8.520990000000003
8.520990000000003
4.848000000000003
5.6242000000000045
7.672710000000006
4.381700000000003
4.381700000000003
2.8778000000000015
2.8778000000000015
2.8778000000000015
2.8778000000000015
2.8778000000000015
2.8778000000000015
2.8778000000000015
3.462900000000001
4.336100000000002
4.336100000000002
4.336100000000002
4.336100000000002
4.336100000000002
4.336100000000002
3.9899000000000022
3.9899000000000022
3.9899000000000022
3.9899000000000022
3.9899000000000022
4.580400000000003
4.580400000000003
4.580400000000003
6.412600000000005
5.477900000000004
7.8695800000000045
7.8695800000000045
7.8695800000000045
7.8695800000000045
8.388280000000002
6.683000000000006
6.683000000000006
6.683000000000006
7.903280000000004
7.903280000000004
7.903280000000004
4.3834000000000035
6.675900000000005
7.912080000000005
3.554100000000002
4.4044000000000025
7.710500000000006
4.325500000000003
5.676700000000004
5.676700000000004
5.676700000000004
7.931000000000006
8.290300000000004
8.290300000000004
5.443000000000004
3.914300000000002
6.777300000000005
6.665200000000005
7.297100000000007
5.259400000000005
8.667480000000003
4.679000000000003
4.679000000000003
7.747970000000004
8.537000000000003
8.537000000000003
3.476700000000001
5.681700000000005
10.105119999999994
5.087800000000004
5.087800000000004
2.790800000000001
4.7295000000000025
7.307380000000005
7.980800000000006
7.900200000000005
4.542100000000002
6.1204000000000045
5.071600000000003
6.144900000000005
3.752200000000003
3.752200000000003
3.872900000000003
7.009700000000005
7.540590000000005
7.009700000000005
4.721700000000004
8.066300000000005
4.576700000000002
4.863400000000003
4.863400000000003
4.9726000000000035
4.167300000000004
3.3093000000000026
4.801300000000004
5.358800000000003
4.797900000000002
4.3343000000000025
5.661700000000004
6.224680000000004
2.9913000000000007
7.714590000000006
5.754800000000005
4.896800000000003
3.482800000000002
3.482800000000002
3.482800000000002
8.747520000000002
3.9950000000000028
4.837900000000004
7.244680000000004
5.0237000000000025
6.3075000000000045
4.278400000000003
2.770700000000002
10.288719999999996
8.156300000000003
4.535000000000003
7.1783000000000055
6.501200000000004
6.268800000000006
4.764200000000004
5.001300000000005
8.448520000000004
8.448520000000004
8.448520000000004
8.026800000000007
8.573590000000005
4.638100000000002
7.574780000000005
4.597500000000003
5.331500000000004
7.470600000000006
7.408500000000005
10.545879999999988
4.3179000000000025
8.225100000000005
6.809000000000005
4.506800000000003
3.8881000000000023
6.474470000000004
3.9524000000000035
5.030400000000004
3.0665000000000013
3.0665000000000013
6.185300000000004
4.420100000000003
5.487800000000004
6.516970000000004
7.823680000000006
9.23182
6.400700000000005
7.529200000000006
6.013570000000003
6.977900000000004
4.610600000000003
4.4779000000000035
7.332280000000005
7.332280000000005
7.614700000000006
7.614700000000006
5.615270000000005
5.615270000000005
4.324500000000003
7.700200000000006
7.784800000000007
6.185600000000004
5.360400000000004
4.380000000000003
4.207200000000002
4.207200000000002
4.207200000000002
7.089600000000005
6.787580000000006
6.066300000000004
5.438100000000005
9.157199999999998
8.142970000000007
7.153700000000004
5.790900000000004
2.4016000000000006
5.346600000000003
5.876400000000004
5.876400000000004
5.898300000000005
4.031800000000002
5.477900000000004
7.444780000000004
3.561200000000002
8.591220000000003
4.163000000000002
4.163000000000002
4.2630000000000035
3.631300000000002
9.263369999999998
3.219000000000002
3.219000000000002
4.163900000000002
8.643570000000004
7.120500000000005
4.1525000000000025
4.1525000000000025
4.1525000000000025
5.226700000000004
5.820400000000005
8.213300000000006
3.6914000000000025
8.459480000000003
7.169190000000006
3.2770000000000015
2.506000000000001
4.269600000000003
4.269600000000003
7.810600000000005
10.008379999999994
6.174400000000005
6.155070000000005
7.648680000000006
3.729700000000003
3.8427000000000024
8.876570000000003
2.3179
4.300500000000003
6.831180000000003
4.029500000000001
7.890680000000005
2.639800000000001
2.9742000000000006
2.1118999999999994
3.0901000000000005
4.044600000000003
8.369780000000004
4.558200000000004
3.6526000000000014
2.3057
5.812580000000004
3.746500000000002
8.149400000000004
3.2639000000000014
6.099700000000006
3.6171000000000024
3.172000000000002
6.014600000000005
2.7445000000000013
4.692000000000003
7.063270000000005
3.7097000000000024
7.521700000000007
7.814700000000006
10.75678999999999
7.803380000000004
7.063400000000007
7.677620000000005
4.180780000000002
2.1577
6.281300000000004
7.6881700000000075
4.820900000000004
4.915300000000004
3.4323000000000015
8.84547
-0.1503
4.032600000000003
4.032600000000003
5.344510000000004
3.1887000000000016
7.0926000000000045
3.5634000000000015
5.342000000000004
3.886100000000002
3.3069000000000015
6.367400000000004
2.791400000000001
4.351200000000003
8.675980000000003
3.4407000000000023
4.744900000000004
7.638000000000005
2.6039000000000003
2.6039000000000003
2.6039000000000003
4.119800000000003
2.855600000000001
3.028100000000001
3.7931000000000026
3.024300000000001
3.726700000000003
5.012500000000004
3.173700000000002
3.675900000000002
5.244400000000002
2.846400000000001
6.933570000000006
4.2611000000000026
7.482400000000007
4.098900000000002
2.536600000000001
4.374900000000003
3.5237000000000016
6.671280000000004
7.533200000000004
6.990900000000005
8.030270000000005
1.7577
3.148500000000002
5.491700000000004
4.028000000000002
4.455100000000003
7.313670000000005
3.5344000000000024
2.6206000000000005
4.172800000000002
4.615200000000002
4.5931700000000015
6.711670000000005
4.223500000000002
3.5804000000000022
4.819400000000003
3.6604000000000028
6.319100000000006
2.1561000000000003
4.7744700000000035
3.5043000000000024
2.878000000000002
2.712300000000001
2.9962800000000014
4.677100000000003
4.0641000000000025
3.4834700000000014
1.9111
8.95772
1.9587
3.2582000000000018
4.6681000000000035
2.488200000000001
4.130400000000002
4.382270000000003
2.8721000000000014
2.1352
2.757800000000002
4.751200000000003
5.975500000000005
2.3917800000000007
3.241670000000002
4.646500000000004
2.514900000000001
2.922270000000001
0.19140000000000001
-0.6936000000000002
0.4776000000000001
0.25859999999999994
1.20757
0.37129999999999996
0.38029999999999997
0.04670000000000002
1.7624
9.44689
2.2169999999999996
4.006200000000002
0.7323
9.203179999999998
0.38920000000000005
3.792800000000002
7.451490000000006
-1.1745
9.893899999999993
4.143900000000003
6.300000000000004
3.0954000000000015
4.147600000000002
4.375200000000002
8.274490000000004
4.249800000000002
5.944600000000006
4.495800000000003
3.8097000000000025
6.140100000000005
6.025800000000005
7.6692900000000055
3.332000000000002
4.027200000000004
4.260100000000003
6.857080000000003
6.836500000000006
6.624700000000007
3.9542000000000024
8.643680000000002
8.410070000000005
3.428200000000002
4.092400000000002
4.691900000000002
6.724880000000005
9.30137
