[0.00551576]
[0.00551576]
[0.00551576]
[0.00551576]
[0.00551576]
[0.00551576]
[0.00551576]
[0.00551576]
[0.00551576]
[0.00551576]
[0.00551576]
[0.00551576]
[0.00551576]
[0.00551576]
[0.00551576]
[0.00551576]
[0.00551576]
[0.00551576]
[0.00551576]
[0.00551576]
[0.00551576]
[0.00551576]
[0.00551576]
[0.00551576]
[0.00551576]
[0.00551576]
[0.00551576]
[0.00551576]
[0.00551576]
[0.00551576]
[0.00551576]
[0.00551576]
[0.00551576]
[0.00551576]
[0.00551576]
[0.00551576]
[0.00551576]
[0.00551576]
[0.00551576]
[0.00551576]
[0.00551576]
[0.00551576]
[0.00551576]
[0.00551576]
[0.00551576]
[0.00551576]
[0.00551576]
[0.00551576]
[0.00551576]
[0.00551576]
[0.00551576]
[0.00551576]
[0.00551576]
[0.00551576]
[0.00551576]
[0.00551576]
[0.00551576]
[0.00551576]
[0.00551576]
[0.00551576]
[0.00551576]
[0.00551576]
[0.00551576]
[0.00551576]
[0.00551576]
[0.00551576]
[0.00551576]
[0.00551576]
[0.00551576]
[0.00551576]
[0.00551576]
[0.00551576]
[0.00551576]
[0.00551576]
[0.00551576]
[0.00551576]
[0.00551576]
[0.00551576]
[0.00551576]
[0.00551576]
[0.00551576]
[0.00551576]
[0.00551576]
[0.00551576]
[0.00551576]
[0.00551576]
[0.00551576]
[0.00551576]
[0.00551576]
[0.00551576]
[0.00551576]
[0.00551576]
[0.00551576]
[0.00551576]
[0.00551576]
[0.00551576]
[0.00551576]
[0.00551576]
[0.00551576]
[0.00551576]
[0.00551576]
[0.00551576]
[0.00551576]
[0.00551576]
[0.00551576]
[0.00551576]
[0.00551576]
[0.00551576]
[0.00551576]
[0.00551576]
[0.00551576]
[0.00551576]
[0.00551576]
[0.00551576]
[0.00551576]
[0.00551576]
[0.00551576]
[0.00551576]
[0.00551576]
[0.00551576]
[0.00551576]
[0.00551576]
[0.00551576]
[0.00551576]
[0.00551576]
[0.00551576]
[0.00551576]
[0.00551576]
[0.00551576]
[0.00551576]
[0.00551576]
[0.00551576]
[0.00551576]
[0.00551576]
[0.00551576]
[0.00551576]
[0.00551576]
[0.00551576]
[0.00551576]
[0.00551576]
[0.00551576]
[0.00551576]
[0.00551576]
[0.00551576]
[0.00551576]
[0.00551576]
[0.00551576]
[0.00551576]
[0.00551576]
[0.00551576]
[0.00551576]
[0.00551576]
[0.00551576]
[0.00551576]
[0.00551576]
[0.00551576]
[0.00551576]
[0.00551576]
[0.00551576]
[0.00551576]
[0.00551576]
[0.00551576]
[0.00551576]
[0.00551576]
[0.00551576]
[0.00551576]
[0.00551576]
[0.00551576]
[0.00551576]
[0.00551576]
[0.00551576]
[0.00551576]
[0.00551576]
[0.00551576]
[0.00551576]
[0.00551576]
[0.00551576]
[0.00551576]
[0.00551576]
[0.00551576]
[0.00551576]
[0.00551723]
[0.00551723]
[0.00551723]
[0.00551723]
[0.00551723]
[0.00551897]
[0.00551897]
[0.00551897]
[0.00551897]
[0.00551897]
[0.00551897]
[0.00551897]
[0.00551897]
[0.00551897]
[0.00551897]
[0.00551897]
[0.00551897]
[0.00551897]
[0.00551897]
[0.00551897]
[0.00551897]
[0.00551897]
[0.00551897]
[0.00551897]
[0.00551897]
[0.00551897]
[0.00551897]
[0.00551897]
[0.00551897]
[0.00551897]
[0.00551897]
[0.00551897]
[0.00551897]
[0.00551897]
[0.00551897]
[0.00551897]
[0.00551897]
[0.00551897]
[0.00551897]
[0.00551897]
[0.00551897]
[0.00551897]
[0.00551897]
[0.00551897]
[0.00551897]
[0.00551897]
[0.00551897]
[0.00551897]
[0.00551897]
[0.00551897]
[0.00551897]
[0.00551897]
[0.00551897]
[0.00551897]
[0.00551897]
[0.00551496]
[0.00551496]
[0.00551588]
[0.00551588]
[0.00551588]
[0.00551723]
[0.00551576]
[0.00551576]
[0.00551576]
[0.00551576]
[0.00551576]
[0.00551576]
[0.00551576]
[0.00551576]
[0.00551576]
[0.00551576]
[0.00551576]
[0.00551576]
[0.00551576]
[0.00551576]
[0.00551576]
[0.00551576]
[0.00551576]
[0.00551576]
[0.00551576]
[0.00551576]
[0.00551496]
[0.00551723]
[0.00551723]
[0.0055174]
[0.00551723]
[0.00551723]
[0.0055174]
[0.0055174]
[0.0055174]
[0.0055174]
[0.0055174]
[0.0055174]
[0.0055174]
[0.0055174]
[0.0055174]
[0.0055174]
[0.0055174]
[0.0055174]
[0.0055174]
[0.00551723]
[0.00551723]
[0.00551723]
[0.00551723]
[0.00551723]
[0.00551723]
[0.00551723]
[0.00551723]
[0.00551723]
[0.00551723]
[0.0055192]
[0.00551723]
[0.00551833]
[0.00552137]
[0.00551599]
[0.00551599]
[0.00551723]
[0.00551588]
[0.00551983]
[0.0055184]
[0.00551723]
[0.0055231]
[0.0055184]
[0.00551481]
[0.00552107]
[0.00551943]
[0.00551943]
[0.00552107]
[0.00551759]
[0.00551759]
[0.00551489]
[0.00551943]
[0.00551919]
[0.00551943]
[0.00551489]
[0.00551489]
[0.00551919]
[0.00551919]
[0.00551919]
[0.00551943]
[0.00551943]
[0.00551943]
[0.00551943]
[0.00551943]
[0.00551943]
[0.00551943]
[0.00551691]
[0.00551949]
[0.00551783]
[0.00551606]
[0.00551606]
[0.00551606]
[0.00551706]
[0.00551641]
[0.00551845]
[0.00551845]
[0.00551845]
[0.00551845]
[0.00551799]
[0.00551723]
[0.00551555]
[0.00551465]
[0.0055194]
[0.00551974]
[0.00551505]
[0.005522]
[0.005522]
[0.005522]
[0.005522]
[0.005522]
[0.005522]
[0.00551606]
[0.0055156]
[0.00551557]
[0.00551512]
[0.00551512]
[0.00551807]
[0.00551845]
[0.00551565]
[0.0055285]
[0.00551656]
[0.00551894]
[0.00551534]
[0.00551606]
[0.00551518]
[0.005522]
[0.005522]
[0.00551721]
[0.0055253]
[0.00551575]
[0.00551643]
[0.00552]
[0.00552]
[0.00551578]
[0.00551468]
[0.00551468]
[0.00551468]
[0.00551624]
[0.00551588]
[0.00551578]
[0.00551578]
[0.00551677]
[0.00551987]
[0.00551959]
[0.0055246]
[0.0055436]
[0.00552401]
[0.00551681]
[0.00552068]
[0.00551648]
[0.00551794]
[0.00551836]
[0.00551707]
[0.00551707]
[0.00552045]
[0.00551714]
[0.00551707]
[0.00552363]
[0.00552094]
[0.00551793]
[0.00551904]
[0.00552071]
[0.00551904]
[0.00551904]
[0.00551904]
[0.00551904]
[0.00551904]
[0.00551668]
[0.00551793]
[0.00552479]
[0.00552253]
[0.00552181]
[0.00552107]
[0.00551614]
[0.00552208]
[0.00551562]
[0.00551985]
[0.00552159]
[0.00551987]
[0.00552564]
[0.00552573]
[0.00552069]
[0.00551947]
[0.00576404]
[0.00552656]
[0.00551534]
[0.00551501]
[0.00551501]
[0.00552043]
[0.00552533]
[0.00552188]
[0.00553272]
[0.00551839]
[0.00551902]
[0.00551847]
[0.00551525]
[0.00554346]
[0.00558349]
[0.00556767]
[0.00554544]
[0.00570215]
[0.00565583]
[0.0060464]
[0.00600195]
[0.00670847]
[0.00670847]
[0.00670847]
[0.00670847]
[0.00670847]
[0.00670847]
[0.00670847]
[0.00670847]
[0.00670847]
[0.00670847]
[0.00670847]
[0.00670847]
[0.00670847]
[0.00670847]
[0.00670847]
[0.00670847]
[0.00670847]
[0.00670847]
[0.00670847]
[0.00670847]
[0.00670847]
[0.00670847]
[0.00640077]
[0.00717993]
[0.00714287]
[0.00654236]
[0.00640418]
[0.00719065]
[0.00590076]
[0.00590076]
[0.00690713]
[0.00645167]
[0.00645167]
[0.00706235]
[0.00784954]
[0.01292762]
[0.08518622]
[0.01573659]
[0.08933358]
[0.07443357]
[0.01242378]
[0.01275806]
[0.02600442]
[0.04629302]
[0.04629302]
[0.00691931]
[0.01205836]
[0.00551918]
[0.01263352]
[0.27760214]
[0.00712069]
[0.00552294]
[0.01515081]
[0.03844662]
[0.00619482]
