[0.07267317]
[0.07267317]
[0.07267317]
[0.07267317]
[0.07267317]
[0.04493469]
[0.04493469]
[0.04493469]
[0.02622886]
[0.02622886]
[0.02622886]
[0.02212768]
[0.02106354]
[0.00349425]
[0.00349422]
[0.00349419]
[0.00349419]
[0.00349419]
[0.00349419]
[0.00349419]
[0.00349419]
[0.00349419]
[0.00349419]
[0.00349419]
[0.00349419]
[0.00349419]
[0.00349419]
[0.00349419]
[0.00349419]
[0.00349419]
[0.00349419]
[0.00349419]
[0.00349419]
[0.00349419]
[0.00349419]
[0.00348055]
[0.00348055]
[0.00348055]
[0.00348055]
[0.00348055]
[0.00348055]
[0.00348055]
[0.00348055]
[0.00348055]
[0.00348055]
[0.00348055]
[0.00348055]
[0.00348055]
[0.00348055]
[0.00348055]
[0.00348055]
[0.00348055]
[0.00348055]
[0.00348055]
[0.00348055]
[0.00348055]
[0.00348055]
[0.00348055]
[0.00348055]
[0.00348055]
[0.00348055]
[0.00348055]
[0.00348055]
[0.00348055]
[0.00348055]
[0.00348055]
[0.00348055]
[0.00348055]
[0.00348055]
[0.00348055]
[0.00348055]
[0.00348055]
[0.00348055]
[0.00348055]
[0.00348055]
[0.00348055]
[0.00348055]
[0.00348055]
[0.00348055]
[0.00348055]
[0.00348055]
[0.00348055]
[0.00348055]
[0.00348055]
[0.00348055]
[0.00348055]
[0.00348055]
[0.00348055]
[0.00348055]
[0.00348055]
[0.00348055]
[0.00348055]
[0.00348055]
[0.00348055]
[0.00348055]
[0.00348055]
[0.00348055]
[0.00348055]
[0.00348055]
[0.00348055]
[0.00348055]
[0.00348055]
[0.00348055]
[0.00348055]
[0.00348055]
[0.00348055]
[0.00348055]
[0.00348055]
[0.00348055]
[0.00348055]
[0.00348055]
[0.00348055]
[0.00348055]
[0.00348055]
[0.00348055]
[0.00348055]
[0.00348055]
[0.00348055]
[0.00348055]
[0.00348055]
[0.00348055]
[0.00348055]
[0.00348055]
[0.00348055]
[0.00348055]
[0.00348055]
[0.00348055]
[0.00348055]
[0.00348055]
[0.00348055]
[0.00348055]
[0.00348055]
[0.00348055]
[0.00348055]
[0.00348055]
[0.00348055]
[0.00348055]
[0.00348055]
[0.00348055]
[0.00348055]
[0.00348055]
[0.00348055]
[0.00348055]
[0.00348055]
[0.00348055]
[0.00348055]
[0.00348055]
[0.00348055]
[0.00348055]
[0.00348055]
[0.00351179]
[0.00351179]
[0.00351179]
[0.00351179]
[0.00351179]
[0.00351179]
[0.00351179]
[0.00351179]
[0.00351179]
[0.00351179]
[0.00351179]
[0.00351179]
[0.00351179]
[0.00351179]
[0.00351179]
[0.00351179]
[0.00351172]
[0.00351172]
[0.00351172]
[0.00351172]
[0.00351129]
[0.00351129]
[0.00351129]
[0.00351129]
[0.00351129]
[0.00351129]
[0.00351129]
[0.00351129]
[0.00351129]
[0.00351129]
[0.00351129]
[0.00351129]
[0.00351129]
[0.00351129]
[0.00351129]
[0.00351129]
[0.00351129]
[0.00351129]
[0.00351129]
[0.00351129]
[0.00351129]
[0.00351129]
[0.00351129]
[0.00351129]
[0.00351129]
[0.00351129]
[0.00351129]
[0.00351129]
[0.00351129]
[0.00351129]
[0.00351129]
[0.00351129]
[0.00351129]
[0.00351129]
[0.00351129]
[0.00351129]
[0.00355654]
[0.00355654]
[0.00355654]
[0.00355654]
[0.00349532]
[0.00349532]
[0.00349532]
[0.00349532]
[0.00349532]
[0.00349532]
[0.00349532]
[0.00349532]
[0.00349532]
[0.00349532]
[0.00349532]
[0.00349532]
[0.00349532]
[0.00349532]
[0.00349532]
[0.00349532]
[0.00349532]
[0.00349532]
[0.00349532]
[0.00349532]
[0.00349532]
[0.00349532]
[0.00349532]
[0.00349532]
[0.00349532]
[0.00349532]
[0.00349532]
[0.00349532]
[0.00345101]
[0.00345099]
[0.00349422]
[0.00353203]
[0.00353203]
[0.00353203]
[0.00353203]
[0.00353303]
[0.00353294]
[0.00353294]
[0.00348202]
[0.00348209]
[0.00348207]
[0.00348207]
[0.00348207]
[0.00348207]
[0.00348207]
[0.00348207]
[0.00348209]
[0.00348209]
[0.00344318]
[0.00353237]
[0.00357343]
[0.00349422]
[0.00349422]
[0.00358003]
[0.00346948]
[0.00351317]
[0.00351317]
[0.00351309]
[0.00351309]
[0.00351309]
[0.00351309]
[0.00351309]
[0.00351309]
[0.00357642]
[0.00346074]
[0.0035123]
[0.00346021]
[0.00351185]
[0.00351185]
[0.00353253]
[0.00353253]
[0.00355772]
[0.00351188]
[0.00351185]
[0.00351064]
[0.00355893]
[0.00349535]
[0.00355125]
[0.00349708]
[0.00349713]
[0.00349709]
[0.00349429]
[0.00355125]
[0.00345138]
[0.00355009]
[0.00355009]
[0.00355009]
[0.00360862]
[0.00355804]
[0.00349535]
[0.00349429]
[0.00361674]
[0.00361674]
[0.00349429]
[0.00355744]
[0.00347729]
[0.00361265]
[0.00353464]
[0.00353464]
[0.00353464]
[0.00353464]
[0.00353464]
[0.00353464]
[0.00349459]
[0.00344306]
[0.00344306]
[0.00344306]
[0.00348423]
[0.00348423]
[0.00360995]
[0.0034843]
[0.0034843]
[0.0034843]
[0.00347155]
[0.00351064]
[0.00358932]
[0.00359079]
[0.00359065]
[0.00358547]
[0.00351536]
[0.00353074]
[0.00353074]
[0.00353074]
[0.00353074]
[0.00358955]
[0.00358955]
[0.00359538]
[0.00346051]
[0.00363467]
[0.00351064]
[0.00351327]
[0.00351327]
[0.00349717]
[0.00351191]
[0.00355599]
[0.00351319]
[0.00351319]
[0.00356116]
[0.00356097]
[0.00354003]
[0.00354003]
[0.00345084]
[0.00355405]
[0.00349983]
[0.00349972]
[0.00361203]
[0.00353162]
[0.00359766]
[0.00352898]
[0.00355599]
[0.00370849]
[0.00353749]
[0.00348713]
[0.00356452]
[0.00356452]
[0.00359343]
[0.00353166]
[0.00351845]
[0.0035184]
[0.00363467]
[0.0035093]
[0.00359773]
[0.00350252]
[0.00348976]
[0.00357015]
[0.00357072]
[0.00400556]
[0.00378754]
[0.00448978]
[0.00382761]
[0.0036056]
[0.00408259]
[0.00354646]
[0.00360707]
[0.00360698]
[0.00357634]
[0.00363968]
[0.00350045]
[0.00360442]
[0.00346521]
[0.0034792]
[0.00350575]
[0.00350577]
[0.00354056]
[0.00354011]
[0.0138293]
[0.0138293]
[0.0138293]
[0.0138293]
[0.00344745]
[0.0034419]
[0.00344938]
[0.00344931]
[0.00347423]
[0.00355189]
[0.00355189]
[0.0035037]
[0.0035052]
[0.00347796]
[0.00361442]
[0.00350187]
[0.00351075]
[0.00351754]
[0.00351754]
[0.00351754]
[0.00353986]
[0.00354831]
[0.00352643]
[0.00354325]
[0.00354996]
[0.00353355]
[0.00353355]
[0.00353355]
[0.00353355]
[0.00352109]
[0.00356269]
[0.00356269]
[0.00356269]
[0.00356269]
[0.00375256]
[0.00359819]
[0.00355945]
[0.00355945]
[0.00941396]
[0.00941396]
[0.00941396]
[0.00941396]
[0.00360385]
[0.00361505]
[0.00354293]
[0.00359107]
[0.00369302]
[0.00368998]
[0.00361995]
[0.00365926]
[0.00823042]
[0.00866963]
[0.00415489]
[0.00400945]
[0.00405907]
[0.00405907]
[0.00491146]
[0.00452535]
[0.00425214]
[0.00452288]
[0.00452288]
[0.00414653]
[0.00378701]
[0.00435692]
[0.00399994]
[0.00364695]
[0.00380674]
[0.003685]
[0.003685]
[0.00413302]
[0.00379753]
[0.00459262]
[0.00389227]
[0.00456166]
[0.00827214]
[0.00498407]
[0.00510846]
[0.00384725]
[0.00397832]
[0.00357558]
[0.01042037]
[0.01173665]
[0.00783429]
[0.00558699]
[0.00495865]
[0.00495865]
[0.00446938]
[0.00390866]
[0.00390866]
[0.00411498]
[0.00463263]
[0.00511289]
[0.00464823]
[0.00464823]
[0.00464823]
[0.00853465]
[0.00618509]
[0.00411562]
[0.00408134]
[0.00476778]
[0.00466646]
[0.00459814]
[0.00355128]
[0.00400805]
[0.00345133]
