[0.06504822]
[0.06504822]
[0.06504822]
[0.06504822]
[0.06504822]
[0.06504822]
[0.06505056]
[0.06539994]
[0.06508738]
[0.0656789]
[0.06456706]
[0.06475885]
[0.06475885]
[0.06475885]
[0.06475885]
[0.06475885]
[0.06475885]
[0.0654025]
[0.06476009]
[0.06586757]
[0.06469733]
[0.0656978]
[0.06462625]
[0.06475964]
[0.06462215]
[0.06573871]
[0.06529015]
[0.06456951]
[0.06531215]
[0.06477734]
[0.06477734]
[0.06477734]
[0.06477734]
[0.06477734]
[0.06477734]
[0.06477734]
[0.06477734]
[0.06477734]
[0.06476168]
[0.06476168]
[0.06476168]
[0.06476168]
[0.06469753]
[0.06469753]
[0.06464365]
[0.0646992]
[0.06477485]
[0.0645419]
[0.06469941]
[0.06469687]
[0.06469687]
[0.06469768]
[0.06527274]
[0.06500744]
[0.06478237]
[0.06774239]
[0.06462545]
[0.06500711]
[0.06489061]
[0.06492002]
[0.06500586]
[0.06486172]
[0.06462636]
[0.06462636]
[0.06462636]
[0.06462636]
[0.06504952]
[0.06504952]
[0.06504952]
[0.06450166]
[0.06461763]
[0.06470025]
[0.06470025]
[0.06585708]
[0.06469217]
[0.06469217]
[0.06672169]
[0.06574186]
[0.06504364]
[0.06506585]
[0.06506585]
[0.06463622]
[0.06454161]
[0.06454161]
[0.06469893]
[0.0650898]
[0.0650898]
[0.06508995]
[0.06508995]
[0.06508995]
[0.06478133]
[0.06478133]
[0.06476475]
[0.06501833]
[0.0645541]
[0.06463607]
[0.06463607]
[0.06463607]
[0.06460507]
[0.06490554]
[0.06462252]
[0.06500376]
[0.06463356]
[0.06463356]
[0.06486168]
[0.06486168]
[0.06486168]
[0.06486168]
[0.06486168]
[0.06486168]
[0.06486168]
[0.06486168]
[0.06486168]
[0.06486211]
[0.06469846]
[0.06469846]
[0.06469877]
[0.06469877]
[0.06469877]
[0.06452713]
[0.06452713]
[0.06452713]
[0.06452713]
[0.06452713]
[0.06452713]
[0.06452713]
[0.06452713]
[0.06452713]
[0.06452713]
[0.06475668]
[0.065276]
[0.06473814]
[0.06469696]
[0.06469696]
[0.06469696]
[0.06469696]
[0.06486791]
[0.06508662]
[0.06487788]
[0.06487788]
[0.06487788]
[0.06487788]
[0.06487788]
[0.06508975]
[0.06474978]
[0.06474978]
[0.06474978]
[0.06474978]
[0.06489466]
[0.06462546]
[0.06462546]
[0.06462546]
[0.06466525]
[0.0645017]
[0.0645017]
[0.0645017]
[0.0647549]
[0.06570976]
[0.06570976]
[0.06570976]
[0.06570976]
[0.06570976]
[0.06570976]
[0.06570976]
[0.06570976]
[0.06570976]
[0.06570976]
[0.06570976]
[0.06570976]
[0.06581069]
[0.06481855]
[0.06474089]
[0.06474089]
[0.06474089]
[0.06474089]
[0.06455387]
[0.06500166]
[0.06462722]
[0.06462722]
[0.06462722]
[0.06462722]
[0.06462722]
[0.06462722]
[0.06462722]
[0.06462722]
[0.06462722]
[0.06462722]
[0.06463495]
[0.06533325]
[0.06489797]
[0.06489797]
[0.06463793]
[0.06452716]
[0.06474221]
[0.06474221]
[0.06474221]
[0.06474221]
[0.06474221]
[0.06474221]
[0.06492016]
[0.06493051]
[0.06504765]
[0.06474847]
[0.06451133]
[0.06459387]
[0.06508085]
[0.06459853]
[0.06478354]
[0.064698]
[0.06470335]
[0.06516092]
[0.06520373]
[0.06454178]
[0.06454178]
[0.06459417]
[0.06499976]
[0.06450271]
[0.06505476]
[0.06465133]
[0.06467691]
[0.06510582]
[0.06523804]
[0.06511582]
[0.06628016]
[0.06476252]
[0.06537157]
[0.06504791]
[0.06463996]
[0.06454717]
[0.06459872]
[0.0647783]
[0.0647783]
[0.0647783]
[0.0647783]
[0.0647783]
[0.06747555]
[0.06474961]
[0.06525613]
[0.06455845]
[0.06784083]
[0.06455894]
[0.06580416]
[0.06507409]
[0.06490018]
[0.06517044]
[0.0645019]
[0.06511646]
[0.06535179]
[0.06475581]
[0.06506573]
[0.06506573]
[0.06484683]
[0.06485873]
[0.06461968]
[0.06759091]
[0.06474217]
[0.06462446]
[0.06525487]
[0.06475978]
[0.0648828]
[0.06634475]
[0.06473286]
[0.06506054]
[0.06459379]
[0.06538889]
[0.06506457]
[0.06556637]
[0.06455762]
[0.06530522]
[0.06488925]
[0.06477241]
[0.07646365]
[0.06526652]
[0.06683]
[0.06483986]
[0.06483986]
[0.06459904]
[0.06509761]
[0.0647747]
[0.06457312]
[0.06572795]
[0.06571457]
[0.06532364]
[0.06506736]
[0.06471325]
[0.06688344]
[0.06531645]
[0.06460027]
[0.06615242]
[0.06821158]
[0.06663997]
[0.06491382]
[0.06476324]
[0.06510708]
[0.06457303]
[0.06461175]
[0.06489781]
[0.06792839]
[0.06498132]
[0.06461173]
[0.06563418]
[0.06563418]
[0.06480192]
[0.06484014]
[0.06639872]
[0.06568336]
[0.06549972]
[0.06509466]
[0.06471517]
[0.06545996]
[0.06499905]
[0.0670826]
[0.06575048]
[0.06534755]
[0.0647184]
[0.0646975]
[0.06529975]
[0.06472293]
[0.06525517]
[0.0676228]
[0.06461126]
[0.06487675]
[0.06482893]
[0.06475709]
[0.06544151]
[0.06464351]
[0.06455764]
[0.06678605]
[0.06520654]
[0.06772696]
[0.06509492]
[0.06462039]
[0.06491741]
[0.0649304]
[0.06484976]
[0.06538092]
[0.06483195]
[0.06636918]
[0.06464412]
[0.06530972]
[0.0649304]
[0.06530743]
[0.06559788]
[0.06497541]
[0.06511109]
[0.06458082]
[0.06458082]
[0.06578477]
[0.06497047]
[0.06507641]
[0.06474067]
[0.06470218]
[0.06460365]
[0.06494705]
[0.06506676]
[0.06462235]
[0.06493634]
[0.06582209]
[0.06905375]
[0.07447474]
[0.06529966]
[0.06588493]
[0.06627268]
[0.06565616]
[0.0654619]
[0.06495176]
[0.06501638]
[0.06515146]
[0.06474005]
[0.06505454]
[0.06535777]
[0.06538388]
[0.06516103]
[0.06511491]
[0.06644078]
[0.06672774]
[0.0647914]
[0.06461607]
[0.06511184]
[0.065412]
[0.06531141]
[0.065181]
[0.06473844]
[0.06476665]
[0.06507155]
[0.06480475]
[0.06573024]
[0.06709239]
[0.0645405]
[0.06517695]
[0.06462656]
[0.06544621]
[0.07255417]
[0.06553309]
[0.06555735]
[0.06519794]
[0.06563946]
[0.06738412]
[0.06894916]
[0.06476755]
[0.06581637]
[0.06644559]
[0.06574976]
[0.06722587]
[0.06569798]
[0.06498346]
[0.06498346]
[0.06499998]
[0.06541491]
[0.06688225]
[0.06668148]
[0.06502005]
[0.06696231]
[0.06837522]
[0.06559528]
[0.07171445]
[0.0666635]
[0.06475473]
[0.06469515]
[0.07406998]
[0.07406998]
[0.07406998]
[0.07406998]
[0.07406998]
[0.06909816]
[0.06554091]
[0.07527769]
[0.06553598]
[0.06904911]
[0.06704044]
[0.17716967]
[0.06837217]
[0.07252486]
[0.06739986]
[0.87908536]
[0.09548689]
[0.07483397]
[0.10726475]
[0.4891623]
[0.1039696]
[0.08427546]
[0.44862425]
[0.06506656]
[0.10379501]
[0.08372626]
[0.06469794]
[0.07180326]
[0.06467223]
[0.0647537]
[0.06533835]
[0.16031922]
[0.08325911]
[0.0941844]
[0.1648613]
[0.13623196]
[0.13623196]
[0.09078025]
[0.09078025]
[0.15785766]
[0.06624777]
[0.22594024]
[0.06497032]
[0.15641987]
[0.07703906]
[0.06738472]
[0.12913837]
[0.07247487]
[0.10296263]
[0.7347837]
[0.13005158]
[0.09186282]
[0.12438211]
[0.14156498]
[0.08790299]
[0.06552304]
[0.06460388]
[0.06823486]
[0.06554654]
[0.06503027]
[0.0671367]
[0.06652384]
[0.06510778]
[0.08037296]
[0.06481766]
[0.06467793]
[0.07224916]
[0.06455137]
[0.07057728]
[0.06481811]
[0.0650306]
[0.06651715]
[0.06556182]
[0.06496428]
[0.06629162]
[0.07677554]
[0.06476373]
[0.06559375]
[0.06538811]
[0.06566176]
[0.06593358]
