3.670715891629145
3.6977528853221306
3.40070101793519
4.1745387418021425
3.4503635071994783
3.5827804895887514
3.5827804895887514
3.3959079422655254
3.3959079422655254
3.3959079422655254
3.1819725479775762
4.2032140617927185
4.2032140617927185
3.76460542598573
3.76460542598573
3.694238076118551
3.180825119797934
4.478274417779952
4.478274417779952
4.478274417779952
3.5260183251574535
3.2566340816590156
3.701903473557425
3.701903473557425
3.701903473557425
3.701903473557425
3.701903473557425
3.701903473557425
3.701903473557425
3.701903473557425
3.701903473557425
2.87409466708365
2.87409466708365
2.87409466708365
2.87409466708365
3.508288465399687
3.552136826127592
3.495785188197015
3.4050668335701797
3.4050668335701797
3.2911869021763955
3.645195497018374
3.5746403750410245
3.8075710422971305
3.4972004591524906
3.4972004591524906
3.4972004591524906
3.6351213666715507
3.7180170397311993
3.1487006424001827
3.465765017345772
3.6552488240594307
3.8913173449478418
4.130931998770486
3.665523926046113
3.5496816341065687
3.6247612458893226
3.6247612458893226
4.615232426829724
3.445144071669006
3.404936230182016
3.2795476680726026
3.331033213494922
2.873995250159327
3.7360091725983313
3.997718581032659
4.149108250149519
4.404333928484336
4.421460495265942
4.436561657598955
4.436561657598955
4.436561657598955
4.436561657598955
4.436561657598955
4.436561657598955
4.436561657598955
4.436561657598955
2.8571619749763286
3.3350423450085707
3.878783432481331
3.8738590867827654
3.543219380221019
4.433298956804402
4.433298956804402
3.6202034368199847
2.7942873213318293
3.800420626679321
3.99997303359223
3.2439533743249376
4.130332258694429
3.352847767972702
3.588615709028131
3.850458648122805
4.597158530599301
3.1760210588521343
3.3149526316193683
3.3149526316193683
3.4109810209018203
4.1907898658953116
4.1907898658953116
4.1907898658953116
3.492600688146265
3.077857174513632
4.081688187802228
4.584007788892002
3.577031631814771
4.043922261740651
3.9621625025887575
3.446592006932452
3.0212264052828637
3.4969717531613735
3.6777496629722766
3.6777496629722766
3.6777496629722766
3.6777496629722766
3.6777496629722766
3.8227217651032372
3.3951079563340434
3.1011020559479885
3.705878521375019
3.588710956455863
3.117538377521152
3.6432733532476913
3.250727626915385
3.6475478678728024
3.588128888841948
3.6145068089317434
4.606951184520261
3.6986650920431696
3.825577198494079
4.688261738385511
3.814541392139729
4.7539352906759165
3.1454347337964546
3.5217476076469785
4.0081590882177816
4.0081590882177816
4.135094484541943
4.039524981129382
4.410307420032657
4.410307420032657
2.7727027470093564
3.5762853002255834
3.8725487068013003
3.632996875651197
3.0559950226897135
4.192934212440722
3.4135300592351427
3.9578539381235087
4.565237787738663
4.149185680397766
4.341080205009813
3.9075745534452935
4.4694142073629735
3.667158679364725
4.104424185589123
4.300520800543313
3.43726039153119
4.292549953969308
4.292549953969308
4.292549953969308
4.6422566211607
4.6422566211607
4.6422566211607
4.375653730979138
4.375653730979138
4.375653730979138
3.9295497074277836
5.171415245187836
3.732151354922907
3.7118951413014454
3.813061149735476
3.9628609605318337
4.199161803334482
4.241058031742969
3.632545255732081
4.217904093264124
4.773494071616367
3.845087197225171
4.692494895220301
3.1337651537993256
5.063703298508851
5.134774328170818
4.613201517435688
4.613201517435688
4.613201517435688
4.613201517435688
4.613201517435688
4.613201517435688
4.613201517435688
4.613201517435688
4.613201517435688
4.613201517435688
3.3155402401433847
4.298375765120092
4.778998269530328
4.093932298920123
4.240103705108483
5.207623653500428
4.540761631187038
4.033648940790163
4.721599867912012
4.4873619480853595
4.793015769530329
4.3238521985856755
4.887330577222637
5.036677874412554
4.710398134434222
4.119141661424277
4.88165849017814
4.178995202838086
4.735396731068791
4.069790834143461
4.069790834143461
4.069790834143461
5.182955420293894
4.450578011518031
3.8554303526166294
4.852950368584539
4.852950368584539
4.852950368584539
4.852950368584539
4.852950368584539
5.523853410585448
4.229894859804844
4.229894859804844
4.229894859804844
4.730373481498889
4.730373481498889
4.730373481498889
4.842123811573984
4.640642076876247
4.640642076876247
4.640642076876247
4.640642076876247
4.640642076876247
4.640642076876247
3.763821662657069
4.062400684069629
4.790058260692431
4.172900192939098
3.880962886078998
4.389776053247414
4.389776053247414
4.389776053247414
4.389776053247414
4.389776053247414
4.389776053247414
4.410909627403579
4.572046072880245
4.572046072880245
3.8400648128604162
4.40601918473854
3.7913755918761654
4.486806346453405
4.845153365587537
4.845153365587537
4.480044938334546
4.584257661291833
3.2498161291397754
4.879528999990135
3.890607169367401
4.7517905772226365
4.318540417454634
5.01039000029956
3.8768404368516727
4.043567171230828
4.465681991422304
4.549782028715195
4.458008408733815
4.317376453026413
4.317376453026413
4.317376453026413
4.317376453026413
4.795816154145713
4.795816154145713
4.795816154145713
4.6525945449226915
4.425623377548783
4.425623377548783
4.425623377548783
4.425623377548783
4.945391039744543
4.945391039744543
4.828311776878049
4.828311776878049
4.828311776878049
4.693546780154699
4.7107694598408205
5.013163986139437
5.01679623789714
5.01679623789714
4.836515971846172
4.752903461838022
4.752903461838022
4.752903461838022
4.752903461838022
4.752903461838022
4.752903461838022
4.752903461838022
4.702482236716408
4.7889522627080074
4.886783535417708
4.886783535417708
4.737462489797169
4.95256673106879
4.946093625327797
3.4341489711394644
4.577633867820202
4.805672884914945
4.97364926968344
4.490685128980518
4.361723971326292
4.748332786166957
4.120869531394938
4.520062623652567
4.962667500299559
4.962667500299559
3.8458261563271483
4.268413965291263
4.208889905615313
4.208889905615313
4.208889905615313
4.208889905615313
4.311965165490571
4.429182985643517
4.94577000029956
4.94577000029956
4.94577000029956
4.320918200752372
4.2054489492743565
4.568162183843864
4.723213705247877
4.964616346453406
3.007091218480081
4.970627307991867
3.0952847357276703
4.580014238936064
4.759693636222382
4.787013461838022
5.079674458471746
5.079674458471746
4.732574885548248
3.4766984626894653
4.383710196865209
4.797202516436688
5.056309038761098
4.449628090862262
4.924572512225221
3.847280774530504
4.378575743209915
4.052321714347121
4.052321714347121
5.068817542981333
4.363428461838021
4.44165877749872
5.201385577222636
4.880618654145714
4.360712543968351
3.9979701488043204
4.935792901474526
4.935792901474526
4.9427309344282255
5.173724492183121
4.140211507445679
4.89627000029956
4.89627000029956
5.2751935897194056
5.112187896840604
4.170359583687087
3.972756679762983
4.606850268684441
5.339748774035426
5.2520417310687915
5.070826265700661
5.248039660099162
4.614372692607252
4.412935221572437
5.401098147427554
4.85371090353631
4.943062966349411
4.726881346453405
5.128865618873849
4.673779339613511
4.834139177964583
5.145049635541566
4.946724849964875
4.462659967985374
4.072321765103238
5.315467651301823
4.6720973079918675
5.031304471034683
4.614111346453405
5.568096615885413
5.1792209959178654
4.867559836957051
5.105177830802282
2.6652906588778738
5.580008907241609
4.062309729652245
5.47286727599478
5.382241155638369
5.798094733925499
5.10724850695407
5.10724850695407
4.773854625292876
4.620085033919206
4.1477886249870295
5.12318149360812
5.075412869174128
3.2864100562652805
5.1086997240913625
4.422575021748164
4.039071217823248
5.331628841018746
5.331628841018746
4.852508010942182
5.111030443160809
5.501157343548239
4.905468971139464
5.59110791849073
3.861003192481137
3.7167156002542567
5.315426404356851
3.744234536134517
5.5562494806639044
5.229771770797974
3.7301151841098337
6.001689244895448
3.8867230464679796
5.105944791270199
5.49310686222923
5.980135871032005
5.362700590508194
4.495092416707724
5.064481950153505
5.07042812171577
4.563144230120978
4.521868847946063
5.402423077222638
4.666306351520569
5.2426638550980265
5.3425845604179925
4.7121462835949774
4.798367751201923
5.0520514440768505
4.741992348761424
3.4892815456870956
4.528822104394262
6.667815384615385
5.237602137637891
4.141180432203045
4.109466617801707
5.544062307991868
4.532097115684175
4.76532181497903
4.5397370175203315
5.03720525177885
5.216652399159866
4.598168550402722
5.307398732052235
5.138136346453406
4.025844842026315
5.390018544187621
5.2236673437146734
5.150124941510304
4.8573843944400075
5.836225368006195
4.600865880186927
5.484105248067654
5.3773659940859755
5.257607629103357
3.6669764314213946
4.625472293423581
5.08496906393814
3.676991515255673
3.7237229876732734
3.778662233098501
4.622265139401259
4.453789932396776
4.264483286558231
5.38743090621532
6.106861570468768
5.012013130430945
3.049192308138755
4.490715354996819
5.002426005290987
4.664149663722947
5.495392119688606
6.72286905211915
4.826786014003971
4.429331317424094
4.429331317424094
4.959421061013838
4.627183593391244
5.38873211216834
5.547615179498847
4.209122189090499
4.602655115519996
5.962984603676739
