4.146857501954386
4.292672221610998
4.078141821619657
4.078141821619657
4.078141821619657
4.078141821619657
4.078141821619657
4.078141821619657
4.003159015202966
4.003159015202966
4.214620434040243
4.214620434040243
4.214620434040243
4.214620434040243
4.214620434040243
4.214620434040243
4.214620434040243
4.214620434040243
4.214620434040243
4.214620434040243
4.214620434040243
4.214620434040243
4.214620434040243
4.214620434040243
4.214620434040243
4.214620434040243
4.214620434040243
4.214620434040243
4.214620434040243
4.214620434040243
4.214620434040243
4.214620434040243
4.214620434040243
4.214620434040243
4.214620434040243
4.214620434040243
4.214620434040243
4.214620434040243
4.214620434040243
4.214620434040243
4.214620434040243
4.214620434040243
4.214620434040243
4.214620434040243
4.214620434040243
4.214620434040243
4.214620434040243
4.214620434040243
4.214620434040243
4.214620434040243
4.214620434040243
4.214620434040243
4.214620434040243
4.214620434040243
4.214620434040243
4.214620434040243
4.214620434040243
4.214620434040243
4.214620434040243
4.214620434040243
4.214620434040243
4.214620434040243
4.214620434040243
4.214620434040243
4.214620434040243
4.214620434040243
4.214620434040243
4.214620434040243
4.214620434040243
4.214620434040243
4.214620434040243
4.214620434040243
4.214620434040243
4.214620434040243
4.214620434040243
4.214620434040243
4.214620434040243
4.214620434040243
4.214620434040243
4.214620434040243
4.214620434040243
4.214620434040243
4.214620434040243
4.214620434040243
4.214620434040243
4.214620434040243
4.214620434040243
4.214620434040243
4.214620434040243
4.214620434040243
4.214620434040243
4.214620434040243
4.214620434040243
4.214620434040243
4.214620434040243
4.214620434040243
4.214620434040243
4.214620434040243
4.214620434040243
4.214620434040243
4.214620434040243
4.214620434040243
4.214620434040243
4.214620434040243
4.214620434040243
4.214620434040243
4.214620434040243
4.214620434040243
4.214620434040243
4.214620434040243
4.214620434040243
4.214620434040243
4.222361573307335
4.222361573307335
4.222361573307335
4.222361573307335
4.086438551242647
4.086438551242647
4.086438551242647
4.086438551242647
4.086438551242647
4.086438551242647
4.086438551242647
4.086438551242647
4.086438551242647
4.086438551242647
3.9945284760252315
3.9945284760252315
3.9945284760252315
3.9945284760252315
3.9945284760252315
3.9945284760252315
3.9945284760252315
4.1541380302308495
4.04193095864794
4.04193095864794
3.9642728732979347
3.9642728732979347
3.9642728732979347
3.9642728732979347
3.9642728732979347
4.076813437340181
4.076813437340181
4.076813437340181
4.076813437340181
4.049268353745303
4.049268353745303
4.049268353745303
4.049268353745303
4.3630598775568545
4.20181224085337
3.9496288949006777
3.8152494078921126
3.8152494078921126
3.8152494078921126
3.8152494078921126
4.067337888189172
4.067337888189172
4.067337888189172
4.067337888189172
4.288182704692828
4.161165540432304
3.8714700882136244
3.8714700882136244
3.8714700882136244
3.8714700882136244
3.8714700882136244
3.8714700882136244
3.8714700882136244
3.938692197892885
3.938692197892885
3.938692197892885
3.938692197892885
3.938692197892885
4.176640658723709
4.176640658723709
4.176640658723709
4.176640658723709
4.176640658723709
4.176640658723709
4.176640658723709
4.176640658723709
4.176640658723709
4.176640658723709
4.176640658723709
4.176640658723709
4.176640658723709
4.176640658723709
4.176640658723709
4.176640658723709
4.176640658723709
4.176640658723709
4.176640658723709
4.176640658723709
4.176640658723709
4.176640658723709
4.176640658723709
4.176640658723709
4.176640658723709
4.176640658723709
4.176640658723709
4.176640658723709
4.176640658723709
4.176640658723709
4.176640658723709
4.176640658723709
4.176640658723709
4.176640658723709
4.176640658723709
4.176640658723709
4.176640658723709
4.176640658723709
4.176640658723709
4.176640658723709
4.176640658723709
4.176640658723709
4.176640658723709
4.176640658723709
4.176640658723709
4.176640658723709
4.176640658723709
4.176640658723709
4.176640658723709
4.176640658723709
4.176640658723709
4.176640658723709
4.176640658723709
4.176640658723709
4.176640658723709
4.176640658723709
4.176640658723709
4.176640658723709
4.176640658723709
4.176640658723709
4.176640658723709
4.176640658723709
4.176640658723709
4.176640658723709
4.176640658723709
4.176640658723709
4.176640658723709
4.176640658723709
4.176640658723709
4.176640658723709
4.176640658723709
4.176640658723709
4.176640658723709
4.176640658723709
4.176640658723709
4.176640658723709
4.176640658723709
4.176640658723709
4.176640658723709
4.176640658723709
4.176640658723709
4.176640658723709
4.176640658723709
4.176640658723709
4.176640658723709
4.176640658723709
4.176640658723709
4.176640658723709
4.176640658723709
4.176640658723709
4.176640658723709
4.176640658723709
4.176640658723709
4.176640658723709
4.176640658723709
4.176640658723709
4.031036434160493
4.031036434160493
4.031036434160493
4.031036434160493
4.031036434160493
4.031036434160493
4.031036434160493
4.031036434160493
4.031036434160493
4.031036434160493
4.031036434160493
4.031036434160493
4.031036434160493
4.031036434160493
4.031036434160493
4.031036434160493
4.031036434160493
4.1570857346784695
4.1570857346784695
4.409720588662163
4.047611063221016
4.047611063221016
4.047611063221016
4.047611063221016
4.047611063221016
4.047611063221016
4.3233348601995285
4.118613969899091
4.166124000007327
4.151702221134203
4.17264945952989
4.010537282837852
4.161882998039303
4.18467298552512
4.167829314394924
4.4430421302205225
4.571512004112962
4.292674780807267
4.203186810156389
4.100440845591493
4.3450617413285455
4.3450617413285455
4.267996300800705
4.5307962353922555
4.061715352279454
4.374432694788615
4.270255805302554
4.502622910166714
4.502622910166714
3.906292267276444
3.7361360048118355
4.3551784540462135
4.3551784540462135
3.9907850924273642
4.064741403527409
4.038011106447739
4.225836332106459
3.9498122331947965
4.103320312189487
4.433361514990699
4.1253055710338
4.524922564697933
4.128818880824179
4.132411193662292
4.365036629025871
4.0599264691912476
4.250686624904619
4.50883610213883
4.361647075132847
4.361647075132847
3.991511549826468
4.206130034219196
4.368671480727253
4.391196552910839
4.512763954442889
4.512763954442889
4.166421750840629
4.40138732203412
4.321280820938892
4.227177871827175
4.227177871827175
4.196683050125545
4.360228594991909
4.30015649900756
4.445849881766263
4.359637597060512
4.233267048684944
4.427392819237349
4.33127314393643
4.4987438376919275
4.174740473134719
4.345003812394609
4.3804573308704615
4.333148012398878
4.20356865557175
4.209221717863024
3.89137189355176
4.378430963312679
4.378430963312679
4.143406866315244
4.351441183277692
4.398173793293948
4.2793025031517455
4.470489083429943
4.470489083429943
4.445885388616671
4.481149380083962
4.0846270683769355
4.3298330300129475
4.389044564993861
4.41408121183113
4.41408121183113
4.27859841617435
4.468905019485064
4.468905019485064
4.2495796884063495
4.204546561016687
4.386537945474277
4.300969410739028
4.981709315627801
4.995844699654182
4.431980388050514
4.5117179291588
4.90631481307414
5.009321251040618
4.888246857751476
4.963812068335316
4.196619113148057
4.196619113148057
4.901361588810605
4.2671256872995595
5.1398404810179485
4.99320225477846
4.99320225477846
5.242175709740849
5.242175709740849
4.851983934911692
4.939227848198667
4.939227848198667
5.286995289135523
4.106343218597283
3.8144784650074586
3.874502264535405
4.080763293962578
5.377276047793954
3.676107532544222
3.68328330944
2.6786021059470766
3.832425193483031
4.1192326418588046
3.684987711976625
3.373665825327574
3.787412150375122
2.3636794558688905
3.436410110622459
3.3979441993618575
3.9958990350533945
3.0992900557622853
3.367333786307819
3.466897151692435
3.2319577067933025
3.1789901624672154
3.3643195451558645
3.177653044481808
2.4586167134684462
3.676077291053378
2.8051714606891025
3.5548591954278717
2.800732511634081
3.5680202178262634
2.1022640700666155
3.446435095206363
3.1517931372456767
3.562145869870804
2.7346443238134004
3.085633855974476
3.1130941782254613
3.558073881836801
2.884175643309815
2.853312833590424
2.950006979063893
5.052706661298672
3.4380447083633463
3.1815277395623793
3.4051520015307926
5.30881705992078
2.358262282985928
2.2052584016139445
3.115197421610339
3.186251033530448
2.6512622983719503
3.4297904315237577
3.130301900952759
2.7475679189493913
2.677599966888998
3.021450618226236
3.1196501556288716
1.5102848670556632
2.3923584368320814
2.6266086703662275
1.9693238115739824
1.8271504687640174
2.738080115558061
2.9745543774204855
3.341577286476629
2.771366869924085
2.582069163217792
3.041484534385283
1.0337432953498862
3.147774431845985
3.681103767673747
3.2244718072402883
4.798421352865934
4.127700303559066
3.669121765103238
3.669121765103238
3.737584584929518
4.043614072795545
4.3355641732048165
3.898492277237211
3.898492277237211
4.221538240593853
4.221538240593853
4.494561666857641
4.252977467122855
5.512747684009071
5.010545819401889
5.866672630050974
4.673584905013486
6.131717358965599
