[0.52368474]
[0.68678623]
[0.5365876]
[0.5166141]
[0.5148812]
[0.6596]
[0.8631853]
[0.8631853]
[0.8631853]
[0.8631853]
[0.3964535]
[0.50357175]
[0.5627777]
[0.61903185]
[0.5750942]
[0.578229]
[0.58676463]
[0.31480187]
[0.43045488]
[0.45774418]
[0.30738953]
[0.43404883]
[0.3492637]
[0.47689128]
[0.27219832]
[0.12320209]
[0.12214247]
[0.11946995]
[0.11946995]
[0.11946995]
[0.11946995]
[0.12078368]
[0.12631568]
[0.11935713]
[0.11948285]
[0.12313387]
[0.11948838]
[0.12812957]
[0.11706299]
[0.1195418]
[0.1263872]
[0.12638684]
[0.380657]
[0.11707482]
[0.12075327]
[0.11707108]
[0.12300344]
[0.12315884]
[0.32814968]
[0.12494966]
[0.12494966]
[0.10928153]
[0.12489968]
[0.12494508]
[0.12494508]
[0.12037049]
[0.12037049]
[0.12037049]
[0.12037049]
[0.12037049]
[0.12194315]
[0.12342723]
[0.12342723]
[0.12195218]
[0.12195218]
[0.12195218]
[0.12195218]
[0.13162284]
[0.12196746]
[0.12196746]
[0.12196746]
[0.1219725]
[0.31509188]
[0.11929009]
[0.12192503]
[0.11929467]
[0.11929467]
[0.11929467]
[0.11929467]
[0.11929467]
[0.11929467]
[0.11929467]
[0.11929467]
[0.11929467]
[0.11929467]
[0.11929467]
[0.11929467]
[0.11929467]
[0.11929467]
[0.11929467]
[0.11929467]
[0.11929467]
[0.11929467]
[0.11929467]
[0.1280011]
[0.11703147]
[0.12594937]
[0.12594937]
[0.11856952]
[0.12587297]
[0.11632648]
[0.11632648]
[0.11632648]
[0.11623689]
[0.12216447]
[0.12216447]
[0.1354092]
[0.12636161]
[0.12636161]
[0.12636161]
[0.12304916]
[0.12304916]
[0.11079004]
[0.11080472]
[0.12301271]
[0.12615466]
[0.12470436]
[0.12470436]
[0.12470436]
[0.12470436]
[0.12470436]
[0.12470436]
[0.12135493]
[0.1219558]
[0.1247042]
[0.12466771]
[0.1247542]
[0.12195976]
[0.12195976]
[0.13131306]
[0.13131306]
[0.13131306]
[0.12195725]
[0.12195725]
[0.12195725]
[0.12176204]
[0.12113827]
[0.12113827]
[0.13727964]
[0.12191895]
[0.13144107]
[0.10932752]
[0.10932752]
[0.10932752]
[0.10932752]
[0.1217569]
[0.12714365]
[0.10782308]
[0.11929217]
[0.11929217]
[0.11929217]
[0.11929217]
[0.11929217]
[0.11929217]
[0.13079402]
[0.12508892]
[0.12709922]
[0.12190493]
[0.2384739]
[0.2384739]
[0.1202006]
[0.12174895]
[0.12114182]
[0.13348027]
[0.27166972]
[0.12469061]
[0.12754318]
[0.11772308]
[0.13460028]
[0.43234053]
[0.12398806]
[0.12398806]
[0.12398806]
[0.12398806]
[0.12398806]
[0.12716001]
[0.4344365]
[0.14299312]
[0.12909743]
[0.12773012]
[0.13291489]
[0.13291489]
[0.13291489]
[0.13291489]
[0.13291489]
[0.12762332]
[0.5390235]
[0.12773015]
[0.13206813]
[0.12784539]
[0.1114492]
[0.11711808]
[0.12774235]
[0.12709296]
[0.12455735]
[0.12359453]
[0.12770031]
[0.129091]
[0.13875462]
[0.11062606]
[0.11062606]
[0.11062606]
[0.11062606]
[0.11062606]
[0.11062606]
[0.14190394]
[0.11267321]
[0.12387162]
[0.1217634]
[0.1217634]
[0.11740839]
[0.12775347]
[0.11096485]
[0.12447374]
[0.12921152]
[0.10917017]
[0.10917017]
[0.10917017]
[0.10917017]
[0.14282559]
[0.14282559]
[0.13715242]
[0.11191083]
[0.12120242]
[0.12274127]
[0.12274127]
[0.4495639]
[0.11128745]
[0.12880765]
[0.12880765]
[0.12930432]
[0.10906603]
[0.12285025]
[0.13635296]
[0.1124351]
[0.11378126]
[0.1274036]
[0.1274036]
[0.1274036]
[0.1274036]
[0.10779322]
[0.12701909]
[0.12701909]
[0.51443374]
[0.13022049]
[0.52088314]
[0.11170784]
[0.13089274]
[0.13089274]
[0.1341347]
[0.12719832]
[0.10306806]
[0.13205768]
[0.13205768]
[0.13205768]
[0.12468939]
[0.13048214]
[0.13142833]
[0.13017187]
[0.35521638]
[0.22067809]
[0.13697986]
[0.12706812]
[0.12634094]
[0.12501404]
[0.12688994]
[0.12201025]
[0.15546477]
[0.13249527]
[0.14347395]
[0.12284151]
[0.14763212]
[0.11307001]
[0.44695124]
[0.1091471]
[0.10230418]
[0.15626335]
[0.12654406]
[0.11466649]
[0.11450659]
[0.11068362]
[0.11086493]
[0.12568314]
[0.11204313]
[0.12941925]
[0.11534921]
[0.14670332]
[0.11698342]
[0.12174272]
[0.12039891]
[0.13649572]
[0.11956885]
[0.11355616]
[0.14108221]
[0.12717041]
[0.10913933]
[0.11210697]
[0.12684907]
[0.13183749]
[0.13681878]
[0.12594937]
[0.12594937]
[0.12594937]
[0.11149183]
[0.12917934]
[0.13132508]
[0.13693954]
[0.10400094]
[0.11371721]
[0.11208143]
[0.11208143]
[0.11208143]
[0.12519658]
[0.13913012]
[0.10293972]
[0.10293972]
[0.12676263]
[0.13663271]
[0.13663271]
[0.13933459]
[0.11962032]
[0.13302876]
[0.14163691]
[0.14163691]
[0.12704843]
[0.10517246]
[0.12202261]
[0.1381768]
[0.14280318]
[0.13547738]
[0.12616856]
[0.12991354]
[0.12688994]
[0.13661884]
[0.13661884]
[0.11935955]
[0.1259434]
[0.54599464]
[0.13654332]
[0.12134316]
[0.11686314]
[0.11686314]
[0.12594937]
[0.1378271]
[0.4548494]
[0.11585984]
[0.1138572]
[0.1222247]
[0.1138587]
[0.11188573]
[0.11432772]
[0.11344033]
[0.11769367]
[0.12851313]
[0.5075439]
[0.11981206]
[0.12717983]
[0.17233369]
[0.12612045]
[0.2492638]
[0.13833743]
[0.13833743]
[0.12837437]
[0.38788697]
[0.14857732]
[0.12172165]
[0.1325705]
[0.11704772]
[0.18377787]
[0.11379501]
[0.12451025]
[0.1378271]
[0.13378343]
[0.11886355]
[0.11586182]
[0.10629232]
[0.12781969]
[0.12971042]
[0.12865682]
[0.11344033]
[0.10990478]
[0.13524489]
[0.11062201]
[0.12302686]
[0.11911634]
[0.12915088]
[0.11334713]
[0.11510675]
[0.10986684]
[0.11691972]
[0.11668009]
[0.11796958]
[0.10795595]
[0.12708001]
[0.14683115]
[0.24124084]
[0.10442313]
[0.12881678]
[0.3372621]
[0.12924165]
[0.11384221]
[0.14842074]
[0.14157064]
[0.13115314]
[0.11800969]
[0.1066149]
[0.11560657]
[0.12520531]
[0.16165195]
[0.12633283]
[0.1123273]
[0.12991144]
[0.11995392]
[0.12959239]
[0.13860297]
[0.51570266]
[0.11730614]
[0.10595576]
[0.12758976]
[0.1286695]
[0.1180056]
[0.11480638]
[0.11867651]
[0.12358455]
[0.22674002]
[0.43684217]
[0.13257784]
[0.12715596]
[0.11906247]
[0.40468928]
[0.12257908]
[0.11907336]
[0.14250055]
[0.12648807]
[0.12830038]
[0.36866838]
[0.12194606]
[0.11523503]
[0.38393843]
[0.23048423]
[0.52075255]
[0.5960359]
[0.38021082]
[0.2941383]
[0.33377245]
[0.33710247]
[0.32028872]
[0.33637455]
[0.11771896]
[0.10723293]
[0.29562432]
[0.11197917]
[0.42514002]
[0.38618797]
[0.3576671]
[0.35600692]
[0.3078767]
[0.3087075]
[0.29906765]
[0.2961827]
[0.15085764]
[0.13482852]
[0.10577113]
[0.11556811]
[0.13522632]
[0.12308367]
[0.11890546]
[0.11600295]
[0.12156545]
[0.2389289]
[0.11684592]
[0.12716366]
[0.39280486]
[0.12129353]
[0.12337124]
[0.12810487]
[0.12313181]
[0.3039566]
[0.10828121]
[0.10716099]
[0.10269002]
[0.11719337]
[0.1149886]
[0.10604157]
[0.11298766]
[0.1021336]
[0.10283078]
[0.10460597]
[0.11006998]
[0.10851809]
[0.10761911]
[0.23110506]
[0.10685333]
[0.11250335]
[0.10803534]
[0.10870229]
[0.10690666]
[0.11136506]
[0.10540812]
[0.10615997]
