[0.5981453]
[0.54804575]
[0.54804575]
[0.54804575]
[0.54804575]
[0.54804575]
[0.54804575]
[0.54804575]
[0.54804575]
[0.54804575]
[0.54804575]
[0.54804575]
[0.54804575]
[0.54804575]
[0.54804575]
[0.54804575]
[0.54804575]
[0.54804575]
[0.54804575]
[0.54804575]
[0.54804575]
[0.54804575]
[0.54804575]
[0.54804575]
[0.54804575]
[0.54804575]
[0.54804575]
[0.54804575]
[0.54804575]
[0.54804575]
[0.54804575]
[0.54804575]
[0.54804575]
[0.54804575]
[0.54804575]
[0.54804575]
[0.54804575]
[0.54804575]
[0.54804575]
[0.54804575]
[0.54804575]
[0.54804575]
[0.54804575]
[0.54804575]
[0.54804575]
[0.54804575]
[0.54804575]
[0.54804575]
[0.54804575]
[0.54804575]
[0.54804575]
[0.54804575]
[0.54804575]
[0.54804575]
[0.54804575]
[0.54804575]
[0.54804575]
[0.54804575]
[0.54804575]
[0.54804575]
[0.54804575]
[0.54804575]
[0.54804575]
[0.54804575]
[0.54804575]
[0.54804575]
[0.52585214]
[0.59210306]
[0.58367735]
[0.4400764]
[0.5017799]
[0.59991324]
[0.5873978]
[0.5873978]
[0.5873978]
[0.5873978]
[0.48875377]
[0.48875377]
[0.48875377]
[0.48875377]
[0.48875377]
[0.48875377]
[0.48875377]
[0.48875377]
[0.48875377]
[0.48875377]
[0.48875377]
[0.48875377]
[0.48875377]
[0.48875377]
[0.48875377]
[0.48875377]
[0.48875377]
[0.5444848]
[0.525911]
[0.525911]
[0.525911]
[0.525911]
[0.527389]
[0.5082203]
[0.48938346]
[0.45393294]
[0.4957942]
[0.48049122]
[0.5061153]
[0.45265046]
[0.5097598]
[0.5100394]
[0.49029344]
[0.47958833]
[0.47958833]
[0.44729996]
[0.44729996]
[0.4699062]
[0.38513035]
[0.38513035]
[0.51592517]
[0.4675293]
[0.4513656]
[0.3687701]
[0.39873555]
[0.4799533]
[0.4665453]
[0.4665453]
[0.4665453]
[0.44771478]
[0.41152492]
[0.43862352]
[0.47683245]
[0.4526513]
[0.4526513]
[0.4526513]
[0.4526513]
[0.4526513]
[0.4526513]
[0.4526513]
[0.4526513]
[0.4526513]
[0.4526513]
[0.4526513]
[0.4526513]
[0.4526513]
[0.4784585]
[0.4784585]
[0.4784585]
[0.4784585]
[0.4784585]
[0.4784585]
[0.4784585]
[0.4784585]
[0.4784585]
[0.4784585]
[0.425149]
[0.43568203]
[0.4345126]
[0.4345126]
[0.477923]
[0.477923]
[0.477923]
[0.477923]
[0.477923]
[0.3909082]
[0.40631253]
[0.43664363]
[0.43664363]
[0.43664363]
[0.43664363]
[0.43664363]
[0.43664363]
[0.43664363]
[0.43664363]
[0.43664363]
[0.5051913]
[0.4372366]
[0.4372366]
[0.4372366]
[0.4372366]
[0.4372366]
[0.5977552]
[0.48071414]
[0.45012304]
[0.45012304]
[0.38247046]
[0.44822168]
[0.45726347]
[0.45726347]
[0.4278151]
[0.4278151]
[0.4278151]
[0.4278151]
[0.4278151]
[0.4278151]
[0.4278151]
[0.4278151]
[0.4278151]
[0.3631489]
[0.43700853]
[0.43700853]
[0.43027073]
[0.43027073]
[0.4394919]
[0.4408683]
[0.4408683]
[0.4408683]
[0.4408683]
[0.45726347]
[0.45726347]
[0.45294982]
[0.38811958]
[0.43588316]
[0.41509464]
[0.41509464]
[0.41509464]
[0.41509464]
[0.41509464]
[0.41509464]
[0.41509464]
[0.41509464]
[0.41509464]
[0.41509464]
[0.41509464]
[0.41509464]
[0.41509464]
[0.41509464]
[0.41509464]
[0.41509464]
[0.41509464]
[0.41509464]
[0.41509464]
[0.41509464]
[0.41509464]
[0.41509464]
[0.41509464]
[0.41509464]
[0.41509464]
[0.41509464]
[0.41509464]
[0.41509464]
[0.41509464]
[0.41509464]
[0.41509464]
[0.41509464]
[0.41509464]
[0.41509464]
[0.41509464]
[0.41509464]
[0.41509464]
[0.41509464]
[0.41509464]
[0.41509464]
[0.41509464]
[0.41509464]
[0.41509464]
[0.41509464]
[0.41509464]
[0.41509464]
[0.41509464]
[0.41509464]
[0.41509464]
[0.41509464]
[0.41509464]
[0.41509464]
[0.41509464]
[0.41509464]
[0.41509464]
[0.41509464]
[0.41509464]
[0.41509464]
[0.41509464]
[0.41509464]
[0.41509464]
[0.41509464]
[0.41509464]
[0.41509464]
[0.41509464]
[0.41509464]
[0.41509464]
[0.41509464]
[0.41509464]
[0.41509464]
[0.41509464]
[0.41509464]
[0.41509464]
[0.41509464]
[0.41509464]
[0.41509464]
[0.41509464]
[0.41509464]
[0.41509464]
[0.41509464]
[0.41509464]
[0.41509464]
[0.41509464]
[0.41509464]
[0.41509464]
[0.41509464]
[0.41509464]
[0.41509464]
[0.41509464]
[0.41509464]
[0.41509464]
[0.41509464]
[0.41509464]
[0.41509464]
[0.41509464]
[0.41509464]
[0.41509464]
[0.41509464]
[0.41509464]
[0.41509464]
[0.41509464]
[0.41509464]
[0.41509464]
[0.41509464]
[0.41509464]
[0.41509464]
[0.41509464]
[0.41509464]
[0.41509464]
[0.41509464]
[0.41509464]
[0.41509464]
[0.3708431]
[0.3708431]
[0.3708431]
[0.3708431]
[0.3708431]
[0.3708431]
[0.3708431]
[0.429072]
[0.42670324]
[0.42670324]
[0.4546526]
[0.4546526]
[0.4546526]
[0.4546526]
[0.4546526]
[0.45995906]
[0.45995906]
[0.45995906]
[0.45995906]
[0.45054626]
[0.45054626]
[0.45054626]
[0.426413]
[0.39230326]
[0.46788326]
[0.39119422]
[0.42036185]
[0.42036185]
[0.43076503]
[0.4145178]
[0.44377467]
[0.44377467]
[0.44377467]
[0.41466352]
[0.41841462]
[0.3878387]
[0.41643965]
[0.40571317]
[0.4311052]
[0.42731658]
[0.41687325]
[0.39216292]
[0.45498216]
[0.38005805]
[0.39216292]
[0.39216292]
[0.39216292]
[0.39216292]
[0.39216292]
[0.39216292]
[0.39216292]
[0.39216292]
[0.39216292]
[0.39216292]
[0.39216292]
[0.39216292]
[0.39216292]
[0.39216292]
[0.3799121]
[0.46384054]
[0.4483236]
[0.3684424]
[0.3684424]
[0.38640386]
[0.40057632]
[0.40057632]
[0.40057632]
[0.40057632]
[0.39909083]
[0.3953749]
[0.36913374]
[0.36913374]
[0.35600916]
[0.46502766]
[0.37495345]
[0.37759295]
[0.37759295]
[0.41059056]
[0.39505428]
[0.39303467]
[0.39303467]
[0.35637194]
[0.41359532]
[0.3825288]
[0.3825288]
[0.3825288]
[0.39505008]
[0.47248617]
[0.40439853]
[0.25343877]
[0.38614643]
[0.40972835]
[0.3889367]
[0.3695912]
[0.37364477]
[0.39742807]
[0.37330917]
[0.39867142]
[0.3269738]
[0.27367947]
[0.33030537]
[0.45866024]
[0.36203882]
[0.3176993]
[0.2785048]
[0.33664152]
[0.33819607]
[0.3687452]
[0.378753]
[0.378753]
[0.42383173]
[0.35581514]
[0.30030486]
[0.30030486]
[0.33220315]
[0.33988592]
[0.37757218]
[0.3798464]
[0.31357735]
[0.2963469]
[0.29807004]
[0.29807004]
[0.33673176]
[0.33673176]
[0.3412732]
[0.3638873]
[0.2625395]
[0.35010517]
[0.21575922]
[0.28704572]
[0.3329038]
[0.3209456]
[0.21650851]
[0.31494358]
[0.32544523]
[0.27571473]
[0.28251556]
[0.26003298]
[0.28257325]
[0.16995645]
[0.29971623]
[0.25149322]
[0.2323071]
[0.23929071]
[0.31128216]
[0.19573374]
[0.28914338]
[0.39960492]
[0.25888267]
[0.24705411]
[0.35834804]
[0.158734]
[0.08608505]
[0.08608505]
[0.08608505]
[0.3887294]
[0.09681913]
[0.09464654]
[0.08271234]
[0.1669642]
[0.1669642]
[0.17890269]
[0.17890269]
[0.17643005]
[0.17643005]
[0.17643005]
[0.17643005]
[0.32811478]
[0.08232114]
[0.25048718]
[0.23685703]
[0.35248893]
[0.2635839]
[0.19071682]
[0.21340506]
[0.21340506]
[0.31372452]
[0.3481075]
