5.014521352649036
3.6494400937724265
3.6494400937724265
3.6494400937724265
3.6494400937724265
3.6494400937724265
3.6494400937724265
3.6494400937724265
3.6494400937724265
3.6494400937724265
3.6494400937724265
3.6494400937724265
3.6494400937724265
3.6494400937724265
3.6494400937724265
3.126168153431273
3.126168153431273
3.126168153431273
3.126168153431273
3.126168153431273
3.559194151615923
3.9996372462691703
4.6442882143425495
4.6442882143425495
4.6442882143425495
4.6442882143425495
4.6442882143425495
4.6442882143425495
4.6442882143425495
4.6442882143425495
4.629864675881011
4.930693604425066
4.8316654451117795
4.8316654451117795
4.8316654451117795
4.8316654451117795
4.8316654451117795
4.679184675881011
4.695869291265626
4.695869291265626
4.695869291265626
4.695869291265626
4.695869291265626
4.695869291265626
4.695869291265626
4.695869291265626
4.695869291265626
4.695869291265626
4.695869291265626
4.695869291265626
4.695869291265626
4.695869291265626
4.695869291265626
4.695869291265626
4.695869291265626
4.695869291265626
4.695869291265626
4.695869291265626
4.695869291265626
4.695869291265626
4.695869291265626
4.695869291265626
4.695869291265626
4.695869291265626
4.695869291265626
4.695869291265626
4.695869291265626
4.695869291265626
4.695869291265626
4.695869291265626
4.695869291265626
4.695869291265626
4.695869291265626
4.695869291265626
4.695869291265626
4.695869291265626
4.695869291265626
4.695869291265626
4.695869291265626
4.695869291265626
4.695869291265626
4.695869291265626
4.695869291265626
4.695869291265626
4.695869291265626
4.695869291265626
4.695869291265626
4.695869291265626
4.695869291265626
4.695869291265626
4.695869291265626
4.695869291265626
4.695869291265626
4.695869291265626
4.695869291265626
4.695869291265626
4.695869291265626
4.695869291265626
4.695869291265626
4.695869291265626
4.695869291265626
4.695869291265626
4.695869291265626
4.695869291265626
4.695869291265626
4.695869291265626
4.695869291265626
4.695869291265626
4.695869291265626
4.695869291265626
4.695869291265626
4.695869291265626
4.695869291265626
4.695869291265626
4.695869291265626
4.695869291265626
4.695869291265626
4.695869291265626
4.695869291265626
4.695869291265626
4.695869291265626
4.695869291265626
4.695869291265626
4.695869291265626
4.695869291265626
4.695869291265626
4.695869291265626
4.695869291265626
4.695869291265626
4.695869291265626
4.695869291265626
4.695869291265626
4.695869291265626
4.695869291265626
4.695869291265626
4.695869291265626
4.695869291265626
4.695869291265626
4.695869291265626
4.695869291265626
4.695869291265626
4.695869291265626
4.695869291265626
4.695869291265626
4.695869291265626
4.695869291265626
4.695869291265626
4.695869291265626
4.695869291265626
4.695869291265626
4.695869291265626
4.695869291265626
4.695869291265626
4.695869291265626
4.695869291265626
4.695869291265626
4.695869291265626
4.695869291265626
4.695869291265626
4.695869291265626
4.695869291265626
4.695869291265626
4.695869291265626
4.695869291265626
4.695869291265626
4.695869291265626
4.695869291265626
4.695869291265626
4.695869291265626
4.695869291265626
4.695869291265626
4.695869291265626
4.695869291265626
4.695869291265626
4.695869291265626
4.695869291265626
4.695869291265626
4.695869291265626
4.695869291265626
4.695869291265626
4.695869291265626
4.695869291265626
4.695869291265626
4.695869291265626
4.695869291265626
4.695869291265626
4.695869291265626
4.695869291265626
4.695869291265626
4.695869291265626
4.695869291265626
4.695869291265626
4.695869291265626
4.695869291265626
4.695869291265626
4.695869291265626
4.695869291265626
4.695869291265626
4.695869291265626
4.695869291265626
4.695869291265626
4.695869291265626
4.695869291265626
4.695869291265626
4.695869291265626
4.695869291265626
4.695869291265626
4.695869291265626
4.695869291265626
4.695869291265626
4.695869291265626
4.695869291265626
4.695869291265626
4.695869291265626
4.695869291265626
4.695869291265626
4.695869291265626
4.695869291265626
4.695869291265626
4.695869291265626
4.695869291265626
4.695869291265626
4.695869291265626
4.695869291265626
4.695869291265626
4.695869291265626
4.695869291265626
4.695869291265626
4.695869291265626
4.695869291265626
4.695869291265626
4.695869291265626
4.695869291265626
4.695869291265626
4.695869291265626
4.695869291265626
4.695869291265626
4.695869291265626
4.695869291265626
4.695869291265626
4.695869291265626
4.695869291265626
4.695869291265626
4.695869291265626
4.695869291265626
4.695869291265626
4.695869291265626
4.695869291265626
4.695869291265626
4.695869291265626
4.695869291265626
4.695869291265626
4.695869291265626
4.695869291265626
4.695869291265626
4.695869291265626
4.695869291265626
4.695869291265626
4.719828719115029
4.719828719115029
4.719828719115029
4.719828719115029
4.719828719115029
4.719828719115029
4.719828719115029
4.719828719115029
4.719828719115029
4.719828719115029
4.719828719115029
4.719828719115029
4.614618253236506
4.614618253236506
4.614618253236506
4.614618253236506
4.614618253236506
4.614618253236506
4.614618253236506
4.614618253236506
4.614618253236506
4.614618253236506
4.614618253236506
4.614618253236506
4.614618253236506
4.614618253236506
4.614618253236506
4.614618253236506
4.614618253236506
4.614618253236506
4.614618253236506
4.614618253236506
4.614618253236506
4.614618253236506
4.614618253236506
4.614618253236506
4.614618253236506
4.614618253236506
4.029320361571795
4.029320361571795
4.029320361571795
4.029320361571795
4.029320361571795
4.672365186548422
4.595958111451313
4.628683643366205
4.628683643366205
4.628683643366205
4.628683643366205
4.936320052194859
4.6872791374194716
4.6872791374194716
4.6872791374194716
4.6872791374194716
4.6872791374194716
4.6872791374194716
5.003144522034857
3.032355435843696
5.314823552147247
5.314823552147247
5.314823552147247
4.821347291265627
4.284541027925199
4.284541027925199
4.284541027925199
4.284541027925199
4.284541027925199
4.284541027925199
4.284541027925199
4.284541027925199
4.284541027925199
4.284541027925199
4.284541027925199
4.284541027925199
4.284541027925199
4.284541027925199
4.284541027925199
4.284541027925199
4.284541027925199
4.284541027925199
4.284541027925199
4.284541027925199
4.284541027925199
4.284541027925199
4.284541027925199
4.284541027925199
4.284541027925199
4.284541027925199
4.284541027925199
4.284541027925199
4.284541027925199
4.284541027925199
4.284541027925199
4.284541027925199
4.284541027925199
4.284541027925199
4.284541027925199
4.284541027925199
4.284541027925199
4.284541027925199
4.284541027925199
4.284541027925199
4.284541027925199
4.284541027925199
4.284541027925199
4.284541027925199
4.284541027925199
4.284541027925199
4.284541027925199
4.284541027925199
4.284541027925199
4.284541027925199
4.284541027925199
4.284541027925199
4.284541027925199
4.284541027925199
4.284541027925199
4.284541027925199
4.284541027925199
4.284541027925199
4.284541027925199
4.284541027925199
4.284541027925199
4.284541027925199
4.284541027925199
4.284541027925199
4.284541027925199
4.284541027925199
4.284541027925199
4.284541027925199
4.284541027925199
4.284541027925199
4.284541027925199
4.284541027925199
4.284541027925199
4.284541027925199
4.284541027925199
4.284541027925199
4.284541027925199
4.284541027925199
4.284541027925199
4.284541027925199
4.284541027925199
4.284541027925199
4.284541027925199
4.284541027925199
4.284541027925199
4.284541027925199
4.284541027925199
4.284541027925199
4.284541027925199
4.284541027925199
4.284541027925199
4.284541027925199
4.284541027925199
4.284541027925199
4.284541027925199
4.284541027925199
4.284541027925199
4.284541027925199
4.284541027925199
4.284541027925199
4.284541027925199
4.284541027925199
4.284541027925199
4.284541027925199
4.284541027925199
4.284541027925199
4.284541027925199
4.284541027925199
4.284541027925199
4.284541027925199
4.284541027925199
4.284541027925199
4.284541027925199
4.284541027925199
4.284541027925199
4.284541027925199
4.284541027925199
4.284541027925199
4.284541027925199
4.284541027925199
4.284541027925199
4.284541027925199
4.284541027925199
4.284541027925199
4.284541027925199
4.284541027925199
4.284541027925199
4.284541027925199
4.284541027925199
4.284541027925199
4.284541027925199
4.284541027925199
4.284541027925199
4.284541027925199
4.284541027925199
4.284541027925199
4.284541027925199
4.284541027925199
4.284541027925199
4.284541027925199
4.284541027925199
4.284541027925199
4.284541027925199
4.284541027925199
4.284541027925199
4.284541027925199
4.284541027925199
4.284541027925199
4.284541027925199
4.284541027925199
4.284541027925199
4.284541027925199
4.284541027925199
4.284541027925199
4.284541027925199
4.284541027925199
4.284541027925199
4.284541027925199
4.284287987154476
4.506658970601411
4.436115445771809
4.461189252977261
4.683867748572972
4.04098820918454
5.721516208338831
5.710718987648053
5.43685532292291
3.9349210505991676
5.4674979189947885
5.419378714229174
5.436901756670137
5.201090854994122
4.960060547911448
5.027558167745253
6.7555480721583985
6.8211382390922495
6.915517203025256
7.140214326906538
5.106401867657505
5.281911900646523
