5.031700000000003
5.6791200000000055
5.606900000000004
5.909100000000004
5.909100000000004
4.873600000000003
5.922420000000005
5.575400000000005
5.924300000000005
3.951500000000004
5.768300000000004
5.361500000000004
4.096100000000003
5.156820000000004
7.514200000000006
5.608500000000005
3.922500000000003
6.813000000000006
4.792600000000005
3.717320000000003
4.968600000000004
4.777400000000005
3.7465000000000024
5.448200000000004
5.754800000000005
4.762800000000003
4.215600000000003
6.387820000000005
4.666020000000004
5.758600000000004
4.044000000000003
4.594000000000003
5.291100000000005
4.8693000000000035
4.633700000000003
6.742900000000007
3.8716000000000035
6.805800000000005
6.299300000000006
3.7788000000000017
5.471120000000004
4.874600000000003
4.2638000000000025
3.1911000000000023
3.7094200000000033
4.505600000000004
4.505600000000004
4.854800000000002
3.587400000000002
4.246700000000003
6.420900000000005
3.0044000000000013
5.698000000000005
4.402100000000004
6.547920000000006
3.661000000000002
4.454900000000005
4.713320000000004
4.222400000000005
3.8125000000000018
4.953700000000002
4.097500000000004
3.5399000000000025
4.553400000000004
5.473000000000005
5.473000000000005
4.547220000000004
5.759620000000005
6.148900000000005
5.058100000000004
5.058100000000004
5.0290000000000035
4.322100000000003
3.7336000000000027
3.7336000000000027
3.4255000000000027
5.331700000000005
5.383000000000005
4.533440000000004
4.544400000000004
6.426100000000006
6.730700000000006
5.271120000000005
5.398700000000004
5.184300000000004
5.577600000000005
4.107300000000002
3.854200000000002
5.443000000000005
7.088620000000006
4.938920000000005
5.313700000000003
5.106600000000005
3.787700000000003
6.1158000000000055
4.962900000000004
3.7929000000000013
5.186900000000005
5.3079000000000045
5.3079000000000045
5.3079000000000045
4.890200000000004
3.736600000000002
4.946100000000004
3.413400000000002
4.921800000000005
4.844870000000004
4.844870000000004
5.2710200000000045
4.828300000000003
4.698100000000004
4.867400000000003
5.086300000000004
4.933500000000004
5.7717000000000045
4.250400000000003
3.7651000000000012
4.692900000000003
5.758800000000004
3.7521200000000023
3.2002000000000024
4.678300000000005
4.064700000000003
5.3319000000000045
4.415600000000003
3.457200000000001
4.743770000000003
3.989800000000003
3.989800000000003
3.989800000000003
4.515620000000003
4.728800000000004
3.235500000000001
5.725700000000005
4.959400000000004
4.253400000000004
4.9085000000000045
4.444900000000005
5.9402000000000035
5.312700000000004
3.8526000000000025
3.232800000000001
5.138800000000004
5.138800000000004
3.5774000000000026
3.5774000000000026
4.325600000000002
4.888800000000004
5.351620000000004
5.035500000000004
4.492600000000003
3.2489000000000017
4.917800000000003
5.009700000000003
5.475400000000004
5.475400000000004
3.7953000000000015
4.880920000000004
5.0549000000000035
5.0549000000000035
4.701900000000005
3.2315000000000027
5.166400000000004
3.100100000000001
3.982400000000003
5.030000000000005
5.215500000000004
3.8433000000000033
4.250300000000003
5.083900000000003
4.552400000000004
4.969400000000004
5.140820000000004
4.991500000000004
3.932800000000002
5.333420000000005
3.543400000000002
5.0206000000000035
5.0206000000000035
4.985400000000002
3.1249000000000025
3.1249000000000025
6.149600000000005
4.172200000000004
3.9967000000000024
4.6094000000000035
3.9473000000000016
3.9473000000000016
4.486000000000003
3.666720000000003
6.174900000000005
4.334000000000003
3.760500000000002
4.8427000000000024
4.728700000000004
4.646500000000005
3.772700000000002
3.8256000000000023
4.944400000000004
4.330000000000004
4.330000000000004
4.330000000000004
1.8267
4.944500000000004
4.618500000000004
4.618500000000004
4.618500000000004
4.618500000000004
4.618500000000004
4.618500000000004
4.618500000000004
4.618500000000004
4.186600000000004
5.405600000000004
4.344800000000003
4.616120000000004
3.9178000000000024
4.778400000000004
4.778200000000003
4.778200000000003
5.7214000000000045
5.7214000000000045
4.562600000000004
4.3667000000000025
4.527400000000004
4.186500000000003
4.559340000000003
4.559340000000003
4.559340000000003
5.390800000000003
4.426400000000004
4.862720000000004
6.480700000000006
3.265600000000002
5.007600000000002
5.525700000000005
4.945500000000004
4.945500000000004
3.8262000000000027
5.144120000000005
4.784570000000004
3.992800000000004
5.850300000000005
4.532900000000003
4.338700000000003
4.498700000000003
4.147800000000004
4.942900000000003
3.430200000000001
3.430200000000001
3.430200000000001
4.089100000000003
4.110200000000004
3.953000000000002
4.186700000000004
4.186700000000004
3.630500000000001
4.105900000000003
4.753900000000002
4.753900000000002
3.6792000000000016
3.837700000000003
5.0667000000000035
3.8378000000000023
3.8378000000000023
3.8378000000000023
3.8378000000000023
3.5847000000000024
3.5096200000000017
3.7802200000000026
3.7802200000000026
3.294300000000001
3.210820000000002
5.072800000000004
4.635800000000003
4.250920000000003
6.371500000000005
4.507320000000003
4.182400000000003
5.246970000000004
3.4749000000000025
4.338600000000004
3.4718000000000018
2.734800000000002
4.062300000000003
4.059920000000003
4.945500000000004
4.945500000000004
3.8405000000000022
3.8405000000000022
3.256800000000001
3.256800000000001
4.743500000000004
3.3763000000000023
4.313870000000003
3.698800000000002
4.568520000000004
4.430600000000003
5.379600000000004
5.379600000000004
4.074500000000004
3.4947000000000026
3.738690000000002
3.238920000000002
2.950900000000001
5.600700000000005
4.514600000000003
5.150600000000004
3.898100000000003
4.948900000000004
4.948900000000004
3.035700000000001
3.430300000000002
3.7124000000000024
5.208900000000004
3.9520000000000026
2.877400000000002
2.877400000000002
3.492700000000002
3.294620000000002
3.6304000000000025
3.6304000000000025
4.990500000000004
3.0592000000000015
3.0592000000000015
3.0946000000000016
3.8685000000000027
4.266820000000004
5.334700000000004
4.926320000000004
4.926320000000004
3.277400000000002
3.277400000000002
3.6990000000000025
4.538600000000003
5.521400000000004
3.5901000000000023
3.3979200000000027
3.2641000000000018
4.944500000000004
4.009000000000003
3.1008000000000018
2.993000000000001
3.8774200000000025
3.6698200000000023
4.228370000000003
4.204020000000003
3.0322000000000013
4.536220000000004
3.6164000000000023
3.353600000000001
3.838300000000002
4.327840000000003
4.345070000000003
4.933500000000004
4.007200000000004
3.739200000000002
4.532000000000003
2.773200000000001
3.206500000000002
3.647400000000003
4.465600000000003
4.251900000000003
5.175400000000004
6.187800000000005
3.379400000000002
4.286500000000003
5.072800000000004
4.995500000000003
4.685720000000004
4.445250000000003
5.044500000000005
4.088100000000003
3.3123000000000014
4.542000000000004
4.824800000000003
2.9297000000000004
2.7982000000000005
2.8210000000000006
2.4944000000000006
3.3340000000000014
3.442000000000002
4.3834000000000035
4.493800000000002
3.837100000000003
4.178700000000002
3.2631000000000014
3.2958200000000017
3.027300000000001
5.587400000000004
4.644400000000004
2.1341200000000002
2.1341200000000002
2.1341200000000002
2.1341200000000002
2.0887000000000002
3.7515000000000027
2.1965000000000003
3.3406000000000025
3.1084000000000014
3.066300000000001
1.9317
2.924100000000001
4.3194000000000035
3.6442000000000014
3.6442000000000014
4.486900000000003
5.449800000000004
3.663400000000002
5.008700000000004
5.9744000000000055
3.575000000000002
1.4990999999999999
2.6268000000000002
2.8485000000000005
3.547680000000002
4.275420000000003
4.031200000000003
3.846700000000003
3.1072000000000015
3.934990000000001
2.639800000000001
3.305000000000003
1.4163
4.629600000000004
4.663700000000003
3.6209000000000016
3.477800000000001
1.3659
1.8552999999999995
1.8552999999999995
0.8188
3.1488000000000014
3.8699000000000017
0.47459999999999997
3.425600000000002
2.3047000000000004
0.5952999999999999
6.012900000000005
2.993400000000001
0.9758
1.0262
2.2118
2.0457
5.702400000000005
5.913100000000005
1.9145999999999999
1.9145999999999999
1.6725999999999999
4.778200000000003
-0.3915
0.2052
0.2052
1.3584
3.784200000000003
1.3569
0.5857
0.5857
0.5857
0.5857
3.7417000000000025
1.4096
-0.1849
0.5601999999999999
3.6059000000000014
3.9712000000000023
3.7185000000000024
4.765300000000003
1.0722999999999998
2.7997000000000014
4.374900000000002
4.945500000000004
3.4262000000000024
4.501800000000004
3.420700000000002
3.988000000000003
4.025700000000001
2.666400000000001
3.047600000000002
4.062300000000003
5.207000000000005
4.830500000000002
4.866800000000004
4.276900000000004
4.498800000000004
3.535800000000001
3.9691000000000036
4.579400000000002
3.9258000000000015
5.525700000000005
3.883700000000003
4.655000000000004
4.6781000000000015
3.4703000000000013
5.448000000000006
5.462900000000005
5.462900000000005
4.797100000000003
4.812100000000004
5.525700000000005
