12.552409999999979
14.401389999999969
13.254089999999973
13.902009999999972
13.511909999999974
13.424309999999975
13.554409999999972
13.554409999999972
13.554409999999972
13.94450999999997
5.497470000000004
5.497470000000004
12.704329999999976
13.678009999999974
12.605889999999981
12.605889999999981
13.565609999999975
14.20908999999997
12.951309999999978
14.33578999999997
14.40418999999997
14.40418999999997
14.014089999999971
14.014089999999971
14.014089999999971
14.014089999999971
14.014089999999971
14.315789999999971
14.219109999999969
18.02488999999999
15.333889999999965
15.333889999999965
14.986289999999965
14.986289999999965
14.986289999999965
14.986289999999965
14.943789999999966
14.943789999999966
13.801989999999973
14.986289999999967
13.934489999999972
17.31158999999998
17.31158999999998
17.31158999999998
17.31158999999998
18.358809999999988
15.152389999999968
18.071009999999987
18.071009999999987
18.071009999999987
18.071009999999987
18.071009999999987
4.936200000000003
16.777989999999974
18.073789999999992
18.073789999999992
18.073789999999992
18.073789999999992
12.986009999999977
16.901589999999977
16.901589999999977
17.911509999999986
17.911509999999986
17.911509999999986
17.10778999999998
17.10778999999998
17.10778999999998
17.10778999999998
17.10778999999998
17.10778999999998
17.10778999999998
17.10778999999998
17.680909999999983
4.3305000000000025
4.3305000000000025
4.3305000000000025
18.156089999999992
17.98618999999999
17.96579999999998
17.96360999999999
17.42678999999998
14.490289999999966
17.862409999999986
17.862409999999986
17.862409999999986
17.862409999999986
15.068789999999964
17.683689999999984
17.683689999999984
17.683689999999984
17.00991999999998
17.99380999999999
5.4974700000000025
5.4974700000000025
5.4974700000000025
5.4974700000000025
5.4974700000000025
5.4974700000000025
5.4974700000000025
17.161189999999976
17.161189999999976
17.161189999999976
16.573099999999975
17.46878999999998
17.52140999999998
17.52140999999998
17.52140999999998
17.52140999999998
17.52140999999998
17.52140999999998
17.52140999999998
17.52140999999998
17.52140999999998
17.52140999999998
16.59498999999997
14.972989999999962
17.657789999999984
15.056489999999968
16.647589999999973
17.018009999999975
17.018009999999975
17.018009999999975
17.018009999999975
16.134589999999967
17.45300999999998
16.965209999999978
17.39080999999998
17.39080999999998
17.39080999999998
17.090709999999977
17.55060999999998
17.131309999999978
17.47630999999998
17.111789999999978
17.131309999999978
17.03988999999998
17.748689999999986
17.41400999999998
17.41400999999998
16.97100999999998
16.45958999999997
16.45958999999997
16.45958999999997
16.45958999999997
17.971709999999984
16.822889999999973
16.941809999999975
16.941809999999975
17.580109999999983
17.580109999999983
17.580109999999983
17.580109999999983
17.580109999999983
17.47540999999998
16.413009999999968
16.857809999999976
4.886700000000004
16.554709999999968
16.902609999999974
18.26668999999999
17.595189999999985
16.50208999999997
17.59908999999998
16.43358999999997
17.301909999999978
16.943309999999975
16.993509999999976
17.13668999999998
16.130189999999967
16.660109999999975
15.105089999999965
17.35858999999998
17.06008999999998
16.87259999999997
16.769189999999977
17.02600999999997
17.550609999999985
12.44098999999998
12.44098999999998
17.50880999999998
15.996289999999965
17.134709999999977
16.97128999999998
16.46830999999997
16.248299999999972
16.248299999999972
16.248299999999972
16.714309999999973
16.00161999999997
17.08020999999998
16.809009999999972
16.809009999999972
16.65619999999997
16.65619999999997
17.009489999999975
16.975109999999976
15.391289999999968
17.736609999999985
18.18211999999999
16.72889999999997
17.46830999999998
17.677919999999983
16.577919999999978
16.38538999999997
17.924619999999983
17.924619999999983
17.22678999999998
17.303499999999982
3.7626000000000017
17.082719999999977
16.912109999999977
17.114009999999976
16.954989999999974
15.58181999999997
16.406199999999966
16.306309999999968
16.892389999999978
17.901219999999984
4.209600000000003
4.209600000000003
4.209600000000003
4.209600000000003
4.209600000000003
17.32420999999998
17.41941999999998
17.45391999999998
17.134109999999975
17.134109999999975
4.009100000000003
16.56068999999997
17.142709999999976
17.79859999999998
17.40591999999998
17.074089999999977
16.49848999999997
17.70151999999998
15.562019999999967
4.565000000000003
16.194309999999966
4.614800000000003
17.61419999999998
16.539719999999974
5.977700000000005
5.977700000000005
5.977700000000005
5.977700000000005
5.977700000000005
5.977700000000005
5.977700000000005
5.977700000000005
5.977700000000005
5.977700000000005
5.977700000000005
5.977700000000005
5.977700000000005
5.977700000000005
13.547499999999971
10.189799999999991
16.55849999999997
3.7493000000000016
16.169409999999964
17.10599999999997
16.39029999999997
5.996000000000004
16.370619999999974
3.653400000000003
3.653400000000003
3.653400000000003
3.653400000000003
3.653400000000003
3.653400000000003
3.653400000000003
3.653400000000003
3.653400000000003
3.653400000000003
3.653400000000003
3.653400000000003
3.653400000000003
3.653400000000003
3.653400000000003
3.653400000000003
3.653400000000003
3.653400000000003
3.653400000000003
3.653400000000003
3.653400000000003
3.653400000000003
3.653400000000003
6.491400000000004
6.491400000000004
6.491400000000004
5.308200000000004
15.578699999999964
3.9666000000000023
3.9666000000000023
3.9666000000000023
3.9666000000000023
3.9666000000000023
3.9666000000000023
3.9666000000000023
3.9666000000000023
3.9666000000000023
3.9666000000000023
16.392099999999967
14.940099999999969
2.5927000000000007
2.5927000000000007
6.119000000000004
4.077500000000002
16.22249999999997
16.482799999999973
15.813499999999971
2.1746
3.7909000000000024
12.212999999999981
4.437300000000002
12.916199999999977
14.30889999999997
14.379099999999973
3.3911000000000016
16.546809999999972
4.987900000000005
3.0073000000000008
3.0073000000000008
3.0073000000000008
3.0073000000000008
3.0073000000000008
3.0073000000000008
3.0073000000000008
3.0073000000000008
3.0073000000000008
3.0073000000000008
3.0073000000000008
3.0073000000000008
3.0073000000000008
3.0073000000000008
3.0073000000000008
3.0073000000000008
3.0073000000000008
3.0073000000000008
3.0073000000000008
3.0073000000000008
3.0073000000000008
3.0073000000000008
17.057889999999976
13.066819999999977
6.9744000000000055
5.756700000000004
11.349799999999988
5.913300000000005
13.710199999999974
3.476600000000002
3.476600000000002
14.415789999999973
12.395399999999977
5.337070000000004
14.093669999999971
14.21748999999997
10.064199999999992
4.178600000000002
4.178600000000002
4.178600000000002
3.173400000000001
3.173400000000001
3.173400000000001
3.173400000000001
3.173400000000001
3.173400000000001
3.173400000000001
3.173400000000001
3.173400000000001
3.173400000000001
3.173400000000001
3.173400000000001
3.173400000000001
3.173400000000001
3.173400000000001
3.173400000000001
3.173400000000001
3.173400000000001
3.173400000000001
3.173400000000001
3.173400000000001
3.173400000000001
3.173400000000001
15.807889999999965
2.993100000000001
10.319719999999993
10.52421999999999
1.8841999999999999
3.010700000000001
4.718500000000004
13.061099999999975
4.688870000000004
3.8918000000000026
3.8918000000000026
3.8918000000000026
3.8918000000000026
3.8918000000000026
3.8918000000000026
3.8918000000000026
3.8918000000000026
3.8918000000000026
3.8918000000000026
3.8918000000000026
3.8918000000000026
3.8918000000000026
3.767000000000003
3.4577000000000018
4.064300000000003
4.064300000000003
4.064300000000003
4.064300000000003
4.064300000000003
4.064300000000003
4.064300000000003
10.082619999999993
3.4723000000000015
4.076600000000003
3.3500000000000023
4.0218000000000025
4.0218000000000025
4.0218000000000025
5.542800000000004
3.2741000000000007
5.669200000000004
5.191600000000004
13.746289999999968
4.603900000000002
3.3549000000000024
3.3549000000000024
3.3549000000000024
3.596600000000002
12.058309999999983
2.788000000000001
3.1309000000000013
2.940100000000001
2.9141000000000012
2.7478000000000016
5.663570000000003
1.3755
2.703100000000001
2.803400000000001
3.572700000000002
6.2458000000000045
5.977700000000004
2.8777000000000017
1.0262
2.7408
16.282789999999963
5.144200000000004
2.5539000000000005
4.230400000000003
7.831500000000006
3.590600000000002
2.2697000000000003
1.6317999999999997
1.1183
3.339500000000002
1.7833999999999999
1.4486999999999999
2.9274000000000004
0.6398999999999999
-0.13679999999999998
0.7842
0.5857
0.8829
17.177609999999973
1.4391
2.2096
-0.1849
0.8404
15.853109999999964
11.501199999999985
-0.17039999999999988
-0.17039999999999988
16.85578999999997
16.78848999999997
13.125289999999977
16.054519999999968
3.691100000000003
17.589789999999983
11.699099999999985
13.665999999999972
16.446619999999967
13.431299999999972
16.608819999999973
2.6129000000000007
17.169409999999978
16.56178999999997
8.031900000000007
15.786589999999967
2.759100000000001
16.928599999999975
15.471099999999968
13.23061999999997
3.053700000000001
12.003299999999982
16.79131999999997
16.68510999999997
