[0.5091038]
[0.5091038]
[0.5091038]
[0.5091038]
[0.5091038]
[0.5091038]
[0.5091038]
[0.5091038]
[0.54869384]
[0.54869384]
[0.54869384]
[0.54869384]
[0.51356584]
[0.5111019]
[0.47625533]
[0.47625533]
[0.47625533]
[0.47625533]
[0.4979575]
[0.5008405]
[0.53741634]
[0.53741634]
[0.4566698]
[0.4566698]
[0.48178804]
[0.57456267]
[0.48642582]
[0.5605986]
[0.43788698]
[0.47756442]
[0.47756442]
[0.5130514]
[0.5552417]
[0.48729897]
[0.52173346]
[0.52173346]
[0.52173346]
[0.52173346]
[0.52173346]
[0.52173346]
[0.52173346]
[0.52173346]
[0.52173346]
[0.52173346]
[0.52173346]
[0.52173346]
[0.52173346]
[0.52173346]
[0.52173346]
[0.52173346]
[0.52173346]
[0.52173346]
[0.52173346]
[0.52173346]
[0.52173346]
[0.52173346]
[0.52173346]
[0.52173346]
[0.52173346]
[0.52173346]
[0.52173346]
[0.52173346]
[0.52173346]
[0.52173346]
[0.52173346]
[0.52173346]
[0.468581]
[0.4611139]
[0.4453333]
[0.4761055]
[0.4761055]
[0.48290855]
[0.4837817]
[0.3422072]
[0.42305088]
[0.4578014]
[0.3092362]
[0.3092362]
[0.3092362]
[0.4273889]
[0.4273889]
[0.4273889]
[0.4273889]
[0.2869162]
[0.42398342]
[0.42398342]
[0.46178636]
[0.41366524]
[0.41366524]
[0.41366524]
[0.41366524]
[0.41366524]
[0.34148547]
[0.46358338]
[0.46358338]
[0.46358338]
[0.46358338]
[0.46358338]
[0.28740117]
[0.28740117]
[0.28740117]
[0.32685995]
[0.274889]
[0.274889]
[0.274889]
[0.274889]
[0.274889]
[0.274889]
[0.274889]
[0.274889]
[0.274889]
[0.274889]
[0.274889]
[0.274889]
[0.274889]
[0.274889]
[0.274889]
[0.274889]
[0.274889]
[0.274889]
[0.274889]
[0.274889]
[0.274889]
[0.274889]
[0.274889]
[0.274889]
[0.274889]
[0.274889]
[0.274889]
[0.274889]
[0.274889]
[0.274889]
[0.274889]
[0.274889]
[0.274889]
[0.274889]
[0.274889]
[0.274889]
[0.274889]
[0.274889]
[0.274889]
[0.274889]
[0.274889]
[0.274889]
[0.274889]
[0.274889]
[0.274889]
[0.274889]
[0.274889]
[0.274889]
[0.274889]
[0.274889]
[0.274889]
[0.274889]
[0.274889]
[0.274889]
[0.274889]
[0.274889]
[0.274889]
[0.274889]
[0.274889]
[0.274889]
[0.274889]
[0.274889]
[0.274889]
[0.274889]
[0.274889]
[0.274889]
[0.274889]
[0.274889]
[0.274889]
[0.39982966]
[0.39982966]
[0.39982966]
[0.31394842]
[0.31394842]
[0.31394842]
[0.31394842]
[0.40590838]
[0.40590838]
[0.40564534]
[0.35279065]
[0.37016794]
[0.47974417]
[0.46886012]
[0.3011679]
[0.44467193]
[0.2562695]
[0.27157608]
[0.46153295]
[0.37245756]
[0.43769127]
[0.43769127]
[0.43769127]
[0.43769127]
[0.43769127]
[0.43769127]
[0.43769127]
[0.43769127]
[0.43769127]
[0.43769124]
[0.43277416]
[0.35821342]
[0.35821342]
[0.35821342]
[0.49319276]
[0.49319276]
[0.40293908]
[0.36997604]
[0.25965092]
[0.29293978]
[0.25097477]
[0.25031373]
[0.42348295]
[0.4094332]
[0.34505746]
[0.30688033]
[0.4561272]
[0.4561272]
[0.4561272]
[0.4561272]
[0.29407042]
[0.42623785]
[0.42908]
[0.3924718]
[0.3436559]
[0.44863966]
[0.3680703]
[0.37896374]
[0.34189653]
[0.40765235]
[0.39128986]
[0.38673198]
[0.22452442]
[0.22452442]
[0.22452442]
[0.22452442]
[0.17466411]
[0.34235734]
[0.3356614]
[0.33839402]
[0.41885045]
[0.32247913]
[0.3820328]
[0.36317974]
[0.37712327]
[0.37712327]
[0.44177708]
[0.44177708]
[0.44177708]
[0.3024716]
[0.3881287]
[0.3881287]
[0.37526736]
[0.37526736]
[0.37526736]
[0.37526736]
[0.37526736]
[0.37526736]
[0.37526736]
[0.37526736]
[0.37526736]
[0.37526736]
[0.37526736]
[0.37526736]
[0.37526736]
[0.37526736]
[0.37526736]
[0.37526736]
[0.37526736]
[0.37526736]
[0.37526736]
[0.37526736]
[0.37526736]
[0.37526736]
[0.37526736]
[0.37526736]
[0.37526736]
[0.37526736]
[0.37526736]
[0.37526736]
[0.37526736]
[0.37526736]
[0.37526736]
[0.37526736]
[0.37526736]
[0.37526736]
[0.37526736]
[0.37526736]
[0.37526736]
[0.37526736]
[0.37526736]
[0.37526736]
[0.37526736]
[0.37526736]
[0.37526736]
[0.37526736]
[0.51181227]
[0.37526736]
[0.37526736]
[0.37526736]
[0.37526736]
[0.37526736]
[0.37526736]
[0.37526736]
[0.37526736]
[0.37526736]
[0.37526736]
[0.37526736]
[0.37526736]
[0.37526736]
[0.42825308]
[0.3680055]
[0.35336572]
[0.35336572]
[0.35336572]
[0.35336572]
[0.35336572]
[0.35336572]
[0.35336572]
[0.35336572]
[0.35336572]
[0.35336572]
[0.35336572]
[0.35336572]
[0.35336572]
[0.35336572]
[0.21155974]
[0.2669803]
[0.3863786]
[0.3863786]
[0.3863786]
[0.32813135]
[0.32813135]
[0.32813135]
[0.33469716]
[0.41447818]
[0.3919733]
[0.39323473]
[0.37708178]
[0.3111099]
[0.3111099]
[0.37382346]
[0.2189368]
[0.3815674]
[0.3815674]
[0.3815674]
[0.3815674]
[0.3815674]
[0.37413216]
[0.3854438]
[0.25706652]
[0.15975745]
[0.22231987]
[0.41714835]
[0.35770532]
[0.35770532]
[0.35770532]
[0.35770532]
[0.35770532]
[0.35770532]
[0.3604502]
[0.3604502]
[0.3604502]
[0.16798724]
[0.38211286]
[0.32656536]
[0.36712876]
[0.20588744]
[0.23098217]
[0.3394486]
[0.3486118]
[0.23995538]
[0.34324634]
[0.3484513]
[0.3422108]
[0.33903894]
[0.33903894]
[0.40612158]
[0.38948333]
[0.37031546]
[0.40331498]
[0.37097865]
[0.37097865]
[0.22254515]
[0.35288936]
[0.19823657]
[0.39606845]
[0.21288387]
[0.34253123]
[0.27509922]
[0.3233413]
[0.33999696]
[0.19029471]
[0.25154105]
[0.25154105]
[0.25154105]
[0.3653025]
[0.31977627]
[0.35541835]
[0.20280899]
[0.31759787]
[0.27788055]
[0.29795736]
[0.27248013]
[0.27248013]
[0.32764223]
[0.28211713]
[0.2875715]
[0.31788737]
[0.35285273]
[0.26914296]
[0.16959646]
[0.33910948]
[0.3412281]
[0.32258663]
[0.15316443]
[0.2609174]
[0.21524157]
[0.17092828]
[0.34211746]
[0.19733356]
[0.2760767]
[0.50213873]
[0.28469312]
[0.2680583]
[0.4083195]
[0.24406734]
[0.16114582]
[0.15369613]
[0.29381412]
[0.20820376]
[0.24320231]
[0.20165163]
[0.1585303]
[0.43774933]
[0.19657092]
[0.27114987]
[0.2384275]
[0.21782751]
[0.2582936]
[0.24608201]
[0.27287504]
[0.2925194]
[0.25261384]
[0.23395132]
[0.1281529]
[0.21729909]
[0.24472249]
[0.2350854]
[0.27438262]
[0.20354192]
[0.18629724]
[0.2116125]
[0.27433574]
[0.11301708]
[0.1587574]
[0.1587574]
[0.10443281]
[0.26325375]
[0.274526]
[0.26325375]
[0.12770438]
[0.18115322]
[0.21401761]
[0.13504072]
[0.12051587]
[0.30144456]
[0.19440283]
[0.25714538]
[0.21394262]
[0.34889746]
[0.16574506]
[0.09753018]
[0.27260837]
[0.2747283]
[0.17578778]
[0.6072009]
[0.45611838]
[0.30635232]
[0.3478843]
[0.30029348]
[0.23284236]
[0.24903445]
[0.29355234]
[0.26648593]
[0.30590415]
[0.44212988]
[0.44212988]
[0.25846452]
[0.1856687]
[0.23940578]
[0.30133903]
[0.16564398]
[0.45169264]
[0.23870909]
[0.32427245]
[0.18678169]
[0.19202533]
[0.19680575]
