[0.02373924]
[0.02373924]
[0.02373924]
[0.02373924]
[0.02373924]
[0.02373924]
[0.02373924]
[0.02373924]
[0.00056089]
[0.00056089]
[0.00056089]
[0.00056089]
[0.00056089]
[0.00056089]
[0.00056089]
[0.00056089]
[0.00056089]
[0.00056089]
[0.00056089]
[0.00056089]
[0.00056089]
[0.00056089]
[0.00056089]
[0.00056089]
[0.00056089]
[0.00056089]
[0.00056089]
[0.00056089]
[0.00056089]
[0.00056089]
[0.00056089]
[0.00056089]
[0.00056089]
[0.00056089]
[0.00056089]
[0.00056089]
[0.00056089]
[0.00056089]
[0.00056089]
[0.00056089]
[0.00056089]
[0.00056089]
[0.00056089]
[0.00056089]
[0.00056089]
[0.00056089]
[0.00056089]
[0.00056089]
[0.00056089]
[0.00056089]
[0.00056089]
[0.00056089]
[0.00056089]
[0.00056089]
[0.00056089]
[0.00056089]
[0.00056089]
[0.00056089]
[0.00056089]
[0.00056089]
[0.00056089]
[0.00056089]
[0.00056089]
[0.00056089]
[0.00056089]
[0.00056089]
[0.00056089]
[0.00056089]
[0.00056089]
[0.00056089]
[0.00056089]
[0.00056089]
[0.00056089]
[0.00056089]
[0.00056089]
[0.00056089]
[0.00056089]
[0.00056089]
[0.00056089]
[0.00056089]
[0.00056089]
[0.00056089]
[0.00056089]
[0.00056089]
[0.00056089]
[0.00056089]
[0.00056089]
[0.00056089]
[0.00056089]
[0.00056089]
[0.00056089]
[0.00056089]
[0.00056089]
[0.00056089]
[0.00056089]
[0.00056089]
[0.00056089]
[0.00056089]
[0.00056089]
[0.00056089]
[0.00056089]
[0.00056089]
[0.00056089]
[0.00056089]
[0.00056089]
[0.00056089]
[0.00056089]
[0.00056089]
[0.00056089]
[0.00056089]
[0.00056089]
[0.00056089]
[0.00056089]
[0.00056089]
[0.00056089]
[0.00056089]
[0.00056089]
[0.00056089]
[0.00056089]
[0.00056089]
[0.00056089]
[0.00056089]
[0.00056089]
[0.00056089]
[0.00056089]
[0.00056089]
[0.00056089]
[0.00056089]
[0.00056089]
[0.00056089]
[0.00056089]
[0.00056089]
[0.00056089]
[0.00056089]
[0.00056089]
[0.00056089]
[0.00056089]
[0.00056089]
[0.00056089]
[0.00056089]
[0.00056089]
[0.00056089]
[0.00056089]
[0.00056089]
[0.00056089]
[0.00056089]
[0.00056089]
[0.00056089]
[0.00056089]
[0.00056089]
[0.00056089]
[0.00056089]
[0.00056089]
[0.00056089]
[0.00056089]
[0.00056089]
[0.00056089]
[0.00056089]
[0.00056089]
[0.00056089]
[0.00056089]
[0.00056089]
[0.00056089]
[0.00056089]
[0.00056089]
[0.00056089]
[0.00056089]
[0.00056089]
[0.00056089]
[0.00056089]
[0.00056089]
[0.00056089]
[0.00056089]
[0.00056089]
[0.00056089]
[0.00056089]
[0.00056089]
[0.00056089]
[0.00056089]
[0.00056089]
[0.00056089]
[0.00056089]
[0.00056089]
[0.00056089]
[0.00056089]
[0.00056089]
[0.00056089]
[0.00056089]
[0.00056089]
[0.00056089]
[0.00056089]
[0.00056089]
[0.00056089]
[0.00056089]
[0.00056089]
[0.00056089]
[0.00056089]
[0.00056089]
[0.00056089]
[0.00056089]
[0.00056089]
[0.00056089]
[0.00056089]
[0.00056089]
[0.00056089]
[0.00056089]
[0.00056089]
[0.00056089]
[0.00056089]
[0.00056089]
[0.00056089]
[0.00056089]
[0.00056089]
[0.00056089]
[0.00056089]
[0.00056089]
[0.00056089]
[0.00056089]
[0.00056089]
[0.00056089]
[0.00056089]
[0.00056089]
[0.00056089]
[0.00056089]
[0.00056089]
[0.00056089]
[0.00056089]
[0.00056089]
[0.00056089]
[0.00056089]
[0.00056089]
[0.00056089]
[0.00056089]
[0.00056089]
[0.00056089]
[0.00056089]
[0.00056089]
[0.00056089]
[0.00056089]
[0.00056089]
[0.00056089]
[0.00056089]
[0.00056089]
[0.00056089]
[0.00056089]
[0.00056089]
[0.00056089]
[0.00056089]
[0.00056089]
[0.00056089]
[0.00056089]
[0.00056089]
[0.00056089]
[0.00056089]
[0.00056089]
[0.00056089]
[0.00056089]
[0.00056089]
[0.00056089]
[0.00056089]
[0.00056089]
[0.00056089]
[0.00056089]
[0.00056089]
[0.00056089]
[0.00056089]
[0.00056089]
[0.00056089]
[0.00056089]
[0.00056089]
[0.00056089]
[0.00056089]
[0.00056089]
[0.00056089]
[0.00056089]
[0.00056089]
[0.00056089]
[0.00056089]
[0.00056089]
[0.00056089]
[0.00056089]
[0.00056089]
[0.00056089]
[0.00056089]
[0.00056089]
[0.00056089]
[0.00056089]
[0.00056089]
[0.00056089]
[0.00056089]
[0.00056089]
[0.00056089]
[0.00056089]
[0.00056089]
[0.00056089]
[0.00056089]
[0.00056089]
[0.00056089]
[0.00056089]
[0.00056089]
[0.00056089]
[0.00056089]
[0.00056089]
[0.00056089]
[0.00056089]
[0.00056089]
[0.00056089]
[0.00056089]
[0.00056089]
[0.00056089]
[0.00056089]
[0.00056089]
[0.00056089]
[0.00056089]
[0.00056089]
[0.00056089]
[0.00056089]
[0.00056089]
[0.00056089]
[0.00056089]
[0.00056089]
[0.00056089]
[0.00056089]
[0.00056089]
[0.00056089]
[0.00056089]
[0.00056089]
[0.00056089]
[0.00056089]
[0.00056089]
[0.00056089]
[0.00056089]
[0.00056089]
[0.00056089]
[0.00056089]
[0.00056089]
[0.00056089]
[0.00056089]
[0.00056089]
[0.00056089]
[0.00056089]
[0.00056089]
[0.00056089]
[0.00056089]
[0.00056089]
[0.00056089]
[0.00056089]
[0.00056089]
[0.00056089]
[0.00056089]
[0.00056089]
[0.00056089]
[0.00056089]
[0.00056089]
[0.00056089]
[0.00056089]
[0.00056089]
[0.00056089]
[0.00056089]
[0.00056089]
[0.00056089]
[0.00056089]
[0.00056089]
[0.00056089]
[0.00056089]
[0.00056089]
[0.00056089]
[0.00056089]
[0.00056089]
[0.00056089]
[0.00056089]
[0.00056089]
[0.00056089]
[0.00056089]
[0.00056089]
[0.00056089]
[0.00056089]
[0.00056089]
[0.00056089]
[0.00056089]
[0.00056089]
[0.00056089]
[0.00056089]
[0.00056089]
[0.00056089]
[0.00056089]
[0.00056089]
[0.00056089]
[0.00056089]
[0.00056089]
[0.00056089]
[0.00056089]
[0.00056089]
[0.00056089]
[0.00056089]
[0.00056089]
[0.00056089]
[0.00056089]
[0.00056089]
[0.00056089]
[0.00056089]
[0.00056089]
[0.00056089]
[0.00056089]
[0.00056089]
[0.00056089]
[0.00056089]
[0.00056089]
[0.00056089]
[0.00056089]
[0.00056089]
[0.00056089]
[0.00056089]
[0.00056089]
[0.00056089]
[0.00056089]
[0.00056089]
[0.00056089]
[0.00056089]
[0.00056089]
[0.00056089]
[0.00056089]
[0.00056089]
[0.00056089]
[0.00056089]
[0.00056089]
[0.00056089]
[0.00056089]
[0.00056089]
[0.00056062]
[0.00056062]
[0.00056102]
[0.00056102]
[0.00056102]
[0.00056102]
[0.00056102]
[0.00056102]
[0.00056108]
[0.00056132]
[0.00056118]
[0.00056116]
[0.00056116]
[0.00056116]
[0.00056116]
[0.00056116]
[0.00056123]
[0.00056123]
[0.00056122]
[0.00056166]
[0.00056132]
[0.00056132]
[0.00056133]
[0.00056135]
[0.0005618]
[0.0005631]
[0.00056194]
[0.00056111]
[0.00056314]
[0.00056422]
[0.00056733]
[0.00057254]
[0.000574]
[0.00057041]
[0.00057135]
[0.00057135]
[0.00057135]
[0.0005728]
[0.00057251]
[0.00057568]
[0.00057164]
[0.00057468]
[0.00057497]
[0.00058853]
[0.0005872]
[0.0005872]
[0.0005872]
[0.00058566]
[0.00058566]
[0.00058566]
[0.00060295]
[0.0005939]
[0.00059947]
[0.00058359]
[0.00059705]
[0.0127867]
[0.0127867]
[0.0127867]
[0.0127867]
[0.00062358]
[0.0019525]
[0.00064358]
[0.00079795]
[0.00059166]
[0.00072215]
[0.00190256]
[0.00162987]
[0.0006266]
[0.0006266]
[0.0006266]
[0.00057164]
