[0.53355235]
[0.55722594]
[0.48256996]
[0.37233844]
[0.45075262]
[0.45075262]
[0.45075262]
[0.45927408]
[0.5036564]
[0.5036564]
[0.42217985]
[0.45499495]
[0.4795152]
[0.47553164]
[0.5529615]
[0.5573474]
[0.3586371]
[0.3586371]
[0.3586371]
[0.3586371]
[0.4773833]
[0.4773833]
[0.4773833]
[0.4773833]
[0.4773833]
[0.4773833]
[0.5054289]
[0.45381114]
[0.48613226]
[0.48613226]
[0.48613226]
[0.52444315]
[0.5585349]
[0.5585349]
[0.5585349]
[0.5957431]
[0.5796681]
[0.55026597]
[0.51615554]
[0.56881]
[0.56881]
[0.53267014]
[0.4649608]
[0.57800853]
[0.56026655]
[0.56026655]
[0.48186752]
[0.45325816]
[0.47425354]
[0.39638913]
[0.47827145]
[0.47827145]
[0.3531554]
[0.3530733]
[0.3530733]
[0.3530733]
[0.3530733]
[0.38255095]
[0.46501333]
[0.38800082]
[0.41947255]
[0.41947255]
[0.31928343]
[0.5499718]
[0.36050022]
[0.4465424]
[0.48290408]
[0.40757653]
[0.4823951]
[0.4475792]
[0.4840585]
[0.4840585]
[0.4840585]
[0.49792144]
[0.43509567]
[0.43509567]
[0.43509567]
[0.43509567]
[0.48131114]
[0.48131114]
[0.48131114]
[0.48131114]
[0.48131114]
[0.48131114]
[0.48131114]
[0.48131114]
[0.48131114]
[0.48131114]
[0.48131114]
[0.46851298]
[0.42505038]
[0.4852906]
[0.3929536]
[0.3929536]
[0.49727038]
[0.5585781]
[0.45037514]
[0.52867424]
[0.52867424]
[0.52867424]
[0.52867424]
[0.41112807]
[0.41112807]
[0.38210943]
[0.5304735]
[0.5304735]
[0.5304735]
[0.5304735]
[0.5304735]
[0.5304735]
[0.5523219]
[0.4119339]
[0.46034727]
[0.46034727]
[0.3976628]
[0.41345298]
[0.4073555]
[0.43747967]
[0.5348542]
[0.43198195]
[0.43198195]
[0.43198195]
[0.48951277]
[0.4129738]
[0.5091232]
[0.5091232]
[0.4811233]
[0.4811233]
[0.4841898]
[0.43934256]
[0.43934256]
[0.43934256]
[0.43934256]
[0.43934256]
[0.29424444]
[0.44130892]
[0.5156464]
[0.5365143]
[0.51575047]
[0.36078048]
[0.44261426]
[0.44261426]
[0.44261426]
[0.44261426]
[0.46686667]
[0.37599015]
[0.39515474]
[0.35925543]
[0.35925543]
[0.4941505]
[0.5028475]
[0.51445454]
[0.39168683]
[0.43274677]
[0.43274677]
[0.43274677]
[0.38733763]
[0.53935266]
[0.4533381]
[0.4533381]
[0.4533381]
[0.4533381]
[0.5029687]
[0.48643112]
[0.48643112]
[0.48643112]
[0.48643112]
[0.48643112]
[0.4311684]
[0.4311684]
[0.5321064]
[0.5326195]
[0.49434736]
[0.328878]
[0.5244807]
[0.53951967]
[0.4709801]
[0.47100243]
[0.47100243]
[0.4905902]
[0.44099134]
[0.3721961]
[0.4230851]
[0.51686496]
[0.49575388]
[0.4081934]
[0.31633267]
[0.47317174]
[0.4586127]
[0.4064371]
[0.49306756]
[0.3947995]
[0.42063028]
[0.44272274]
[0.49689305]
[0.46592614]
[0.46592614]
[0.38125986]
[0.31257057]
[0.50353956]
[0.44088483]
[0.44088483]
[0.45430687]
[0.47850892]
[0.36150196]
[0.4020444]
[0.5244401]
[0.32424462]
[0.33374017]
[0.4404506]
[0.4946164]
[0.47641626]
[0.47641626]
[0.47641626]
[0.5216743]
[0.33743584]
[0.46913004]
[0.45180815]
[0.45740867]
[0.4053957]
[0.39113244]
[0.41096112]
[0.47169274]
[0.38125986]
[0.36955783]
[0.36955783]
[0.36955783]
[0.42218706]
[0.42218706]
[0.42218706]
[0.42218706]
[0.42218706]
[0.42218706]
[0.41613296]
[0.4841202]
[0.4841202]
[0.4841202]
[0.493451]
[0.46030432]
[0.37205216]
[0.36519113]
[0.36724055]
[0.43762976]
[0.4339079]
[0.4339079]
[0.4339079]
[0.4339079]
[0.4339079]
[0.4339079]
[0.4339079]
[0.4339079]
[0.4339079]
[0.4339079]
[0.4339079]
[0.45714605]
[0.37742946]
[0.4775486]
[0.5029034]
[0.37928656]
[0.3916453]
[0.36492404]
[0.43198422]
[0.37123296]
[0.37470028]
[0.37897298]
[0.35663742]
[0.4012865]
[0.40487888]
[0.41503987]
[0.41870943]
[0.39827684]
[0.3759232]
[0.3759232]
[0.3759232]
[0.3759232]
[0.3759232]
[0.3759232]
[0.3759232]
[0.3759232]
[0.3759232]
[0.31521776]
[0.38274246]
[0.367008]
[0.35816175]
[0.4332878]
[0.397963]
[0.397963]
[0.4213535]
[0.42902452]
[0.42902452]
[0.48820922]
[0.37580904]
[0.37167078]
[0.47342765]
[0.47342765]
[0.47342765]
[0.3786823]
[0.4852441]
[0.32190642]
[0.45857993]
[0.41409442]
[0.41409442]
[0.40223736]
[0.47454005]
[0.35377273]
[0.4257978]
[0.46171156]
[0.46171156]
[0.39073837]
[0.39073837]
[0.39073837]
[0.39073837]
[0.40986738]
[0.44015953]
[0.35377273]
[0.4986364]
[0.44799826]
[0.42056587]
[0.3996949]
[0.40423337]
[0.412747]
[0.40803477]
[0.40803477]
[0.42831853]
[0.36109725]
[0.42751694]
[0.4676604]
[0.51783705]
[0.35232475]
[0.32775262]
[0.3871803]
[0.3711544]
[0.42318088]
[0.42318088]
[0.44416037]
[0.41295895]
[0.41727206]
[0.41727206]
[0.41727206]
[0.41152582]
[0.37422493]
[0.3900007]
[0.3900007]
[0.3900007]
[0.3900007]
[0.41295895]
[0.47121072]
[0.37863246]
[0.34423706]
[0.38994905]
[0.38994905]
[0.3741577]
[0.36229116]
[0.36229116]
[0.3633745]
[0.3688675]
[0.3484842]
[0.3774278]
[0.41279992]
[0.35727102]
[0.3145114]
[0.36431816]
[0.4954907]
[0.32109538]
[0.3319522]
[0.36778408]
[0.41434288]
[0.43158957]
[0.38049465]
[0.26740348]
[0.44758207]
[0.36224464]
[0.3413649]
[0.25463018]
[0.5276532]
[0.36206698]
[0.3230364]
[0.28418076]
[0.32069227]
[0.31870267]
[0.30957326]
[0.4029659]
[0.41735095]
[0.3107284]
[0.3741964]
[0.24847172]
[0.24738516]
[0.35768592]
[0.37466148]
[0.5929856]
[0.41737756]
[0.30367923]
[0.43665737]
[0.32899904]
[0.3422145]
[0.3888071]
[0.25301564]
[0.31261015]
[0.26671934]
[0.33098677]
[0.38576698]
[0.30855253]
[0.36139563]
[0.26646677]
[0.22916709]
[0.29997605]
[0.25461966]
[0.28401092]
[0.20438968]
[0.3182552]
[0.31603724]
[0.3462302]
[0.344222]
[0.30262706]
[0.38230288]
[0.29447424]
[0.34239963]
[0.2763702]
[0.3548307]
[0.29626244]
[0.25579283]
[0.3017188]
[0.29431516]
[0.39950722]
[0.2412672]
[0.19756109]
[0.36651984]
[0.33649638]
[0.23083122]
[0.22013278]
[0.18150873]
[0.2716482]
[0.24224603]
[0.24337569]
[0.29123572]
[0.27483252]
[0.31640354]
[0.23736666]
[0.27415454]
[0.22823775]
[0.2918609]
[0.23589356]
[0.2605751]
[0.22638902]
[0.2774459]
[0.18940249]
[0.16145246]
[0.18766028]
[0.44573736]
[0.19973603]
[0.32352036]
[0.2362763]
[0.20422924]
[0.25309888]
[0.21910669]
[0.21214914]
[0.28306052]
[0.25649232]
[0.24860975]
[0.19825387]
[0.23200068]
[0.20867616]
[0.28540978]
[0.16380407]
[0.25081262]
[0.2322069]
[0.31818774]
[0.17362936]
[0.17362936]
[0.24048461]
[0.1756505]
[0.1756505]
[0.19707759]
[0.10406666]
[0.17649728]
[0.08975647]
[0.08975647]
[0.08971453]
[0.09188703]
[0.08971846]
[0.23482725]
[0.29023919]
[0.10526509]
[0.4340801]
[0.25343865]
[0.35836825]
[0.265481]
[0.13739501]
[0.17601365]
[0.17953798]
[0.23816715]
[0.1803499]
[0.36872333]
[0.27752894]
[0.21466875]
[0.23124479]
[0.3099781]
[0.30868062]
[0.31172785]
[0.27900842]
