5.393492886415399
5.162059998479284
5.311619711863113
5.403760931235204
5.403760931235204
5.403760931235204
5.403760931235204
5.403760931235204
5.403760931235204
5.403760931235204
5.403760931235204
5.403760931235204
5.403760931235204
5.403760931235204
5.403760931235204
5.403760931235204
4.9474812899837985
3.657868123599986
3.657868123599986
3.657868123599986
5.112820025834855
5.112820025834855
5.241851090047703
5.371876636003608
5.185163834362497
5.915204571226281
5.548790862123901
5.548790862123901
6.496795311138498
6.281439728153127
5.977273044040292
4.006683350520217
4.006683350520217
4.006683350520217
4.006683350520217
4.006683350520217
4.006683350520217
4.006683350520217
4.006683350520217
4.006683350520217
4.006683350520217
4.006683350520217
4.006683350520217
4.006683350520217
4.006683350520217
4.006683350520217
4.006683350520217
4.006683350520217
4.006683350520217
4.006683350520217
4.006683350520217
4.006683350520217
4.006683350520217
4.006683350520217
4.006683350520217
6.647372234215422
5.520628817043647
3.982947812609787
4.352903654145715
4.354391203760089
6.665198021197362
4.945686126967086
3.9065915104123086
3.9065915104123086
3.904760259309052
4.5724826414764745
4.5724826414764745
4.5724826414764745
4.633405718399553
4.4306687736541575
4.4306687736541575
4.4306687736541575
4.4306687736541575
4.215706260111363
4.215706260111363
4.215706260111363
4.662594687320093
4.662594687320093
4.662594687320093
4.662594687320093
4.662594687320093
4.622735309881611
4.622735309881611
7.817375123821991
4.507291889847018
3.5819683840839582
3.325541647215336
3.325541647215336
4.99001067459362
4.7481047051005305
4.7481047051005305
4.7481047051005305
4.7481047051005305
4.7481047051005305
4.390346772180944
4.295419615684175
4.416303419128825
4.422333779071275
4.360108210742383
4.877634320783083
3.9900853477772085
4.2015140220394285
4.2015140220394285
4.2015140220394285
4.825502592801994
4.825502592801994
4.825502592801994
4.825502592801994
4.825502592801994
4.825502592801994
4.845982525900908
4.578358846453406
4.203407511441682
4.203407511441682
4.203407511441682
4.203407511441682
4.203407511441682
4.203407511441682
4.203407511441682
4.203407511441682
4.203407511441682
4.203407511441682
4.203407511441682
4.203407511441682
4.203407511441682
4.203407511441682
4.203407511441682
4.203407511441682
4.203407511441682
4.203407511441682
4.203407511441682
4.203407511441682
4.203407511441682
4.203407511441682
4.203407511441682
4.807008107514446
4.431430384914945
4.431430384914945
4.431430384914945
4.431430384914945
4.431430384914945
4.431430384914945
4.431430384914945
4.431430384914945
4.431430384914945
4.014586477646829
4.014586477646829
4.448252466486637
3.440778302241702
3.440778302241702
3.440778302241702
3.440778302241702
3.440778302241702
5.034240592362012
3.929348969983141
5.496985291412658
3.8654672759947797
4.424037510530395
4.424037510530395
4.322212769535639
4.287171347605518
5.594443908559482
3.710994816412814
3.481991197225172
3.481991197225172
4.484129851444833
5.602949153802565
5.602949153802565
2.899670881041679
2.899670881041679
3.36136502015695
3.36136502015695
3.36136502015695
3.36136502015695
4.124903573878812
4.124903573878812
4.124903573878812
4.185704423376483
4.1627748280370955
4.1627748280370955
4.1627748280370955
4.1627748280370955
4.1627748280370955
3.0553697946927594
2.9222079816741093
4.120577700141311
4.229119271169095
4.183150247110278
4.7555440964157825
3.960285021842611
3.960285021842611
3.960285021842611
3.960285021842611
3.960285021842611
4.377189801988149
4.22047245729446
4.455409697073856
5.08877042394227
5.08877042394227
5.08877042394227
5.08877042394227
5.08877042394227
4.359444375469782
4.359444375469782
4.359444375469782
4.359444375469782
4.359444375469782
4.359444375469782
4.359444375469782
4.359444375469782
4.359444375469782
4.359444375469782
4.359444375469782
4.359444375469782
4.359444375469782
4.359444375469782
4.359444375469782
4.359444375469782
4.359444375469782
4.359444375469782
4.359444375469782
4.359444375469782
3.8360996193337904
4.444890577222637
3.689355619195645
4.415764691070138
4.415764691070138
4.3739839121952
5.622812354946995
3.2039480849108495
3.802437930563338
4.656224452714641
4.656224452714641
4.3016862789872885
4.3016862789872885
4.3016862789872885
4.3016862789872885
4.3016862789872885
4.3016862789872885
4.3016862789872885
4.3016862789872885
4.3016862789872885
4.3016862789872885
4.3016862789872885
4.458955135017527
5.188709507286721
3.5642336541457134
4.635216673479066
4.635216673479066
4.635216673479066
4.072152199614441
4.501000729470995
4.501000729470995
4.501000729470995
4.34648452224868
4.34648452224868
4.684790516946902
4.7013376793963015
4.7013376793963015
4.7013376793963015
4.7013376793963015
4.7676087497859845
4.7676087497859845
4.046500096584309
4.046500096584309
4.046500096584309
4.046500096584309
4.046500096584309
4.046500096584309
3.484306668924683
4.7001776391548535
4.7001776391548535
3.4899297477193016
4.500629976794135
3.215116145648296
3.215116145648296
3.215116145648296
4.5346533890387715
4.5346533890387715
4.5346533890387715
4.5346533890387715
4.5346533890387715
4.5346533890387715
4.5346533890387715
4.5346533890387715
4.5346533890387715
4.5346533890387715
4.5346533890387715
4.5346533890387715
4.5346533890387715
4.5346533890387715
4.5346533890387715
4.5346533890387715
4.260681548237271
4.260681548237271
4.672243614428451
4.000322905620764
4.000322905620764
4.000322905620764
4.000322905620764
4.131321923376483
3.618843609229115
4.186612306646477
4.186612306646477
4.186612306646477
4.186612306646477
4.186612306646477
4.186612306646477
4.186612306646477
4.186612306646477
4.186612306646477
4.186612306646477
4.553002216412748
4.2925504672965715
3.2497165259421
4.258324038761098
4.258324038761098
4.937961068411028
4.937961068411028
4.078020950837423
4.078020950837423
4.078020950837423
3.9929184579758736
3.9929184579758736
3.3342800717930015
3.3342800717930015
3.3342800717930015
3.3342800717930015
3.3342800717930015
4.032916402550574
4.032916402550574
4.032916402550574
4.032916402550574
3.7834614732693286
4.235117517027377
3.3226680244371005
3.3226680244371005
3.3226680244371005
3.3226680244371005
3.9726639286307552
4.278732420010339
2.898252275677681
5.881342223048143
4.596585904248298
5.236016049762618
3.9423257458245127
4.184340158451895
4.321388077222637
4.341451546267692
4.367824389662939
3.6492125603830194
4.625631069856476
3.867643196502091
6.522407085081357
4.305180338614511
5.156636849990634
4.17345576953033
5.698197388001134
4.857435636152108
4.997243649294108
4.423654038761098
4.069798795333639
3.8143976585516377
3.570734472852469
5.479830077659016
5.083321742331967
2.3939916832043053
2.3939916832043053
2.3939916832043053
2.3939916832043053
2.3939916832043053
2.3939916832043053
2.3939916832043053
2.3939916832043053
2.3939916832043053
2.3939916832043053
5.59100538094288
5.59100538094288
4.081156211963601
1.7907427085887075
4.369712085904554
4.929193431277063
4.497831918613458
4.901076167922168
4.223108167667792
4.1880103864076
4.313556791358881
3.8550552505106968
4.433434104098362
3.211655400394834
3.483147772938313
5.284022836492726
5.575724373971414
5.113428980338509
4.339653068626491
4.704611492430848
4.308743663281371
4.469653453488457
4.078477622773462
4.3556497851485325
4.949684851358247
4.7864616969889475
6.776070353957312
6.652892251966593
6.314605436474194
5.412049135032353
4.438203591567653
4.902661697656699
3.5802712249391657
4.620401872184214
5.752931126525274
4.248783448277121
4.831632951077852
5.420038597444744
4.593433846453406
4.553029461433135
5.922150981948171
4.733697115684175
4.733697115684175
4.733697115684175
4.888212458515946
5.675348122926625
3.2348214131601445
4.9534593442847505
4.740745642983392
5.042615703249875
5.873476816127274
5.16886359518785
7.023935290209563
5.003862489797169
5.459096824180695
5.800484374954266
4.901722995957167
4.901722995957167
5.24906537339078
5.24906537339078
5.2921752565144144
5.191904313140986
5.132434679362681
4.269817583201059
5.058088503964078
5.394665735417535
5.139684500209906
4.5955040035986965
5.260838892878051
5.325707577132984
4.052818991708781
5.08769057426386
5.134285458377884
5.92363518752198
6.317435859975485
5.373942879829672
4.831691776717182
3.779414776503037
5.484607664124135
5.881825248650655
6.967864813446565
5.4830596156841755
5.195679860410739
4.989922034067231
4.052358184740349
3.4458324195032173
3.001851943256886
5.087232525711018
4.952099276471326
4.361141741407874
4.046565152315726
4.017584355754848
1.0
5.671029773051673
5.671029773051673
4.940585810870023
3.604740509601002
5.377717801151972
5.610013672117124
5.00005406922244
3.663403851453582
5.303441509041904
7.089194454451236
5.743554219061354
4.212225305365285
5.7245468944400075
5.61369275322191
4.964476892621827
3.760803192481137
3.5133525343340075
6.570587302133186
4.743583303564777
4.743583303564777
5.564507661852596
5.513152534334006
7.417593537122115
6.635276923076923
6.963984615384615
6.182898945828736
6.412861643859623
6.412861643859623
5.8060362711470965
5.702974877637141
5.70389527516938
