5.5439880076370835
5.431599997343807
5.51013061118738
5.48260960527022
5.48260960527022
5.48260960527022
5.48260960527022
5.499696291660752
5.499696291660752
5.499696291660752
5.499696291660752
5.499696291660752
5.499696291660752
5.499696291660752
5.499696291660752
5.499696291660752
5.499696291660752
5.499696291660752
5.499696291660752
5.499696291660752
5.499696291660752
5.499696291660752
5.499696291660752
5.499696291660752
5.499696291660752
5.499696291660752
5.499696291660752
5.499696291660752
5.499696291660752
5.499696291660752
5.499696291660752
5.499696291660752
5.499696291660752
5.499696291660752
5.499696291660752
5.499696291660752
5.499696291660752
5.499696291660752
5.499696291660752
5.499696291660752
5.499696291660752
5.499696291660752
5.499696291660752
5.499696291660752
5.499696291660752
5.499696291660752
5.499696291660752
5.499696291660752
5.499696291660752
5.499696291660752
5.499696291660752
5.499696291660752
5.499696291660752
5.499696291660752
5.499696291660752
5.499696291660752
5.499696291660752
5.499696291660752
5.499696291660752
5.499696291660752
5.499696291660752
5.531105498939362
5.466595472456929
5.466595472456929
5.466595472456929
5.466595472456929
5.466595472456929
5.466595472456929
5.441746819142923
5.441746819142923
5.794526173317557
5.657067430157082
5.421435291461453
5.421435291461453
5.421435291461453
5.421435291461453
5.421435291461453
5.421435291461453
5.421435291461453
5.421435291461453
5.421435291461453
5.421435291461453
5.421435291461453
5.421435291461453
5.421435291461453
5.421435291461453
5.421435291461453
5.421435291461453
5.421435291461453
5.421435291461453
5.421435291461453
5.421435291461453
5.421435291461453
5.421435291461453
5.421435291461453
5.421435291461453
5.421435291461453
5.421435291461453
5.421435291461453
5.421435291461453
5.421435291461453
5.421435291461453
5.421435291461453
5.421435291461453
5.421435291461453
5.421435291461453
5.421435291461453
5.421435291461453
5.421435291461453
5.421435291461453
5.421435291461453
5.421435291461453
5.421435291461453
5.421435291461453
5.421435291461453
5.421435291461453
5.421435291461453
5.421435291461453
5.421435291461453
5.421435291461453
5.421435291461453
5.421435291461453
5.421435291461453
5.421435291461453
5.421435291461453
5.421435291461453
5.421435291461453
5.421435291461453
5.421435291461453
5.421435291461453
5.421435291461453
5.421435291461453
5.421435291461453
5.421435291461453
5.421435291461453
5.421435291461453
5.421435291461453
5.421435291461453
5.421435291461453
5.421435291461453
5.421435291461453
5.421435291461453
5.421435291461453
5.421435291461453
5.421435291461453
5.421435291461453
5.421435291461453
5.421435291461453
5.421435291461453
5.421435291461453
5.421435291461453
5.421435291461453
5.421435291461453
5.421435291461453
5.421435291461453
5.421435291461453
5.421435291461453
5.421435291461453
5.421435291461453
5.421435291461453
5.421435291461453
5.421435291461453
5.421435291461453
5.421435291461453
5.421435291461453
5.421435291461453
5.421435291461453
5.421435291461453
5.421435291461453
5.421435291461453
5.421435291461453
5.421435291461453
5.421435291461453
5.421435291461453
5.421435291461453
5.421435291461453
5.421435291461453
5.421435291461453
5.421435291461453
5.421435291461453
5.421435291461453
5.421435291461453
5.421435291461453
5.421435291461453
5.421435291461453
5.421435291461453
5.421435291461453
5.421435291461453
5.421435291461453
5.421435291461453
5.421435291461453
5.421435291461453
5.421435291461453
5.421435291461453
5.421435291461453
5.421435291461453
5.421435291461453
5.421435291461453
5.421435291461453
5.421435291461453
5.421435291461453
5.421435291461453
5.421435291461453
5.421435291461453
5.421435291461453
5.421435291461453
5.421435291461453
5.421435291461453
5.421435291461453
5.421435291461453
5.421435291461453
5.421435291461453
5.421435291461453
5.421435291461453
5.421435291461453
5.421435291461453
5.421435291461453
5.421435291461453
5.421435291461453
5.421435291461453
5.421435291461453
5.421435291461453
5.421435291461453
5.421435291461453
5.421435291461453
5.421435291461453
5.421435291461453
5.421435291461453
5.421435291461453
5.421435291461453
5.421435291461453
5.421435291461453
5.421435291461453
5.421435291461453
5.421435291461453
5.421435291461453
5.421435291461453
5.421435291461453
5.421435291461453
5.421435291461453
5.421435291461453
5.421435291461453
5.421435291461453
5.421435291461453
5.421435291461453
5.421435291461453
5.421435291461453
5.421435291461453
5.421435291461453
5.421435291461453
5.421435291461453
5.421435291461453
5.421435291461453
5.421435291461453
5.421435291461453
5.421435291461453
5.421435291461453
5.421435291461453
5.421435291461453
5.421435291461453
5.421435291461453
5.421435291461453
5.421435291461453
5.421435291461453
5.421435291461453
5.421435291461453
5.421435291461453
5.421435291461453
5.421435291461453
5.421435291461453
5.421435291461453
5.421435291461453
5.421435291461453
5.421435291461453
5.421435291461453
5.421435291461453
5.421435291461453
5.421435291461453
5.421435291461453
5.421435291461453
5.421435291461453
5.421435291461453
5.421435291461453
5.421435291461453
5.421435291461453
5.421435291461453
5.421435291461453
5.421435291461453
5.421435291461453
5.421435291461453
5.421435291461453
5.421435291461453
5.421435291461453
5.421435291461453
5.421435291461453
5.421435291461453
5.421435291461453
5.421435291461453
5.421435291461453
5.421435291461453
5.421435291461453
5.421435291461453
5.421435291461453
5.421435291461453
5.421435291461453
5.421435291461453
5.421435291461453
5.421435291461453
5.421435291461453
5.421435291461453
5.421435291461453
5.421435291461453
5.421435291461453
5.421435291461453
5.421435291461453
5.421435291461453
5.421435291461453
5.421435291461453
5.421435291461453
5.421435291461453
5.421435291461453
5.421435291461453
5.421435291461453
5.421435291461453
5.421435291461453
5.421435291461453
5.421435291461453
5.421435291461453
5.421435291461453
5.421435291461453
5.421435291461453
5.421435291461453
5.421435291461453
5.421435291461453
5.421435291461453
5.421435291461453
5.421435291461453
5.421435291461453
5.421435291461453
5.421435291461453
5.421435291461453
5.421435291461453
5.421435291461453
5.421435291461453
5.421435291461453
5.421435291461453
5.421435291461453
5.421435291461453
5.421435291461453
5.421435291461453
5.421435291461453
5.421435291461453
5.421435291461453
5.421435291461453
5.421435291461453
5.421435291461453
5.421435291461453
5.421435291461453
5.421435291461453
5.421435291461453
5.421435291461453
5.421435291461453
5.421435291461453
5.421435291461453
5.421435291461453
5.421435291461453
5.421435291461453
5.421435291461453
5.421435291461453
5.421435291461453
5.421435291461453
5.421435291461453
5.421435291461453
5.421435291461453
5.421435291461453
5.421435291461453
5.421435291461453
5.421435291461453
5.421435291461453
5.421435291461453
5.421435291461453
5.421435291461453
5.421435291461453
5.421435291461453
5.421435291461453
5.421435291461453
5.421435291461453
5.421435291461453
5.421435291461453
5.421435291461453
5.421435291461453
5.421435291461453
5.421435291461453
5.421435291461453
5.421435291461453
5.421435291461453
5.421435291461453
5.421435291461453
5.421435291461453
5.421435291461453
5.421435291461453
5.421435291461453
5.421435291461453
5.421435291461453
5.421435291461453
5.421435291461453
5.421435291461453
5.421435291461453
5.421435291461453
5.421435291461453
5.421435291461453
5.421435291461453
5.421435291461453
5.421435291461453
5.421435291461453
5.421435291461453
5.421435291461453
5.421435291461453
5.421435291461453
5.421435291461453
5.421435291461453
5.421435291461453
5.421435291461453
5.421435291461453
5.421435291461453
5.421435291461453
5.421435291461453
5.421435291461453
5.905965845619505
5.836220811823445
5.517943037222882
5.282797414458495
5.405699510220732
5.526644341235208
5.552855200963716
5.414037415921107
5.595880907045368
5.758949318610775
5.327929282590362
5.763223391044623
5.618520330451675
5.618520330451675
5.618520330451675
5.618520330451675
6.104267043463448
5.525763202528425
5.551313155566078
5.486702281020504
5.465000559471961
5.636991987404215
5.060882647875522
5.537530050122425
5.933272378898874
5.523823160141382
3.4167961435080443
3.4167961435080443
3.4167961435080443
3.4167961435080443
3.543449102445627
3.543449102445627
3.543449102445627
3.543449102445627
3.543449102445627
3.543449102445627
3.5810002133285437
3.5810002133285437
5.110089496324594
3.9525721982206985
3.9525721982206985
3.9689072249935293
3.5508942792362035
5.651847917393679
3.9047603639011728
3.9047603639011728
3.9047603639011728
3.9047603639011728
3.9047603639011728
3.9047603639011728
3.9047603639011728
3.9047603639011728
3.9047603639011728
3.9047603639011728
3.9047603639011728
4.813668015027103
3.7549253346857494
3.7549253346857494
3.7549253346857494
3.7549253346857494
3.7549253346857494
3.7549253346857494
3.7549253346857494
4.390673544891385
4.633768889605759
4.541051006445722
4.3703162832250175
4.705962580852622
3.3899144093411895
4.759510963311286
3.442415412685671
3.898492277237211
