3.8146194455628075
3.849792131402136
3.849792131402136
3.849792131402136
3.849792131402136
3.849792131402136
3.653411997688883
3.7083436728570893
3.8622967872537917
3.8193778812220955
3.8193778812220955
3.8193778812220955
3.9105813420431703
3.852690849431726
3.7544328621289216
3.70502133169553
3.70502133169553
3.70502133169553
3.70502133169553
3.70502133169553
3.75748704018579
3.699642593994068
3.767045840055343
3.4589590924442613
3.4589590924442613
3.4589590924442613
3.4589590924442613
3.4589590924442613
3.553598511546456
3.894426499938776
3.9322884969306102
3.9003874881882243
3.253821763399344
3.4766824394750806
3.4766824394750806
3.4766824394750806
3.4766824394750806
3.4766824394750806
3.4766824394750806
5.025860074551241
3.932432050142827
3.471741058910019
4.258809404711441
3.6020288473378397
3.6020288473378397
3.6020288473378397
3.6020288473378397
3.6020288473378397
3.9837304188927902
3.9837304188927902
3.761595441947202
3.5785781198088475
3.4455197732044187
4.177497153284074
3.762347943826626
3.762347943826626
3.787271373018479
3.7398315333113628
3.8253075070038864
5.499393582439904
5.499393582439904
3.8527567189574556
4.188361683484349
3.5908567591163525
3.6047271081893095
3.6047271081893095
3.6047271081893095
3.6047271081893095
3.6047271081893095
4.382819005091459
4.382819005091459
4.382819005091459
4.22472859641417
3.9180537141370237
3.3939883344741464
3.760969441520685
3.760969441520685
3.609227906815086
3.4329987844519643
3.5691409123131166
3.6995282723571776
3.2924488466023654
3.2924488466023654
3.2924488466023654
3.2924488466023654
3.2924488466023654
3.2924488466023654
3.2924488466023654
3.2924488466023654
3.2924488466023654
3.278089979117338
3.278089979117338
3.5279002124715078
3.553355873001024
3.6884411885707618
3.3068778539764265
3.281159976812937
3.281159976812937
3.281159976812937
3.680261208922575
3.680261208922575
3.868624011453014
3.32399655409481
3.1836305090177746
3.5422530834828496
3.185082898745277
4.0594491015382985
3.362078309031726
3.9588348033971545
3.441243328602665
3.541819931210033
3.785434655873038
3.187709492774365
3.1483620606021407
3.694936581718263
3.191680445155038
3.818277388382816
3.4634328610898955
3.4634328610898955
3.5561626457480244
3.5561626457480244
3.5561626457480244
3.5561626457480244
3.5561626457480244
3.560227930397489
3.4574085198360116
3.361856471987794
4.361299112357163
4.361299112357163
3.4665262001530674
3.845167839801441
5.50888210252327
3.4622391406325566
3.4622391406325566
3.4622391406325566
4.345451128749093
4.345451128749093
4.345451128749093
3.4950805732869634
3.426888509181371
3.7189508671062264
3.888288577447005
3.166387578541487
3.166387578541487
3.166387578541487
3.166387578541487
3.5262166042500205
3.5262166042500205
3.5262166042500205
3.5262166042500205
3.5262166042500205
3.5262166042500205
3.5262166042500205
3.5262166042500205
3.5262166042500205
3.5262166042500205
3.5262166042500205
3.5262166042500205
3.5262166042500205
3.5262166042500205
3.5262166042500205
3.5262166042500205
3.5262166042500205
3.5262166042500205
3.5262166042500205
3.448347121482355
3.883536091432541
4.444995662486082
3.1856632360557526
3.9665509836048436
4.242462458129829
4.242462458129829
3.5167195111811367
3.8745440153252595
3.7558063542019653
5.431874306421065
5.431874306421065
3.5444432876745298
3.5444432876745298
3.5444432876745298
3.5444432876745298
3.275777819636188
3.275777819636188
3.275777819636188
3.275777819636188
3.275777819636188
3.275777819636188
3.275777819636188
3.275777819636188
3.275777819636188
3.275777819636188
3.275777819636188
3.275777819636188
3.275777819636188
3.275777819636188
3.275777819636188
3.275777819636188
3.275777819636188
3.275777819636188
3.298759691727853
3.4443366404445843
3.503997040800014
3.1872951101555795
3.1872951101555795
3.1872951101555795
3.1872951101555795
3.1872951101555795
3.1872951101555795
3.1872951101555795
3.1872951101555795
3.1872951101555795
3.5494469664627912
3.407945117895405
3.407945117895405
3.27446291003346
4.130652759219904
3.6303161434997557
5.678392137775317
3.480112429072741
3.480112429072741
3.541624588350677
4.48193498228713
3.86185989968876
3.7938216414261143
3.1906582257155494
3.8239876975473717
3.825580063667763
3.3496662087478235
4.7747771941525015
3.2931875477423
3.2931875477423
3.2931875477423
3.511438357530828
3.1176795794611305
3.1176795794611305
3.31896154383902
4.102076848283238
5.051446289959619
3.3318746049666785
3.877046968214806
3.105565369352969
3.8664527206163246
3.318284298601836
3.8984336562290496
4.88426663023746
4.88426663023746
4.794045167158427
4.439299421657069
3.8335615319138476
3.300395144907542
3.817497672867866
4.861565005358949
4.039711854274097
3.258257570888894
3.7614901503116993
3.3916701826536038
5.274186083593374
5.274186083593374
3.5329415653418454
3.5329415653418454
3.5329415653418454
3.5329415653418454
3.5329415653418454
3.467431074104491
4.342746253026588
3.7023358390367154
3.6694828999279583
3.7523702603198696
3.7523702603198696
3.1618952138082
3.6064418738668094
3.589080225510754
3.1546518628137727
3.7609451388558055
5.015030863959117
3.6523462850998403
3.405090962736704
5.132885513311507
3.7317748979394842
3.484925161641346
3.7954379434656023
3.4530302614255426
3.6562350038311457
3.437670893401444
4.698751476735412
5.136649347053398
3.3101541300464348
3.4738835284921574
3.8305509777451494
3.669180027227055
3.964182663123072
3.4831414743538813
4.192383448544702
3.7027612982901585
3.449226315816003
3.449226315816003
3.449226315816003
3.474335518248891
3.5095723815894555
3.507773037148861
5.276737953671221
5.2338020152571785
5.2338020152571785
3.8083390995975606
3.5373319560677796
3.710057065864346
3.513013705617297
5.546875558265314
3.2353335784719466
4.202181676901823
4.399915966600569
5.095044420155628
3.4823302840837016
3.429215323063371
3.4028025340323005
3.3653623522458673
5.583118664283169
3.423026287202207
3.423026287202207
3.423026287202207
3.5114673079752468
4.165278530048678
3.2490617467845517
4.050030225500193
3.780232388266243
3.8738168067530303
3.6346885710174304
3.9271319967482716
4.9528997619044794
3.5868469564917005
5.032103557204765
5.032103557204765
5.032103557204765
5.693826363666146
3.3817014416457907
3.3817014416457907
4.700067032398019
5.100035331742152
5.100035331742152
3.3910611151871652
3.7653069020377057
4.709740576267721
3.7853811409475
3.4337430684525003
3.516176516214612
4.469807380698028
4.0643191504878295
5.464382684030791
4.621676684981402
3.5561901489421306
3.3387091825338153
5.779604835753215
4.915101617516893
4.134557567324961
4.288869982311073
3.5273866291115636
3.1282312437317614
5.933068096251528
5.1725889206098135
3.1496947829959208
3.328310825470684
3.364080978242127
3.1752876207663947
4.890339941188712
4.151425662962526
4.642968370194948
3.123137971037221
3.713463944383504
3.8945696307002438
5.996338949500987
6.210987394728469
3.047287902519006
3.712324918248184
4.896338051053965
3.4822169443063924
4.150163407671057
4.831182553250284
4.137477895653279
4.068821974104622
3.5736300856550205
3.976859943981748
5.9672540136946735
3.242416358961818
2.8065961131464494
3.698370878347869
5.1925385562668085
2.8026149071006934
6.399475707317765
4.3003112173774785
3.1777865780278054
3.2882399282179993
6.270602399785832
2.833219991669882
3.154535063514727
6.156519644194977
3.248641471303144
4.958763542587312
3.258765673120143
3.258765673120143
2.8054695680037476
6.556176517034364
3.072576773369125
3.0841614150636953
5.727197535752008
3.0524058666014398
4.315557319702782
2.803680598747839
2.2434969148790636
3.216440273469109
4.013223754216263
2.9307804585622748
2.8826576855468247
3.272902889032422
3.3775274950470866
3.5793327321867565
4.176623750774533
2.210617371669402
3.222631767654705
6.307751792862808
6.988935080172819
6.988935080172819
2.8226707514357017
2.8226707514357017
2.7703812512680646
3.0886568296894445
2.5396216838813714
3.1202786771773345
3.062427996982949
3.062427996982949
1.9694169303024793
2.7624911866670434
2.691347917436275
2.911793848602626
3.4173256403616517
3.120445933846466
2.1092665355490006
3.1900112705004293
3.2897555687252193
3.392319216567655
2.3285610873350624
2.711789686346945
2.474511270500429
2.7184844680000424
2.9915243668377016
1.8362723149178635
2.7414909764915514
2.7649092465486813
2.6320369798141936
2.433665721849904
3.0341926496070935
2.1548775723382985
2.106253405263681
2.002045420856973
2.002045420856973
2.977025744419258
2.381268360803915
3.56492304646798
3.989804963042297
3.989804963042297
5.112434394440007
4.4533907291190475
3.5530185770965224
3.5530185770965224
4.156823648560552
3.6693560078309746
4.3668804532942795
4.658735603042193
3.669121765103238
3.731566533319965
4.637050867495464
3.006787807865753
4.641100886851845
6.142125366332479
6.635276923076923
6.635276923076923
6.635276923076923
4.856823808241193
4.975665038719561
4.887316665923251
6.6348008047875195
4.176755678744557
7.735504002306574
4.414541945225416
3.5771962202189513
4.616740865182349
4.686663943625379
5.221795315804375
5.9086405531141315
4.544457169926082
4.613517650984081
4.086002156633956
4.555395840747956
4.352599454573644
4.114271081170672
4.970996770849331
4.822184584486368
4.930055697563795
4.903493946395357
4.059049977941028
7.826003589101198
