[0.6304784]
[0.5658134]
[0.5654235]
[0.56879765]
[0.53488976]
[0.53488976]
[0.53488976]
[0.53488976]
[0.53488976]
[0.53488976]
[0.53488976]
[0.5522112]
[0.5522112]
[0.55301464]
[0.55581445]
[0.66984457]
[0.66984457]
[0.66984457]
[0.66984457]
[0.66984457]
[0.66984457]
[0.66984457]
[0.66984457]
[0.66984457]
[0.6327491]
[0.6743354]
[0.66631025]
[0.66631025]
[0.66631025]
[0.5341255]
[0.52407956]
[0.4930087]
[0.49244687]
[0.49244687]
[0.49244687]
[0.49244687]
[0.49244687]
[0.49244687]
[0.49244687]
[0.49244687]
[0.49244687]
[0.49244687]
[0.49244687]
[0.47225878]
[0.49280843]
[0.5113608]
[0.55871856]
[0.56112546]
[0.4736708]
[0.5690267]
[0.5300643]
[0.5634371]
[0.5634371]
[0.5271037]
[0.5829041]
[0.515319]
[0.5977677]
[0.5498157]
[0.4910158]
[0.5841031]
[0.5841031]
[0.5841031]
[0.5841031]
[0.5841031]
[0.59841555]
[0.59841555]
[0.5372791]
[0.582543]
[0.582543]
[0.582543]
[0.57593846]
[0.51181096]
[0.51181096]
[0.51181096]
[0.51181096]
[0.51181096]
[0.51181096]
[0.51181096]
[0.51181096]
[0.51181096]
[0.51181096]
[0.51181096]
[0.45227736]
[0.5353388]
[0.45875368]
[0.45875368]
[0.45875368]
[0.45875368]
[0.45875368]
[0.45875368]
[0.45875368]
[0.590684]
[0.58171254]
[0.48664182]
[0.48664182]
[0.48664182]
[0.48664182]
[0.48664182]
[0.48664182]
[0.48664182]
[0.48664182]
[0.48664182]
[0.48664182]
[0.48664182]
[0.48664182]
[0.48664182]
[0.48664182]
[0.52195424]
[0.50752497]
[0.50752497]
[0.50752497]
[0.50752497]
[0.58493614]
[0.49834207]
[0.591456]
[0.591456]
[0.591456]
[0.4976967]
[0.59269005]
[0.59269005]
[0.59269005]
[0.59269005]
[0.5429813]
[0.5447974]
[0.49180317]
[0.6069053]
[0.58308625]
[0.5185453]
[0.45184574]
[0.4628812]
[0.4628812]
[0.4628812]
[0.4628812]
[0.4628812]
[0.4628812]
[0.4628812]
[0.4628812]
[0.4628812]
[0.5773605]
[0.514699]
[0.514699]
[0.4906708]
[0.43290755]
[0.59115636]
[0.49834207]
[0.5704063]
[0.49157158]
[0.49157158]
[0.4797497]
[0.56358874]
[0.46213338]
[0.46213338]
[0.46213338]
[0.46213338]
[0.46213338]
[0.52979016]
[0.52979016]
[0.52148956]
[0.5802538]
[0.43433216]
[0.43433216]
[0.43433216]
[0.43433216]
[0.43433216]
[0.43433216]
[0.43433216]
[0.5137604]
[0.5558615]
[0.5558615]
[0.574305]
[0.574305]
[0.574305]
[0.574305]
[0.574305]
[0.574305]
[0.574305]
[0.574305]
[0.4645839]
[0.6019875]
[0.6019875]
[0.5153378]
[0.3450111]
[0.574305]
[0.49925783]
[0.46324882]
[0.6126665]
[0.6126665]
[0.5019989]
[0.4548479]
[0.4548479]
[0.4548479]
[0.4548479]
[0.4548479]
[0.57356316]
[0.55523247]
[0.48846564]
[0.56882894]
[0.45227048]
[0.34974054]
[0.5771106]
[0.49849984]
[0.4191147]
[0.59298134]
[0.54070294]
[0.54487157]
[0.49891338]
[0.53809017]
[0.49299005]
[0.51484066]
[0.5041417]
[0.509916]
[0.5519555]
[0.5519555]
[0.5519555]
[0.38322562]
[0.42910817]
[0.56659037]
[0.4910516]
[0.4910516]
[0.52799535]
[0.52799535]
[0.52799535]
[0.52280885]
[0.5098767]
[0.46007165]
[0.5055419]
[0.5194852]
[0.5194852]
[0.43665376]
[0.5290392]
[0.5297545]
[0.5297545]
[0.5356706]
[0.493917]
[0.5059728]
[0.5059728]
[0.34687567]
[0.47495243]
[0.47495243]
[0.49997604]
[0.49997604]
[0.49997604]
[0.49997604]
[0.49997604]
[0.49997604]
[0.49997604]
[0.49997604]
[0.49997604]
[0.49997604]
[0.49997604]
[0.49997604]
[0.48223257]
[0.48223257]
[0.32935056]
[0.36702195]
[0.49837583]
[0.34942913]
[0.34942913]
[0.50317276]
[0.39174762]
[0.4938265]
[0.45763266]
[0.46783328]
[0.46783328]
[0.46783328]
[0.5011329]
[0.35233966]
[0.35233966]
[0.35233966]
[0.35233966]
[0.46653005]
[0.36327687]
[0.3427486]
[0.356175]
[0.44315183]
[0.4116867]
[0.46104947]
[0.4945866]
[0.4945866]
[0.45906216]
[0.48328143]
[0.45627517]
[0.45627517]
[0.45627517]
[0.45627517]
[0.45627517]
[0.45627517]
[0.45627517]
[0.45627517]
[0.45627517]
[0.45627517]
[0.45627517]
[0.45627517]
[0.45627517]
[0.45627517]
[0.45627517]
[0.45627517]
[0.45627517]
[0.45627517]
[0.45627517]
[0.45627517]
[0.45627517]
[0.45627517]
[0.45627517]
[0.45627517]
[0.45627517]
[0.45627517]
[0.45627517]
[0.45627517]
[0.45627517]
[0.45627517]
[0.45627517]
[0.45627517]
[0.45627517]
[0.45627517]
[0.45627517]
[0.45627517]
[0.45627517]
[0.45627517]
[0.45627517]
[0.45627517]
[0.4282088]
[0.49282762]
[0.512717]
[0.30412635]
[0.37894633]
[0.3122805]
[0.42614657]
[0.46696627]
[0.46696627]
[0.46696627]
[0.43973914]
[0.28178772]
[0.38982263]
[0.38982263]
[0.3804188]
[0.42746866]
[0.39225394]
[0.40237686]
[0.3463924]
[0.38725114]
[0.47077322]
[0.41982377]
[0.32295075]
[0.39226827]
[0.38425446]
[0.38425446]
[0.31469867]
[0.43597227]
[0.40562356]
[0.30230165]
[0.30230165]
[0.30230165]
[0.30230165]
[0.30230165]
[0.33483842]
[0.39060998]
[0.42939556]
[0.40812463]
[0.4780825]
[0.35700488]
[0.23057023]
[0.23886529]
[0.3348357]
[0.3348357]
[0.3348357]
[0.3348357]
[0.3348357]
[0.32512498]
[0.32512498]
[0.32512498]
[0.32512498]
[0.32512498]
[0.32512498]
[0.32512498]
[0.32512498]
[0.32512498]
[0.3082992]
[0.30809984]
[0.3142063]
[0.3142063]
[0.3142063]
[0.3142063]
[0.3142063]
[0.3142063]
[0.19845366]
[0.2361087]
[0.26921394]
[0.26534596]
[0.31572402]
[0.29899496]
[0.29822794]
[0.32361132]
[0.14922823]
[0.28881276]
[0.284121]
[0.2772083]
[0.284121]
[0.284121]
[0.284121]
[0.284121]
[0.284121]
[0.284121]
[0.284121]
[0.284121]
[0.284121]
[0.284121]
[0.284121]
[0.284121]
[0.284121]
[0.284121]
[0.284121]
[0.284121]
[0.284121]
[0.284121]
[0.284121]
[0.284121]
[0.284121]
[0.284121]
[0.284121]
[0.284121]
[0.284121]
[0.284121]
[0.284121]
[0.284121]
[0.284121]
[0.284121]
[0.284121]
[0.284121]
[0.284121]
[0.284121]
[0.284121]
[0.2714225]
[0.2714225]
[0.2714225]
[0.2714225]
[0.2714225]
[0.18727836]
[0.275453]
[0.14750037]
[0.13859147]
[0.26420859]
[0.1493582]
[0.15785545]
[0.29701662]
[0.26343596]
[0.16047391]
[0.26678303]
[0.1869565]
[0.28430033]
[0.13253944]
[0.16449377]
[0.06975254]
[0.13354044]
[0.13354044]
[0.20182252]
[0.06833216]
[0.06833216]
[0.22669835]
[0.1590051]
[0.1991884]
[0.20554774]
[0.12546462]
[0.10813452]
[0.10813452]
[0.10813452]
[0.1313143]
[0.12027557]
[0.16667148]
[0.11821055]
[0.10686985]
[0.46052063]
[0.36914954]
[0.08748322]
[0.05142273]
[0.07242889]
[0.06616177]
[0.06616177]
[0.06616177]
[0.05593432]
[0.04723247]
[0.04214574]
[0.03890834]
[0.39518002]
[0.03890534]
[0.5346003]
[0.03891717]
[0.03891717]
[0.5094794]
[0.32388973]
[0.19255786]
[0.21326473]
[0.35718092]
[0.4645397]
[0.40140057]
[0.11703002]
[0.21188764]
[0.13500069]
[0.25149804]
[0.29516643]
