0.7228425145149231
0.7197673320770264
0.7168405652046204
0.713841438293457
0.7106547355651855
0.7076448798179626
0.7046926021575928
0.7019853591918945
0.6991147994995117
0.6966411471366882
0.6976808905601501
0.6954847574234009
0.6933420300483704
0.6910884976387024
0.6889637112617493
0.6869325041770935
0.6849929690361023
0.6830858588218689
0.6810318231582642
0.6791762113571167
0.6861425638198853
0.6845545172691345
0.6829494833946228
0.681365430355072
0.6798293590545654
0.6783168911933899
0.6768208742141724
0.675323486328125
0.6738202571868896
0.6723966598510742
0.6790668964385986
0.6777361631393433
0.676407516002655
0.6750912666320801
0.6737938523292542
0.6725139021873474
0.6712452173233032
0.669977068901062
0.6686972975730896
0.6673983931541443
0.6691553592681885
0.6678377389907837
0.6664984226226807
0.6651310324668884
0.6637362241744995
0.6623066663742065
0.6608389019966125
0.659330427646637
0.657768726348877
0.6561568379402161
0.6580967307090759
0.6564633846282959
0.654780387878418
0.6530504822731018
0.6512771844863892
0.6494598984718323
0.6475985646247864
0.6456868052482605
0.6437239050865173
0.6417033672332764
0.6429858207702637
0.6408961415290833
0.6387377977371216
0.636519193649292
0.6342448592185974
0.6319144368171692
0.629523754119873
0.6270677447319031
0.6245495676994324
0.6219742894172668
0.6265914440155029
0.6239593625068665
0.6212154030799866
0.6184366941452026
0.6156824827194214
0.612947940826416
0.6101551651954651
0.6072332262992859
0.6041828393936157
0.601055920124054
0.6117026209831238
0.6083911061286926
0.6047319769859314
0.6010723114013672
0.597686231136322
0.5946142077445984
0.5915747880935669
0.5882410407066345
0.584570050239563
0.5807701349258423
0.5907047390937805
0.5871359705924988
0.5829509496688843
0.578599750995636
0.5745463371276855
0.5709237456321716
0.5674033761024475
0.5635579228401184
0.5593281984329224
0.5550146698951721
0.5574522018432617
0.5532217025756836
0.5482354760169983
0.5433117151260376
0.5390511155128479
0.5352818369865417
0.5313076972961426
0.5268009305000305
0.5220866203308105
0.5176670551300049
0.5179245471954346
0.5136359930038452
0.5087530016899109
0.503983199596405
0.4998037815093994
0.495971143245697
0.4919174015522003
0.4875042736530304
0.4830949008464813
0.4790424108505249
0.4721554219722748
0.46823033690452576
0.4642305374145508
0.4601599872112274
0.45616573095321655
0.4523419141769409
0.4486236572265625
0.4448993504047394
0.4411541819572449
0.43746915459632874
0.4352874159812927
0.43180951476097107
0.42832446098327637
0.4248717725276947
0.42151808738708496
0.4182668626308441
0.4150647819042206
0.41188040375709534
0.4087335765361786
0.4056607484817505
0.39619335532188416
0.3932085633277893
0.39027202129364014
0.3873711824417114
0.38451167941093445
0.38170552253723145
0.3789559304714203
0.3762539327144623
0.3735916316509247
0.3709700405597687
0.3694958984851837
0.3666963577270508
0.36409229040145874
0.36166369915008545
0.3594244718551636
0.3570120334625244
0.3544730842113495
0.35203543305397034
0.3497939109802246
0.34763303399086
0.33721470832824707
0.3349490463733673
0.33271369338035583
0.33055010437965393
0.3284374475479126
0.3263282775878906
0.32421308755874634
0.3221204876899719
0.3200795650482178
0.3180842101573944
0.3197169303894043
0.31780368089675903
0.31591302156448364
0.31404951214790344
0.3122158348560333
0.31040772795677185
0.3086208403110504
0.30685436725616455
0.3051109313964844
0.3033926486968994
0.30994418263435364
0.30776840448379517
0.3058522939682007
0.30440792441368103
0.3030356764793396
0.3013674318790436
0.2994985282421112
0.2977677583694458
0.29631277918815613
0.29492953419685364
0.2926989495754242
0.2905741333961487
0.2887938320636749
0.2875840663909912
0.2864193618297577
0.2848735749721527
0.2830888330936432
0.2814815640449524
0.28020983934402466
0.27899888157844543
0.27404409646987915
0.27262911200523376
0.27121973037719727
0.26982009410858154
0.2684338688850403
0.26706406474113464
0.2657085955142975
0.2643650770187378
0.2630346417427063
0.2617191970348358
0.261322945356369
0.26004961133003235
0.258805513381958
0.2575989067554474
0.25641000270843506
0.25521716475486755
0.2540210783481598
0.25283753871917725
0.251679003238678
0.25054097175598145
0.25026780366897583
0.24911977350711823
0.24798470735549927
0.24686114490032196
0.24573969841003418
0.24461694061756134
0.24350041151046753
0.2423970252275467
0.2413053810596466
0.2402196228504181
0.24131295084953308
0.2399829477071762
0.23877471685409546
0.237881138920784
0.23707301914691925
0.23609527945518494
0.23495574295520782
0.23385688662528992
0.23293617367744446
0.23210296034812927
0.23883448541164398
0.2377806156873703
0.23679466545581818
0.23592278361320496
0.2350541055202484
0.23410475254058838
0.233117938041687
0.23219053447246552
0.23132459819316864
0.23044680058956146
0.22589203715324402
0.2249581217765808
0.2240181416273117
0.22312471270561218
0.22225764393806458
0.2213716357946396
0.22046245634555817
0.2195645123720169
0.21869993209838867
0.21785013377666473
0.21109254658222198
0.2101658284664154
0.20927713811397552
0.2084776759147644
0.20770102739334106
0.2068697214126587
0.20599253475666046
0.20513612031936646
0.20433413982391357
0.2035493403673172
0.20366881787776947
0.20283997058868408
0.2020360678434372
0.2012253701686859
0.2003851681947708
0.19956618547439575
0.19874781370162964
0.19790922105312347
0.19709435105323792
0.1962847113609314
0.20190590620040894
0.20113392174243927
0.20036546885967255
0.19960109889507294
0.1988406628370285
0.19808270037174225
0.19732606410980225
0.19657111167907715
0.19581842422485352
0.1950702667236328
0.18866387009620667
0.18795065581798553
0.1872408092021942
0.18653102219104767
0.18585613369941711
0.18518471717834473
0.18450796604156494
0.18383066356182098
0.18316319584846497
0.1825079619884491
0.18363040685653687
0.1829795241355896
0.18234017491340637
0.18171311914920807
0.18109013140201569
0.18046461045742035
0.17983829975128174
0.17921915650367737
0.17861045897006989
0.17800824344158173
0.17989379167556763
0.17915670573711395
0.17843322455883026
0.17781037092208862
0.1772405207157135
0.1766071915626526
0.17588916420936584
0.1751800775527954
0.17454145848751068
0.17393620312213898
0.17474311590194702
0.17410054802894592
0.17345501482486725
0.17283953726291656
0.1722409725189209
0.17164000868797302
0.17102335393428802
0.1704147607088089
0.16983172297477722
0.16926434636116028
0.17099809646606445
0.17014656960964203
0.16934345662593842
0.16871659457683563
0.1681755781173706
0.16755183041095734
0.1667921096086502
0.16599920392036438
0.16531039774417877
0.16474348306655884
0.16761191189289093
0.16696715354919434
0.16627535223960876
0.16567346453666687
0.1651395708322525
0.16456303000450134
0.16391366720199585
0.16326798498630524
0.16269183158874512
0.16214416921138763
0.16679395735263824
0.16615046560764313
0.16552121937274933
0.1649620532989502
0.16441261768341064
0.16380321979522705
0.16317297518253326
0.16259008646011353
0.1620437353849411
0.16147805750370026
0.1510177105665207
0.15050096809864044
0.1499854326248169
0.1494680494070053
0.1489528864622116
0.1484440416097641
0.1479414850473404
0.14744152128696442
0.14694218337535858
0.14644493162631989
0.15085463225841522
0.15031425654888153
0.1497727334499359
0.1492309421300888
0.1486818492412567
0.14813999831676483
0.14762116968631744
0.14712268114089966
0.1466323733329773
0.14614549279212952
0.1474374234676361
0.14700105786323547
0.14652614295482635
0.14601469039916992
0.14547498524188995
0.1449173092842102
0.1443495750427246
0.14377620816230774
0.1432007998228073
0.1426294595003128
0.14386729896068573
0.14348204433918
0.14309856295585632
0.14270558953285217
0.14229553937911987
0.14186759293079376
0.14142575860023499
0.14097529649734497
0.14051897823810577
0.1400606334209442
0.14454509317874908
0.1430305689573288
0.14223475754261017
0.14231787621974945
0.14223451912403107
0.141452357172966
0.14035829901695251
0.13968072831630707
0.13956764340400696
0.13922686874866486
0.13272641599178314
0.13229648768901825
0.13200567662715912
0.13159705698490143
0.13101404905319214
0.1304396241903305
0.12999705970287323
0.12957161664962769
0.12903739511966705
0.1284772902727127
0.12758885324001312
0.12718860805034637
0.12669862806797028
0.1262136846780777
0.12581440806388855
0.1254841685295105
0.12514404952526093
0.12476009875535965
0.12437006831169128
0.12401588261127472
0.1293947398662567
0.12899792194366455
0.12861110270023346
0.12823913991451263
0.12785235047340393
0.12742088735103607
0.12694333493709564
0.12644794583320618
0.1259717047214508
0.12553369998931885
0.1297505497932434
0.12929221987724304
0.12898172438144684
0.12871162593364716
0.12830112874507904
0.1278437227010727
0.1274772584438324
0.1271378993988037
0.12672236561775208
0.12625177204608917
0.12508738040924072
0.12473385035991669
0.12435097992420197
0.12392908334732056
0.12351233512163162
0.1231275349855423
0.12276066839694977
0.12238462269306183
0.12199252098798752
0.1215989738702774
0.12399569898843765
0.12342137098312378
0.12302157282829285
0.12284708768129349
0.12262259423732758
0.1221739873290062
0.1216759905219078
0.12131287157535553
0.12105034291744232
0.12074656039476395
0.11771108210086823
0.11688866466283798
0.11604630947113037
0.11556053161621094
0.1155586913228035
0.11562802642583847
0.11516249924898148
0.11443770676851273
0.11396769434213638
0.1137794777750969
0.1181044653058052
0.11753782629966736
0.11723540723323822
0.11712042987346649
0.1169646754860878
0.11662106215953827
0.11614319682121277
0.11570122838020325
0.11541035771369934
0.11523112654685974
0.10969290882349014
0.10904200375080109
0.10833435505628586
0.10796115547418594
0.10787499696016312
0.10775160044431686
0.10737635940313339
0.10683152824640274
0.10635834187269211
0.10609250515699387
0.1118653267621994
0.1116502434015274
0.11134664714336395
0.11095068603754044
0.11056988686323166
0.11025338619947433
0.10997121036052704
0.10968249291181564
0.10937576740980148
0.10906746983528137
0.10587769746780396
0.10509777814149857
0.10408706218004227
0.10355564206838608
0.1036379337310791
0.10385473817586899
0.10365169495344162
0.10300879180431366
0.10235649347305298
0.1020285114645958
0.10026198625564575
0.0999375432729721
0.09980229288339615
0.0997014120221138
0.09943664819002151
0.09899943321943283
0.09856173396110535
0.09824877232313156
0.09804447740316391
0.09785463660955429
0.09970011562108994
0.09938949346542358
0.09907994419336319
0.09885989129543304
0.09867240488529205
0.09840505570173264
0.09808764606714249
0.09781698882579803
0.09758966416120529
0.09733788669109344
0.10154051333665848
0.10121677815914154
0.10085674375295639
0.10055547952651978
0.1003069207072258
0.10003883391618729
0.09971149265766144
0.09936036914587021
0.09904556721448898
0.09877768903970718
0.10399805009365082
0.10362700372934341
0.10330098867416382
0.1029716283082962
0.10255119204521179
0.10210742056369781
0.10172126442193985
0.10136745125055313
0.10099437832832336
0.10060200840234756
0.10530012845993042
0.1050034910440445
0.10464108735322952
0.10426854342222214
0.10392381250858307
0.10359301418066025
0.10323958843946457
0.10284886509180069
0.1024431437253952
0.10205638408660889
0.09819912910461426
0.09792523086071014
0.09768456220626831
0.09740414470434189
0.09705626964569092
0.09670550376176834
0.09639070928096771
0.09608696401119232
0.09576638787984848
0.09543522447347641
0.09702872484922409
0.09610734134912491
0.09541144222021103
0.09540047496557236
0.09557510912418365
0.09537170827388763
0.09476334601640701
0.09417695552110672
0.09394539892673492
0.09393752366304398
0.09237179160118103
0.09203362464904785
0.0916379988193512
0.09122788906097412
0.09078562259674072
0.09028229862451553
0.08974476903676987
0.08926115185022354
0.08887263387441635
0.08851826190948486
0.08084706217050552
0.08068515360355377
0.08052552491426468
0.08036214858293533
0.08019712567329407
0.08003415167331696
0.07987334579229355
0.07971010357141495
0.07953929901123047
0.07935906201601028
0.08656729012727737
0.08561433851718903
0.08464349061250687
0.0843699648976326
0.08461980521678925
0.0845176950097084
0.08376871794462204
0.08299390226602554
0.08268038183450699
0.08266042917966843
0.08572927862405777
0.08575824648141861
0.08555550128221512
0.08518736064434052
0.08478223532438278
0.08438123762607574
0.08394650369882584
0.08349133282899857
0.08309934288263321
0.08280698210000992
0.07805545628070831
0.07712512463331223
0.07644964754581451
0.07648157328367233
0.07685674726963043
0.07665666192770004
0.07604499906301498
0.0756710022687912
0.07560808956623077
0.07563140988349915
0.07934407144784927
0.07866370677947998
0.07782098650932312
0.0774838775396347
0.07783141732215881
0.0778612270951271
0.07712918519973755
0.07666312903165817
0.07666115462779999
0.07672702521085739
0.07334800809621811
0.07316666096448898
0.07299372553825378
0.07284341007471085
0.07270742952823639
0.07256656885147095
0.07240825146436691
0.07223352044820786
0.07205413281917572
0.07188265770673752
0.07670150697231293
0.07594595104455948
0.07534214854240417
0.07529266923666
0.07548709213733673
0.07551271468400955
0.07519892603158951
0.0747205838561058
0.07438105344772339
0.07433363050222397
0.06981560587882996
0.06972715258598328
0.0696391686797142
0.06946799159049988
0.06922319531440735
0.06898298114538193
0.06878393143415451
0.06860847026109695
0.06842849403619766
0.06823251396417618
0.07168840616941452
0.07148618251085281
0.07130052149295807
0.07112304121255875
0.0709495022892952
0.07078316062688828
0.07062724232673645
0.07048032432794571
0.07033748924732208
0.07019463181495667
0.07417421787977219
0.07305765897035599
0.07137266546487808
0.07048419862985611
0.0707547515630722
0.07143229991197586
0.07178539037704468
0.07140687853097916
0.07055918127298355
0.0697820708155632
0.07602093368768692
0.07551834732294083
0.0754297524690628
0.07540126144886017
0.0750630721449852
0.07427804917097092
0.07330548763275146
0.07255858927965164
0.07226750254631042
0.07230491936206818
0.07045365124940872
0.07054771482944489
0.07038020342588425
0.07003551721572876
0.06959714740514755
0.06908891350030899
0.06851273030042648
0.06789606064558029
0.06730831414461136
0.06685753911733627
0.07143747061491013
0.07131882756948471
0.07122471928596497
0.07115427404642105
0.07108396291732788
0.0709809809923172
0.07082723081111908
0.07062928378582001
0.07040507346391678
0.07016617059707642
0.0730115994811058
0.07267659902572632
0.07230240851640701
0.07195057719945908
0.07165061682462692
0.0713818147778511
0.07110479474067688
0.07082067430019379
0.07057349383831024
0.07038730382919312
0.06784460693597794
0.06640560925006866
0.06646768003702164
0.0667560026049614
0.06611455231904984
0.06498483568429947
0.06432554870843887
0.06437406688928604
0.06422093510627747
0.06361772119998932
0.0683618113398552
0.06845121830701828
0.0684809759259224
0.06836584955453873
0.0680810809135437
0.0676712617278099
0.06721337139606476
0.06676510721445084
0.06634236127138138
0.06592997163534164
0.0647321417927742
0.06457493454217911
0.0644371286034584
0.06432140618562698
0.064218670129776
0.06411173194646835
0.06398933380842209
0.06385327130556107
0.06370710581541061
0.063547283411026
0.06378275901079178
0.06228576600551605
0.06189807131886482
0.06233108416199684
0.0625484511256218
0.06208309531211853
0.06137741357088089
0.06103787198662758
0.06115546450018883
0.061307989060878754
0.06422238796949387
0.06405068188905716
0.06390445679426193
0.06377003341913223
0.06360234320163727
0.06339002400636673
0.06316418200731277
0.06295712292194366
0.06276430189609528
0.06255913525819778
0.06314558535814285
0.06301606446504593
0.06287845224142075
0.06273886561393738
0.06260126084089279
0.06246146559715271
0.06231475621461868
0.0621635876595974
0.06201328709721565
0.06186560168862343
0.061016492545604706
0.05895093083381653
0.05859866738319397
0.05942608788609505
0.059428900480270386
0.0584038682281971
0.05745697394013405
0.05748466029763222
0.05792316049337387
0.05754506587982178
0.06002095341682434
0.060071296989917755
0.059959765523672104
0.05967137962579727
0.059359848499298096
0.059174567461013794
0.05912203714251518
0.059076644480228424
0.05892297253012657
0.05868089944124222
0.06051722168922424
0.059851594269275665
0.059424154460430145
0.059301815927028656
0.05918567627668381
0.05879508703947067
0.05817665904760361
0.057599056512117386
0.057249780744314194
0.05709337070584297
0.06330393999814987
0.06295203417539597
0.06251433491706848
0.06217078119516373
0.061910729855298996
0.06159251555800438
0.06112538278102875
0.06055687740445137
0.05999740585684776
0.05948997288942337
0.055937737226486206
0.05523035302758217
0.05456431210041046
0.05423302948474884
0.054124150425195694
0.05398538336157799
0.053673986345529556
0.05323828011751175
0.052829042077064514
0.05255930870771408
0.059072814881801605
0.058837298303842545
0.058279432356357574
0.05788848549127579
0.05787498131394386
0.05790430307388306
0.057636626064777374
0.05721234530210495
0.05695972219109535
0.056910209357738495
0.05567357689142227
0.05532358959317207
0.05499926954507828
0.05471470206975937
0.054419659078121185
0.054060403257608414
0.053636353462934494
0.0531972199678421
0.05279795452952385
0.05245549976825714
0.05324114114046097
0.05300896242260933
0.05274757742881775
0.052465684711933136
0.05219201371073723
0.05193934217095375
0.051693957298994064
0.051440369337797165
0.051182493567466736
0.05093555152416229
0.04995933175086975
0.049622341990470886
0.049338605254888535
0.04917870834469795
0.04907285049557686
0.0489085428416729
0.048648808151483536
0.04835330322384834
0.048101745545864105
0.04791976138949394
0.04749000072479248
0.047339294105768204
0.04709809273481369
0.04691401869058609
0.04683097079396248
0.046764642000198364
0.046629853546619415
0.046439751982688904
0.046268172562122345
0.0461532361805439
0.049874648451805115
0.04969719797372818
0.04955391213297844
0.04944131150841713
0.04932311177253723
0.04917091131210327
0.04899189993739128
0.04881574958562851
0.04866307973861694
0.048530805855989456
0.047946494072675705
0.047814495861530304
0.047698333859443665
0.047596678137779236
0.0474899560213089
0.04736490175127983
0.047226205468177795
0.04708816856145859
0.0469587966799736
0.04683408513665199
0.046981003135442734
0.04675101861357689
0.046522777527570724
0.04634956270456314
0.046199966222047806
0.04602443054318428
0.04581481218338013
0.045602861791849136
0.04542085900902748
0.04527035728096962
0.044499486684799194
0.0442689023911953
0.04406747967004776
0.043940383940935135
0.043858762830495834
0.04375893622636795
0.04361344501376152
0.04345124214887619
0.043313268572092056
0.04321126639842987
0.04714551568031311
0.047000836580991745
0.04683637246489525
0.046626973897218704
0.046358417719602585
0.046058423817157745
0.04576760157942772
0.045499254018068314
0.04524023458361626
0.04498130455613136
0.04651433974504471
0.046414412558078766
0.04631959646940231
0.04621729254722595
0.04609990864992142
0.04596883803606033
0.045831650495529175
0.04569529742002487
0.04556053876876831
0.04542294517159462
0.0435064397752285
0.04311610758304596
0.04280081391334534
0.04272600635886192
0.042750708758831024
0.042670365422964096
0.04242691025137901
0.04213091731071472
0.04192262887954712
0.04183251038193703
0.04430475831031799
0.04374144598841667
0.043091826140880585
0.04295951500535011
0.04323352873325348
0.04332750663161278
0.042976826429367065
0.04252944141626358
0.042362309992313385
0.04243980720639229
0.041585247963666916
0.04139082878828049
0.04108157381415367
0.04087165370583534
0.040809523314237595
0.040777552872896194
0.04065610095858574
0.04044303670525551
0.04023033380508423
0.040095798671245575
0.0392921082675457
0.039195865392684937
0.039157889783382416
0.03912433981895447
0.03904527425765991
0.03892140835523605
0.03879314288496971
0.03869488090276718
0.03862717002630234
0.03856499865651131
