4.054497559471157
4.054497559471157
4.1545093937906845
4.1545093937906845
4.1545093937906845
4.9411528362319626
4.956741802476904
4.862809828426856
4.862809828426856
4.862809828426856
4.862809828426856
4.862809828426856
4.862809828426856
4.4019243374526855
4.743112187949716
3.311355459398529
4.507072390022796
4.605310611383192
4.584997380613962
4.82609918136258
4.82609918136258
4.495689447354471
4.746185312351222
4.5854819959985775
4.5850979734807895
4.5850979734807895
4.5850979734807895
4.5850979734807895
4.6202919933999755
3.6294516835963586
3.6294516835963586
3.6294516835963586
3.234864634560717
3.234864634560717
4.448656337133083
4.448656337133083
4.448656337133083
4.448656337133083
4.448656337133083
4.448656337133083
4.448656337133083
4.448656337133083
4.448656337133083
4.448656337133083
4.448656337133083
4.448656337133083
4.79449431842838
3.92333868711426
4.556010919075501
4.639565115428514
4.005824940257638
4.462782588865405
4.462782588865405
4.462782588865405
4.462782588865405
4.462782588865405
4.462782588865405
4.462782588865405
4.789195017729078
4.789195017729078
4.789195017729078
3.370318600352772
3.370318600352772
3.1159365744839027
3.1159365744839027
2.9412819186134573
4.146236443164717
4.146236443164717
4.146236443164717
4.146236443164717
4.972511733755905
4.746795884659285
4.825510170373571
4.825510170373571
4.825510170373571
4.825510170373571
4.825510170373571
4.825510170373571
4.825510170373571
4.825510170373571
4.825510170373571
4.825510170373571
4.825510170373571
4.825510170373571
4.825510170373571
4.6675820819706315
4.6675820819706315
4.6675820819706315
4.6675820819706315
4.6675820819706315
4.6675820819706315
4.6675820819706315
4.6675820819706315
4.6675820819706315
4.6675820819706315
4.6675820819706315
4.6675820819706315
4.6675820819706315
4.6675820819706315
4.6675820819706315
4.6675820819706315
4.6675820819706315
4.6675820819706315
4.6675820819706315
4.6675820819706315
4.6675820819706315
4.6675820819706315
4.6675820819706315
4.6675820819706315
4.6675820819706315
4.6675820819706315
4.6675820819706315
4.6675820819706315
4.6675820819706315
4.6675820819706315
4.6675820819706315
4.6675820819706315
4.6675820819706315
4.6675820819706315
4.6675820819706315
4.6675820819706315
4.6675820819706315
4.6675820819706315
4.6675820819706315
4.6675820819706315
4.6675820819706315
4.6675820819706315
4.6675820819706315
4.6675820819706315
4.6675820819706315
4.6675820819706315
4.6675820819706315
4.6675820819706315
4.6675820819706315
4.6675820819706315
4.6675820819706315
4.6675820819706315
4.6675820819706315
3.260805577222637
3.3707195993537713
4.609356697355246
3.192868491893898
3.192868491893898
3.192868491893898
3.192868491893898
5.71255586636182
3.2290368910622966
4.264893123326661
4.264893123326661
5.613161422994038
5.49225158419622
2.534172782321546
2.534172782321546
2.534172782321546
3.993723302498876
3.993723302498876
5.5783353236100695
3.8336434618380215
4.781928235816785
5.008005835260954
5.938682889899225
5.868476923076923
3.7483905284247
4.951711435019252
5.316424896557713
3.5095191997533712
5.704890327247343
5.0885174543339255
4.184897661473235
5.636794155679924
4.728355471504798
4.728355471504798
4.728355471504798
4.728355471504798
4.728355471504798
4.728355471504798
4.728355471504798
4.728355471504798
4.728355471504798
4.728355471504798
4.728355471504798
4.728355471504798
4.728355471504798
4.728355471504798
4.728355471504798
4.728355471504798
4.728355471504798
4.397504313450418
3.662010308644481
3.662010308644481
3.662010308644481
3.662010308644481
5.426368916476898
4.890670742351702
4.890670742351702
4.373403837526425
4.942919774278324
4.942919774278324
4.1679119404164044
5.483912270259598
4.873609192614614
4.873609192614614
4.873609192614614
4.873609192614614
4.873609192614614
4.873609192614614
4.873609192614614
4.873609192614614
4.873609192614614
4.873609192614614
4.873609192614614
4.873609192614614
4.873609192614614
4.873609192614614
4.873609192614614
4.873609192614614
4.873609192614614
4.873609192614614
4.873609192614614
4.873609192614614
4.873609192614614
4.873609192614614
4.542880404772334
4.893906126967087
5.474135864822642
4.400720797674712
5.582086685103157
5.582086685103157
4.244443276065246
5.773120839553821
3.488625893060064
5.007909944589632
3.5325345501924055
4.789125922120759
3.7847565150552818
3.7847565150552818
3.548492751945817
4.9490464341098335
3.8676847955982687
3.8676847955982687
3.9587741621141053
4.29460268447622
3.666221108666047
4.081313902891117
4.953154131885869
3.737997239037183
3.737997239037183
3.4020910235531066
5.989116691351528
4.985109597472913
4.985109597472913
4.985109597472913
5.379842081970631
3.916965696973513
5.644036435019252
3.6150776676013123
5.709816691351528
3.7400721564123183
3.7400721564123183
3.7400721564123183
3.7400721564123183
3.9430764425106135
3.8688860521939556
4.975491936790979
4.760183071218919
3.9243331985959404
4.015817321683799
3.73874113904259
3.73874113904259
3.2368917593899864
3.2368917593899864
3.2368917593899864
3.166352040502259
4.187331401933109
4.447270542204603
3.880144185589123
3.7820952333353954
3.7820952333353954
3.7820952333353954
3.7820952333353954
3.7820952333353954
3.7820952333353954
3.7820952333353954
4.105024895648295
4.105024895648295
4.105024895648295
4.105024895648295
3.8680753822187697
3.8680753822187697
3.8680753822187697
4.860170680828665
3.919192258725378
3.919192258725378
3.919192258725378
4.958434783392768
4.958434783392768
4.958434783392768
4.958434783392768
4.958434783392768
4.958434783392768
3.1484418006673742
5.798356974274504
3.739894934896001
3.739894934896001
3.739894934896001
3.739894934896001
3.739894934896001
3.739894934896001
3.739894934896001
3.739894934896001
3.739894934896001
3.739894934896001
3.739894934896001
3.739894934896001
3.7453448611269584
3.7453448611269584
3.7453448611269584
4.641480082867837
4.486941706322612
4.486941706322612
4.486941706322612
5.221870116620465
5.221870116620465
4.145975428192674
4.145975428192674
5.1833997682746045
3.5574730313757916
3.5574730313757916
3.5574730313757916
3.5574730313757916
3.5574730313757916
3.5574730313757916
3.5574730313757916
3.5574730313757916
3.5574730313757916
3.5574730313757916
3.5574730313757916
3.5574730313757916
3.5574730313757916
3.5574730313757916
3.5574730313757916
3.5574730313757916
3.5574730313757916
3.5574730313757916
3.5574730313757916
3.5574730313757916
3.5574730313757916
3.5574730313757916
4.004209873533906
4.348734244760721
3.7322349609716197
3.8149270079077358
5.826985347777209
4.934800019831138
6.356888999043836
5.762708765229347
5.923993620432169
4.142579013454586
3.6015423501179225
3.6015423501179225
3.6015423501179225
5.687478235816785
6.510473255268629
4.794858319674901
4.1061837122163425
5.8426144742745025
4.210169178744824
4.51293778026368
4.0611509886895725
4.123594985196438
3.9865470943775794
6.067159353393414
4.072536176263435
4.072536176263435
4.360915828868894
4.360915828868894
4.551599699836636
3.6855302564806047
5.963510170373571
4.459922528620754
4.1831867322209035
4.592803027925199
4.349527803726984
4.516031381365442
3.7597770730967834
4.5062723906447895
4.275255034824229
4.12882525814929
4.415746107815462
4.364447998781268
3.6518360314366056
5.244768913313217
4.759988781722492
4.774088641752114
3.845503539850368
4.510480332549195
6.021666214329613
4.995919842152423
4.098551637306096
4.192729876225856
4.224544895648295
3.953297876417526
3.847549954452715
5.905467430309082
4.049466402678887
4.110012066377778
5.220306813630918
4.547103504012405
4.232164433607317
6.066540939604339
4.52751592081627
4.063979712755287
5.823659253511421
4.590918235816785
5.886814389662939
4.390220543509092
6.4779946177158285
2.264471204829098
5.19985762412903
3.857470629611824
4.222472081970631
4.495303159253565
4.596612351269597
4.342772900997695
3.8679303842508546
4.378640769831004
4.410231669839655
4.112447970370614
4.622624297415729
5.808754935900089
4.981105152889989
5.527730665788483
4.463079712755286
4.647775714419778
4.027443806606068
6.008376927948898
4.194513697225172
3.310408090732947
4.5097656522362595
2.2064415614078374
6.074427773193388
3.7829574378262345
4.905460493881302
5.7450542695582065
4.778132081970631
5.225965701766275
4.564227466586016
4.354373658763633
4.354373658763633
5.010286542799596
4.963977535211596
2.916567643989536
4.116556635832209
4.232727752791153
3.1274936876989283
4.515609051987188
4.541316763780163
4.541316763780163
4.611538741802141
3.373829457410931
3.373829457410931
2.4156258942163866
4.898855021488005
4.317442851201401
3.976406705450408
5.112647054455039
4.84802006048346
4.040274752787687
4.045153098411084
5.220168710729105
3.032841654019598
3.032841654019598
4.802488597444745
3.5111613175169305
4.02269227723721
5.240803432609579
3.669121765103238
4.559294355754847
4.01979868818016
3.675003192481137
3.675003192481137
5.88676424021914
4.436513069256417
4.037192879329783
4.037192879329783
5.7072745986698274
5.7072745986698274
5.153895837909664
5.576244693951283
4.737476892621827
5.375323608424733
4.101787807865753
6.08545798789547
5.37814257685797
6.3913776636707755
5.124857038634984
6.136908855661144
6.635276923076923
4.977568352092456
7.029407011346628
