[0.00180785]
[0.00180785]
[0.00180787]
[0.00180787]
[0.00180787]
[0.00180786]
[0.00180786]
[0.00180786]
[0.00180786]
[0.00180786]
[0.00180786]
[0.00180786]
[0.0018205]
[0.00182101]
[0.00182101]
[0.00182101]
[0.00182101]
[0.00182101]
[0.00182101]
[0.00182101]
[0.00182101]
[0.00182101]
[0.00182101]
[0.00182101]
[0.00182101]
[0.00182101]
[0.00182101]
[0.00182101]
[0.00182101]
[0.00182101]
[0.00182101]
[0.00182101]
[0.00182101]
[0.00182101]
[0.00182101]
[0.00182101]
[0.00182101]
[0.00182101]
[0.00182101]
[0.00182101]
[0.00182101]
[0.00182101]
[0.00182101]
[0.00182101]
[0.00182101]
[0.00182101]
[0.00182101]
[0.00182101]
[0.00182101]
[0.00182101]
[0.00182101]
[0.00182101]
[0.00182101]
[0.00182101]
[0.00182101]
[0.00182059]
[0.00182216]
[0.00182216]
[0.00182216]
[0.00182216]
[0.00182216]
[0.00182216]
[0.00182077]
[0.00182077]
[0.00182077]
[0.00182077]
[0.00182077]
[0.00182077]
[0.00182077]
[0.00182077]
[0.00182077]
[0.00182077]
[0.00182077]
[0.00182077]
[0.00182077]
[0.00182077]
[0.00182077]
[0.00182077]
[0.00182077]
[0.00182077]
[0.00182077]
[0.00182077]
[0.00182077]
[0.00182077]
[0.00182077]
[0.00182077]
[0.00182077]
[0.00182077]
[0.00182077]
[0.00182077]
[0.00182077]
[0.00182077]
[0.00182077]
[0.00182077]
[0.00182077]
[0.00182077]
[0.00182077]
[0.00182077]
[0.00182077]
[0.00182077]
[0.00182077]
[0.00182077]
[0.00182077]
[0.00182077]
[0.00182077]
[0.00182077]
[0.00182077]
[0.00182077]
[0.00182077]
[0.00182077]
[0.00182077]
[0.00182077]
[0.00182077]
[0.00182077]
[0.00182077]
[0.00182077]
[0.00182077]
[0.00182077]
[0.00182077]
[0.00182077]
[0.00182077]
[0.00182077]
[0.00182077]
[0.00182077]
[0.00182077]
[0.00182077]
[0.00182077]
[0.00182077]
[0.00182077]
[0.00182077]
[0.00182077]
[0.00182077]
[0.00182077]
[0.00182077]
[0.00182077]
[0.00182077]
[0.00182077]
[0.00182077]
[0.00182077]
[0.00182077]
[0.00182077]
[0.00182077]
[0.00182077]
[0.00182077]
[0.00182077]
[0.00182077]
[0.00182077]
[0.00182077]
[0.00182077]
[0.00182077]
[0.00182077]
[0.00182077]
[0.00182077]
[0.00182077]
[0.00182077]
[0.00182077]
[0.00182077]
[0.00182077]
[0.00182077]
[0.00182077]
[0.00182077]
[0.00182077]
[0.00182077]
[0.00182077]
[0.00182077]
[0.00182077]
[0.00182077]
[0.00182077]
[0.00182077]
[0.00182077]
[0.00182077]
[0.00182077]
[0.00182077]
[0.00182077]
[0.00182077]
[0.00182077]
[0.00182077]
[0.00182077]
[0.00182077]
[0.00182077]
[0.00182077]
[0.00182077]
[0.00182077]
[0.00182077]
[0.00182077]
[0.00182077]
[0.00182077]
[0.00182077]
[0.00182077]
[0.00182077]
[0.00182077]
[0.00182077]
[0.00182077]
[0.00182077]
[0.00182077]
[0.00182077]
[0.00182077]
[0.00182077]
[0.00182077]
[0.00182077]
[0.00182077]
[0.00182077]
[0.00182077]
[0.00182077]
[0.00182077]
[0.00182077]
[0.00182077]
[0.00182077]
[0.00182077]
[0.00182077]
[0.00182077]
[0.00182077]
[0.00182077]
[0.00182077]
[0.00182077]
[0.00182077]
[0.00182077]
[0.00182077]
[0.00182077]
[0.00182077]
[0.00182077]
[0.00182077]
[0.00182077]
[0.00182077]
[0.00182077]
[0.00182077]
[0.00182077]
[0.00182077]
[0.00182077]
[0.00182077]
[0.00182077]
[0.00182077]
[0.00182077]
[0.00182077]
[0.00182077]
[0.00182077]
[0.00182077]
[0.00182077]
[0.00182077]
[0.00182077]
[0.00182077]
[0.00182077]
[0.00182077]
[0.00182077]
[0.00182077]
[0.00182077]
[0.00182077]
[0.00182077]
[0.00182077]
[0.00182077]
[0.00182077]
[0.00182077]
[0.00182077]
[0.00182077]
[0.00182077]
[0.00182077]
[0.00182077]
[0.00182077]
[0.00182077]
[0.00182077]
[0.00182077]
[0.00182077]
[0.00182077]
[0.00182077]
[0.00182077]
[0.00182077]
[0.00182077]
[0.00182077]
[0.00182077]
[0.00182077]
[0.00182077]
[0.00182077]
[0.00182077]
[0.00182077]
[0.00182077]
[0.00182077]
[0.00182077]
[0.00182077]
[0.00182077]
[0.00182077]
[0.00182077]
[0.00182077]
[0.00182077]
[0.00182077]
[0.00182077]
[0.00182077]
[0.00182077]
[0.00182077]
[0.00182077]
[0.00182077]
[0.00182077]
[0.00182077]
[0.00182077]
[0.00182077]
[0.00182077]
[0.00182077]
[0.00182077]
[0.00182077]
[0.00182077]
[0.00182077]
[0.00182077]
[0.00182077]
[0.00182077]
[0.00182077]
[0.00182077]
[0.00182077]
[0.00182077]
[0.00182077]
[0.00182077]
[0.00182077]
[0.00182077]
[0.00182077]
[0.00182077]
[0.00182077]
[0.00182077]
[0.00182077]
[0.00182077]
[0.00182077]
[0.00182077]
[0.00182077]
[0.00182077]
[0.00182077]
[0.00182077]
[0.00182077]
[0.00182077]
[0.00182077]
[0.00182077]
[0.00182077]
[0.00182077]
[0.00182077]
[0.00182077]
[0.00182077]
[0.00182077]
[0.00182077]
[0.00182077]
[0.00182077]
[0.00181894]
[0.00182205]
[0.00182045]
[0.00181252]
[0.00181252]
[0.00181252]
[0.00181252]
[0.00181252]
[0.00181252]
[0.00181252]
[0.00181252]
[0.00181681]
[0.00182459]
[0.00182459]
[0.00182459]
[0.00182459]
[0.00182459]
[0.00183598]
[0.00181896]
[0.00182101]
[0.00182101]
[0.00182101]
[0.00182101]
[0.00182663]
[0.00182083]
[0.00182083]
[0.00182662]
[0.00182662]
[0.00183674]
[0.00183674]
[0.0018252]
[0.00183792]
[0.00183792]
[0.00181804]
[0.00184558]
[0.00183734]
[0.00183734]
[0.00183734]
[0.00182205]
[0.00180387]
[0.0018208]
[0.0018208]
[0.0018205]
[0.00183734]
[0.00180863]
[0.00183841]
[0.00181944]
[0.00181792]
[0.00181792]
[0.00181959]
[0.00184044]
[0.00184044]
[0.00180562]
[0.00181681]
[0.00182522]
[0.00182459]
[0.001817]
[0.001817]
[0.00180447]
[0.00181416]
[0.001816]
[0.001816]
[0.001816]
[0.00181351]
[0.00183841]
[0.00181681]
[0.00182234]
[0.00181494]
[0.00181489]
[0.0018393]
[0.00186213]
[0.00182377]
[0.00180937]
[0.001817]
[0.001817]
[0.001817]
[0.00181831]
[0.00183584]
[0.0018322]
[0.00180416]
[0.00180435]
[0.00182267]
[0.00181055]
[0.00181306]
[0.00181493]
[0.0018065]
[0.00180261]
[0.00180344]
[0.00182381]
[0.00180561]
[0.00196846]
[0.00182399]
[0.00187071]
[0.00182608]
[0.00181336]
[0.00182413]
[0.00179001]
[0.00191552]
[0.00186079]
[0.00185934]
[0.0018192]
[0.00183525]
[0.00181335]
[0.00182424]
[0.00181207]
[0.00186296]
[0.00187481]
[0.00191097]
[0.00190809]
[0.00190959]
[0.00189666]
[0.00196413]
[0.00181527]
[0.00183204]
[0.00185208]
[0.00197054]
[0.00193213]
[0.00196569]
[0.00196569]
[0.00191138]
[0.00198699]
[0.00181473]
[0.00190164]
[0.00240866]
[0.00242453]
[0.0018995]
[0.0018995]
[0.00198704]
[0.00198704]
[0.00198704]
[0.0019903]
[0.00232983]
[0.00242922]
[0.00188683]
[0.00208125]
[0.00208125]
[0.00283278]
[0.00187936]
[0.00274665]
[0.00288498]
[0.00182285]
[0.0027115]
[0.0027115]
[0.00185456]
[0.00441582]
[0.00453535]
[0.00369358]
[0.02328387]
[0.02653529]
[0.05742509]
[0.03805942]
[0.01298165]
[0.03089493]
[0.00390207]
[0.00178585]
[0.00162539]
[0.0072134]
[0.13058537]
[0.00771234]
[0.00183856]
[0.00184318]
[0.00184126]
[0.00184111]
[0.00184942]
