6.598900000000006
6.738000000000005
6.738000000000005
7.384500000000006
6.994400000000006
5.790570000000004
6.883200000000006
6.030200000000005
5.153400000000003
5.670070000000004
5.041800000000005
4.374920000000003
5.822600000000006
5.946700000000004
4.961300000000004
6.578400000000005
6.119800000000005
6.119800000000005
6.119800000000005
6.119800000000005
6.119800000000005
6.119800000000005
6.119800000000005
6.119800000000005
6.119800000000005
6.699900000000006
6.184070000000005
4.441800000000003
6.4272000000000045
5.624400000000005
5.302700000000004
5.793970000000004
5.793970000000004
5.793970000000004
5.793970000000004
5.793970000000004
5.793970000000004
5.793970000000004
5.788800000000005
6.097070000000005
6.097070000000005
6.097070000000005
6.097070000000005
5.268400000000003
5.268400000000003
5.268400000000003
6.183170000000003
5.506600000000005
4.886700000000004
4.886700000000004
4.886700000000004
4.886700000000004
6.807700000000004
2.9351000000000003
6.028670000000004
3.7131200000000026
5.857000000000005
5.494170000000003
5.494170000000003
5.494170000000003
5.494170000000003
5.494170000000003
5.646400000000004
5.012800000000003
5.012800000000003
5.012800000000003
5.012800000000003
6.030300000000005
4.900420000000003
6.347070000000005
6.347070000000005
6.347070000000005
6.144100000000004
5.9867700000000035
3.885200000000002
6.394870000000004
4.677400000000003
7.558400000000004
4.1624000000000025
4.1624000000000025
4.1624000000000025
4.1624000000000025
4.1624000000000025
4.1624000000000025
4.1624000000000025
4.1624000000000025
4.1624000000000025
4.1624000000000025
4.1624000000000025
4.1624000000000025
4.1624000000000025
4.1624000000000025
6.685100000000006
3.984200000000003
7.1055000000000055
6.5297700000000045
4.620000000000002
4.718600000000003
5.850300000000003
6.6520000000000055
6.6520000000000055
6.308100000000004
6.850600000000006
6.850600000000006
6.850600000000006
6.135700000000005
6.135700000000005
6.135700000000005
6.135700000000005
5.641200000000004
5.661820000000003
6.460500000000006
6.460500000000006
6.460500000000006
6.460500000000006
6.295700000000005
2.7506200000000005
5.914870000000003
5.914870000000003
2.944420000000002
2.944420000000002
2.944420000000002
2.944420000000002
2.944420000000002
2.944420000000002
2.944420000000002
2.944420000000002
2.944420000000002
2.944420000000002
2.944420000000002
2.944420000000002
2.944420000000002
2.944420000000002
2.944420000000002
2.944420000000002
2.944420000000002
2.944420000000002
2.944420000000002
3.994820000000003
3.994820000000003
6.221200000000006
4.120300000000002
4.120300000000002
5.696800000000004
5.537300000000004
6.326000000000005
5.752170000000003
4.632400000000003
4.632400000000003
4.154500000000003
4.154500000000003
4.154500000000003
4.191300000000004
4.191300000000004
4.7881000000000045
5.706800000000005
4.820020000000004
4.820020000000004
3.370300000000002
3.4777000000000027
3.4777000000000027
3.9616000000000025
3.158170000000001
4.237900000000002
4.237900000000002
4.237900000000002
4.237900000000002
4.237900000000002
3.108120000000002
3.108120000000002
3.108120000000002
3.108120000000002
3.255200000000002
5.758500000000005
3.1481000000000012
3.1481000000000012
3.1481000000000012
3.3614000000000015
2.2717
2.958200000000001
2.958200000000001
2.958200000000001
2.958200000000001
2.459600000000001
3.825500000000002
3.825500000000002
3.825500000000002
3.825500000000002
3.825500000000002
3.825500000000002
3.825500000000002
3.825500000000002
3.825500000000002
3.825500000000002
3.825500000000002
4.6666200000000035
3.990720000000003
6.680900000000004
6.680900000000004
6.680900000000004
6.680900000000004
6.680900000000004
5.897600000000005
5.897600000000005
4.855320000000003
4.855320000000003
4.772900000000003
4.772900000000003
3.8259000000000025
6.353000000000004
6.353000000000004
1.8787999999999996
1.8787999999999996
5.275200000000004
2.5924
2.5924
2.5924
2.5924
2.5924
2.5924
3.135100000000002
6.150100000000003
4.401000000000003
2.0858999999999996
2.0858999999999996
2.0858999999999996
2.0858999999999996
7.327400000000006
3.867570000000003
2.9822000000000006
4.193100000000004
2.906600000000001
2.906600000000001
2.906600000000001
2.906600000000001
2.906600000000001
3.5893200000000016
1.8492999999999995
0.9088999999999998
5.4177000000000035
6.937300000000005
6.937300000000005
6.937300000000005
6.937300000000005
4.860920000000004
4.922800000000003
4.922800000000003
4.922800000000003
4.686000000000003
4.686000000000003
4.686000000000003
4.686000000000003
4.624700000000003
5.227400000000004
5.479000000000004
4.289100000000003
4.289100000000003
4.289100000000003
4.289100000000003
3.879800000000003
3.407500000000002
4.609800000000003
4.609800000000003
5.027600000000003
5.027600000000003
5.027600000000003
3.8214000000000032
4.338200000000002
2.1338999999999997
2.1338999999999997
2.1338999999999997
2.1338999999999997
2.1338999999999997
2.1338999999999997
3.3682000000000016
2.833000000000001
2.2269999999999994
4.228400000000004
4.228400000000004
4.228400000000004
4.495000000000003
4.173700000000002
2.5813000000000006
2.5813000000000006
2.5813000000000006
2.5813000000000006
2.5813000000000006
2.5813000000000006
2.5813000000000006
2.5813000000000006
2.5813000000000006
2.5813000000000006
2.5813000000000006
2.5813000000000006
2.5813000000000006
2.5813000000000006
2.5813000000000006
2.5813000000000006
2.5813000000000006
2.5813000000000006
2.5813000000000006
2.5813000000000006
2.5813000000000006
2.5813000000000006
2.5813000000000006
2.5813000000000006
2.5813000000000006
2.5813000000000006
2.5813000000000006
2.5813000000000006
6.392900000000005
5.049200000000004
5.039400000000003
4.637500000000003
4.637500000000003
4.637500000000003
2.9388000000000005
3.862300000000003
3.862300000000003
6.860700000000006
4.525370000000003
4.243900000000003
3.724300000000002
2.9406000000000008
2.9406000000000008
3.0439000000000007
4.726900000000002
3.327500000000002
5.548500000000004
3.653570000000001
3.277300000000002
3.7836000000000016
4.979800000000004
4.344270000000002
4.937300000000003
4.937300000000003
4.937300000000003
4.937300000000003
4.937300000000003
5.5838000000000045
5.5838000000000045
5.5838000000000045
5.5838000000000045
5.5838000000000045
5.5838000000000045
5.5838000000000045
4.898200000000003
4.898200000000003
4.898200000000003
2.4672
5.790000000000005
5.790000000000005
5.790000000000005
5.790000000000005
3.296500000000001
3.296500000000001
5.7201800000000045
3.927900000000003
5.023400000000004
5.023400000000004
5.023400000000004
5.023400000000004
5.023400000000004
5.023400000000004
6.089800000000006
2.4382
5.193700000000003
5.193700000000003
5.236200000000004
1.9756
1.9756
1.9756
4.774200000000003
4.774200000000003
4.774200000000003
4.774200000000003
3.314700000000002
3.651600000000003
3.8234000000000017
4.469600000000003
4.469600000000003
3.7763000000000018
5.064300000000004
5.064300000000004
5.064300000000004
5.064300000000004
5.064300000000004
5.064300000000004
4.383900000000002
4.490800000000004
3.389000000000001
4.394500000000004
2.4080000000000004
3.1953000000000005
4.510500000000004
4.510500000000004
4.898200000000004
4.196400000000004
4.836600000000003
7.596900000000007
4.380600000000004
3.752900000000002
2.4807000000000006
5.182770000000005
4.384100000000004
1.4053999999999998
1.4377000000000002
3.6907000000000005
3.552400000000002
3.552400000000002
3.318900000000001
6.021900000000003
5.712500000000005
3.592100000000001
5.1376000000000035
1.9762999999999997
5.195300000000003
4.707200000000003
4.021400000000003
6.234200000000004
2.9864000000000015
6.376400000000005
3.832900000000002
3.467300000000001
3.053900000000002
6.727700000000007
3.025700000000001
3.519000000000002
3.1109000000000018
3.759100000000002
2.5825000000000005
6.106000000000004
4.680600000000004
4.6818000000000035
2.2496
4.646900000000003
4.6209000000000024
4.326300000000003
1.5867
4.665900000000004
1.3609
2.4929000000000006
1.7435000000000003
2.621900000000001
1.5312999999999999
1.5312999999999999
2.2425699999999997
5.177400000000003
2.5388
3.6186700000000025
2.388000000000001
5.348000000000003
5.760600000000005
4.930200000000003
2.089
7.0148000000000055
1.8256999999999999
3.5276000000000023
3.2051200000000017
3.071900000000002
5.892200000000005
1.6756
1.7747
2.2394999999999996
2.3455000000000004
2.3455000000000004
5.811200000000004
2.757900000000001
4.884500000000004
4.181000000000003
4.181000000000003
0.5857
0.5857
5.715370000000003
1.4895
1.9987
2.6707
1.2247
1.2247
1.3592
0.8829
1.6556
1.6556
0.1461
0.1461
3.0717000000000017
0.8007
5.103800000000003
0.15250000000000002
0.15250000000000002
0.15250000000000002
0.15250000000000002
3.448900000000002
6.319000000000004
4.174300000000002
2.7929000000000013
6.0510000000000055
6.0510000000000055
5.173900000000005
6.652000000000005
