[0.14414369]
[0.14349312]
[0.1435415]
[0.14354159]
[0.1435241]
[0.14384589]
[0.14345916]
[0.1434122]
[0.1434122]
[0.14403301]
[0.14373656]
[0.14405017]
[0.14341436]
[0.14379886]
[0.14378574]
[0.14524922]
[0.14416406]
[0.1441546]
[0.14359055]
[0.14538422]
[0.14507565]
[0.14400351]
[0.14339474]
[0.14372496]
[0.1433745]
[0.14395656]
[0.14515728]
[0.14365305]
[0.14365305]
[0.14365305]
[0.14356671]
[0.14356671]
[0.14356671]
[0.14356671]
[0.14480576]
[0.14358929]
[0.14354245]
[0.14485076]
[0.14358675]
[0.14406934]
[0.14341146]
[0.14493836]
[0.14354809]
[0.14354809]
[0.14354809]
[0.14359082]
[0.14356712]
[0.14351527]
[0.14367911]
[0.14506339]
[0.1446903]
[0.14865401]
[0.14340329]
[0.14412536]
[0.14400466]
[0.14400466]
[0.14400466]
[0.14357013]
[0.14357013]
[0.14566942]
[0.14365515]
[0.14483882]
[0.14395832]
[0.14416735]
[0.14416735]
[0.14515932]
[0.1436342]
[0.14405309]
[0.14421949]
[0.14421949]
[0.14490658]
[0.14490658]
[0.14356713]
[0.14424478]
[0.1459754]
[0.14381868]
[0.14349842]
[0.14349842]
[0.14349842]
[0.14363793]
[0.14411306]
[0.14571062]
[0.1447291]
[0.14390348]
[0.14432997]
[0.1450302]
[0.14380367]
[0.1438026]
[0.14394473]
[0.14439273]
[0.1440101]
[0.14360596]
[0.14360596]
[0.143879]
[0.14442433]
[0.14371575]
[0.14379995]
[0.14548329]
[0.14503074]
[0.14404862]
[0.144337]
[0.14448126]
[0.14564306]
[0.14343786]
[0.1442795]
[0.14556599]
[0.14389765]
[0.143731]
[0.14674589]
[0.14388566]
[0.14388566]
[0.14378223]
[0.14378223]
[0.14378223]
[0.14378223]
[0.1440009]
[0.1440009]
[0.15123294]
[0.14579393]
[0.14579393]
[0.14579393]
[0.14579393]
[0.14417686]
[0.14456202]
[0.14358923]
[0.14358923]
[0.15747583]
[0.14577465]
[0.14374864]
[0.14531244]
[0.14396764]
[0.14396018]
[0.14358972]
[0.14579642]
[0.14359605]
[0.14514802]
[0.14382721]
[0.14502367]
[0.14386418]
[0.145304]
[0.14377166]
[0.1435902]
[0.14498793]
[0.14353177]
[0.14382207]
[0.14825703]
[0.14825703]
[0.14825703]
[0.14825703]
[0.14597687]
[0.15532781]
[0.1438228]
[0.14891309]
[0.14460151]
[0.14467885]
[0.14467885]
[0.14446218]
[0.15197645]
[0.14369917]
[0.14429703]
[0.14429703]
[0.14356987]
[0.18499324]
[0.14432496]
[0.14752199]
[0.14804573]
[0.14539708]
[0.14388527]
[0.14357114]
[0.14357114]
[0.14400773]
[0.143559]
[0.14454664]
[0.14394812]
[0.14394812]
[0.14615262]
[0.14400254]
[0.14378007]
[0.14392735]
[0.14430878]
[0.14574896]
[0.14476745]
[0.1435598]
[0.1457918]
[0.14624734]
[0.15058169]
[0.14396235]
[0.14390375]
[0.143911]
[0.14354624]
[0.14505927]
[0.15711696]
[0.15273647]
[0.15273647]
[0.1479488]
[0.1445784]
[0.14531378]
[0.1529749]
[0.14865145]
[0.14823295]
[0.14384794]
[0.14384794]
[0.14384794]
[0.1439983]
[0.15567362]
[0.15567362]
[0.14385176]
[0.14385176]
[0.14385176]
[0.14401157]
[0.14638795]
[0.14375263]
[0.14375263]
[0.14423077]
[0.14400505]
[0.14691989]
[0.15095094]
[0.14381249]
[0.14529511]
[0.14389767]
[0.14437146]
[0.14557184]
[0.14452063]
[0.14343314]
[0.14495571]
[0.14559594]
[0.14708677]
[0.14408495]
[0.14413644]
[0.18495487]
[0.14507183]
[0.14539433]
[0.14520583]
[0.16853106]
[0.14522906]
[0.14652093]
[0.14488551]
[0.18462364]
[0.14721309]
[0.26638588]
[0.14411664]
[0.14372687]
[0.14616199]
[0.15756267]
[0.1514975]
[0.15353052]
[0.15121444]
[0.15121444]
[0.1475456]
[0.1475456]
[0.14758788]
[0.14392088]
[0.14392088]
[0.14392088]
[0.14392088]
[0.14392088]
[0.14392088]
[0.16603601]
[0.14441583]
[0.14439462]
[0.1436684]
[0.1436684]
[0.14518207]
[0.15113984]
[0.14490835]
[0.14680798]
[0.14483573]
[0.15479846]
[0.14413348]
[0.14419127]
[0.14564548]
[0.1528142]
[0.14546701]
[0.14546701]
[0.14343423]
[0.1437726]
[0.15064804]
[0.14579584]
[0.14372814]
[0.15259139]
[0.14388683]
[0.14494333]
[0.14348046]
[0.14677204]
[0.14677204]
[0.14429185]
[0.17974606]
[0.14608105]
[0.14548141]
[0.14636141]
[0.14502645]
[0.1545336]
[0.14742394]
[0.14553684]
[0.14957279]
[0.15360674]
[0.15535161]
[0.15535161]
[0.14390284]
[0.14479607]
[0.14455447]
[0.14357853]
[0.14617153]
[0.14467514]
[0.149002]
[0.14754929]
[0.15514524]
[0.14411281]
[0.4325315]
[0.14463383]
[0.14370401]
[0.144301]
[0.14429787]
[0.15221016]
[0.14686708]
[0.14409448]
[0.14619708]
[0.14426666]
[0.1442037]
[0.14414708]
[0.15073426]
[0.14404982]
[0.14453068]
[0.14384702]
[0.14498107]
[0.14387223]
[0.14500512]
[0.14447519]
[0.15454723]
[0.14425126]
[0.14424263]
[0.15544683]
[0.14374958]
[0.14479002]
[0.14516246]
[0.14380403]
[0.14669822]
[0.14809205]
[0.1458641]
[0.14398892]
[0.14468731]
[0.149133]
[0.14574806]
[0.1437074]
[0.14513996]
[0.14484857]
[0.14492565]
[0.14414099]
[0.1484111]
[0.14631817]
[0.14977193]
[0.15103222]
[0.1450727]
[0.14380457]
[0.1445904]
[0.16758701]
[0.15390112]
[0.14813945]
[0.15012771]
[0.14427447]
[0.14395957]
[0.15543625]
[0.17095432]
[0.15299204]
[0.14362256]
[0.14379208]
[0.15846848]
[0.14410184]
[0.14654621]
[0.14612882]
[0.19222945]
[0.148329]
[0.14369047]
[0.17663422]
[0.1452633]
[0.14414611]
[0.14479636]
[0.25825652]
[0.22802812]
[0.14727373]
[0.14682782]
[0.1695754]
[0.15952635]
[0.14349434]
[0.15569909]
[0.15930365]
[0.18599147]
[0.15648371]
[0.14586674]
[0.14824478]
[0.32537127]
[0.22031575]
[0.16554427]
[0.17372264]
[0.1458504]
[0.14369042]
[0.23956206]
[0.15859823]
[0.204594]
[0.15143129]
[0.14390978]
[0.14824454]
[0.19695568]
[0.15723379]
[0.14897189]
[0.14587562]
[0.15263587]
[0.14534879]
[0.14840926]
[0.5008206]
[0.1505659]
[0.1596263]
[0.42025462]
[0.14408253]
[0.154386]
[0.15658472]
[0.15462005]
[0.16038093]
[0.1443132]
[0.15388718]
[0.16991964]
[0.467108]
[0.1446087]
[0.29462564]
[0.181445]
[0.6998981]
[0.22192326]
[0.14752313]
[0.20954205]
[0.38051382]
[0.14513925]
[0.37544882]
[0.14926705]
[0.46293753]
[0.15462872]
[0.1447462]
[0.4077528]
[0.4077528]
[0.6474526]
[0.24780941]
[0.34462705]
[0.83755296]
[0.6306603]
[0.7993869]
[0.34333912]
[0.6659027]
[0.14742856]
[0.31249374]
[0.5563672]
[0.30706674]
[0.62963563]
[0.7305651]
[0.8623771]
[0.14940098]
[0.21773042]
[0.81147844]
[0.1438178]
[0.15467758]
[0.14353156]
[0.14426321]
[0.14548312]
[0.1510921]
[0.14405097]
[0.14399895]
[0.15202773]
[0.14841607]
[0.1449376]
[0.14515796]
[0.1451648]
[0.1438012]
[0.14876735]
[0.1486147]
[0.14353383]
[0.14484197]
[0.14374255]
[0.14378121]
[0.1438063]
[0.14425634]
[0.15473527]
[0.1445926]
[0.17490652]
[0.14365342]
[0.14406163]
[0.14837287]
[0.14677043]
[0.14392969]
[0.14577647]
[0.14355087]
[0.14731528]
[0.14486413]
[0.15040088]
[0.14482191]
[0.4344364]
[0.14403181]
[0.14555028]
[0.14454359]
[0.20753624]
[0.14407544]
[0.14435077]
[0.1451043]
