4.017403185597084
4.017403185597084
4.017403185597084
4.017403185597084
4.017403185597084
4.017403185597084
4.017403185597084
4.017403185597084
4.017403185597084
4.017403185597084
4.089016251982754
3.759041265511148
4.681828202895424
4.639369870715193
4.806495245830591
4.6102727713882725
4.6102727713882725
4.6102727713882725
4.6102727713882725
4.6102727713882725
4.6102727713882725
4.6102727713882725
4.6102727713882725
4.6102727713882725
4.6102727713882725
4.6102727713882725
4.6102727713882725
4.6102727713882725
4.65999604109171
4.65999604109171
4.774462220762162
4.774462220762162
4.774462220762162
4.774462220762162
4.992562889362393
4.992562889362393
4.801266017816171
4.562057001638339
4.768570829600131
4.768570829600131
4.768570829600131
4.768570829600131
4.768570829600131
4.768570829600131
4.768570829600131
4.768570829600131
4.7362073530976865
4.7362073530976865
4.7362073530976865
4.7362073530976865
4.7362073530976865
4.7362073530976865
4.746775221367789
4.746775221367789
4.746775221367789
5.281982089829265
5.281982089829265
5.281982089829265
5.281982089829265
5.281982089829265
4.941655584902149
4.941655584902149
4.941655584902149
4.941655584902149
4.941655584902149
4.941655584902149
4.771105628959757
4.771105628959757
4.771105628959757
4.771105628959757
4.771105628959757
4.771105628959757
4.771105628959757
4.771105628959757
4.771105628959757
4.771105628959757
4.771105628959757
4.771105628959757
4.771105628959757
4.771105628959757
4.771105628959757
4.771105628959757
4.771105628959757
4.771105628959757
4.771105628959757
4.771105628959757
4.771105628959757
4.771105628959757
4.771105628959757
4.771105628959757
4.771105628959757
4.771105628959757
4.771105628959757
4.771105628959757
4.771105628959757
4.771105628959757
4.771105628959757
4.771105628959757
4.771105628959757
4.771105628959757
4.771105628959757
4.771105628959757
4.771105628959757
4.771105628959757
4.771105628959757
4.771105628959757
4.771105628959757
4.771105628959757
4.771105628959757
4.771105628959757
4.771105628959757
4.725593590068053
4.725593590068053
5.346043235492113
5.346043235492113
5.346043235492113
5.346043235492113
5.346043235492113
5.346043235492113
5.346043235492113
5.346043235492113
5.346043235492113
5.346043235492113
5.346043235492113
4.737672809301717
4.651863984397422
4.651863984397422
4.651863984397422
4.651863984397422
4.651863984397422
4.651863984397422
4.651863984397422
4.651863984397422
4.651863984397422
4.651863984397422
4.708888014542848
4.708888014542848
4.708888014542848
4.708888014542848
4.708888014542848
4.708888014542848
4.606048135591056
4.606048135591056
5.380126574280983
4.724230900996605
4.724230900996605
4.724230900996605
4.676947589010934
4.676947589010934
4.676947589010934
4.676947589010934
4.676947589010934
4.676947589010934
4.676947589010934
4.676947589010934
5.045302773008159
5.045302773008159
4.975291636917316
4.975291636917316
4.975291636917316
4.975291636917316
4.975291636917316
4.975291636917316
5.0101475387740795
4.95811040067461
4.95811040067461
4.95811040067461
4.95811040067461
4.6066013849279255
5.251946146201135
5.251946146201135
5.251946146201135
5.251946146201135
5.251946146201135
5.251946146201135
5.251946146201135
5.251946146201135
5.251946146201135
5.251946146201135
5.251946146201135
5.251946146201135
4.91343282632681
4.91343282632681
5.29341724531208
4.864764479354632
4.755292490282579
4.667326473427655
4.73360251536118
4.562175277183572
4.872563321267449
4.872563321267449
4.872563321267449
4.872563321267449
4.872563321267449
4.872563321267449
4.786644107461166
4.786644107461166
4.786644107461166
5.298271647930738
4.498289031995952
4.693981893429919
5.254884697202297
5.254884697202297
5.254884697202297
4.629335419405857
4.730881985293516
4.592958731464978
5.3329553795183
4.669134949133772
4.669134949133772
4.669134949133772
4.669134949133772
4.710328768414927
4.882158328374619
4.882158328374619
4.882158328374619
4.685730985411903
5.464770483071161
4.728873069278057
5.4574670652793476
5.4574670652793476
5.4574670652793476
5.4574670652793476
4.759286836146776
4.823255668681912
4.823255668681912
4.606368626307236
4.7638167032303125
4.838995314051849
4.838995314051849
4.76905220439555
4.882129332515471
4.736694952567184
4.810393493681241
5.2231751909879875
4.6105384891745995
4.6105384891745995
4.954274533332353
4.751923931347024
4.943101119675937
5.147640973087288
5.034832055490384
4.707300809710841
4.8949708146361495
5.160845057498452
4.777239815837459
4.785605927391812
5.190008513124367
4.7772623928854845
4.926915443283363
4.985746302845563
4.839993825246227
4.8408216103921164
4.891196420413584
4.891196420413584
4.916021546379321
4.500333403954061
4.922331610378755
5.21158401092262
4.711825349157139
5.067740845966744
4.85952824333916
4.711323069278058
4.951244589711535
4.936611805028969
4.804645549384158
4.758476439390896
4.790047251986499
5.117453440630843
5.012234607739598
5.012234607739598
5.419893117403149
5.3216621276334966
5.445148256953862
5.107795151506176
5.107795151506176
4.968896146201136
4.599230595225676
5.13758438115496
5.13758438115496
5.13758438115496
4.82313736519076
4.94652252516353
4.904727155962149
4.956002973626319
5.378843431344972
5.148281405297695
5.148281405297695
4.748248538544324
4.706938576947007
4.787541827963471
4.869267120906818
5.390235801373549
5.48565315824726
5.095966728275565
5.283576786561271
4.8599715707170965
4.810381670227373
5.09390228456477
5.3502841122968405
5.106643891559226
5.106643891559226
5.175488793373196
5.078612994870814
5.060349120778037
5.060349120778037
5.060349120778037
5.060349120778037
5.4501959764909635
5.257251252301932
5.257251252301932
5.271601716492912
5.230984740365592
5.053213851771428
5.0386974762017465
4.789912109915061
5.319252219216579
5.0045008879984
5.072957750975671
4.901876365473909
5.1922321992142715
5.288159216790487
5.156822310147172
5.118530353618262
6.183739586170103
4.4543371854243095
5.134685570564743
4.7261488042459
5.296170380847668
5.198334968618913
5.2633770520525704
5.2510081270419375
5.4839701766271105
5.444505095061786
4.057475039879065
5.900533466723215
4.286836878204388
4.587963747474815
3.11810009788726
4.459150885456312
4.8616622165143255
4.484600398947046
4.3164434962974205
3.9559976374973687
5.093101110112177
4.296549665907038
4.877136298726379
4.167190748863615
4.96026915820873
4.351077519412744
4.5458715282552165
4.579805036256007
3.929323808306968
4.963746023419868
4.00014401768339
4.876239222571373
4.492822801522708
4.121904040582822
5.03313755285756
5.03313755285756
5.03313755285756
4.25604557507943
4.272999378782314
5.349866204115109
4.131558512854736
4.131558512854736
3.5688674050629787
5.309910880616757
4.803931609298162
3.345385230510165
3.5560670486919834
4.8485383961922555
4.149975284350861
2.0145558332078632
2.0145558332078632
2.0145558332078632
2.0145558332078632
2.0145558332078632
2.0145558332078632
2.0145558332078632
2.0145558332078632
4.16054975327226
3.167929062217322
3.6115954963408523
3.5656395754077472
3.7402381490085315
4.525742673683226
4.525742673683226
3.766136597539143
3.3473408066709487
3.1885325267675686
4.920586215047522
2.872521193725218
2.872521193725218
2.872521193725218
2.872521193725218
2.872521193725218
2.872521193725218
4.050359894291022
5.4620078645630326
2.5848976360329114
2.5848976360329114
2.5848976360329114
2.5848976360329114
2.5848976360329114
2.841707011032911
2.997978243088948
2.8387218961871934
2.777759997603386
2.777759997603386
2.777759997603386
2.1454576148531874
4.347603523425716
4.347603523425716
4.347603523425716
2.193820971496544
2.193820971496544
3.0122207160779304
4.341601616241991
2.4497379111990156
3.377138043451147
2.536023662615216
3.112280458167283
3.4751642354409746
3.9302115443296426
2.440270232186757
3.552527881582945
2.5691509974774878
3.4251479598098022
2.4918640491837465
4.095903084351525
2.42066758007908
2.42066758007908
2.42066758007908
2.42066758007908
2.42066758007908
4.255908690349063
2.617019836957052
2.989014943725218
2.486984635026378
2.74048590385498
1.5114919536092017
1.8932411607619581
3.025258851117874
3.285751852184399
2.87129407836993
2.6871904244944496
2.6871904244944496
3.2289960642829794
2.8158082699375147
2.487631105527999
2.661713229511614
3.235715164615698
2.2793053191895307
3.028136981971153
3.028136981971153
3.028136981971153
3.028136981971153
3.228037586629653
3.7312394125102113
2.2841343477632545
2.428028262234939
3.1456471868325506
2.491154364588537
3.1633854593539272
3.3852524139210374
5.214300841339153
2.369345771022985
3.402757129314203
1.8496828816132158
3.5993266367538252
2.152274776456327
2.8390929724620477
2.7004705192395946
4.6771736377427136
3.8122803216011185
4.2709782129915475
3.75987135980343
3.502048687738654
3.502048687738654
3.4521952464431074
3.7780887373179493
4.307391165605322
4.221538240593853
4.221538240593853
5.243474908370812
7.3284153846153846
6.378699846259529
6.75329589170234
5.147055361144858
6.207269991119336
3.8863005813873306
4.995484694574075
5.206873561213351
6.198619802222755
3.7070584509832205
5.385003842133477
5.591369469930764
4.896176620630049
5.56384541224701
