1.8869476915258687
2.064801980331694
4.321801808975311
2.2856706468212202
3.280057125248022
2.111744478572664
2.6878313103849187
1.339840410776052
2.170651141326715
2.170651141326715
2.170651141326715
3.8159352427518245
1.706600676028044
1.908820398606876
2.0796819105574844
2.0796819105574844
2.0796819105574844
1.8345091850630304
2.0775144100267493
1.9184691270078815
2.698560481986057
2.9425895354444886
2.432236003996392
2.654426079485768
1.3526154259919156
2.6629966358322097
2.155457806253164
2.155457806253164
3.154047020447594
3.4925714987969254
1.887259476416613
1.7469934490190226
1.9092418410862546
1.7757525872492153
2.3276856727263127
2.4887530167030913
1.4144820926585808
2.1107388433119674
2.150131180006822
1.9495722307256411
2.163224714816298
2.163224714816298
2.163224714816298
2.2950266907772647
2.2950266907772647
2.3046992182497927
2.310553016703091
1.748926891884512
1.7614432924650636
1.876407812609786
1.876407812609786
1.876407812609786
4.077465269804939
2.0854542741482494
2.0854542741482494
2.0854542741482494
2.897845027440601
4.9586453915097355
1.2530808111116087
4.867587275580908
3.3810279078496794
3.5717211962717705
2.181290026862742
2.181290026862742
2.9433946870399126
4.230670761706335
2.187902218444746
2.187902218444746
2.187902218444746
2.187902218444746
2.187902218444746
2.187902218444746
2.187902218444746
5.265239565644751
5.521082381695964
2.3914668048017838
2.6627876153410295
3.025237898425255
3.6212408909036338
1.7680247437607708
1.7680247437607708
3.4624219445138067
2.369024047903906
5.143379266512025
3.226885027440602
3.226885027440602
2.5566723200412618
2.832157640651113
2.0553368708703736
2.4622583734906076
5.204414033650567
3.033120567917191
1.6179030997634332
3.853427491399911
3.638590371662625
6.671221009819892
2.9459399542938005
1.2644657830406398
2.0241102741482475
2.0241102741482475
2.936816887786957
1.6619065453773434
2.7558891116482815
2.7558891116482815
2.555400548193326
2.3812089685355797
5.094961524933385
3.348869588277955
3.0217280529875614
3.322926581840556
1.5912623495731477
3.4445036700599605
1.770253110332714
4.009110895562758
3.116156209736473
1.0843462778324717
3.4304274051142185
3.287657219290203
3.287657219290203
3.264094273194848
3.264094273194848
2.9364371241536773
1.9904479667466717
1.7092708295945762
3.1531004107760534
3.0004866153074126
3.0004866153074126
2.290039816461368
2.3898712306920284
2.4879614347001873
1.2760584468553642
5.315782763015521
2.5105822546125456
1.8996327562847881
2.887417966455942
3.8838184490190226
3.375561351071326
3.1197961082988694
2.997769674181404
2.6578899524379764
5.0213670176213325
2.6193152010767538
2.168946405517204
2.058588333004778
2.058588333004778
2.058588333004778
3.79922426559346
2.693855122381734
1.9741836169526934
1.9391777714332257
1.8371147320336014
1.6872509703075238
1.773115187781464
1.773115187781464
1.4651304062272992
2.6588909703075227
1.9844822601302834
1.9844822601302834
2.5101590472305997
2.502238502607579
3.1545238106110123
2.2170809703075225
1.0284255677733025
1.0284255677733025
1.3812892160861345
2.344731891078167
2.344731891078167
2.778725970307523
1.753485297671574
1.753485297671574
1.753485297671574
1.753485297671574
1.1818243653934424
1.1518802358387852
1.1518802358387852
1.1518802358387852
1.1518802358387852
1.1518802358387852
1.1518802358387852
1.1518802358387852
2.8138310840439846
5.424944559641033
2.815688277999831
2.489528615710901
3.5903113516025122
2.024417482802347
5.086114334362873
3.832099147311009
1.831981450413684
3.3015843742701865
1.6796737581059915
1.6796737581059915
2.1457965522714098
3.120327739562379
1.7609222796430792
2.2035976447456687
2.296953515191012
4.363085118344068
2.1853663925069586
2.615749816461367
5.400531714064472
5.400531714064472
1.1049531863041597
2.2114056543747314
1.3148931913043747
1.3148931913043747
1.3148931913043747
1.8415455856921383
4.142417457922249
1.5273492536095858
1.5273492536095858
1.5273492536095858
2.564429553797204
2.8980211431061065
2.056631849800926
1.3424871184298794
2.1765379965739378
2.1765379965739378
1.0
1.0
1.0
1.0
1.0
3.7007549088203806
2.994417242221628
2.994417242221628
2.831928573349371
2.831928573349371
3.1164463348936957
1.9997873146081115
3.0367338815266596
2.3548927901302115
2.3548927901302115
3.804347607646978
3.7760370111832007
2.5028648258422326
5.228623027956148
4.381990461048446
5.298769319256418
2.9111138599637165
2.290238130575627
4.327474955546977
1.7633066938757693
3.0989805856921384
2.0895314515177272
1.384694968001245
3.095019311336701
3.095019311336701
5.13133541067967
5.13133541067967
2.4925025078061527
3.0242150353193065
2.0265324360684627
5.296771505578754
3.753845427994402
3.3668284084586997
5.336418051773965
3.662461245264346
3.662461245264346
3.0155228933844462
4.507099143380263
2.737315585692137
4.601344945189009
3.2899876642584616
2.242751739538292
1.6903310119572872
2.7567521241536763
2.206359965947051
3.3804895499139356
3.3804895499139356
2.9491028933844454
1.7884226688034328
3.3843657375348135
1.6865921632203058
3.3895743653934414
3.3604671124261607
3.3604671124261607
2.4458470374582184
2.4458470374582184
2.610861448731537
4.8688531576225795
3.714483722379703
2.7367929090137064
2.7545541316583666
2.545966153335229
2.434528990945422
2.143013434219352
2.5359758170664612
1.5704179077895724
1.5704179077895724
1.5704179077895724
1.7646621992005809
2.5989430702759257
2.3102154075616834
3.9943163135658795
1.3106820670664607
1.3106820670664607
1.3106820670664607
1.3106820670664607
3.5852172967863734
3.840722789678364
3.3966914674932642
2.777857851000599
1.4016383170664604
2.2363761767924526
2.2382406564304613
2.2382406564304613
2.2382406564304613
2.468806664491387
3.4339900061026647
1.0
2.9492202944395114
3.0221645288600376
5.087944955376226
2.648506105527998
3.515500548193325
4.057502060647463
2.6518633196495944
4.085267082371755
2.827677825144102
2.9008826649885826
2.796537715253992
3.582821230692029
2.87604078617335
3.308931154168018
2.263170132836409
2.6380046632203076
2.637962828376164
3.8664685694802134
3.1954267945432386
5.741416572336885
2.108695407561685
2.108695407561685
3.6630277293337983
4.163971639009666
2.4227462420044255
1.0
2.218841527364228
2.665614638330915
5.209427573186743
2.6968261767924524
2.12651921741611
2.12651921741611
2.491295407561685
3.237561242221627
3.237561242221627
3.237561242221627
2.9593792726500716
1.0337432953498862
1.855455919423779
5.091503804607294
2.894841369442025
2.679147442316518
2.5452764363993587
1.6484200360005392
3.2192240472305995
4.709375091366953
3.7909449475140224
4.645486426042
3.5274964319962114
3.269454182451076
2.302768899806397
1.9146046451901029
2.385339345150527
4.171328180749313
3.960619699371186
4.026695415548623
3.619894844603958
3.619894844603958
1.1406996346627452
3.544766377227761
1.528193280147697
3.176995259364335
2.3294907209126148
1.0
1.0
1.0
1.0
2.506636131543585
3.386507528528094
1.4142331354306847
3.9971347611474632
3.9971347611474632
4.7166915599495445
2.6923638630964266
2.2617973855836624
3.786739790391522
3.633956349199109
2.84056956706646
2.0793258946098856
2.0793258946098856
3.1436896963458425
2.8664549680012446
4.799343656611497
1.7058664687640182
4.597187784191234
1.1765612788317714
2.693722104394263
3.528794871406424
3.9734933882624635
3.013315009884085
1.0
4.584688840300327
2.820901964908895
1.8654156995332514
4.575437947005721
3.7322604843471296
2.574727740143384
3.1673030841486334
3.1673030841486334
3.716908214908896
5.607398038920603
4.711953778602407
4.054130394499471
2.5013173563379834
4.249004856108064
4.249004856108064
3.9624839908966134
3.1386792460732096
2.6345473507603945
4.159018202302192
4.258390852086654
2.8792330907329475
3.638099095602441
1.2371536252092383
3.326269868776458
4.2840292477118105
4.907899360671795
4.649637825144101
5.725516650951292
3.4282532379947863
6.364210298262529
3.3857223306386075
2.7770390923009476
4.02242089606346
4.402423009371638
3.915461100909787
4.052329980643162
3.4521952464431074
5.3356164526908705
5.3356164526908705
2.7197692003141345
3.993130527780548
3.6993646383309144
6.080397233596116
3.8655083303149187
3.4056535865240782
2.6262922772372104
4.076467311220435
4.384143424580758
4.68772067628324
3.5919964296256417
3.5919964296256417
3.5919964296256417
4.023460355978468
5.918227437757061
4.766927084148634
3.599188240593853
3.599188240593853
3.9860613175169313
3.9423045867476993
5.9903488939895375
2.6507202233816063
3.6395999695449035
3.040964730942676
2.701044842026315
4.26736921069073
4.26736921069073
2.4574633196495963
3.1573185770965218
4.427933707981568
3.669121765103238
3.669121765103238
3.669121765103238
5.988116943089377
4.08999868818016
4.184053141434403
3.5413403191447035
2.7844161183033194
5.477948497281257
5.990452872806184
2.9141120878206515
2.9636749726808915
3.1881214068135595
4.692531067505062
3.885933493759681
2.5657415614078385
5.067785015484287
3.3616752138347605
5.6556024636930236
3.892046464652881
3.394462246782541
2.867759522552298
3.253035189122148
4.453483624827427
4.330736678769829
4.654773311642808
5.023284376351013
3.239745536711083
6.307010339150899
