[0.00055186]
[0.00055186]
[0.00055186]
[0.00055186]
[0.00055186]
[0.00055186]
[0.00055186]
[0.00055186]
[0.00055186]
[0.00055186]
[0.00055186]
[0.00055186]
[0.00055186]
[0.00055186]
[0.00055186]
[0.00055186]
[0.00055186]
[0.00055186]
[0.00055186]
[0.00055186]
[0.00055186]
[0.00055186]
[0.00055186]
[0.00055186]
[0.00055186]
[0.00055186]
[0.00055186]
[0.00055186]
[0.00055186]
[0.00055186]
[0.00055186]
[0.00055186]
[0.00055186]
[0.00055186]
[0.00055186]
[0.00055186]
[0.00055186]
[0.00055186]
[0.00055186]
[0.00055186]
[0.00055186]
[0.00055186]
[0.00055186]
[0.00055186]
[0.00055186]
[0.00055186]
[0.00055186]
[0.00055186]
[0.00055186]
[0.00055186]
[0.00055186]
[0.00055186]
[0.00055186]
[0.00055186]
[0.00055186]
[0.00055186]
[0.00055186]
[0.00055186]
[0.00055186]
[0.00055186]
[0.00055186]
[0.00055186]
[0.00055186]
[0.00055186]
[0.00055186]
[0.00055186]
[0.00055186]
[0.00055186]
[0.00055186]
[0.00055186]
[0.00055186]
[0.00055186]
[0.00055186]
[0.00055186]
[0.00055186]
[0.00055186]
[0.00055186]
[0.00055186]
[0.00055186]
[0.00055186]
[0.00055186]
[0.00055186]
[0.00055186]
[0.00055186]
[0.00055186]
[0.00055186]
[0.00055186]
[0.00055186]
[0.00055186]
[0.00055186]
[0.00055186]
[0.00055186]
[0.00055186]
[0.00055186]
[0.00055186]
[0.00055186]
[0.00055186]
[0.00055186]
[0.00055186]
[0.00055186]
[0.00055186]
[0.00055186]
[0.00055186]
[0.00055186]
[0.00055186]
[0.00055186]
[0.00055186]
[0.00055186]
[0.00055186]
[0.00055186]
[0.00055186]
[0.00055186]
[0.00055186]
[0.00055186]
[0.00055186]
[0.00055186]
[0.00055186]
[0.00055186]
[0.00055186]
[0.00055186]
[0.00055186]
[0.00055186]
[0.00055186]
[0.00055186]
[0.00055186]
[0.00055186]
[0.00055186]
[0.00055186]
[0.00055186]
[0.00055186]
[0.00055186]
[0.00055186]
[0.00055186]
[0.00055186]
[0.00055186]
[0.00055186]
[0.00055186]
[0.00055186]
[0.00055186]
[0.00055186]
[0.00055186]
[0.00055186]
[0.00055186]
[0.00055186]
[0.00055186]
[0.00055186]
[0.00055186]
[0.00055186]
[0.00055186]
[0.00055186]
[0.00055186]
[0.00055186]
[0.00055186]
[0.00055186]
[0.00055186]
[0.00055186]
[0.00055186]
[0.00055186]
[0.00055186]
[0.00055186]
[0.00055186]
[0.00055186]
[0.00055186]
[0.00055186]
[0.00055186]
[0.00055186]
[0.00055186]
[0.00055186]
[0.00055186]
[0.00055186]
[0.00055186]
[0.00055186]
[0.00055186]
[0.00055186]
[0.00055186]
[0.00055186]
[0.00055186]
[0.00055186]
[0.00055186]
[0.00055186]
[0.00055186]
[0.00055186]
[0.00055186]
[0.00055186]
[0.00055186]
[0.00055186]
[0.00055186]
[0.00055186]
[0.00055186]
[0.00055186]
[0.00055186]
[0.00055186]
[0.00055186]
[0.00055186]
[0.00055186]
[0.00055186]
[0.00055186]
[0.00055186]
[0.00055186]
[0.00055186]
[0.00055186]
[0.00055186]
[0.00055186]
[0.00055186]
[0.00055186]
[0.00055186]
[0.00055186]
[0.00055186]
[0.00055186]
[0.00055186]
[0.00055186]
[0.00055186]
[0.00055186]
[0.00055186]
[0.00055186]
[0.00055186]
[0.00055186]
[0.00055186]
[0.00055186]
[0.00055186]
[0.00055186]
[0.00055186]
[0.00055186]
[0.00055186]
[0.00055186]
[0.00055186]
[0.00055186]
[0.00055186]
[0.00055186]
[0.00055186]
[0.00055186]
[0.00055186]
[0.00055186]
[0.00055186]
[0.00055186]
[0.00055186]
[0.00055186]
[0.00055186]
[0.00055186]
[0.00055186]
[0.00055186]
[0.00055186]
[0.00055186]
[0.00055186]
[0.00055186]
[0.00055186]
[0.00055186]
[0.00055186]
[0.00055186]
[0.00055186]
[0.00055186]
[0.00055186]
[0.00055186]
[0.00055186]
[0.00055186]
[0.00055186]
[0.00055186]
[0.00055186]
[0.00055186]
[0.00055186]
[0.00055186]
[0.00055186]
[0.00055186]
[0.00055186]
[0.00055186]
[0.00055186]
[0.00055186]
[0.00055186]
[0.00055186]
[0.00055186]
[0.00055186]
[0.00055186]
[0.00055186]
[0.00055186]
[0.00055186]
[0.00055186]
[0.00055186]
[0.00055186]
[0.00055186]
[0.00055186]
[0.00055186]
[0.00055186]
[0.00055186]
[0.00055186]
[0.00055186]
[0.00055186]
[0.00055186]
[0.00055186]
[0.00055186]
[0.00055186]
[0.00055186]
[0.00055186]
[0.00055186]
[0.00055186]
[0.00055186]
[0.00055186]
[0.00055186]
[0.00055186]
[0.00055186]
[0.00055186]
[0.00055186]
[0.00055186]
[0.00055186]
[0.00055186]
[0.00055186]
[0.00055186]
[0.00055186]
[0.00055186]
[0.00055186]
[0.00055186]
[0.00055186]
[0.00055186]
[0.00055186]
[0.00055186]
[0.00055186]
[0.00055186]
[0.00055186]
[0.00055186]
[0.00055186]
[0.00055186]
[0.00055186]
[0.00055186]
[0.00055186]
[0.00055186]
[0.00055186]
[0.00055186]
[0.00055186]
[0.00055186]
[0.00055186]
[0.00055186]
[0.00055186]
[0.00055186]
[0.00055186]
[0.00055186]
[0.00055186]
[0.00055186]
[0.00055186]
[0.00055186]
[0.00055186]
[0.00055186]
[0.00055186]
[0.00055186]
[0.00055186]
[0.00055186]
[0.00055186]
[0.00055186]
[0.00055186]
[0.00055186]
[0.00055186]
[0.00055186]
[0.00055186]
[0.00055186]
[0.00055186]
[0.00055186]
[0.00055186]
[0.00055186]
[0.00055186]
[0.00055186]
[0.00055186]
[0.00055186]
[0.00055186]
[0.00055186]
[0.00055186]
[0.00055186]
[0.00055186]
[0.00055186]
[0.00055186]
[0.00055186]
[0.00055186]
[0.00055186]
[0.00055186]
[0.00055186]
[0.00055186]
[0.00055186]
[0.00055186]
[0.00055186]
[0.00055186]
[0.00055186]
[0.00055186]
[0.00055186]
[0.00055186]
[0.00055186]
[0.00055186]
[0.00055186]
[0.00055186]
[0.00055186]
[0.00055186]
[0.00055186]
[0.00055186]
[0.00055035]
[0.00055035]
[0.00055874]
[0.00056055]
[0.00055873]
[0.00055874]
[0.00055874]
[0.00055874]
[0.00055874]
[0.00055874]
[0.00055873]
[0.00055874]
[0.00056055]
[0.00054477]
[0.00054975]
[0.00054886]
[0.00054886]
[0.00054886]
[0.00055788]
[0.00056053]
[0.00055788]
[0.00055788]
[0.00055788]
[0.00056693]
[0.00056697]
[0.00056697]
[0.00056697]
[0.00056697]
[0.000548]
[0.00055812]
[0.00055621]
[0.00055812]
[0.00055812]
[0.0005499]
[0.00057682]
[0.00057689]
[0.00057336]
[0.00058584]
[0.00057082]
[0.00054784]
[0.00059995]
[0.00057785]
[0.00053734]
[0.00060661]
[0.00054031]
[0.00059148]
[0.0005514]
[0.00057025]
[0.0005813]
[0.0005671]
[0.0005671]
[0.0005671]
[0.0005671]
[0.0005671]
[0.0005671]
[0.0005671]
[0.0005671]
[0.00059484]
[0.00057745]
[0.00056684]
[0.00056684]
[0.00059077]
[0.00057715]
[0.00060393]
[0.0006999]
[0.00063277]
[0.00058601]
[0.00067112]
[0.00062687]
[0.00066857]
[0.00063693]
[0.00067708]
[0.00066741]
[0.00071258]
[0.00087035]
[0.00084282]
[0.00074216]
[0.00078071]
[0.00073943]
[0.00071628]
[0.00083485]
[0.00085298]
[0.00069208]
[0.00063614]
[0.00061984]
[0.00064923]
[0.0006905]
[0.00069157]
[0.00072237]
[0.00072237]
[0.00068818]
[0.0006386]
[0.0007374]
[0.0007488]
[0.0007488]
[0.0007488]
[0.00080754]
[0.00067503]
[0.00083409]
[0.00083409]
[0.00076321]
[0.00117464]
[0.00104022]
[0.00070672]
[0.00068141]
[0.00570045]
[0.00059796]
[0.00185463]
[0.00092718]
[0.00275077]
[0.00275077]
