3.3516497078076313
3.46932066812756
3.46932066812756
3.46932066812756
3.46932066812756
4.035583921839368
3.8625147797709003
3.353998276822071
3.353998276822071
3.353998276822071
3.977326278987288
3.977326278987288
3.6866588392314235
4.189237591204483
3.367263079371857
3.367263079371857
4.185790713376429
3.710714645740052
4.370520390630629
4.370520390630629
3.5303220347592488
3.5303220347592488
3.5303220347592488
3.5303220347592488
3.5303220347592488
3.5303220347592488
3.687159564553399
3.687159564553399
3.687159564553399
3.687159564553399
3.687159564553399
3.687159564553399
3.687159564553399
3.687159564553399
3.1344539833907863
3.1344539833907863
4.608337684011108
4.233068328330239
4.297906210111434
4.160143754617107
4.1144246311640655
3.3267944794198865
3.8593529712450376
3.538091356684241
3.538091356684241
3.345758096883504
3.353392716117714
4.1045903299595725
4.1045903299595725
4.1045903299595725
4.1045903299595725
4.1045903299595725
4.1045903299595725
4.1045903299595725
4.1045903299595725
4.1045903299595725
4.1045903299595725
4.1045903299595725
4.1045903299595725
4.1045903299595725
4.1045903299595725
4.1045903299595725
4.1045903299595725
3.3514624897971697
3.3514624897971697
3.3514624897971697
3.3514624897971697
3.3514624897971697
3.3514624897971697
3.3514624897971697
3.1319397033406036
3.5652100520940273
3.6316057240506616
3.6316057240506616
3.6316057240506616
3.6316057240506616
3.6316057240506616
3.6316057240506616
3.6316057240506616
3.6316057240506616
3.6316057240506616
3.6316057240506616
3.6316057240506616
3.6316057240506616
3.6316057240506616
3.6316057240506616
3.6316057240506616
3.6316057240506616
3.6316057240506616
3.6316057240506616
3.6316057240506616
3.6316057240506616
3.6316057240506616
3.6316057240506616
3.6316057240506616
3.6316057240506616
3.6316057240506616
3.6316057240506616
3.6316057240506616
3.6316057240506616
3.6316057240506616
3.6316057240506616
3.6316057240506616
3.6316057240506616
3.6316057240506616
3.6316057240506616
3.6316057240506616
3.6316057240506616
3.6316057240506616
3.6316057240506616
3.6316057240506616
3.6316057240506616
3.6316057240506616
3.6316057240506616
3.6316057240506616
3.6316057240506616
3.6316057240506616
3.6316057240506616
3.6316057240506616
3.9074700897159147
3.8297569666542133
3.8297569666542133
3.8297569666542133
3.8297569666542133
3.8297569666542133
3.8297569666542133
3.8297569666542133
3.8297569666542133
3.6725234698739477
3.9374502210920825
3.571820994693291
4.45547060618782
4.583019624839227
3.7612302707113896
3.7612302707113896
4.515060175885582
4.515060175885582
4.515060175885582
4.515060175885582
4.515060175885582
4.515060175885582
4.446081227009242
4.446081227009242
4.446081227009242
4.446081227009242
3.5491348624948946
3.5491348624948946
3.5491348624948946
3.5491348624948946
3.5491348624948946
3.5491348624948946
3.5491348624948946
3.5491348624948946
3.5491348624948946
3.5491348624948946
3.5491348624948946
3.5491348624948946
3.5491348624948946
3.5491348624948946
3.5491348624948946
3.5491348624948946
3.5491348624948946
3.5491348624948946
3.1859365582780823
3.874784699981351
3.685486579211986
4.5022353599090055
3.6292000927254993
3.6292000927254993
3.6292000927254993
3.6292000927254993
3.6292000927254993
4.1773817667082564
4.1773817667082564
4.1773817667082564
4.1773817667082564
4.1773817667082564
4.1773817667082564
3.600038641752114
3.600038641752114
3.600038641752114
3.600038641752114
3.600038641752114
3.600038641752114
3.600038641752114
3.600038641752114
3.600038641752114
3.600038641752114
3.600038641752114
3.600038641752114
3.600038641752114
3.600038641752114
3.600038641752114
3.600038641752114
3.600038641752114
3.600038641752114
3.600038641752114
3.600038641752114
3.600038641752114
3.600038641752114
3.600038641752114
3.600038641752114
3.600038641752114
3.600038641752114
3.600038641752114
3.600038641752114
3.600038641752114
3.600038641752114
3.600038641752114
3.600038641752114
3.600038641752114
3.600038641752114
3.600038641752114
3.600038641752114
3.600038641752114
3.600038641752114
3.600038641752114
3.600038641752114
3.600038641752114
3.600038641752114
3.600038641752114
3.600038641752114
3.600038641752114
3.600038641752114
3.600038641752114
3.600038641752114
3.600038641752114
3.600038641752114
3.600038641752114
3.600038641752114
3.600038641752114
3.600038641752114
3.600038641752114
3.600038641752114
3.600038641752114
3.600038641752114
3.600038641752114
3.600038641752114
3.600038641752114
3.600038641752114
3.600038641752114
3.600038641752114
3.600038641752114
3.600038641752114
3.600038641752114
3.600038641752114
3.600038641752114
3.600038641752114
3.600038641752114
3.600038641752114
3.600038641752114
3.600038641752114
3.600038641752114
3.600038641752114
3.600038641752114
4.0866975979230045
4.04980651505528
5.003044504451696
3.8519489578188395
3.8519489578188395
3.8519489578188395
3.8519489578188395
3.8519489578188395
3.8519489578188395
3.8519489578188395
3.8519489578188395
3.8519489578188395
3.8519489578188395
3.8519489578188395
3.8519489578188395
3.8519489578188395
3.8519489578188395
3.8519489578188395
3.8519489578188395
3.8519489578188395
3.8519489578188395
3.8519489578188395
4.1282736530447455
4.1282736530447455
4.1282736530447455
3.8683343431095807
3.8683343431095807
4.065523935869761
4.447036487630321
3.5035024426570924
4.912640488020688
3.982605836322249
3.942048325573732
4.100106315766638
4.393156515055281
5.0982762166742575
4.481385021842612
3.8466976360329106
3.8466976360329106
3.8466976360329106
3.8466976360329106
3.8466976360329106
3.993257072679076
3.924657802149609
4.027021447181978
4.0046401712706245
4.095609402039855
4.095609402039855
4.095609402039855
4.095609402039855
4.077692261661616
4.077692261661616
4.077692261661616
5.064713978964439
5.064713978964439
5.064713978964439
5.064713978964439
3.2981096253949485
3.1872677847813575
3.1872677847813575
3.1872677847813575
3.1872677847813575
3.1872677847813575
3.8679493803713836
4.159970283617646
5.126646825536465
5.126646825536465
4.3580728577982635
4.609063238843562
3.940278957836173
4.202209185355132
3.9289658839412356
3.877382532277802
4.287990983838339
3.4517327778068623
5.06574453578623
4.12708501399149
4.12708501399149
3.8235468253784006
3.4367584533406035
3.9890739740875265
4.023013261032911
3.922083941584818
5.008379927704903
3.547334628282684
3.547334628282684
3.5150293657340157
4.144471154365237
3.9199337713879396
4.834646775774208
4.834646775774208
4.834646775774208
4.834646775774208
4.834646775774208
4.834646775774208
3.500465905263681
4.297636148471623
3.428238067501348
3.428238067501348
3.428238067501348
3.428238067501348
3.428238067501348
3.428238067501348
3.428238067501348
3.428238067501348
3.428238067501348
3.428238067501348
3.428238067501348
3.428238067501348
3.428238067501348
3.428238067501348
3.428238067501348
3.428238067501348
3.428238067501348
3.428238067501348
3.428238067501348
3.428238067501348
3.428238067501348
3.428238067501348
3.428238067501348
3.428238067501348
3.428238067501348
3.428238067501348
4.494637488883858
4.598174830472979
3.5374528715652094
4.710471806606069
3.2581515049174783
3.2581515049174783
3.2581515049174783
3.2581515049174783
3.2581515049174783
3.2581515049174783
3.2581515049174783
3.2581515049174783
3.2581515049174783
3.2581515049174783
3.2581515049174783
3.2581515049174783
3.2581515049174783
3.2581515049174783
3.2581515049174783
3.2581515049174783
3.2581515049174783
3.2581515049174783
3.2581515049174783
3.2581515049174783
3.2581515049174783
3.2581515049174783
3.2581515049174783
3.2581515049174783
3.2581515049174783
3.2581515049174783
3.2581515049174783
3.2581515049174783
3.2581515049174783
3.2581515049174783
3.2581515049174783
4.4590763839019285
4.630216979814193
4.670151809017776
3.0558315038816755
4.797461658763634
4.797461658763634
4.797461658763634
4.797461658763634
4.797461658763634
4.797461658763634
4.797461658763634
4.797461658763634
4.797461658763634
4.797461658763634
4.797461658763634
4.797461658763634
4.797461658763634
4.797461658763634
4.797461658763634
4.797461658763634
4.797461658763634
2.981398557181393
3.814911017154351
3.9535849166660757
3.6152871303377045
4.744326656368351
4.83452927265007
4.461981073143393
4.495689142018187
4.229963624605018
3.2685555049174795
4.566547935617349
4.901774377545175
3.8624017706776224
4.437590928025099
4.468743014644577
4.7281964709970445
4.7281964709970445
4.028626002566165
4.26155969223049
4.1415396640180395
3.945811636785611
2.5499431129236143
3.464979182451076
3.4218637592100345
4.807986398415718
1.2090305482861616
2.07788535597847
1.699621281696647
2.8480897403702325
5.134928726422426
2.5281674326779253
2.1129115437612747
2.505318323116766
4.581613347037328
5.518375878655567
2.862984220243309
2.7475679189493913
2.7475679189493913
2.7475679189493913
4.6759024687640185
3.1876805482861617
4.768067353263041
5.247936256607662
3.040964730942676
3.040964730942676
4.427933707981568
4.915476892621826
5.011984584929519
5.801925345067607
5.801925345067607
5.4392327957287705
5.626617942784579
4.959129617187049
5.3231074073952644
6.104343748868258
4.912761311415291
4.2427057375332415
6.199434206916941
4.865464693093094
4.865464693093094
4.858240075948551
7.747827254472529
5.223310564114231
5.223310564114231
4.91634985405506
6.526621093080459
