[0.06780325]
[0.06773881]
[0.0679296]
[0.0679296]
[0.0679296]
[0.0679296]
[0.0679296]
[0.0679296]
[0.0679296]
[0.06937492]
[0.07321769]
[0.06781891]
[0.06781891]
[0.06808312]
[0.06808312]
[0.06979091]
[0.06923866]
[0.06923866]
[0.06838083]
[0.06838083]
[0.0692334]
[0.0692334]
[0.06897063]
[0.06837788]
[0.06837788]
[0.07319]
[0.06830446]
[0.0677549]
[0.06909054]
[0.06814916]
[0.06814916]
[0.06814916]
[0.06814916]
[0.06814916]
[0.06814916]
[0.06814916]
[0.06814916]
[0.06814916]
[0.0722963]
[0.0683042]
[0.0683042]
[0.07073944]
[0.07062401]
[0.07062401]
[0.07062401]
[0.07062401]
[0.07062401]
[0.07061733]
[0.07061733]
[0.07013163]
[0.07009255]
[0.07061841]
[0.07061841]
[0.07061841]
[0.07061841]
[0.07061841]
[0.07061841]
[0.07061841]
[0.07061841]
[0.07061841]
[0.07061841]
[0.07061841]
[0.07061841]
[0.07061841]
[0.07061841]
[0.07061841]
[0.07061841]
[0.07061841]
[0.07061841]
[0.06937335]
[0.06937335]
[0.06937335]
[0.06937335]
[0.06985862]
[0.06817608]
[0.06817608]
[0.06822024]
[0.0691869]
[0.0687453]
[0.0687453]
[0.0687453]
[0.06959895]
[0.06917778]
[0.06831282]
[0.06752791]
[0.07336336]
[0.09323759]
[0.06936792]
[0.06936792]
[0.06936792]
[0.06936792]
[0.06936792]
[0.06936792]
[0.06936792]
[0.06936792]
[0.06936792]
[0.06936792]
[0.06936792]
[0.06936792]
[0.06936792]
[0.06936792]
[0.06936792]
[0.06936792]
[0.06936792]
[0.06936792]
[0.06846418]
[0.06837859]
[0.06951036]
[0.0708087]
[0.0708087]
[0.0708087]
[0.0708087]
[0.0708087]
[0.06800291]
[0.07108079]
[0.0722963]
[0.07145969]
[0.07145967]
[0.07145967]
[0.07145967]
[0.07145967]
[0.06853518]
[0.06874793]
[0.0691775]
[0.06877183]
[0.06847049]
[0.0724892]
[0.06908266]
[0.06908266]
[0.06908266]
[0.06942693]
[0.07156742]
[0.07156742]
[0.07156742]
[0.06951693]
[0.06951693]
[0.07506737]
[0.07506737]
[0.06911478]
[0.06859296]
[0.06909799]
[0.07410662]
[0.07410662]
[0.07410662]
[0.07344535]
[0.08580378]
[0.08580378]
[0.08580378]
[0.06974402]
[0.0708047]
[0.0708047]
[0.0708047]
[0.0708047]
[0.0708047]
[0.0708047]
[0.0708047]
[0.0708047]
[0.0708047]
[0.0708047]
[0.0708047]
[0.0708047]
[0.0708047]
[0.0708047]
[0.0708047]
[0.0708047]
[0.0708047]
[0.0708047]
[0.0708047]
[0.0708047]
[0.0708047]
[0.0708047]
[0.07080591]
[0.07026384]
[0.07026384]
[0.06854894]
[0.06854884]
[0.06961815]
[0.0738107]
[0.0738107]
[0.06834645]
[0.06925078]
[0.07120074]
[0.06978852]
[0.06880379]
[0.07079111]
[0.07088061]
[0.07088061]
[0.07219373]
[0.07289336]
[0.06963432]
[0.06935486]
[0.06841581]
[0.06841581]
[0.08055529]
[0.06926807]
[0.08654252]
[0.07442806]
[0.06888127]
[0.06888127]
[0.06888127]
[0.06888127]
[0.06996716]
[0.06895691]
[0.07106873]
[0.0691494]
[0.08362812]
[0.06917766]
[0.1054955]
[0.0683113]
[0.07343946]
[0.10361345]
[0.07127863]
[0.06849224]
[0.06955473]
[0.07297572]
[0.07055896]
[0.08655592]
[0.07469549]
[0.06926616]
[0.06735952]
[0.07100844]
[0.07411119]
[0.07087655]
[0.07087655]
[0.07115081]
[0.07327341]
[0.07409499]
[0.07409499]
[0.06960341]
[0.0685661]
[0.069673]
[0.06871115]
[0.07376964]
[0.07777943]
[0.07375641]
[0.06920736]
[0.07086333]
[0.07777151]
[0.06951959]
[0.06966974]
[0.07280614]
[0.07280614]
[0.07280614]
[0.07109009]
[0.06930902]
[0.07133402]
[0.06824147]
[0.07046278]
[0.07199975]
[0.07145152]
[0.07055273]
[0.06818461]
[0.06947408]
[0.07410462]
[0.06877419]
[0.07253242]
[0.07253069]
[0.07857656]
[0.06759594]
[0.0682193]
[0.06846407]
[0.06932382]
[0.07325837]
[0.06968392]
[0.13575487]
[0.07095312]
[0.07183228]
[0.07005915]
[0.07147791]
[0.0737758]
[0.06953273]
[0.07122709]
[0.06791571]
[0.07289779]
[0.07948671]
[0.06994009]
[0.06774033]
[0.07444657]
[0.07445346]
[0.07144221]
[0.06819326]
[0.07017995]
[0.07344344]
[0.07217298]
[0.07146662]
[0.07103696]
[0.06926857]
[0.07277443]
[0.07451218]
[0.06804604]
[0.06955285]
[0.07775925]
[0.07062822]
[0.09628844]
[0.0670693]
[0.07625747]
[0.07117867]
[0.06960098]
[0.07293335]
[0.07371049]
[0.0706056]
[0.06834538]
[0.0707331]
[0.06915645]
[0.07828881]
[0.07089908]
[0.07121938]
[0.07201877]
[0.07080704]
[0.07032087]
[0.06744094]
[0.07609836]
[0.07401832]
[0.08390382]
[0.07293575]
[0.08006725]
[0.07623964]
[0.06797227]
[0.07511693]
[0.06975845]
[0.06784233]
[0.06896055]
[0.07384691]
[0.06920566]
[0.10340975]
[0.0703494]
[0.06824598]
[0.06806416]
[0.07037825]
[0.0681284]
[0.06925301]
[0.07145458]
[0.07254559]
[0.07025933]
[0.06931734]
[0.07347574]
[0.07181925]
[0.07443489]
[0.07138287]
[0.12260018]
[0.07575098]
[0.06920236]
[0.06920236]
[0.07048731]
[0.0711285]
[0.07646555]
[0.07186361]
[0.07259361]
[0.07702167]
[0.07131331]
[0.07000794]
[0.07279179]
[0.07114981]
[0.07276253]
[0.07485506]
[0.08212619]
[0.07296063]
[0.07265557]
[0.06804796]
[0.07009196]
[0.07151378]
[0.07568224]
[0.0684711]
[0.06866413]
[0.0780238]
[0.07831767]
[0.07284158]
[0.07394208]
[0.0724986]
[0.07314152]
[0.07314152]
[0.07314152]
[0.07235755]
[0.5935725]
[0.08566834]
[0.09626347]
[0.07647865]
[0.07942302]
[0.07329194]
[0.07209447]
[0.07050308]
[0.07429677]
[0.11984181]
[0.07768115]
[0.07575893]
[0.08622409]
[0.08015044]
[0.08838475]
[0.07516777]
[0.39277402]
[0.10619065]
[0.08935394]
[0.08594468]
[0.08426185]
[0.10590118]
[0.08782984]
[0.13917892]
[0.13917892]
[0.07062723]
[0.12966311]
[0.08732838]
[0.18386061]
[0.23952866]
[0.21964753]
[0.09446869]
[0.13520122]
[0.11662094]
[0.4623716]
[0.1014135]
[0.1124957]
[0.1124957]
[0.24628723]
[0.11239324]
[0.44404572]
[0.20317546]
[0.15798117]
[0.3156407]
[0.0788613]
[0.10979465]
[0.13697535]
[0.07410815]
[0.40711373]
[0.20712179]
[0.14230742]
[0.16174643]
[0.14482756]
[0.38795787]
[0.5549461]
[0.39716688]
[0.18339483]
[0.26999614]
[0.28141]
[0.28141]
[0.38748536]
[0.49885157]
[0.16661204]
[0.06920438]
[0.17742096]
[0.46927044]
[0.46927044]
[0.07083889]
[0.1941927]
[0.08396042]
[0.07308522]
[0.07058278]
[0.37828502]
[0.37897462]
[0.24329378]
[0.06937359]
[0.07170024]
[0.07567897]
[0.23232734]
[0.13584322]
[0.07203484]
[0.07006959]
[0.0744615]
[0.07644306]
[0.07894239]
[0.07170389]
[0.08727912]
[0.07500952]
[0.06834936]
[0.08364748]
[0.07090522]
[0.06914648]
[0.08004024]
[0.09027904]
[0.07268368]
[0.0688501]
[0.07243712]
[0.07377846]
[0.07042341]
[0.07522564]
[0.07002666]
[0.07216761]
[0.07211955]
[0.06989072]
[0.07951552]
[0.0728706]
[0.07020696]
[0.07202451]
[0.08145057]
[0.07438481]
[0.06959534]
[0.07042587]
[0.09484072]
[0.07317762]
[0.07074372]
[0.11217236]
[0.07010902]
[0.07715682]
[0.07805837]
[0.09190983]
[0.07047349]
[0.07401264]
[0.07372893]
[0.0824568]
[0.08174139]
[0.07568144]
[0.07541063]
