[0.01897547]
[0.01897547]
[0.01897547]
[0.01897547]
[0.02115884]
[0.02115884]
[0.02115884]
[0.02115884]
[0.02115884]
[0.02115884]
[0.02115884]
[0.02115884]
[0.02115884]
[0.02115884]
[0.02115884]
[0.02115884]
[0.02115884]
[0.02115884]
[0.02115884]
[0.02115884]
[0.02115884]
[0.02115884]
[0.02115884]
[0.02115884]
[0.02115884]
[0.02115884]
[0.02115884]
[0.02115884]
[0.02115884]
[0.02115884]
[0.02115884]
[0.02115884]
[0.02115884]
[0.02115884]
[0.02115884]
[0.02115884]
[0.02115884]
[0.02115884]
[0.02115884]
[0.02115884]
[0.02115884]
[0.02115884]
[0.02115884]
[0.02115884]
[0.02115884]
[0.02115884]
[0.02115884]
[0.02115884]
[0.02115884]
[0.02115884]
[0.02115884]
[0.02115884]
[0.02115884]
[0.02115884]
[0.02115884]
[0.02115884]
[0.02115884]
[0.02115884]
[0.02115884]
[0.02115884]
[0.02115884]
[0.02115884]
[0.02115884]
[0.02115884]
[0.02115884]
[0.02115884]
[0.02115884]
[0.02115884]
[0.02115884]
[0.02115884]
[0.02115884]
[0.02115884]
[0.02115884]
[0.02115884]
[0.02115884]
[0.02115884]
[0.02115884]
[0.02115884]
[0.02115884]
[0.02115884]
[0.02115884]
[0.02115884]
[0.02115884]
[0.02115884]
[0.02115884]
[0.02115884]
[0.02115884]
[0.02115884]
[0.02115884]
[0.02115884]
[0.02115884]
[0.02115884]
[0.02115884]
[0.02115884]
[0.02115884]
[0.02115884]
[0.02115884]
[0.02115884]
[0.02115884]
[0.02115884]
[0.02115884]
[0.02115884]
[0.02115884]
[0.02115884]
[0.02115884]
[0.02115884]
[0.02115884]
[0.02115884]
[0.02115884]
[0.02115884]
[0.02115884]
[0.02115884]
[0.02115884]
[0.02115884]
[0.02115884]
[0.02115884]
[0.02115884]
[0.02115884]
[0.02115884]
[0.02115884]
[0.02115884]
[0.02115884]
[0.02115884]
[0.02115884]
[0.02115884]
[0.02115884]
[0.02115884]
[0.02115884]
[0.02115884]
[0.02115884]
[0.02115884]
[0.02115884]
[0.02115884]
[0.02115884]
[0.02115884]
[0.02115884]
[0.02115884]
[0.01903955]
[0.01903955]
[0.01903955]
[0.01903955]
[0.01903955]
[0.01903955]
[0.01903955]
[0.01903955]
[0.01886689]
[0.01886689]
[0.01886689]
[0.01886689]
[0.01886689]
[0.01886689]
[0.01886689]
[0.01886689]
[0.01886689]
[0.01886689]
[0.01886689]
[0.01886689]
[0.01886689]
[0.01886689]
[0.01886689]
[0.01886689]
[0.01886689]
[0.01886689]
[0.01886689]
[0.01886689]
[0.01886689]
[0.01886689]
[0.01886689]
[0.01886689]
[0.01886689]
[0.01886689]
[0.01886689]
[0.01886689]
[0.01886689]
[0.01886689]
[0.01886689]
[0.01886689]
[0.01886689]
[0.01886689]
[0.01886689]
[0.01886689]
[0.01886689]
[0.01886689]
[0.01886689]
[0.01886689]
[0.01886689]
[0.01886689]
[0.01886689]
[0.01886689]
[0.01886689]
[0.01889623]
[0.01889623]
[0.01889623]
[0.01889623]
[0.01889623]
[0.01889623]
[0.01889623]
[0.01889623]
[0.01889623]
[0.01889623]
[0.01889623]
[0.01889623]
[0.01889623]
[0.01889623]
[0.01889623]
[0.01889623]
[0.01889623]
[0.01889623]
[0.01889623]
[0.01889623]
[0.01889623]
[0.01889623]
[0.01889623]
[0.01889623]
[0.01889623]
[0.01889623]
[0.01889623]
[0.01889623]
[0.01889623]
[0.01889623]
[0.01889623]
[0.01889623]
[0.01889623]
[0.01889623]
[0.01889623]
[0.01889623]
[0.01889623]
[0.01889623]
[0.01889623]
[0.01889623]
[0.01889623]
[0.01889623]
[0.01889623]
[0.01889623]
[0.01889623]
[0.01889623]
[0.01889623]
[0.01889623]
[0.01889623]
[0.01889623]
[0.01889623]
[0.01889623]
[0.01889623]
[0.01889623]
[0.01889623]
[0.01889623]
[0.01889623]
[0.01889623]
[0.01889623]
[0.01889623]
[0.01889623]
[0.01889623]
[0.01889623]
[0.01889623]
[0.01889623]
[0.01889623]
[0.01889623]
[0.01889623]
[0.01889623]
[0.01889623]
[0.01889623]
[0.01889623]
[0.01889623]
[0.01889623]
[0.01889623]
[0.01889623]
[0.01889623]
[0.01889623]
[0.01889623]
[0.01889623]
[0.01889623]
[0.01889623]
[0.01889623]
[0.01889623]
[0.01889623]
[0.01889623]
[0.01889623]
[0.01889623]
[0.01889623]
[0.01889623]
[0.01889623]
[0.01889623]
[0.01889623]
[0.01889623]
[0.01889623]
[0.01889623]
[0.01889623]
[0.01889623]
[0.01889623]
[0.01889623]
[0.01889623]
[0.01889623]
[0.01889623]
[0.01889623]
[0.01889623]
[0.01889623]
[0.01889623]
[0.01889623]
[0.01889623]
[0.01889623]
[0.01889623]
[0.01889623]
[0.01889623]
[0.01889623]
[0.01889623]
[0.01889623]
[0.01889623]
[0.01889623]
[0.01889623]
[0.01889623]
[0.01889623]
[0.01889623]
[0.01889623]
[0.01889623]
[0.01889623]
[0.01927499]
[0.01911432]
[0.02160353]
[0.02217572]
[0.0248375]
[0.01996704]
[0.01996704]
[0.02226983]
[0.0248375]
[0.0248375]
[0.01996876]
[0.01890951]
[0.01908832]
[0.01898057]
[0.01885575]
[0.01880009]
[0.01882293]
[0.01882264]
[0.01911492]
[0.01895935]
[0.01895935]
[0.01882274]
[0.02268204]
[0.02268204]
[0.02268204]
[0.01877337]
[0.01877337]
[0.03302453]
[0.01890796]
[0.01893989]
[0.03302453]
[0.03302453]
[0.01936673]
[0.0248375]
[0.01903955]
[0.0189602]
[0.0189602]
[0.0189602]
[0.01908832]
[0.0190012]
[0.0190012]
[0.0190012]
[0.0190012]
[0.0190012]
[0.01879289]
[0.01908832]
[0.01979704]
[0.02263573]
[0.01961277]
[0.01895394]
[0.02057337]
[0.02012418]
[0.02182855]
[0.02012042]
[0.02263143]
[0.02384713]
[0.02384713]
[0.02384713]
[0.01896999]
[0.01910759]
[0.01899157]
[0.01898916]
[0.0189884]
[0.01898752]
[0.01881885]
[0.01928105]
[0.01928105]
[0.01898981]
[0.01898794]
[0.01936081]
[0.01936081]
[0.01902092]
[0.01902092]
[0.01890499]
[0.01893657]
[0.01893549]
[0.0190699]
[0.02649258]
[0.0189084]
[0.01907462]
[0.01905304]
[0.02116664]
[0.02021536]
[0.01909325]
[0.0372629]
[0.01915003]
[0.01915003]
[0.01924994]
[0.01946582]
[0.01918253]
[0.01915313]
[0.0190097]
[0.0190548]
[0.0190548]
[0.01921196]
[0.02070057]
[0.01928458]
[0.02028582]
[0.01996327]
[0.01965438]
[0.02247314]
[0.02247314]
[0.01990203]
[0.02012379]
[0.02002756]
[0.02124594]
[0.02057444]
[0.02043449]
[0.01960205]
[0.01997072]
[0.02101828]
[0.0201975]
[0.02151269]
[0.02256043]
[0.02504314]
[0.02073069]
[0.02073069]
[0.02035715]
[0.0198745]
[0.02411839]
[0.02329289]
[0.03230953]
[0.02890389]
[0.02890389]
[0.02290537]
[0.02548454]
[0.02612052]
[0.02691201]
[0.02059381]
[0.02437691]
[0.02298685]
[0.02332515]
[0.02453911]
[0.02737177]
[0.02550889]
[0.02829113]
[0.02342908]
[0.03417565]
[0.02180417]
[0.02410292]
[0.02410292]
[0.02623392]
[0.02623392]
[0.02654875]
[0.02654875]
[0.02241203]
[0.02354891]
[0.02722717]
[0.0251791]
[0.0251791]
[0.0251791]
[0.03388327]
[0.02463503]
[0.03051464]
[0.03051464]
[0.02993356]
[0.05065204]
[0.02210787]
[0.02210787]
[0.0263956]
[0.02938112]
[0.02364882]
[0.03167978]
[0.02435808]
[0.02435808]
[0.0809052]
[0.0535937]
[0.0535937]
[0.03356591]
[0.11109654]
[0.10465065]
[0.04284313]
[0.04744557]
[0.10746978]
[0.06366981]
[0.02184277]
[0.02585966]
[0.02042387]
[0.0191674]
[0.02530324]
[0.02077312]
[0.02107051]
[0.06351506]
[0.02432587]
[0.02059226]
