5.00968230560475
5.00968230560475
5.00968230560475
5.00968230560475
5.00968230560475
5.00968230560475
5.00968230560475
4.8976690133783425
4.8976690133783425
4.8976690133783425
4.8976690133783425
4.8976690133783425
4.8976690133783425
4.8976690133783425
4.8976690133783425
4.8976690133783425
4.8976690133783425
4.8976690133783425
4.8976690133783425
4.8976690133783425
4.8976690133783425
4.8976690133783425
4.8976690133783425
4.8976690133783425
4.8976690133783425
4.8976690133783425
4.8976690133783425
4.8976690133783425
4.8976690133783425
4.8976690133783425
4.8976690133783425
4.8976690133783425
4.8976690133783425
4.8976690133783425
4.8976690133783425
4.8976690133783425
4.8976690133783425
4.8976690133783425
4.8976690133783425
4.8976690133783425
4.8976690133783425
4.8976690133783425
4.8976690133783425
4.8976690133783425
4.8976690133783425
4.8976690133783425
4.8976690133783425
4.8976690133783425
4.8976690133783425
4.8976690133783425
4.8976690133783425
4.8976690133783425
4.8976690133783425
4.8976690133783425
4.8976690133783425
4.8976690133783425
4.8976690133783425
4.8976690133783425
4.8976690133783425
4.8976690133783425
4.8976690133783425
4.8976690133783425
4.8976690133783425
4.8976690133783425
4.8976690133783425
4.8976690133783425
4.8976690133783425
4.8976690133783425
4.8976690133783425
4.955940476544385
4.955940476544385
4.955940476544385
4.955940476544385
4.955940476544385
4.955940476544385
4.955940476544385
4.955940476544385
4.955940476544385
4.955940476544385
4.955940476544385
4.955940476544385
4.955940476544385
4.955940476544385
4.955940476544385
4.955940476544385
4.955940476544385
4.955940476544385
4.955940476544385
4.955940476544385
4.955940476544385
4.955940476544385
4.955940476544385
4.955940476544385
4.955940476544385
4.955940476544385
4.955940476544385
4.955940476544385
4.955940476544385
4.955940476544385
4.955940476544385
4.955940476544385
4.955940476544385
4.955940476544385
4.955940476544385
4.955940476544385
4.955940476544385
4.955940476544385
4.955940476544385
4.955940476544385
4.955940476544385
4.955940476544385
4.955940476544385
4.955940476544385
4.955940476544385
4.955940476544385
4.955940476544385
4.955940476544385
4.955940476544385
4.955940476544385
4.955940476544385
4.955940476544385
4.955940476544385
4.955940476544385
4.955940476544385
4.955940476544385
4.955940476544385
4.955940476544385
4.955940476544385
4.955940476544385
4.955940476544385
4.955940476544385
4.955940476544385
4.955940476544385
4.955940476544385
4.955940476544385
4.955940476544385
4.955940476544385
4.955940476544385
4.955940476544385
4.955940476544385
4.955940476544385
4.955940476544385
4.955940476544385
4.955940476544385
4.955940476544385
4.955940476544385
4.955940476544385
4.955940476544385
4.955940476544385
4.955940476544385
4.955940476544385
4.955940476544385
4.955940476544385
4.955940476544385
4.955940476544385
4.955940476544385
4.955940476544385
4.955940476544385
4.955940476544385
4.955940476544385
4.955940476544385
4.955940476544385
4.8414960149482
4.8414960149482
4.8414960149482
4.8414960149482
4.8414960149482
4.8414960149482
4.8414960149482
4.8414960149482
4.8414960149482
4.8414960149482
4.8414960149482
4.8414960149482
4.8414960149482
4.8414960149482
4.8414960149482
4.8414960149482
4.8414960149482
4.8414960149482
4.8414960149482
4.8414960149482
4.8414960149482
4.8414960149482
4.8414960149482
4.8414960149482
4.8414960149482
4.8414960149482
4.8414960149482
4.8414960149482
4.8414960149482
4.8414960149482
4.8414960149482
4.8414960149482
4.8414960149482
4.8414960149482
4.8414960149482
4.8414960149482
4.8414960149482
4.8414960149482
4.8414960149482
4.8414960149482
4.8414960149482
4.8414960149482
4.8414960149482
4.8414960149482
4.8414960149482
4.8414960149482
4.8414960149482
4.8414960149482
4.8414960149482
4.8414960149482
4.8414960149482
4.8414960149482
4.8414960149482
4.8414960149482
4.8414960149482
4.8414960149482
4.8414960149482
4.8414960149482
4.8414960149482
4.8414960149482
4.894069060488221
4.746271231387642
4.87298805338812
4.877268418381559
4.953302583596954
4.956764954197041
4.920055336522627
4.920055336522627
4.920055336522627
4.920055336522627
4.920055336522627
4.920055336522627
4.920055336522627
4.920055336522627
4.920055336522627
4.920055336522627
4.920055336522627
4.920055336522627
4.920055336522627
4.920055336522627
4.920055336522627
4.920055336522627
4.920055336522627
4.920055336522627
4.920055336522627
4.920055336522627
4.920055336522627
4.920055336522627
4.920055336522627
4.920055336522627
4.920055336522627
4.920055336522627
4.920055336522627
4.920055336522627
4.920055336522627
4.920055336522627
4.837022906642066
4.837022906642066
4.837022906642066
4.837022906642066
4.837022906642066
4.837022906642066
4.837022906642066
5.017498301173861
5.017498301173861
5.017498301173861
5.017498301173861
5.017498301173861
5.017498301173861
5.017498301173861
5.017498301173861
5.017498301173861
5.017498301173861
4.843572107143522
4.843572107143522
4.843572107143522
4.843572107143522
4.843572107143522
4.843572107143522
4.843572107143522
4.843572107143522
4.843572107143522
4.843572107143522
4.843572107143522
4.843572107143522
4.843572107143522
4.843572107143522
4.843572107143522
4.843572107143522
4.843572107143522
4.843572107143522
4.843572107143522
4.843572107143522
4.843572107143522
4.843572107143522
4.843572107143522
4.843572107143522
4.843572107143522
4.843572107143522
4.843572107143522
4.843572107143522
4.843572107143522
4.843572107143522
4.843572107143522
4.843572107143522
4.843572107143522
4.843572107143522
4.843572107143522
4.843572107143522
4.843572107143522
4.843572107143522
4.843572107143522
4.843572107143522
4.843572107143522
4.843572107143522
4.843572107143522
4.843572107143522
4.843572107143522
4.843572107143522
4.843572107143522
4.843572107143522
4.843572107143522
4.843572107143522
4.843572107143522
4.843572107143522
4.843572107143522
4.843572107143522
4.843572107143522
4.843572107143522
4.843572107143522
4.843572107143522
4.843572107143522
4.843572107143522
4.843572107143522
4.843572107143522
4.843572107143522
4.843572107143522
4.843572107143522
4.843572107143522
4.843572107143522
4.843572107143522
4.843572107143522
4.843572107143522
4.843572107143522
4.937622496462274
4.9715999689897465
4.902371717550925
4.938638435728059
5.038567077975236
4.855656175131513
5.055371082751472
4.982913823656857
5.03545997750301
4.927442559683044
4.780367543046205
5.056273118884671
5.125486274947342
5.031713447323744
5.372009014677108
4.788853438624475
4.7920176491507895
4.882879135017231
5.06002273200316
5.109625911568946
4.957206917831593
5.08097869656623
5.081570488975475
4.86212972103642
4.92976163800647
4.92976163800647
4.848197874607174
4.848197874607174
4.848197874607174
5.007295558724379
5.1029220246667
4.9332289158063904
5.01604541639948
5.027078991911695
5.015228066092014
5.070378854390061
5.02254736937355
5.027692086812233
5.04979778651214
4.779116611045836
5.060829979204809
5.001332935184754
5.263944726635783
4.910958463014226
4.793383539463802
4.793383539463802
5.565561319822348
4.756439427368512
4.745729728371856
4.856774453273005
5.11122218930639
5.925712417983647
5.0583390093083125
5.720260513208059
5.9129830746975935
4.779980172996467
4.591470937339663
4.622206463624822
4.334423906645556
4.2204271112739375
4.400337545154288
4.310476438197015
4.186367489637452
4.222029266105354
4.3243350622863375
4.198061639149911
3.548233698627609
3.749121766465283
3.656676308597632
3.598813812319717
3.7494634053718254
3.5787050493241566
4.077138829040996
3.782828775261322
3.683346784730709
3.6931415539614774
3.4299131335579665
3.4457667636193037
3.676900879881325
3.753171708851543
3.242382251417526
3.634629067726282
2.743397474993049
3.0657009412800322
3.6597953102549994
3.921186565902139
4.097172559317166
3.9848855559160405
3.780587413428572
4.227492828340604
3.277827243260953
3.6016926894658132
3.6016926894658132
3.6016926894658132
3.6016926894658132
3.1964090472306
3.789104258449661
3.5205152471660917
4.03200181652446
3.406915585692138
3.3098135545826306
4.109295298090807
5.290451450059434
3.972891973902307
4.213162051697415
4.12069939184094
5.11370813913137
5.11370813913137
5.11370813913137
5.11370813913137
4.249604208240049
5.139837288624374
4.9730364481197356
4.057921765103237
4.645783303564777
4.098613959597883
4.332972330638607
6.667815384615385
3.643007361344859
3.643007361344859
3.643007361344859
3.643007361344859
3.643007361344859
3.643007361344859
3.643007361344859
3.643007361344859
3.643007361344859
3.643007361344859
3.643007361344859
3.643007361344859
3.643007361344859
3.643007361344859
3.643007361344859
3.643007361344859
3.643007361344859
3.643007361344859
5.619443427499353
4.099336511142429
4.297110600211256
4.460185498996681
5.3946398464484435
3.995440692258775
3.995440692258775
3.995440692258775
3.995440692258775
3.995440692258775
3.995440692258775
4.366011048731571
4.406093975560841
4.642337384191268
5.095159804453932
5.297496421019579
7.135755924780263
5.88390826785446
