[0.28671184]
[0.3066536]
[0.2878788]
[0.28458974]
[0.2902672]
[0.2902672]
[0.2902672]
[0.28753063]
[0.30593887]
[0.29254517]
[0.3046091]
[0.2880889]
[0.2771133]
[0.2771133]
[0.2771133]
[0.2771133]
[0.3035388]
[0.3035388]
[0.2791238]
[0.2791238]
[0.2791238]
[0.2791238]
[0.2791238]
[0.3103335]
[0.2953052]
[0.28272474]
[0.2863993]
[0.2863993]
[0.2863993]
[0.29610193]
[0.31907603]
[0.28555125]
[0.28555125]
[0.28555125]
[0.2971909]
[0.27728647]
[0.28823334]
[0.28090644]
[0.28090644]
[0.28090644]
[0.28090644]
[0.28090644]
[0.28090644]
[0.28090644]
[0.28667957]
[0.28667957]
[0.28667957]
[0.2824079]
[0.2824079]
[0.29172403]
[0.29172403]
[0.27862424]
[0.27862424]
[0.29196304]
[0.3128242]
[0.3128242]
[0.27872905]
[0.27872905]
[0.27872905]
[0.27872905]
[0.27872905]
[0.27872905]
[0.27872905]
[0.27872905]
[0.28893048]
[0.28068256]
[0.2817422]
[0.2817422]
[0.2817422]
[0.3524193]
[0.28434646]
[0.28434646]
[0.28434646]
[0.28309414]
[0.28309414]
[0.28694347]
[0.32954487]
[0.28258568]
[0.2896945]
[0.2896945]
[0.2810986]
[0.3080055]
[0.3080055]
[0.3080055]
[0.28543842]
[0.32516155]
[0.2878331]
[0.31449643]
[0.283871]
[0.28723568]
[0.28723568]
[0.29786828]
[0.2963698]
[0.29333153]
[0.29333153]
[0.29333153]
[0.2925169]
[0.32152465]
[0.28166023]
[0.28166023]
[0.28166023]
[0.28166023]
[0.28754976]
[0.30546445]
[0.29096067]
[0.29096067]
[0.28192458]
[0.28192458]
[0.28192458]
[0.28192458]
[0.2824726]
[0.2824726]
[0.2824726]
[0.2757974]
[0.28386533]
[0.28960112]
[0.3063259]
[0.34903133]
[0.29795554]
[0.28809068]
[0.28496256]
[0.3389963]
[0.29682004]
[0.33493045]
[0.29119104]
[0.29482713]
[0.3527545]
[0.30015558]
[0.28229985]
[0.304881]
[0.29139733]
[0.29139733]
[0.29637268]
[0.29676807]
[0.29676807]
[0.2904747]
[0.2904747]
[0.2904747]
[0.31783068]
[0.30813488]
[0.28788286]
[0.28788286]
[0.28788286]
[0.28788286]
[0.28788286]
[0.28788286]
[0.30011046]
[0.29612276]
[0.29612276]
[0.29612276]
[0.29612276]
[0.3033321]
[0.3033321]
[0.30859712]
[0.30260688]
[0.30260688]
[0.2956891]
[0.29367086]
[0.29907095]
[0.29907095]
[0.3142082]
[0.32300678]
[0.299762]
[0.31818524]
[0.32234892]
[0.3179866]
[0.3623236]
[0.2989413]
[0.29586005]
[0.29352492]
[0.30505323]
[0.30141523]
[0.30141523]
[0.30141523]
[0.34722647]
[0.28793618]
[0.2755828]
[0.2755828]
[0.2755828]
[0.2755828]
[0.31906608]
[0.29172474]
[0.28783566]
[0.3047203]
[0.3047203]
[0.29093733]
[0.32791728]
[0.30085248]
[0.30076084]
[0.30443814]
[0.3528821]
[0.2949037]
[0.31469592]
[0.31469592]
[0.32892153]
[0.29327258]
[0.3325178]
[0.36629185]
[0.3621234]
[0.29357088]
[0.29790664]
[0.29790664]
[0.29790664]
[0.2805725]
[0.28327885]
[0.2948986]
[0.30344096]
[0.2955414]
[0.27590585]
[0.29024452]
[0.2836639]
[0.2836639]
[0.29330343]
[0.33464244]
[0.28175658]
[0.42520133]
[0.30469054]
[0.31146905]
[0.31110662]
[0.28312135]
[0.3256719]
[0.29244396]
[0.29244396]
[0.3170876]
[0.30140564]
[0.2938496]
[0.2833186]
[0.28690562]
[0.28690562]
[0.32372048]
[0.28141943]
[0.35828182]
[0.34073177]
[0.329404]
[0.29329368]
[0.29329368]
[0.33984745]
[0.27523282]
[0.3518744]
[0.36127427]
[0.28473032]
[0.32499522]
[0.29123828]
[0.3582435]
[0.31085342]
[0.33467925]
[0.2842092]
[0.289433]
[0.28303877]
[0.3019328]
[0.30770126]
[0.3197854]
[0.2872842]
[0.3064314]
[0.33080924]
[0.2917336]
[0.3025063]
[0.3275047]
[0.38206026]
[0.28167686]
[0.31376088]
[0.28269157]
[0.29847106]
[0.27509147]
[0.28747156]
[0.30789894]
[0.29819247]
[0.47631142]
[0.33400673]
[0.27896675]
[0.32763597]
[0.38546798]
[0.28628564]
[0.33829725]
[0.2991746]
[0.28334963]
[0.29897758]
[0.31645143]
[0.28052613]
[0.3096717]
[0.35236794]
[0.2924851]
[0.31087148]
[0.2820101]
[0.3618676]
[0.3455502]
[0.36887407]
[0.3082855]
[0.38967168]
[0.29942098]
[0.29671505]
[0.32868847]
[0.43749025]
[0.32337004]
[0.31870946]
[0.28888443]
[0.36685118]
[0.3034583]
[0.32507876]
[0.3499308]
[0.29619202]
[0.3119422]
[0.45150977]
[0.34118047]
[0.32324708]
[0.35775557]
[0.29104146]
[0.36445948]
[0.307906]
[0.28276733]
[0.39689562]
[0.32706347]
[0.388512]
[0.3265974]
[0.38113794]
[0.3752739]
[0.39533675]
[0.28233075]
[0.28233075]
[0.29031506]
[0.30782318]
[0.4433205]
[0.29718062]
[0.44536886]
[0.30325305]
[0.29344442]
[0.3169429]
[0.28644046]
[0.41062272]
[0.2800695]
[0.29172975]
[0.31526604]
[0.30230978]
[0.28516272]
[0.3185928]
[0.3459008]
[0.3363366]
[0.34501335]
[0.2811511]
[0.35223642]
[0.29682133]
[0.30087575]
[0.30066732]
[0.29174766]
[0.27962813]
[0.33263257]
[0.28777388]
[0.42055812]
[0.3198261]
[0.31092447]
[0.29856816]
[0.2989646]
[0.2958205]
[0.2838435]
[0.37167028]
[0.30556598]
[0.3650983]
[0.28334555]
[0.30058086]
[0.2959782]
[0.28156587]
[0.42839193]
[0.28600085]
[0.34990457]
[0.32003748]
[0.44011205]
[0.3466469]
[0.30574206]
[0.29040334]
[0.36355188]
[0.29586247]
[0.30216673]
[0.31213036]
[0.31588623]
[0.31558037]
[0.31558037]
[0.41208908]
[0.2925177]
[0.3390285]
[0.36249998]
[0.3002038]
[0.32737696]
[0.28162706]
[0.3425293]
[0.36136857]
[0.29229593]
[0.31689423]
[0.33044764]
[0.33044764]
[0.30042127]
[0.3841662]
[0.29995328]
[0.29899403]
[0.31789362]
[0.32075062]
[0.2916815]
[0.30788293]
[0.30148077]
[0.32634988]
[0.3121061]
[0.2905884]
[0.29089713]
[0.331426]
[0.32723996]
[0.31179255]
[0.30498442]
[0.38942337]
[0.3125868]
[0.48750967]
[0.3186694]
[0.4100215]
[0.33524045]
[0.44850385]
[0.43472585]
[0.33966982]
[0.28020227]
[0.29517743]
[0.3963219]
[0.29097968]
[0.30420712]
[0.28122672]
[0.34017873]
[0.3099658]
[0.3417215]
[0.39999008]
[0.33403426]
[0.40481216]
[0.31588653]
[0.40082476]
[0.34189036]
[0.3442686]
[0.29272702]
[0.2789928]
[0.2934816]
[0.3019953]
[0.33379868]
[0.2919673]
[0.3730841]
[0.3730841]
[0.3730841]
[0.3009023]
[0.2842779]
[0.35814023]
[0.2809325]
[0.3129416]
[0.38627312]
[0.27932516]
[0.30433694]
[0.2998591]
[0.35977432]
[0.35977432]
[0.38859054]
[0.285112]
[0.30949733]
[0.2882925]
[0.35595965]
[0.30267337]
[0.31809953]
[0.37241343]
[0.30606735]
[0.2888812]
[0.29059723]
[0.4143161]
[0.32082832]
[0.27531004]
[0.30142024]
[0.28572196]
[0.29900852]
[0.2867747]
[0.4803952]
[0.29485917]
[0.2958699]
[0.36655185]
[0.3115394]
[0.32691365]
[0.29787567]
[0.69213986]
[0.39020693]
[0.3226642]
[0.4195064]
[0.31860617]
[0.29922518]
[0.29060748]
[0.38935867]
[0.28193992]
[0.31581023]
[0.30359665]
[0.28269562]
[0.3620911]
[0.32967097]
[0.7670955]
[0.29527465]
[0.3642247]
[0.29676318]
[0.32124636]
[0.44972518]
[0.30070654]
[0.2986738]
[0.33554187]
[0.36653578]
