3.8281553678750218
2.4438323102872666
2.2706768567855438
2.6781254873642713
2.655172824642378
4.456217360633943
2.860692327334071
3.7374565402537545
3.5978358809130953
2.941910587453471
4.651293468372938
1.801388140070289
2.8065827347333094
2.89091075671133
2.7271802021710982
2.7377938453720247
3.6689743896629388
2.4296612895623078
4.383287802399258
3.04645498748056
4.433615428192674
2.5808482271530178
3.852694985196437
2.2995359545426304
3.420517195272769
3.2707571952727683
3.2707571952727683
3.026363573220788
3.741098977020572
2.5078544380300123
2.5078544380300123
3.7898381682900304
2.443054479246353
3.9273002255758005
2.757853966455942
2.757853966455942
4.361487617541786
3.271230218891323
3.407066514526023
4.148467753701008
4.894001903661593
2.4268841083596833
2.248246274148249
4.3512423205903765
3.3682963895328637
3.1018366358322096
4.474827354374457
4.474827354374457
4.127879433035007
2.730073397107107
2.1499400512283113
2.1499400512283113
2.1499400512283113
2.1499400512283113
2.1499400512283113
3.704094413383615
2.2135619368867925
3.273480218891324
3.273480218891324
3.273480218891324
3.6940298537468754
4.110774016245609
3.0815166094238684
2.9084530433790174
2.8462092129741627
2.8462092129741627
3.060768308685141
2.1763672652028383
3.7402765630223724
3.943591461494873
2.2927957966713706
2.2927957966713706
1.8786531131646669
3.543945124130209
2.6330083840839578
3.777372417281426
3.6874404270410013
3.6874404270410013
4.1680015841789215
2.9620628498969115
3.1474692111342844
3.129263197225171
1.428953057999724
2.4985708149481525
3.2375716912734562
3.4919869604522225
3.6875723903177935
3.381696703205268
1.5930847132718746
4.523275585692137
2.2790264017697375
4.66776739905926
3.198404729407276
2.043857804317236
3.070511686050674
5.961383853048197
2.089213354985997
3.1861148719345076
1.5643599524354013
4.129684221347501
3.734324492975066
2.11834981646137
4.154811461007034
4.154811461007034
4.154811461007034
4.790360756711331
1.6677061957269945
3.336602330441032
2.9703738934085315
4.167310037375299
3.196050317150892
3.196050317150892
2.376773394073968
4.531150366092227
4.531150366092227
4.531150366092227
3.5197297946421324
3.3657232779998303
1.9503761900877432
3.6452150353193087
3.1375515049174787
3.9679223640942247
1.6619065453773434
3.357754179956726
3.1177453148722307
4.71500069514032
2.9859994318459844
3.09999540745574
3.274642421637777
3.3505898817248614
3.257362763270022
1.498393596162673
1.498393596162673
1.498393596162673
1.8950777341885328
1.8950777341885328
4.394457426594789
2.932435431870072
2.932435431870072
2.1318920135517025
1.2519458764988904
1.2519458764988904
3.6359063940652927
4.279474767700341
2.200527068096145
1.446557508769061
3.0793646382249715
3.0793646382249715
3.408025042425617
2.092017351071325
2.158812893384445
2.8214780204139362
3.1671071241536772
3.1671071241536772
3.1671071241536772
3.1671071241536772
3.1614540326682574
3.1614540326682574
3.1614540326682574
3.1614540326682574
3.1614540326682574
1.7529707339408027
1.7529707339408027
4.153152145875805
4.153152145875805
4.153152145875805
2.6421899469202383
2.963328120302096
2.963328120302096
2.963328120302096
2.963328120302096
2.963328120302096
2.963328120302096
2.963328120302096
2.963328120302096
2.963328120302096
2.963328120302096
2.963328120302096
3.101109147426458
3.101109147426458
3.101109147426458
3.101109147426458
3.101109147426458
3.101109147426458
3.675323726184452
2.7916929090137064
2.7916929090137064
2.7916929090137064
3.002095585692139
3.002095585692139
3.002095585692139
3.002095585692139
5.184940893675789
3.1785767681777983
2.8382665145260226
5.215213960452223
4.44470338807025
1.9849395049174774
4.215665368424267
3.36355663583221
3.36355663583221
3.36355663583221
2.7359377281848136
4.201083350520216
2.2644175087690623
3.8435130847292287
3.8435130847292287
3.530326372737476
1.0843462778324717
1.0843462778324717
1.0843462778324717
3.6884790937591942
3.140982260130283
3.956469791433613
3.2894735589603723
1.6914492027200012
3.370281585692715
2.770337412184954
3.0404956204541698
3.0404956204541698
4.318610680828665
1.0553403606727105
3.009414648794251
3.3302200978686205
3.2359757810214997
3.2359757810214997
2.391694816461367
2.2790539664559404
3.1655195230972986
3.1655195230972986
2.955859816461368
2.7121415614078384
3.5030542210919355
4.393354479246353
2.779074657265456
2.362001359963717
2.362001359963717
3.4090740058735722
1.4333663772277632
1.4333663772277632
2.8001148164613703
4.303490026862741
4.303490026862741
3.4321585009617293
2.9278775838159667
2.64570038493725
2.64570038493725
3.463736691387612
3.1314758126097875
3.315953359476282
3.140193656611496
4.110047197225171
3.3616717385753834
3.497052443103019
1.7870127701990484
2.037892559363357
2.037892559363357
4.173886274148248
4.173886274148248
3.2242920587930772
3.2242920587930772
3.2242920587930772
3.2242920587930772
3.0342867135715785
2.686731781403978
1.576901598825346
3.104245585692139
2.662981208572555
3.050316744579101
3.050316744579101
2.412037664258463
2.412037664258463
3.2466526398217157
4.870563806606069
3.9287227431330765
3.661215539721047
1.3148931913043747
2.0174023279714035
3.022546803107529
2.8341981699672463
2.8341981699672463
2.8341981699672463
2.5278089807780564
3.377239816461369
1.5943863577879291
4.035700337234518
3.0935847789372595
2.318140789509865
2.3128044069734823
2.3128044069734823
2.571099431845985
1.1518802358387852
1.1518802358387852
1.1518802358387852
2.595685072254149
1.384694968001245
6.320709142367127
5.549104761696624
4.267362489433287
3.2272058604174125
2.4393065516282597
3.1762348895328634
3.1762348895328634
2.4107503362972302
2.638712930882006
2.638712930882006
2.638712930882006
2.638712930882006
2.638712930882006
2.095168814155091
3.571037508769061
3.43369100944991
3.43369100944991
3.3226753324088367
2.7671684844847615
3.4680474464801634
5.164298097080027
4.441039857227105
4.358746330663163
2.191209693275969
2.687066335587133
3.1448792666463525
2.777857851000599
4.297263636648501
1.0
1.0
5.271778422077693
2.397239298964399
2.4128074954737713
2.33727870426498
4.401716739538292
5.192033133324995
3.6948150102772974
3.759581045555385
4.139530514749312
2.7568404355983294
3.329221180063655
2.247623461860327
3.765284952619135
3.765284952619135
2.312325724303765
2.312325724303765
2.3680479324510753
4.705014466987139
2.3102154075616834
2.3819800229462995
4.229455845960608
4.229455845960608
3.2202154049601717
3.2052043593897235
4.240933720902797
4.161147752671499
5.047809425842266
2.034355624758769
4.148630889532864
3.8835848670556654
2.4509261767924535
3.644048870682407
3.2302915743386595
4.303439750008826
4.188718484378818
4.146680524886207
2.8747631724711784
4.311254322944018
2.786119911952145
3.716564328139902
4.213601035973564
2.585724311730459
3.7773307495958246
5.1479989506464925
4.188565169292685
4.188565169292685
3.078979816461369
4.818158891133073
2.4346223306386072
4.303972978943777
2.9253500032802897
2.2129537016818457
2.7871125504188274
2.256856286682563
2.256856286682563
1.7865243117304566
1.7865243117304566
1.7865243117304566
4.159428573349371
1.471908007225558
4.520739122277504
5.3495327204236105
4.133039894242439
2.640191561407839
2.008682098771004
2.1952176439895386
3.0664243653934413
4.935846893401412
3.507025295367823
2.12651921741611
3.564835913220306
3.600018709462044
5.0222201817409795
3.110337127530821
3.1474902322522453
2.6772216743678214
3.678978211547288
3.3316236995332487
1.0
3.3034205286049225
2.5851750261235313
3.7528540888803645
4.121868497780049
4.003087715253991
3.4789237149303034
2.973205772758897
4.370018936973448
3.898461351071325
3.8993324625594337
2.9731531898952444
4.091503954531422
4.753410038601716
4.4906515161589695
3.8338710093741533
3.8338710093741533
3.983170703650842
5.491130774679447
5.707822191223842
2.2258074944050428
5.939962639371325
3.94053976216056
3.956874064580653
4.968384947036907
4.4232757076433575
3.388198329890482
1.659109300809794
5.177592618499036
4.23786320633007
4.76791958338586
2.880495837909665
3.1638132405938526
4.1337299302568455
6.029591727530855
3.654236199712968
3.00285328304064
3.9013957403018873
2.6262922772372104
4.103170932901547
4.2744078888823624
3.8934880847292295
3.5139104282170175
3.9051363175169307
3.9051363175169307
3.5144880874622464
3.5582467385753827
2.7475679189493913
2.7475679189493913
4.023460355978468
3.7780887373179493
3.7780887373179493
3.803723046467981
3.006787807865753
3.006787807865753
3.756723888034686
4.255758925688395
4.573645932901546
3.040964730942676
3.7899031924811366
3.7899031924811366
3.7899031924811366
3.5407346512617366
3.669121765103238
4.093150721136085
4.7710574713630844
3.998357508769061
4.043614072795545
4.043614072795545
2.5491869368867928
4.5489651319523805
2.7014715803423783
3.0258300229463
7.3284153846153846
7.3284153846153846
7.3284153846153846
2.5657415614078385
3.6444030998693764
5.276852239669116
3.4998151723386126
2.345684832762503
3.7043639726608664
4.306536560523808
3.70064061037373
3.408944421990684
4.616146274148249
4.607371565867456
4.048197863779966
5.396931643710141
4.644923243853523
3.517697728184814
4.7730056891366015
4.627066925096239
4.98087384795628
5.6015308002531565
4.182678250044983
