18.511999999999997
18.079399999999993
18.079399999999993
18.079399999999993
18.079399999999993
18.079399999999993
18.079399999999993
18.079399999999993
18.121899999999993
18.121899999999993
17.68929999999999
17.68929999999999
18.375999999999998
18.375999999999998
17.85719999999999
18.803499999999996
18.803499999999996
18.803499999999996
18.803499999999996
17.75299999999999
17.68899999999999
18.444099999999995
16.02799999999997
15.61959999999997
15.61959999999997
15.61959999999997
15.61959999999997
15.61959999999997
14.575299999999977
16.210899999999967
16.210899999999967
16.210899999999967
16.210899999999967
15.39739999999997
16.180799999999966
16.180799999999966
16.180799999999966
14.90629999999997
14.647989999999972
15.263899999999968
14.95709999999997
14.95709999999997
14.95709999999997
15.567999999999966
15.849799999999965
14.301299999999971
15.85679999999997
15.85679999999997
15.21199999999997
15.466699999999971
15.466699999999971
15.466699999999971
14.168699999999971
14.67219999999997
12.991099999999982
14.890899999999972
14.196899999999975
14.196899999999975
14.196899999999975
14.464299999999975
13.653399999999973
13.653399999999973
13.653399999999973
13.653399999999973
13.653399999999973
13.653399999999973
13.653399999999973
13.653399999999973
13.653399999999973
13.653399999999973
14.221199999999971
13.98739999999997
10.51219999999999
13.245699999999976
13.245699999999976
13.245699999999976
13.245699999999976
13.237399999999974
9.955999999999992
9.955999999999992
9.955999999999992
9.954699999999995
12.597499999999979
9.798899999999994
12.160399999999978
10.074699999999993
10.074699999999993
10.074699999999993
14.228699999999975
9.323299999999998
13.037499999999975
9.378899999999996
9.378899999999996
9.378899999999996
9.378899999999996
9.378899999999996
9.378899999999996
9.378899999999996
9.497099999999996
9.497099999999996
9.497099999999996
9.497099999999996
13.575499999999975
10.214699999999992
10.214699999999992
10.214699999999992
10.214699999999992
10.214699999999992
10.214699999999992
10.214699999999992
10.214699999999992
10.214699999999992
10.214699999999992
9.603999999999996
13.577099999999973
10.010979999999991
10.010979999999991
10.09157999999999
10.09157999999999
10.09157999999999
10.09157999999999
10.09157999999999
9.877499999999994
9.750799999999993
9.750799999999993
9.750799999999993
9.750799999999993
9.750799999999993
10.10839999999999
8.980099999999998
8.980099999999998
9.686799999999995
12.001899999999985
7.845820000000007
11.148399999999983
11.148399999999983
11.148399999999983
11.148399999999983
7.8033200000000065
7.8033200000000065
9.688099999999993
9.072399999999998
9.460199999999997
9.460199999999997
8.351000000000003
8.351000000000003
8.351000000000003
8.351000000000003
8.351000000000003
8.351000000000003
8.351000000000003
8.351000000000003
8.351000000000003
10.894899999999986
8.7752
8.7752
8.7752
8.7752
8.7752
8.7752
8.7752
8.268100000000004
8.268100000000004
8.268100000000004
8.169500000000005
8.169500000000005
8.169500000000005
8.169500000000005
8.169500000000005
8.169500000000005
8.046400000000004
9.454099999999995
8.127000000000004
8.127000000000004
8.127000000000004
8.127000000000004
8.127000000000004
8.127000000000004
8.127000000000004
8.127000000000004
8.127000000000004
8.127000000000004
8.127000000000004
8.127000000000004
8.127000000000004
8.127000000000004
8.127000000000004
8.127000000000004
8.127000000000004
8.127000000000004
8.127000000000004
8.127000000000004
8.127000000000004
8.127000000000004
8.127000000000004
8.127000000000004
8.127000000000004
8.127000000000004
8.127000000000004
8.127000000000004
8.127000000000004
8.127000000000004
8.127000000000004
8.127000000000004
8.127000000000004
8.127000000000004
8.127000000000004
8.127000000000004
8.127000000000004
8.127000000000004
8.127000000000004
8.127000000000004
8.127000000000004
8.127000000000004
8.127000000000004
8.127000000000004
8.127000000000004
8.127000000000004
8.127000000000004
8.127000000000004
8.127000000000004
8.127000000000004
8.127000000000004
8.127000000000004
8.127000000000004
8.127000000000004
8.127000000000004
8.127000000000004
8.127000000000004
8.127000000000004
8.127000000000004
8.127000000000004
8.127000000000004
8.127000000000004
8.127000000000004
8.127000000000004
8.127000000000004
8.127000000000004
8.127000000000004
8.127000000000004
8.127000000000004
8.127000000000004
8.127000000000004
8.127000000000004
8.127000000000004
8.127000000000004
8.127000000000004
8.127000000000004
8.127000000000004
8.127000000000004
8.127000000000004
8.127000000000004
8.127000000000004
8.127000000000004
8.127000000000004
8.127000000000004
8.127000000000004
8.127000000000004
8.127000000000004
8.127000000000004
8.127000000000004
8.127000000000004
8.127000000000004
8.127000000000004
8.127000000000004
8.127000000000004
8.127000000000004
8.127000000000004
8.127000000000004
8.127000000000004
8.127000000000004
8.127000000000004
8.127000000000004
8.127000000000004
8.127000000000004
8.127000000000004
8.127000000000004
8.127000000000004
8.127000000000004
8.127000000000004
8.127000000000004
8.127000000000004
8.127000000000004
8.127000000000004
8.127000000000004
8.127000000000004
8.127000000000004
8.127000000000004
8.127000000000004
8.127000000000004
8.127000000000004
8.127000000000004
8.127000000000004
8.127000000000004
8.127000000000004
8.127000000000004
8.127000000000004
8.127000000000004
8.127000000000004
8.127000000000004
8.127000000000004
8.127000000000004
8.127000000000004
8.127000000000004
8.127000000000004
8.127000000000004
8.127000000000004
8.127000000000004
8.127000000000004
8.127000000000004
8.127000000000004
8.127000000000004
8.127000000000004
8.127000000000004
8.127000000000004
8.127000000000004
8.127000000000004
8.127000000000004
8.127000000000004
8.127000000000004
8.127000000000004
8.127000000000004
8.127000000000004
8.127000000000004
8.127000000000004
8.127000000000004
8.127000000000004
8.127000000000004
8.127000000000004
8.127000000000004
8.127000000000004
8.127000000000004
8.127000000000004
8.127000000000004
8.127000000000004
8.127000000000004
8.127000000000004
8.127000000000004
8.127000000000004
8.127000000000004
8.127000000000004
8.127000000000004
8.127000000000004
8.127000000000004
8.127000000000004
8.127000000000004
8.127000000000004
8.127000000000004
8.127000000000004
8.127000000000004
8.127000000000004
8.127000000000004
8.127000000000004
8.127000000000004
8.127000000000004
8.127000000000004
8.127000000000004
8.127000000000004
8.127000000000004
8.127000000000004
8.127000000000004
8.127000000000004
8.127000000000004
8.127000000000004
8.127000000000004
8.127000000000004
8.127000000000004
8.127000000000004
8.127000000000004
8.127000000000004
8.127000000000004
8.127000000000004
8.127000000000004
8.127000000000004
8.127000000000004
8.127000000000004
8.127000000000004
8.127000000000004
8.127000000000004
8.127000000000004
8.127000000000004
8.127000000000004
8.127000000000004
8.127000000000004
8.127000000000004
8.127000000000004
8.127000000000004
8.127000000000004
8.127000000000004
8.127000000000004
8.127000000000004
8.127000000000004
8.127000000000004
8.127000000000004
8.127000000000004
8.127000000000004
8.127000000000004
8.127000000000004
8.127000000000004
8.127000000000004
8.127000000000004
8.127000000000004
8.127000000000004
8.127000000000004
8.127000000000004
8.127000000000004
8.127000000000004
8.127000000000004
8.127000000000004
8.127000000000004
8.127000000000004
8.127000000000004
8.127000000000004
8.127000000000004
8.127000000000004
8.127000000000004
7.829800000000005
7.829800000000005
8.904
8.304500000000003
8.304500000000003
8.304500000000003
8.278600000000004
7.656300000000005
8.520500000000002
9.998399999999991
8.282100000000003
7.478800000000004
7.715500000000005
9.464399999999996
7.234600000000004
9.202399999999997
6.999300000000004
7.631600000000005
7.686100000000005
7.599100000000004
7.490200000000005
8.113400000000006
8.113400000000006
8.070900000000005
7.450100000000004
7.522000000000005
7.522000000000005
7.796000000000005
6.615600000000004
7.881000000000005
7.0316000000000045
7.680800000000005
7.477300000000004
7.991000000000004
6.0202000000000035
7.991000000000005
6.971500000000004
8.024800000000006
9.641999999999992
8.188600000000003
7.167100000000004
7.167100000000004
7.434800000000004
7.727380000000005
5.210900000000004
5.324300000000003
5.324300000000003
5.324300000000003
6.609600000000005
1.9752999999999996
5.473000000000003
4.211900000000002
5.714900000000003
4.671300000000002
4.671300000000002
4.580800000000003
6.310900000000005
6.557400000000004
5.173900000000003
4.783800000000003
1.6159
5.645100000000002
5.645100000000002
0.8007
0.7609999999999999
4.137600000000002
0.11280000000000001
0.11280000000000001
7.332600000000005
14.66449999999997
15.900099999999961
13.372699999999972
9.933999999999992
15.473099999999967
14.57259999999997
15.076599999999969
11.609399999999985
15.946399999999967
9.261999999999995
7.476800000000003
10.252299999999991
8.810699999999999
10.76931999999999
17.633199999999984
