[0.0022746]
[0.00219494]
[0.00215966]
[0.00215966]
[0.00219888]
[0.00220583]
[0.00220583]
[0.00220583]
[0.00220583]
[0.00227663]
[0.00227663]
[0.00225856]
[0.00372289]
[0.00377484]
[0.00377484]
[0.00510085]
[0.00225377]
[0.00225377]
[0.00225377]
[0.00225377]
[0.00225377]
[0.00225377]
[0.00225377]
[0.00225377]
[0.00225377]
[0.00225377]
[0.00225377]
[0.00225377]
[0.00225377]
[0.00225377]
[0.00225377]
[0.00225377]
[0.00225377]
[0.00225377]
[0.00225377]
[0.00225377]
[0.00225377]
[0.00225377]
[0.00225377]
[0.00225377]
[0.00225377]
[0.00225377]
[0.00225377]
[0.00225377]
[0.00225377]
[0.00225377]
[0.0066264]
[0.002267]
[0.00226698]
[0.00229914]
[0.00232232]
[0.00232232]
[0.00232232]
[0.00232232]
[0.00232232]
[0.00232232]
[0.00232232]
[0.00232232]
[0.00232232]
[0.00232232]
[0.00232232]
[0.00232232]
[0.00232232]
[0.00232232]
[0.00232232]
[0.00232232]
[0.00232232]
[0.00232232]
[0.00232232]
[0.00227133]
[0.00286565]
[0.00322406]
[0.00230488]
[0.00230488]
[0.00230488]
[0.00230488]
[0.00230488]
[0.00230488]
[0.00230488]
[0.00230488]
[0.00230488]
[0.00230488]
[0.00230488]
[0.00230488]
[0.00230488]
[0.00230488]
[0.00230488]
[0.0023713]
[0.00263985]
[0.00263985]
[0.00263985]
[0.00231913]
[0.00235952]
[0.00240562]
[0.0027969]
[0.00235241]
[0.00235241]
[0.00235241]
[0.00235241]
[0.00235241]
[0.00270216]
[0.00274962]
[0.00274962]
[0.00274962]
[0.00274962]
[0.00243581]
[0.00254505]
[0.00325085]
[0.00246593]
[0.22814378]
[0.00255011]
[0.00255011]
[0.00255011]
[0.00255011]
[0.00255011]
[0.00267082]
[0.00267082]
[0.00267082]
[0.00267082]
[0.00266971]
[0.00266971]
[0.00266971]
[0.00945706]
[0.00945706]
[0.00945706]
[0.0186247]
[0.06169363]
[0.01018953]
[0.00434381]
[0.00347194]
[0.03757254]
[0.08739527]
[0.04335535]
[0.02669427]
[0.02669427]
[0.02669427]
[0.02669427]
[0.02669427]
[0.02669427]
[0.02669427]
[0.02669427]
[0.02669427]
[0.02669427]
[0.02669427]
[0.02669427]
[0.02669427]
[0.02669427]
[0.02669427]
[0.02669427]
[0.02669427]
[0.02669427]
[0.02669427]
[0.02669427]
[0.02669427]
[0.02669427]
[0.0087895]
[0.0087895]
[0.0087895]
[0.0087895]
[0.0087895]
[0.0087895]
[0.0087895]
[0.0087895]
[0.0087895]
[0.0087895]
[0.0087895]
[0.0087895]
[0.0087895]
[0.04650434]
[0.04650434]
[0.04650434]
[0.00382859]
[0.01308194]
[0.01308194]
[0.01308194]
[0.01308194]
[0.01308194]
[0.01308194]
[0.01308194]
[0.01308194]
[0.01308194]
[0.01308194]
[0.01308194]
[0.01308194]
[0.01308194]
[0.01308194]
[0.01308194]
[0.01308194]
[0.01308194]
[0.01308194]
[0.01308194]
[0.01308194]
[0.01308194]
[0.01308194]
[0.01308194]
[0.01308194]
[0.01308194]
[0.01308194]
[0.01308194]
[0.01308194]
[0.01308194]
[0.01308194]
[0.01308194]
[0.01308194]
[0.01308194]
[0.01308194]
[0.01308194]
[0.01308194]
[0.01308194]
[0.01308194]
[0.01308194]
[0.01308194]
[0.01308194]
[0.01308194]
[0.01308194]
[0.01308194]
[0.01308194]
[0.01308194]
[0.01308194]
[0.01308194]
[0.01308194]
[0.01308194]
[0.01308194]
[0.01308194]
[0.01308194]
[0.01308194]
[0.01308194]
[0.01308194]
[0.01308194]
[0.01308194]
[0.01308194]
[0.01308194]
[0.01308194]
[0.01308194]
[0.01308194]
[0.01308194]
[0.01308194]
[0.01308194]
[0.01308194]
[0.01308194]
[0.01308194]
[0.01308194]
[0.01308194]
[0.01308194]
[0.01308194]
[0.01308194]
[0.01308194]
[0.01308194]
[0.01308194]
[0.01308194]
[0.01308194]
[0.01308194]
[0.01308194]
[0.01308194]
[0.01308194]
[0.01308194]
[0.01308194]
[0.01308194]
[0.01308194]
[0.01308194]
[0.01308194]
[0.01308194]
[0.01308194]
[0.01308194]
[0.01308194]
[0.01308194]
[0.01308194]
[0.01308194]
[0.01308194]
[0.01308194]
[0.01308194]
[0.01308194]
[0.01308194]
[0.01308194]
[0.01308194]
[0.01308194]
[0.01308194]
[0.01308194]
[0.01308194]
[0.01308194]
[0.01308194]
[0.01308194]
[0.01308194]
[0.01308194]
[0.01308194]
[0.01308194]
[0.01308194]
[0.01308194]
[0.01308194]
[0.01308194]
[0.01308194]
[0.01308194]
[0.01308194]
[0.01308194]
[0.01308194]
[0.01308194]
[0.01308194]
[0.01308194]
[0.01308194]
[0.01308194]
[0.01308194]
[0.01308194]
[0.01308194]
[0.01308194]
[0.01308194]
[0.01308194]
[0.01308194]
[0.01308194]
[0.01308194]
[0.01308194]
[0.01308194]
[0.01308194]
[0.01308194]
[0.01308194]
[0.01308194]
[0.01308194]
[0.01308194]
[0.01308194]
[0.01308194]
[0.01308194]
[0.01308194]
[0.01308194]
[0.01308194]
[0.01308194]
[0.00477876]
[0.04219227]
[0.04219227]
[0.04219227]
[0.04219227]
[0.04219227]
[0.04219227]
[0.04219227]
[0.04219227]
[0.04219227]
[0.04219227]
[0.04219227]
[0.04219227]
[0.04219227]
[0.04219227]
[0.04219227]
[0.04219227]
[0.04219227]
[0.04219227]
[0.04219227]
[0.04219227]
[0.04219227]
[0.04219227]
[0.04219227]
[0.04219227]
[0.04219227]
[0.04219227]
[0.04219227]
[0.04219227]
[0.04219227]
[0.04219227]
[0.04219227]
[0.04219227]
[0.04219227]
[0.04219227]
[0.01824676]
[0.10762475]
[0.00926016]
[0.10762475]
[0.0279401]
[0.0279401]
[0.0279401]
[0.0279401]
[0.0279401]
[0.0279401]
[0.0279401]
[0.0279401]
[0.0279401]
[0.06579102]
[0.06579102]
[0.06579102]
[0.06579102]
[0.06579102]
[0.06579102]
[0.02562322]
[0.02562322]
[0.02562322]
[0.02562322]
[0.00334547]
[0.01458348]
[0.16861056]
[0.01054465]
[0.3776585]
[0.03262584]
[0.01450586]
[0.01098749]
[0.01098749]
[0.01098749]
[0.01098749]
[0.01098749]
[0.01098749]
[0.01098749]
[0.01098749]
[0.01098749]
[0.01098749]
[0.01098749]
[0.01098749]
[0.01098749]
[0.01098749]
[0.01098749]
[0.01098749]
[0.01098749]
[0.01098749]
[0.01098749]
[0.01098749]
[0.01098749]
[0.01098749]
[0.01098749]
[0.01098749]
[0.28013808]
[0.00531616]
[0.00282492]
[0.00282492]
[0.00282492]
[0.00282492]
[0.07413612]
[0.06910072]
[0.05926444]
[0.05926444]
[0.05926444]
[0.05926444]
[0.05926444]
[0.41341224]
[0.92641854]
[0.1609825]
[0.1609825]
[0.1609825]
[0.75568646]
[0.11996976]
[0.05622955]
[0.05622955]
[0.05622955]
[0.02439858]
[0.00463406]
[0.01468993]
[0.00352772]
[0.00352772]
[0.00352772]
[0.00352772]
[0.00352772]
[0.20568106]
[0.00234487]
[0.12693784]
[0.35692692]
[0.06753878]
[0.00894652]
[0.895712]
[0.36508092]
[0.0413255]
[0.0413255]
[0.0413255]
[0.0413255]
[0.0413255]
[0.0413255]
[0.01624585]
[0.01624585]
[0.01624585]
[0.01624585]
[0.01624585]
[0.01624585]
[0.01624585]
[0.01624585]
[0.01624585]
[0.01624585]
[0.01624585]
[0.01624585]
[0.01624585]
[0.01624585]
[0.01624585]
[0.01624585]
[0.01624585]
[0.01624585]
[0.01624585]
[0.01624585]
[0.01624585]
[0.01624585]
[0.01624585]
[0.02352644]
[0.84305805]
[0.81242394]
[0.29890245]
[0.00485621]
[0.97440934]
[0.97440934]
[0.9452057]
[0.00646415]
[0.00250379]
[0.00250379]
[0.63615507]
[0.00296085]
[0.07299396]
[0.02524434]
[0.00716248]
[0.01389042]
[0.6291899]
[0.10144368]
