[0.50690174]
[0.50690174]
[0.50690174]
[0.50690174]
[0.50690174]
[0.50690174]
[0.47880933]
[0.57444024]
[0.46762538]
[0.46762538]
[0.46762538]
[0.50800806]
[0.52176154]
[0.52176154]
[0.52176154]
[0.55665725]
[0.5133587]
[0.46818358]
[0.5681378]
[0.5681378]
[0.5681378]
[0.5681378]
[0.5681378]
[0.5681378]
[0.5681378]
[0.5681378]
[0.5681378]
[0.516805]
[0.5655228]
[0.4232798]
[0.4593926]
[0.41473588]
[0.41473588]
[0.41473588]
[0.41473588]
[0.39694715]
[0.49712238]
[0.48723572]
[0.48723572]
[0.48723572]
[0.48723572]
[0.48723572]
[0.46986222]
[0.46986222]
[0.55582416]
[0.4265246]
[0.33868784]
[0.41255167]
[0.46643668]
[0.5483826]
[0.4021728]
[0.4021728]
[0.4021728]
[0.4021728]
[0.4021728]
[0.4021728]
[0.49912605]
[0.5216623]
[0.55885404]
[0.43574288]
[0.4974716]
[0.4974716]
[0.54563296]
[0.54563296]
[0.4872702]
[0.48543406]
[0.3508658]
[0.3508658]
[0.3508658]
[0.3508658]
[0.47041485]
[0.5009872]
[0.5009872]
[0.5009872]
[0.5009872]
[0.5009872]
[0.5009872]
[0.5009872]
[0.5009872]
[0.5009872]
[0.5009872]
[0.5009872]
[0.5009872]
[0.5009872]
[0.5009872]
[0.5009872]
[0.5009872]
[0.5009872]
[0.5009872]
[0.5009872]
[0.5009872]
[0.5009872]
[0.5009872]
[0.5009872]
[0.5009872]
[0.5009872]
[0.5009872]
[0.5009872]
[0.5009872]
[0.5009872]
[0.5009872]
[0.5009872]
[0.5009872]
[0.5009872]
[0.5009872]
[0.5009872]
[0.5009872]
[0.5009872]
[0.5009872]
[0.5009872]
[0.5009872]
[0.5009872]
[0.5009872]
[0.5009872]
[0.5009872]
[0.5009872]
[0.5009872]
[0.5009872]
[0.5009872]
[0.5009872]
[0.5009872]
[0.5009872]
[0.5009872]
[0.5009872]
[0.5009872]
[0.5009872]
[0.5009872]
[0.5009872]
[0.5009872]
[0.5009872]
[0.5009872]
[0.5009872]
[0.5009872]
[0.5009872]
[0.5009872]
[0.5009872]
[0.5009872]
[0.5009872]
[0.5009872]
[0.5009872]
[0.5009872]
[0.5009872]
[0.5009872]
[0.5009872]
[0.5009872]
[0.5009872]
[0.5009872]
[0.5009872]
[0.5009872]
[0.5009872]
[0.5009872]
[0.5009872]
[0.5009872]
[0.5009872]
[0.5009872]
[0.5009872]
[0.5009872]
[0.5009872]
[0.5009872]
[0.5009872]
[0.5009872]
[0.5009872]
[0.5009872]
[0.5009872]
[0.5009872]
[0.5009872]
[0.5009872]
[0.5009872]
[0.5009872]
[0.5009872]
[0.36189565]
[0.40838227]
[0.5031916]
[0.55085987]
[0.42135882]
[0.42135882]
[0.41692314]
[0.41692314]
[0.41692314]
[0.41692314]
[0.41692314]
[0.41692314]
[0.40757978]
[0.5385757]
[0.5385757]
[0.41076562]
[0.41076562]
[0.34789586]
[0.34789586]
[0.34789586]
[0.49941632]
[0.49941632]
[0.49941632]
[0.49941632]
[0.49941632]
[0.49941632]
[0.60864544]
[0.60864544]
[0.60864544]
[0.60864544]
[0.60864544]
[0.42256486]
[0.40277347]
[0.37349695]
[0.4748472]
[0.37922302]
[0.60507655]
[0.48193163]
[0.47799784]
[0.47799784]
[0.47799784]
[0.47799784]
[0.47799784]
[0.47799784]
[0.47799784]
[0.47799784]
[0.47799784]
[0.47799784]
[0.47799784]
[0.47799784]
[0.47799784]
[0.6136177]
[0.48698902]
[0.48698902]
[0.48698902]
[0.48698902]
[0.48698902]
[0.48698902]
[0.48698902]
[0.48698902]
[0.48698902]
[0.48698902]
[0.48698902]
[0.48698902]
[0.48698902]
[0.48698902]
[0.48698902]
[0.48698902]
[0.48698902]
[0.48698902]
[0.48698902]
[0.48698902]
[0.48698902]
[0.48698902]
[0.48698902]
[0.48698902]
[0.48106447]
[0.48106447]
[0.48106447]
[0.3959833]
[0.3959833]
[0.3959833]
[0.3959833]
[0.4789139]
[0.4789139]
[0.4789139]
[0.4789139]
[0.4789139]
[0.5205276]
[0.6073453]
[0.6073453]
[0.6073453]
[0.6073453]
[0.4100667]
[0.4100667]
[0.4101004]
[0.4101004]
[0.4101004]
[0.39635825]
[0.39635825]
[0.48064485]
[0.38946682]
[0.3963003]
[0.44378585]
[0.40910363]
[0.40910363]
[0.40910363]
[0.49967298]
[0.4310171]
[0.4310171]
[0.49950814]
[0.43565696]
[0.43565696]
[0.43565696]
[0.43565696]
[0.39669687]
[0.4659956]
[0.43819803]
[0.43819803]
[0.43819803]
[0.43819803]
[0.43819803]
[0.43819803]
[0.47765002]
[0.5051382]
[0.4211499]
[0.48518354]
[0.4812231]
[0.4812231]
[0.4812231]
[0.4812231]
[0.4812231]
[0.4812231]
[0.4812231]
[0.4796269]
[0.40823585]
[0.40823585]
[0.40823585]
[0.40823585]
[0.40823585]
[0.50100017]
[0.46293703]
[0.40952027]
[0.47226405]
[0.5190062]
[0.42570952]
[0.49416897]
[0.4956155]
[0.5383002]
[0.4439462]
[0.4439462]
[0.4439462]
[0.4630005]
[0.5121426]
[0.46810728]
[0.42945844]
[0.36570132]
[0.40452915]
[0.40452915]
[0.40452915]
[0.40452915]
[0.46795368]
[0.46290484]
[0.46290484]
[0.46290484]
[0.39044282]
[0.39044282]
[0.42663616]
[0.46558145]
[0.50026524]
[0.40488848]
[0.63573474]
[0.45537922]
[0.4969988]
[0.4605366]
[0.40749237]
[0.42998612]
[0.42998612]
[0.42998612]
[0.43201572]
[0.47982216]
[0.478684]
[0.49393404]
[0.49393404]
[0.30645955]
[0.4669307]
[0.47843787]
[0.47843787]
[0.44348016]
[0.49285987]
[0.4044058]
[0.4902024]
[0.6137065]
[0.45934373]
[0.54089725]
[0.47455436]
[0.42643285]
[0.38721848]
[0.4573937]
[0.37497693]
[0.4310644]
[0.5053849]
[0.40378255]
[0.36130032]
[0.51287663]
[0.57118016]
[0.3499947]
[0.33762467]
[0.46185735]
[0.47510836]
[0.47510836]
[0.5053964]
[0.5112815]
[0.5112815]
[0.49507287]
[0.3963927]
[0.36030823]
[0.3288444]
[0.5002946]
[0.44488174]
[0.5406941]
[0.38727978]
[0.3134414]
[0.6019883]
[0.43714947]
[0.4448512]
[0.51851004]
[0.51945174]
[0.47332302]
[0.5569336]
[0.39274478]
[0.31687742]
[0.51489645]
[0.43346384]
[0.43797112]
[0.4210275]
[0.34931827]
[0.34931827]
[0.5191133]
[0.36530048]
[0.4005494]
[0.32687455]
[0.52216786]
[0.40597376]
[0.54990697]
[0.5068013]
[0.33943146]
[0.45176128]
[0.37999195]
[0.44063056]
[0.49770024]
[0.47065362]
[0.37340927]
[0.43532854]
[0.49414375]
[0.3757637]
[0.35344574]
[0.46195522]
[0.49012586]
[0.39685273]
[0.326256]
[0.5001969]
[0.36131647]
[0.36682016]
[0.33150804]
[0.50858516]
[0.496504]
[0.36102003]
[0.55300397]
[0.4764258]
[0.50694346]
[0.34951475]
[0.4886357]
[0.33973572]
[0.355926]
[0.60851175]
[0.40079775]
[0.33220145]
[0.32361993]
[0.46989527]
[0.39386815]
[0.326937]
[0.33447695]
[0.3229181]
[0.46627924]
[0.415602]
[0.705264]
[0.35902926]
[0.4128147]
[0.43823984]
[0.49508235]
[0.5418078]
[0.3691323]
[0.40898564]
[0.43206203]
[0.39214057]
[0.336038]
[0.3047385]
[0.40425915]
[0.40427262]
[0.3963201]
[0.40553606]
[0.39550287]
[0.3723264]
[0.4372949]
[0.34627613]
[0.36615884]
[0.54170036]
[0.33719024]
[0.2893879]
[0.30629405]
[0.2570229]
[0.21687461]
[0.15457153]
[0.39057314]
[0.15448032]
[0.21420726]
[0.15931615]
[0.48242486]
[0.4177255]
[0.37138644]
[0.3926126]
[0.36416394]
[0.42569873]
[0.40233633]
[0.3334534]
[0.3577872]
[0.35871202]
[0.34258586]
[0.35149965]
