3.6522000000000006
2.1704
2.1704
2.1704
2.1704
2.1704
1.078
1.078
1.078
3.0565000000000007
3.0565000000000007
3.487000000000002
3.487000000000002
3.487000000000002
6.170400000000004
5.818200000000004
5.818200000000004
5.818200000000004
27.28600000000005
27.28600000000005
27.28600000000005
27.28600000000005
27.28600000000005
27.28600000000005
27.28600000000005
27.28600000000005
27.28600000000005
27.28600000000005
27.28600000000005
27.28600000000005
27.28600000000005
27.28600000000005
27.28600000000005
27.28600000000005
27.28600000000005
27.28600000000005
27.28600000000005
27.28600000000005
27.28600000000005
27.28600000000005
27.28600000000005
27.28600000000005
27.28600000000005
27.28600000000005
27.28600000000005
27.28600000000005
27.28600000000005
27.28600000000005
27.28600000000005
27.28600000000005
27.28600000000005
27.28600000000005
27.28600000000005
27.28600000000005
27.28600000000005
27.28600000000005
27.28600000000005
27.28600000000005
27.28600000000005
27.28600000000005
27.28600000000005
27.28600000000005
27.28600000000005
27.28600000000005
27.28600000000005
27.28600000000005
27.28600000000005
27.28600000000005
27.28600000000005
27.28600000000005
27.28600000000005
27.28600000000005
27.28600000000005
27.28600000000005
4.257300000000003
4.257300000000003
4.257300000000003
4.257300000000003
4.257300000000003
4.257300000000003
26.895900000000047
26.895900000000047
26.895900000000047
26.895900000000047
26.895900000000047
26.895900000000047
26.778900000000053
26.778900000000053
26.778900000000053
26.778900000000053
26.778900000000053
26.778900000000053
26.778900000000053
26.778900000000053
26.637800000000052
26.637800000000052
26.76530000000005
26.83980000000005
26.83980000000005
26.83980000000005
26.83980000000005
26.83980000000005
26.83980000000005
26.83980000000005
26.83980000000005
26.83980000000005
26.848900000000047
26.848900000000047
26.848900000000047
26.848900000000047
26.67460000000006
26.67460000000006
26.67460000000006
26.67460000000006
26.67460000000006
26.67460000000006
26.67460000000006
26.67460000000006
26.67460000000006
26.67460000000006
26.67460000000006
26.67460000000006
26.67460000000006
26.67460000000006
26.67460000000006
26.67460000000006
26.67460000000006
26.67460000000006
26.67460000000006
26.67460000000006
26.67460000000006
26.67460000000006
26.67460000000006
26.67460000000006
26.67460000000006
26.67460000000006
26.67460000000006
26.67460000000006
26.67460000000006
26.67460000000006
26.67460000000006
26.67460000000006
26.67460000000006
26.67460000000006
26.67460000000006
26.67460000000006
26.67460000000006
26.67460000000006
26.67460000000006
26.67460000000006
26.67460000000006
26.67460000000006
26.67460000000006
26.67460000000006
26.67460000000006
26.67460000000006
26.67460000000006
26.67460000000006
26.67460000000006
26.67460000000006
26.67460000000006
26.67460000000006
26.67460000000006
26.67460000000006
26.67460000000006
26.67460000000006
26.67460000000006
26.67460000000006
26.67460000000006
26.67460000000006
26.67460000000006
26.67460000000006
26.67460000000006
26.680300000000052
26.680300000000052
26.680300000000052
26.680300000000052
26.680300000000052
26.680300000000052
26.680300000000052
26.680300000000052
26.680300000000052
26.680300000000052
26.680300000000052
26.680300000000052
26.680300000000052
26.680300000000052
26.680300000000052
26.680300000000052
26.680300000000052
26.680300000000052
26.680300000000052
26.680300000000052
26.680300000000052
26.680300000000052
26.680300000000052
26.680300000000052
26.680300000000052
26.680300000000052
26.680300000000052
26.680300000000052
26.680300000000052
26.680300000000052
26.680300000000052
26.680300000000052
26.680300000000052
26.680300000000052
26.680300000000052
26.680300000000052
26.680300000000052
26.680300000000052
26.680300000000052
26.680300000000052
26.680300000000052
26.680300000000052
26.680300000000052
26.680300000000052
26.680300000000052
26.680300000000052
26.680300000000052
26.680300000000052
26.680300000000052
26.680300000000052
26.680300000000052
26.680300000000052
26.680300000000052
26.680300000000052
26.680300000000052
26.680300000000052
26.680300000000052
26.680300000000052
26.680300000000052
26.680300000000052
26.680300000000052
26.680300000000052
26.680300000000052
26.680300000000052
26.680300000000052
26.680300000000052
26.680300000000052
26.680300000000052
26.680300000000052
26.680300000000052
26.680300000000052
26.680300000000052
26.680300000000052
26.680300000000052
26.680300000000052
26.680300000000052
26.680300000000052
26.680300000000052
26.680300000000052
26.680300000000052
26.680300000000052
26.680300000000052
26.680300000000052
26.680300000000052
26.680300000000052
26.680300000000052
26.680300000000052
26.680300000000052
26.680300000000052
26.680300000000052
26.680300000000052
26.680300000000052
26.680300000000052
26.680300000000052
26.680300000000052
26.680300000000052
26.680300000000052
26.680300000000052
26.680300000000052
26.680300000000052
26.585100000000054
26.505800000000047
26.803400000000057
26.416500000000063
26.422200000000057
26.422200000000057
26.422200000000057
26.247700000000048
26.54770000000005
26.413800000000048
26.284500000000055
25.989600000000053
26.032100000000053
26.032100000000053
26.032100000000053
26.15680000000005
26.237500000000054
26.237500000000054
26.24320000000005
26.237500000000054
26.074600000000057
26.074600000000057
26.074600000000057
26.074600000000057
26.074600000000057
26.068900000000067
26.074600000000057
26.000100000000057
25.96130000000006
26.142400000000052
26.075300000000052
26.075300000000052
26.066200000000048
25.786100000000054
26.44920000000005
25.958000000000062
25.547900000000055
25.648400000000056
25.963700000000053
25.87420000000005
25.476800000000054
26.268900000000052
25.341400000000053
25.341400000000053
25.77030000000006
25.58930000000006
25.383900000000054
25.383900000000054
25.531000000000056
25.536700000000057
25.536700000000057
25.52660000000005
25.52660000000005
25.18390000000005
26.330600000000057
25.620000000000047
25.198200000000053
25.26260000000005
25.099600000000052
25.516800000000053
24.788100000000057
25.424800000000054
24.872500000000045
24.872500000000045
24.872500000000045
25.373700000000078
25.13310000000006
24.27440000000005
24.087500000000052
24.451400000000046
0.48779999999999996
23.53790000000005
23.19020000000005
24.587000000000053
22.814200000000042
22.814200000000042
23.273600000000048
23.135600000000032
23.69490000000004
5.882400000000004
22.74910000000004
22.855100000000043
22.214700000000022
22.214700000000022
22.57850000000003
21.65720000000002
21.775100000000027
21.775100000000027
21.774200000000018
23.180000000000046
21.844370000000023
21.72770000000002
21.55860000000002
21.55860000000002
21.393700000000017
21.187100000000015
22.005600000000033
21.16370000000002
21.16370000000002
21.16370000000002
21.00670000000002
20.98810000000002
20.795600000000015
20.788000000000018
21.242500000000017
20.13010000000001
3.446600000000001
19.54650000000001
4.028800000000001
4.028800000000001
4.028800000000001
4.028800000000001
18.83370000000001
18.794000000000008
19.637300000000014
18.1458
17.255099999999985
16.92469999999998
17.64089999999999
16.67519999999998
17.504699999999985
16.458699999999975
16.676799999999986
16.676799999999986
16.541399999999985
15.562799999999974
15.512399999999975
15.641699999999974
15.122299999999976
1.883
1.883
14.826499999999982
13.74089999999998
8.9063
8.9063
8.9063
8.9063
8.9063
8.9063
8.9063
8.9063
8.9063
8.9063
8.9063
8.9063
8.9063
8.9063
8.126100000000003
-0.1849
7.909600000000005
8.7402
2.1376999999999997
7.8117000000000045
8.648499999999999
20.963200000000015
9.368699999999995
11.961499999999985
8.9572
9.071499999999997
9.071499999999997
9.071499999999997
9.071499999999997
9.071499999999997
9.071499999999997
9.071499999999997
9.071499999999997
9.071499999999997
9.071499999999997
9.071499999999997
9.071499999999997
9.071499999999997
9.071499999999997
9.071499999999997
9.071499999999997
9.071499999999997
9.071499999999997
9.071499999999997
9.071499999999997
9.071499999999997
9.071499999999997
9.071499999999997
9.071499999999997
9.071499999999997
9.071499999999997
9.071499999999997
9.071499999999997
8.024200000000004
9.719699999999992
9.719699999999992
9.719699999999992
9.719699999999992
9.719699999999992
9.719699999999992
9.719699999999992
9.719699999999992
9.719699999999992
9.719699999999992
9.719699999999992
9.719699999999992
8.5578
5.996200000000004
6.276000000000003
7.777600000000004
9.824399999999992
8.6814
8.914379999999998
4.657700000000004
8.270200000000003
4.409100000000003
4.840000000000003
4.520900000000004
25.579700000000063
0.8022
0.8022
0.8022
5.652200000000003
1.3118000000000003
7.981600000000005
8.218200000000003
9.473699999999994
9.473699999999994
20.12140000000001
7.645420000000005
25.43060000000005
20.54200000000002
20.54200000000002
26.434300000000054
