17.994099999999996
17.994099999999996
18.3871
18.3871
18.3871
18.3871
18.3871
18.3871
18.3871
18.3871
18.3871
18.3871
18.3871
18.3871
18.3871
18.3871
3.4791000000000016
3.4791000000000016
3.4791000000000016
3.4791000000000016
3.4791000000000016
3.5333000000000014
3.5333000000000014
3.5333000000000014
3.5333000000000014
18.817
18.817
18.817
18.817
18.817
18.817
18.817
18.132399999999993
2.820000000000001
17.873299999999993
17.51099999999999
17.967299999999994
18.346299999999996
18.346299999999996
18.066799999999997
18.066799999999997
18.066799999999997
17.782099999999993
17.782099999999993
18.114799999999995
18.114799999999995
17.107599999999987
17.107599999999987
17.280699999999985
17.280699999999985
17.280699999999985
17.280699999999985
17.280699999999985
17.280699999999985
17.280699999999985
17.280699999999985
17.280699999999985
17.280699999999985
17.280699999999985
17.280699999999985
3.079600000000001
2.6590000000000007
2.6590000000000007
2.6590000000000007
2.6590000000000007
7.2415000000000065
17.465499999999988
16.77729999999998
16.77729999999998
16.77729999999998
17.366199999999985
16.229099999999974
17.884199999999993
17.00249999999998
15.725699999999971
17.582199999999983
17.873799999999992
17.873799999999992
17.873799999999992
17.873799999999992
17.873799999999992
17.873799999999992
17.873799999999992
17.680199999999992
16.73049999999998
16.73049999999998
16.73049999999998
16.73049999999998
16.73049999999998
16.73049999999998
16.73049999999998
16.73049999999998
16.73049999999998
16.73049999999998
16.73049999999998
16.73049999999998
16.73049999999998
16.73049999999998
16.885599999999982
4.527700000000003
7.365100000000005
7.365100000000005
17.728899999999992
2.7109000000000005
16.868299999999984
16.293099999999974
17.256899999999987
4.629400000000001
16.216699999999975
16.216699999999975
17.58779999999998
17.63339999999999
16.228499999999976
16.654299999999978
17.77409999999999
17.77409999999999
17.77409999999999
17.77409999999999
17.77409999999999
17.77409999999999
17.77409999999999
17.89679999999999
17.469199999999987
4.296600000000002
16.73929999999998
17.315699999999982
17.686499999999988
16.68309999999998
17.267999999999986
16.269899999999975
17.766999999999996
3.5706000000000016
17.453799999999987
17.991399999999995
16.017199999999974
16.017199999999974
16.017199999999974
16.201999999999973
16.74909999999998
17.17279999999998
17.105499999999985
17.406499999999983
16.16129999999997
16.75549999999998
4.171470000000001
2.3712
4.644000000000002
4.644000000000002
18.310799999999997
16.914599999999982
17.157399999999974
17.189099999999986
16.78009999999998
4.767300000000002
4.767300000000002
16.66749999999998
16.66749999999998
15.555299999999974
15.555299999999974
15.555299999999974
15.555299999999974
4.624000000000003
4.039100000000002
4.039100000000002
4.039100000000002
4.039100000000002
4.039100000000002
4.039100000000002
4.039100000000002
4.039100000000002
4.039100000000002
4.039100000000002
4.039100000000002
4.039100000000002
15.639399999999974
17.16179999999998
17.919799999999988
6.479900000000005
17.409699999999983
2.661900000000001
3.703000000000001
3.703000000000001
3.703000000000001
3.703000000000001
3.703000000000001
3.703000000000001
3.703000000000001
3.703000000000001
3.703000000000001
3.703000000000001
16.62099999999998
4.0390000000000015
6.394600000000004
17.77199999999999
3.579600000000002
15.867399999999973
15.825999999999972
6.097700000000004
14.950299999999975
16.374699999999976
4.552800000000001
4.552800000000001
4.552800000000001
4.552800000000001
4.552800000000001
4.552800000000001
4.552800000000001
4.552800000000001
4.552800000000001
4.552800000000001
4.552800000000001
4.552800000000001
4.552800000000001
4.552800000000001
4.552800000000001
4.552800000000001
4.552800000000001
4.552800000000001
4.552800000000001
4.552800000000001
4.552800000000001
4.552800000000001
4.552800000000001
4.552800000000001
4.552800000000001
4.552800000000001
4.552800000000001
4.552800000000001
4.552800000000001
4.552800000000001
4.552800000000001
4.552800000000001
4.552800000000001
4.552800000000001
4.552800000000001
4.552800000000001
4.552800000000001
4.552800000000001
4.552800000000001
4.552800000000001
4.552800000000001
4.552800000000001
4.552800000000001
4.552800000000001
4.552800000000001
4.552800000000001
4.552800000000001
4.552800000000001
4.552800000000001
4.552800000000001
4.552800000000001
4.552800000000001
4.552800000000001
4.552800000000001
4.552800000000001
4.552800000000001
4.552800000000001
4.552800000000001
4.552800000000001
4.552800000000001
4.552800000000001
4.552800000000001
4.552800000000001
4.552800000000001
4.552800000000001
4.552800000000001
4.552800000000001
4.552800000000001
4.552800000000001
4.552800000000001
4.552800000000001
4.552800000000001
4.552800000000001
4.552800000000001
4.552800000000001
4.552800000000001
4.552800000000001
4.552800000000001
4.552800000000001
4.552800000000001
4.552800000000001
4.552800000000001
4.552800000000001
4.552800000000001
4.552800000000001
4.552800000000001
4.552800000000001
4.552800000000001
4.552800000000001
4.552800000000001
4.552800000000001
4.552800000000001
4.552800000000001
4.552800000000001
4.552800000000001
4.552800000000001
4.552800000000001
4.552800000000001
4.552800000000001
4.552800000000001
4.552800000000001
4.552800000000001
4.552800000000001
4.552800000000001
4.552800000000001
4.552800000000001
4.552800000000001
4.552800000000001
4.552800000000001
4.552800000000001
4.552800000000001
4.552800000000001
4.552800000000001
4.552800000000001
4.552800000000001
4.552800000000001
4.552800000000001
4.552800000000001
4.552800000000001
4.552800000000001
4.552800000000001
4.552800000000001
4.552800000000001
4.552800000000001
4.552800000000001
4.552800000000001
4.552800000000001
4.552800000000001
4.552800000000001
4.552800000000001
4.552800000000001
4.552800000000001
4.552800000000001
4.552800000000001
4.552800000000001
4.552800000000001
4.552800000000001
4.552800000000001
4.552800000000001
4.552800000000001
4.552800000000001
4.552800000000001
4.552800000000001
4.552800000000001
4.552800000000001
4.552800000000001
4.552800000000001
4.552800000000001
4.552800000000001
4.552800000000001
4.552800000000001
4.552800000000001
4.552800000000001
4.552800000000001
4.552800000000001
4.552800000000001
4.552800000000001
4.552800000000001
4.552800000000001
4.552800000000001
4.552800000000001
4.552800000000001
4.552800000000001
4.552800000000001
4.552800000000001
4.552800000000001
4.552800000000001
4.552800000000001
4.552800000000001
4.552800000000001
4.552800000000001
4.552800000000001
4.552800000000001
4.552800000000001
4.552800000000001
4.552800000000001
4.552800000000001
4.552800000000001
4.552800000000001
4.552800000000001
4.552800000000001
15.950899999999969
16.027899999999974
16.613699999999977
14.504699999999973
16.04639999999997
3.9275000000000033
17.15569999999998
16.954199999999982
17.56529999999999
17.197099999999985
6.557000000000004
13.39799999999998
16.457199999999975
4.677720000000003
16.68689999999998
16.143099999999972
17.212499999999984
4.339500000000003
17.48169999999998
15.779899999999973
16.91759999999998
6.219800000000004
6.049600000000004
6.785100000000005
2.8187000000000015
12.758799999999981
12.202599999999984
4.427500000000002
15.324099999999973
16.541599999999978
9.250299999999998
15.741599999999973
8.097100000000006
17.299699999999984
2.5157000000000007
2.5157000000000007
16.988899999999983
14.588599999999976
15.368299999999975
12.393499999999984
3.9974000000000016
2.9078000000000017
10.686499999999992
17.90209999999999
14.753099999999971
14.753099999999971
14.753099999999971
14.753099999999971
3.2641000000000018
6.815000000000006
2.3736000000000006
10.084099999999996
10.60079999999999
15.728699999999973
11.11099999999999
3.3687000000000022
2.6069000000000004
8.343600000000006
13.259599999999976
3.464000000000002
3.464000000000002
3.3740000000000023
14.923399999999969
3.389000000000002
4.223800000000002
14.380799999999974
7.059300000000006
13.876199999999974
3.1016000000000012
2.2863999999999995
3.822600000000003
3.6346000000000016
2.5454000000000008
4.1003000000000025
3.4007000000000014
4.357300000000001
5.109200000000003
4.002700000000002
4.357300000000001
4.246400000000002
3.358100000000002
4.963000000000003
4.580800000000002
8.748300000000004
2.0940000000000003
3.6394800000000016
17.665999999999986
1.5123
17.07549999999998
1.5606
16.72559999999997
4.227100000000002
0.6635
5.547900000000003
1.7480999999999998
3.6789000000000014
17.44669999999999
0.5857
-0.13679999999999998
5.257800000000003
1.3994
1.3994
14.240199999999975
14.99229999999997
1.6922
0.8007
16.500699999999977
17.329099999999986
16.778899999999982
16.926699999999972
17.54119999999999
14.202499999999976
15.448499999999973
16.628499999999978
17.489899999999984
18.067799999999995
16.65239999999998
17.584499999999988
17.53669999999998
