[0.10212189]
[0.10212189]
[0.10212189]
[0.10215952]
[0.10215952]
[0.10215952]
[0.10215952]
[0.10215659]
[0.10215661]
[0.10215661]
[0.10215661]
[0.10184421]
[0.10184421]
[0.10184421]
[0.10184421]
[0.10215661]
[0.10215661]
[0.10215661]
[0.10215661]
[0.10215661]
[0.10183129]
[0.10249989]
[0.10249989]
[0.10216278]
[0.10257167]
[0.10257167]
[0.10257167]
[0.10257167]
[0.10257167]
[0.10212184]
[0.10212184]
[0.10212184]
[0.10212184]
[0.10212184]
[0.10212184]
[0.10212184]
[0.10212184]
[0.10212184]
[0.10212184]
[0.10212184]
[0.10212184]
[0.10184428]
[0.10266315]
[0.1035101]
[0.1035101]
[0.1035101]
[0.1035101]
[0.10261983]
[0.10250595]
[0.10224729]
[0.10224729]
[0.10224729]
[0.10224729]
[0.10224729]
[0.10224729]
[0.10224729]
[0.10224729]
[0.10183132]
[0.10183132]
[0.10183132]
[0.10183132]
[0.10183132]
[0.10183132]
[0.10183132]
[0.10183132]
[0.10183132]
[0.10183132]
[0.10183132]
[0.10183132]
[0.10183132]
[0.10183132]
[0.10183132]
[0.10183132]
[0.10183132]
[0.10183132]
[0.10183132]
[0.10183132]
[0.10183132]
[0.10183132]
[0.10183132]
[0.10183132]
[0.10183132]
[0.10183132]
[0.10194868]
[0.10194868]
[0.10194868]
[0.10194868]
[0.10194868]
[0.10194868]
[0.10194868]
[0.10194868]
[0.10194868]
[0.10194868]
[0.10194868]
[0.10194868]
[0.10194868]
[0.10194868]
[0.10194868]
[0.10194868]
[0.10194868]
[0.10194868]
[0.10194868]
[0.10194868]
[0.10194868]
[0.10220115]
[0.10220115]
[0.10224744]
[0.10195047]
[0.10216282]
[0.10246409]
[0.10194864]
[0.10194864]
[0.10194864]
[0.10194864]
[0.10194864]
[0.10194864]
[0.10194864]
[0.10194864]
[0.10197281]
[0.10197281]
[0.10197281]
[0.10194868]
[0.10219841]
[0.10219841]
[0.10219841]
[0.10219841]
[0.10219841]
[0.10219841]
[0.10219841]
[0.10219841]
[0.10219841]
[0.10219841]
[0.10219841]
[0.10219841]
[0.10219841]
[0.10219841]
[0.10219841]
[0.10219841]
[0.10219841]
[0.10219841]
[0.10184825]
[0.10184322]
[0.10184322]
[0.10184322]
[0.10184322]
[0.10184322]
[0.10184322]
[0.10184322]
[0.10184322]
[0.10184322]
[0.10184322]
[0.10184322]
[0.10184322]
[0.10184322]
[0.10184322]
[0.10184322]
[0.10184322]
[0.10184322]
[0.10184322]
[0.10194862]
[0.10225637]
[0.10197098]
[0.1017685]
[0.1017685]
[0.1017685]
[0.1017685]
[0.1017685]
[0.1017685]
[0.1017685]
[0.1017685]
[0.1017685]
[0.10219596]
[0.10219596]
[0.10219596]
[0.10219596]
[0.10219596]
[0.10219596]
[0.10219596]
[0.10220455]
[0.10217349]
[0.1021567]
[0.10197095]
[0.10190815]
[0.1024147]
[0.10208274]
[0.1018583]
[0.10265819]
[0.10275497]
[0.10187475]
[0.10185952]
[0.10185952]
[0.10185952]
[0.10185952]
[0.10221357]
[0.10257154]
[0.1019973]
[0.10183027]
[0.10184428]
[0.10184428]
[0.10184428]
[0.10184427]
[0.10184427]
[0.10184427]
[0.10184427]
[0.10184427]
[0.10220458]
[0.10199735]
[0.10247534]
[0.10196362]
[0.10196149]
[0.10196149]
[0.10196149]
[0.10193831]
[0.10224441]
[0.10364176]
[0.10364176]
[0.10364176]
[0.10193829]
[0.10187359]
[0.10197514]
[0.10177776]
[0.10185732]
[0.10224747]
[0.10177778]
[0.10282857]
[0.10185734]
[0.10185734]
[0.10200252]
[0.1021743]
[0.10219596]
[0.10265871]
[0.10728674]
[0.10728674]
[0.10728674]
[0.10728674]
[0.10728674]
[0.10728674]
[0.10185737]
[0.10249988]
[0.10183132]
[0.10185835]
[0.10185835]
[0.10185835]
[0.1019286]
[0.10220106]
[0.10268457]
[0.10185946]
[0.10229967]
[0.10186188]
[0.10186188]
[0.10184544]
[0.10217337]
[0.10185015]
[0.10230554]
[0.10186353]
[0.10197287]
[0.10199726]
[0.10187615]
[0.10186188]
[0.10199737]
[0.10199737]
[0.10199737]
[0.1037486]
[0.10178933]
[0.10187612]
[0.10199933]
[0.1019417]
[0.10210469]
[0.10194868]
[0.10186329]
[0.1032503]
[0.10215957]
[0.10185946]
[0.10311101]
[0.10224462]
[0.10186337]
[0.1018583]
[0.10189033]
[0.10311101]
[0.10196608]
[0.10187364]
[0.102199]
[0.10214671]
[0.10214671]
[0.1019384]
[0.10185826]
[0.10185826]
[0.10185826]
[0.10176922]
[0.10265419]
[0.10185942]
[0.10254739]
[0.15157661]
[0.10196237]
[0.10200259]
[0.10199545]
[0.10270171]
[0.10187364]
[0.10194354]
[0.10235861]
[0.10261445]
[0.10391337]
[0.10367315]
[0.10229602]
[0.10219528]
[0.10248247]
[0.10212161]
[0.10238577]
[0.1024823]
[0.1024823]
[0.10196796]
[0.10342089]
[0.1024823]
[0.10199604]
[0.10221646]
[0.10194207]
[0.10187183]
[0.10184204]
[0.10265911]
[0.10187353]
[0.10187353]
[0.10205376]
[0.10260259]
[0.10523839]
[0.10235611]
[0.10179636]
[0.10203099]
[0.10217914]
[0.11084206]
[0.11084206]
[0.10190984]
[0.10202467]
[0.10240387]
[0.10217899]
[0.10187183]
[0.10235237]
[0.10221499]
[0.10203236]
[0.10194722]
[0.10258874]
[0.10268705]
[0.102565]
[0.10196862]
[0.10242037]
[0.10206261]
[0.10201829]
[0.10212196]
[0.11408065]
[0.10204981]
[0.10434813]
[0.1019071]
[0.10189089]
[0.10197569]
[0.10181953]
[0.10190717]
[0.10180753]
[0.10212608]
[0.10281654]
[0.10184991]
[0.10394206]
[0.10241541]
[0.10205975]
[0.10181879]
[0.13805068]
[0.10244815]
[0.10184832]
[0.10192969]
[0.10230213]
[0.10214279]
[0.10189753]
[0.10250154]
[0.10230955]
[0.10234641]
[0.1023583]
[0.10206439]
[0.1206702]
[0.10385957]
[0.10242974]
[0.11622213]
[0.10394352]
[0.10195379]
[0.10195379]
[0.10242882]
[0.10510834]
[0.10297119]
[0.10298486]
[0.10491102]
[0.10752843]
[0.10282901]
[0.10213085]
[0.10203705]
[0.10276245]
[0.10213335]
[0.10285492]
[0.10262936]
[0.10240258]
[0.10375424]
[0.10261521]
[0.10287481]
[0.9519918]
[0.10299251]
[0.10325136]
[0.10478211]
[0.11394474]
[0.10962339]
[0.10327953]
[0.52843857]
[0.10473352]
[0.12140655]
[0.1032705]
[0.13041002]
[0.10339037]
[0.10395054]
[0.10732287]
[0.10664184]
[0.11279123]
[0.10720579]
[0.17129347]
[0.10990856]
[0.1062551]
[0.17446826]
[0.10713457]
[0.27557737]
[0.10436829]
[0.12620175]
[0.12264484]
[0.10703691]
[0.10809105]
[0.10600196]
[0.11211959]
[0.13134058]
[0.25913045]
[0.12930347]
[0.37267852]
[0.10565311]
[0.13337602]
[0.10815935]
[0.10209841]
[0.28666812]
[0.11273918]
[0.11039952]
[0.1189047]
[0.11084561]
[0.12114891]
[0.14056453]
[0.22555435]
[0.24654058]
[0.11926081]
[0.16383842]
[0.16383842]
[0.16383842]
[0.11490321]
[0.16107427]
[0.12742652]
[0.14191186]
[0.11891367]
[0.11462979]
[0.12017602]
[0.13645267]
[0.20874213]
[0.13099453]
[0.13098909]
[0.1019987]
[0.12987709]
[0.10209767]
[0.10240387]
[0.1040733]
[0.10189822]
[0.10204169]
[0.5222111]
[0.10191996]
[0.10204391]
[0.11238911]
[0.10238658]
[0.1024413]
[0.10504884]
[0.10302544]
[0.10202993]
[0.14637381]
[0.10257858]
[0.14623658]
[0.10194109]
[0.23459196]
[0.10303946]
[0.10570377]
[0.11277351]
[0.10184132]
[0.10205702]
[0.10191686]
[0.10266621]
[0.10188642]
[0.10429566]
[0.10237318]
[0.10190538]
[0.10233916]
[0.1021255]
[0.10192484]
[0.1031666]
[0.10195915]
[0.10254288]
