3.175137365488223
3.0840784687030904
2.759096844409278
2.759096844409278
2.759096844409278
2.759096844409278
2.759096844409278
2.759096844409278
2.759096844409278
2.759096844409278
2.759096844409278
2.759096844409278
2.759096844409278
2.759096844409278
2.759096844409278
2.759096844409278
2.759096844409278
2.759096844409278
2.759096844409278
2.759096844409278
2.759096844409278
2.759096844409278
2.759096844409278
2.759096844409278
2.759096844409278
2.429670932252222
2.89122770000116
2.89122770000116
2.89122770000116
2.89122770000116
2.89122770000116
2.89122770000116
2.89122770000116
3.164768765807308
2.834917668773972
2.834917668773972
2.834917668773972
2.834917668773972
2.834917668773972
2.834917668773972
2.834917668773972
2.834917668773972
2.834917668773972
2.834917668773972
2.834917668773972
2.834917668773972
2.834917668773972
2.834917668773972
2.834917668773972
2.834917668773972
2.834917668773972
2.834917668773972
2.834917668773972
2.834917668773972
2.834917668773972
2.7240445918508964
3.1844094664507505
3.191257060121689
3.191257060121689
3.191257060121689
3.191257060121689
3.191257060121689
3.191257060121689
3.191257060121689
3.191257060121689
3.191257060121689
3.191257060121689
3.191257060121689
3.191257060121689
3.191257060121689
3.191257060121689
3.191257060121689
3.191257060121689
3.191257060121689
3.191257060121689
3.191257060121689
3.191257060121689
3.191257060121689
3.191257060121689
3.191257060121689
3.191257060121689
3.191257060121689
3.191257060121689
3.191257060121689
3.191257060121689
3.191257060121689
3.191257060121689
3.191257060121689
3.191257060121689
3.191257060121689
3.191257060121689
3.191257060121689
3.191257060121689
3.191257060121689
3.191257060121689
3.191257060121689
3.191257060121689
3.191257060121689
3.191257060121689
3.191257060121689
3.191257060121689
3.191257060121689
3.191257060121689
3.191257060121689
3.191257060121689
3.191257060121689
3.191257060121689
3.191257060121689
3.191257060121689
3.191257060121689
3.191257060121689
3.191257060121689
3.191257060121689
3.191257060121689
3.191257060121689
3.191257060121689
3.191257060121689
3.191257060121689
3.191257060121689
3.191257060121689
3.191257060121689
3.191257060121689
3.191257060121689
3.191257060121689
3.191257060121689
3.191257060121689
3.191257060121689
3.191257060121689
3.191257060121689
3.191257060121689
3.191257060121689
3.191257060121689
3.191257060121689
3.191257060121689
3.191257060121689
3.191257060121689
3.191257060121689
3.191257060121689
3.191257060121689
3.191257060121689
3.191257060121689
3.191257060121689
3.191257060121689
3.191257060121689
3.191257060121689
3.191257060121689
3.191257060121689
3.191257060121689
3.191257060121689
3.191257060121689
3.191257060121689
3.191257060121689
3.191257060121689
3.191257060121689
3.191257060121689
3.191257060121689
3.191257060121689
3.191257060121689
3.191257060121689
3.191257060121689
3.191257060121689
3.191257060121689
3.191257060121689
3.191257060121689
3.191257060121689
3.191257060121689
3.191257060121689
3.191257060121689
3.191257060121689
3.191257060121689
3.191257060121689
3.191257060121689
3.191257060121689
3.191257060121689
3.191257060121689
3.191257060121689
3.191257060121689
3.191257060121689
3.191257060121689
3.191257060121689
3.191257060121689
3.191257060121689
3.191257060121689
3.191257060121689
3.191257060121689
3.191257060121689
3.191257060121689
3.191257060121689
3.191257060121689
3.191257060121689
3.191257060121689
3.191257060121689
3.191257060121689
3.191257060121689
3.191257060121689
3.191257060121689
3.191257060121689
3.191257060121689
3.191257060121689
3.191257060121689
3.191257060121689
3.191257060121689
3.191257060121689
3.191257060121689
3.191257060121689
3.191257060121689
3.191257060121689
3.191257060121689
3.191257060121689
3.191257060121689
3.191257060121689
3.191257060121689
3.191257060121689
3.191257060121689
3.191257060121689
3.191257060121689
3.191257060121689
3.191257060121689
3.191257060121689
3.191257060121689
3.191257060121689
3.191257060121689
3.191257060121689
3.191257060121689
3.191257060121689
3.191257060121689
3.191257060121689
3.191257060121689
3.191257060121689
3.191257060121689
3.191257060121689
3.191257060121689
3.191257060121689
3.191257060121689
3.191257060121689
3.191257060121689
3.191257060121689
3.191257060121689
3.191257060121689
3.191257060121689
3.191257060121689
3.191257060121689
3.191257060121689
3.191257060121689
3.191257060121689
3.191257060121689
3.191257060121689
3.191257060121689
3.191257060121689
3.191257060121689
3.191257060121689
3.191257060121689
3.191257060121689
3.191257060121689
3.191257060121689
3.191257060121689
3.191257060121689
3.191257060121689
3.191257060121689
3.191257060121689
3.191257060121689
3.191257060121689
3.191257060121689
3.191257060121689
3.191257060121689
3.191257060121689
3.191257060121689
3.191257060121689
3.191257060121689
3.191257060121689
3.191257060121689
3.191257060121689
3.191257060121689
3.191257060121689
3.191257060121689
3.191257060121689
3.191257060121689
3.191257060121689
3.191257060121689
3.191257060121689
3.191257060121689
3.191257060121689
3.191257060121689
3.191257060121689
3.191257060121689
3.191257060121689
3.191257060121689
3.191257060121689
3.191257060121689
3.191257060121689
3.191257060121689
3.191257060121689
3.191257060121689
3.191257060121689
3.191257060121689
3.191257060121689
2.8589774316648455
3.3736455798110754
3.0333163224442288
3.3243359131801675
3.1684625627208076
3.1684625627208076
3.2003211625479455
3.2536068928976087
3.3979419360863785
3.000719058495169
3.000719058495169
3.000719058495169
3.000719058495169
3.000719058495169
3.000719058495169
3.000719058495169
3.000719058495169
3.000719058495169
3.000719058495169
3.229768353559182
2.8273495460714653
2.8273495460714653
2.8273495460714653
2.8273495460714653
2.8273495460714653
2.8273495460714653
2.8273495460714653
2.8273495460714653
2.8273495460714653
2.8273495460714653
2.8273495460714653
2.8273495460714653
2.8273495460714653
2.8273495460714653
2.8273495460714653
2.8273495460714653
2.8273495460714653
2.8273495460714653
2.8273495460714653
2.8273495460714653
2.8273495460714653
2.8273495460714653
2.8273495460714653
2.8273495460714653
2.8273495460714653
2.8273495460714653
2.8273495460714653
2.8273495460714653
2.8273495460714653
2.8273495460714653
2.8273495460714653
2.8273495460714653
2.8273495460714653
2.8273495460714653
2.8273495460714653
2.8273495460714653
2.8273495460714653
2.8273495460714653
2.8273495460714653
2.8273495460714653
2.8273495460714653
2.8273495460714653
2.8273495460714653
2.8273495460714653
2.8273495460714653
2.8273495460714653
2.8273495460714653
2.8273495460714653
2.8273495460714653
2.8273495460714653
2.8273495460714653
2.8273495460714653
2.8273495460714653
2.8273495460714653
2.8273495460714653
2.8273495460714653
2.8273495460714653
2.8273495460714653
2.8273495460714653
2.8273495460714653
2.8273495460714653
2.8273495460714653
2.8273495460714653
2.8273495460714653
2.8273495460714653
2.8273495460714653
2.8273495460714653
2.8273495460714653
2.8273495460714653
2.8273495460714653
2.8273495460714653
2.8273495460714653
2.8273495460714653
2.8273495460714653
2.8273495460714653
2.8273495460714653
2.8273495460714653
2.8273495460714653
2.8273495460714653
2.8273495460714653
2.8273495460714653
2.8273495460714653
2.8273495460714653
2.8273495460714653
2.8273495460714653
2.8273495460714653
2.8273495460714653
2.8273495460714653
2.8273495460714653
2.8273495460714653
2.8273495460714653
2.8273495460714653
2.8273495460714653
2.8273495460714653
2.8273495460714653
2.8273495460714653
2.8273495460714653
2.8273495460714653
2.8273495460714653
2.8273495460714653
2.8273495460714653
2.8273495460714653
2.8273495460714653
2.8273495460714653
2.8273495460714653
2.8273495460714653
2.8273495460714653
2.8273495460714653
2.8273495460714653
2.8273495460714653
2.8273495460714653
2.8273495460714653
2.8273495460714653
2.8273495460714653
2.8273495460714653
2.8273495460714653
2.8273495460714653
2.8273495460714653
2.8273495460714653
2.8273495460714653
2.8273495460714653
2.8273495460714653
2.8273495460714653
2.8273495460714653
2.8273495460714653
2.8273495460714653
2.8273495460714653
2.8273495460714653
2.8273495460714653
2.8273495460714653
2.8273495460714653
2.8273495460714653
2.8273495460714653
2.8273495460714653
2.8273495460714653
2.8273495460714653
2.8273495460714653
2.8273495460714653
2.8273495460714653
2.8273495460714653
2.8273495460714653
2.8273495460714653
2.8273495460714653
2.8273495460714653
2.8273495460714653
2.8273495460714653
2.8273495460714653
2.8273495460714653
2.8273495460714653
2.8273495460714653
2.8273495460714653
2.8273495460714653
2.8273495460714653
2.8273495460714653
2.8273495460714653
3.165543849419347
4.3682170284371455
2.7442125002465616
3.440627795907643
3.506647361187593
2.8040910155773844
3.304497544320114
3.5453524624021684
2.9117052021800625
4.077992828667329
3.3446664246701836
3.134465383175538
3.5277386972199816
3.2326518335775747
3.0034950211845883
3.671869229329385
3.4020561115291894
4.146479133700284
4.647145573807356
3.313603370229888
3.9583286159896574
3.8226087807488014
5.868476923076923
6.667815384615385
5.533664994394403
3.7736694173197662
5.591770599663862
7.001420509905836
6.889658365621037
