4.456900948383687
4.398424257235639
4.398424257235639
4.398424257235639
4.398424257235639
4.398424257235639
4.398424257235639
4.398424257235639
4.398424257235639
4.398424257235639
4.398424257235639
4.398424257235639
4.398424257235639
4.398424257235639
4.398424257235639
4.398424257235639
4.398424257235639
4.398424257235639
4.398424257235639
4.398424257235639
4.398424257235639
4.398424257235639
4.398424257235639
4.398424257235639
4.398424257235639
4.398424257235639
4.398424257235639
4.398424257235639
4.398424257235639
4.398424257235639
4.398424257235639
4.398424257235639
4.398424257235639
4.398424257235639
4.398424257235639
4.398424257235639
4.398424257235639
4.398424257235639
4.398424257235639
4.398424257235639
4.398424257235639
4.398424257235639
4.398424257235639
4.398424257235639
4.398424257235639
4.398424257235639
4.398424257235639
4.398424257235639
4.398424257235639
4.398424257235639
4.398424257235639
4.398424257235639
4.398424257235639
4.398424257235639
4.398424257235639
4.398424257235639
4.398424257235639
4.398424257235639
4.398424257235639
4.398424257235639
4.398424257235639
4.398424257235639
4.398424257235639
4.398424257235639
4.398424257235639
4.398424257235639
4.398424257235639
4.398424257235639
4.398424257235639
4.398424257235639
4.398424257235639
4.343162313360232
4.344678219353922
4.344678219353922
4.344678219353922
4.344678219353922
4.344678219353922
4.344678219353922
4.344678219353922
4.344678219353922
4.344678219353922
4.344678219353922
4.344678219353922
4.344678219353922
4.344678219353922
4.344678219353922
4.344678219353922
4.344678219353922
4.344678219353922
4.344678219353922
4.378250498233266
4.392224272059051
4.392224272059051
4.392224272059051
4.392224272059051
4.392224272059051
4.397027333283541
4.397027333283541
4.397027333283541
4.397027333283541
4.397027333283541
4.397027333283541
4.397027333283541
4.397027333283541
4.397027333283541
4.385789632061616
4.385789632061616
4.385789632061616
4.337655590740368
4.337655590740368
4.337655590740368
4.337655590740368
4.337655590740368
4.286671578967367
4.34245865196486
4.34245865196486
4.34245865196486
4.327601587600652
4.327601587600652
4.327601587600652
4.327601587600652
4.331573470397618
4.524140768426222
4.707257885450749
4.452983366029625
4.283086909421689
4.459984008060858
4.372933594194619
4.386907170364621
4.386907170364621
4.7302483496441345
4.391784890571875
4.651840986287736
4.317516695031607
4.465850758709675
4.363348168837237
4.671681255512308
4.688271304388715
4.307776274517713
4.574234859928652
4.575518040757041
4.527196355407216
4.527196355407216
4.527196355407216
4.44939427063912
4.44939427063912
4.44939427063912
4.44939427063912
4.313958054070091
4.276073372038594
4.276073372038594
4.276073372038594
4.76354904239911
4.265863089057328
4.684897423115158
4.521235860088856
4.687448538160525
4.726211855465901
4.726211855465901
4.726211855465901
4.485064741205313
4.485064741205313
4.485064741205313
4.462971695438892
4.444950094792468
4.766741662847822
4.384101076027335
4.7131157485431725
4.7131157485431725
4.728140620894725
4.728140620894725
4.402214774759818
4.402214774759818
4.213633012764161
4.507209183334834
4.441688952232598
4.441688952232598
4.441688952232598
4.441688952232598
4.321871869939304
4.321871869939304
4.321871869939304
4.472277709120435
4.337592090301419
5.14062281815407
4.869165498572311
4.517153782118482
4.415985806286426
5.258408274262083
5.258408274262083
4.474189825733337
4.444455104651199
4.556247422820318
4.426977803408692
4.330206224321681
4.330206224321681
4.423293556989345
4.70710204547038
4.4498508504807415
4.361121040432376
5.3089290214615
4.560017727371076
4.431161903875287
5.2020362031845995
4.235658739412758
4.235658739412758
4.235658739412758
4.235658739412758
4.412607344747965
4.397217599695572
4.808853129037633
4.443567292552489
4.197943537701265
4.3563154419139565
4.3563154419139565
4.369376737460515
5.613787118935516
5.6100376583132725
4.67353631599167
4.67353631599167
4.396850413712653
5.2776210769073675
4.296728221545594
4.32632880526027
4.116095301510191
4.116095301510191
4.512468341556736
4.512468341556736
4.512468341556736
4.512468341556736
4.807473791605899
4.990399534629698
5.120401996734106
4.772598102564875
4.863266498928614
4.134690758185856
4.134690758185856
4.134690758185856
4.134690758185856
4.612371548002027
4.612371548002027
4.717297837757109
5.0656650365569895
4.0659916211271145
4.7109927422020075
4.605515926697365
4.705594481675117
4.736031187574538
3.8711452955410026
4.345707688909409
3.978623834298813
5.032090415638812
5.195880008917811
4.795139034840716
4.270248994288045
3.983551272901675
5.2338166271214
3.9623439827041187
4.674575603872476
4.4550446680330325
4.751921322098112
4.426942749957831
4.877854353302249
4.145146113027986
4.204000276606506
5.057669190102767
4.7205211344604034
4.979438069039135
4.625786183663722
3.756255506418249
4.260123576022777
4.265618377612607
3.8186954971063765
5.142425119276586
5.142425119276586
5.142425119276586
5.142425119276586
5.142425119276586
5.584160768233307
3.7165490348600283
5.839177280860688
3.730999989957917
5.720304257204158
5.720304257204158
5.720304257204158
5.720304257204158
5.720304257204158
5.720304257204158
5.008351835010334
5.565048600172233
5.737002203238289
5.737002203238289
5.345726366451714
5.0197386660057415
3.8846095063698733
3.830570752424115
3.9119273561977
5.712166837118561
3.794608181336229
3.71055331146108
6.087556953809611
4.331866007494076
4.347712733702732
4.347712733702732
4.015643489669284
4.497176305465463
4.497176305465463
5.942448496874585
4.865049727724964
4.749864943725218
5.442438488971613
5.442438488971613
5.442438488971613
5.442438488971613
4.66294072907844
1.0
1.0
1.0
1.0
1.0
1.0
1.0
1.0
1.0
1.0
1.0
1.0
1.0
1.0
1.0
1.0
1.0
1.0
1.0
1.0
1.0
1.0
1.0
1.0
1.0
1.0
1.0
1.0
1.0
1.0
1.0
1.0
1.0
1.0
1.0
1.0
1.0
5.0033791153868545
5.916453757991267
3.7676211000752264
3.7676211000752264
3.7676211000752264
3.7676211000752264
3.7676211000752264
3.7676211000752264
4.782979923033335
1.3717690098246216
1.3717690098246216
1.3717690098246216
1.3717690098246216
1.3717690098246216
1.9614305096010014
1.9614305096010014
1.9614305096010014
3.676434791876117
4.885963543080622
2.6312935865240785
2.6312935865240785
2.8682358942163866
2.8682358942163866
2.8682358942163866
2.8682358942163866
2.8682358942163866
3.9492971448658327
3.9492971448658327
3.9492971448658327
3.9492971448658327
3.9492971448658327
3.9492971448658327
3.9492971448658327
3.9492971448658327
3.9492971448658327
3.9492971448658327
3.9492971448658327
3.9492971448658327
5.432074161071712
3.3069176130575944
3.714173586524079
3.714173586524079
3.714173586524079
3.714173586524079
3.714173586524079
3.714173586524079
3.714173586524079
3.714173586524079
3.714173586524079
3.714173586524079
3.714173586524079
3.714173586524079
3.714173586524079
3.714173586524079
3.714173586524079
3.714173586524079
3.7020997790553922
3.7020997790553922
3.7020997790553922
3.7020997790553922
3.7020997790553922
3.7020997790553922
3.7020997790553922
3.7020997790553922
3.7020997790553922
3.7020997790553922
3.7020997790553922
5.463958679965269
5.463958679965269
3.032841654019598
4.233018331091591
4.233018331091591
4.233018331091591
4.233018331091591
4.233018331091591
4.233018331091591
4.233018331091591
3.7172959329015463
3.7172959329015463
3.7172959329015463
3.7172959329015463
3.7172959329015463
3.669121765103238
4.316806663447155
4.607495500173444
5.017470568077158
4.524325894216386
4.524325894216386
4.524325894216386
4.524325894216386
4.524325894216386
4.524325894216386
4.524325894216386
4.524325894216386
4.524325894216386
4.524325894216386
4.524325894216386
4.524325894216386
4.524325894216386
4.524325894216386
4.524325894216386
4.524325894216386
4.524325894216386
4.524325894216386
4.524325894216386
4.524325894216386
4.524325894216386
4.01979868818016
4.01979868818016
4.01979868818016
5.187588466838198
4.743583303564777
4.743583303564777
5.116553586524079
6.011973237994788
6.158448965135745
6.158448965135745
6.158448965135745
6.411452817293309
6.411452817293309
6.411452817293309
6.411452817293309
6.411452817293309
6.411452817293309
6.411452817293309
6.411452817293309
6.411452817293309
6.411452817293309
6.411452817293309
6.411452817293309
6.411452817293309
6.411452817293309
6.411452817293309
6.411452817293309
6.411452817293309
6.411452817293309
6.411452817293309
6.667815384615385
7.3284153846153846
6.480205436610505
6.322456364218758
6.322456364218758
5.018983337791608
5.736613948903925
5.692817912056248
5.574068179678234
5.110257029700753
4.980380188287368
