19.934800000000006
19.750200000000007
18.169799999999988
18.255299999999988
6.578800000000006
6.578800000000006
7.829500000000004
7.829500000000004
17.57719999999998
17.57719999999998
17.57719999999998
17.44309999999998
17.44309999999998
17.44309999999998
17.44309999999998
17.44309999999998
17.44309999999998
17.44309999999998
17.44309999999998
17.44309999999998
17.24499999999998
17.24499999999998
17.142899999999976
7.872000000000004
18.257799999999992
18.257799999999992
17.366499999999977
19.069899999999993
9.009400000000001
9.899299999999995
18.939299999999996
7.236900000000004
6.821900000000005
17.167299999999972
6.058300000000003
11.00289999999999
6.9920000000000035
6.9920000000000035
17.363199999999978
18.346199999999985
17.38699999999998
17.118699999999976
7.136600000000005
17.454899999999977
17.026999999999973
17.252099999999977
17.252099999999977
6.9817000000000045
6.9817000000000045
6.9817000000000045
6.9817000000000045
6.9817000000000045
17.26729999999998
6.243900000000004
17.60369999999998
6.376700000000004
9.823099999999997
9.823099999999997
17.533499999999975
16.890299999999975
6.879400000000007
16.99689999999997
16.615699999999972
7.4954000000000045
7.4954000000000045
7.4954000000000045
7.4954000000000045
7.4954000000000045
7.4954000000000045
7.4954000000000045
7.4954000000000045
17.502399999999977
17.53999999999998
15.350899999999967
15.350899999999967
16.804899999999975
16.861999999999973
9.964199999999996
6.9158000000000035
6.9158000000000035
17.05339999999998
16.64979999999997
4.466900000000003
4.466900000000003
4.466900000000003
4.466900000000003
4.466900000000003
4.466900000000003
6.218100000000002
6.218100000000002
6.218100000000002
9.835799999999995
7.537900000000005
7.537900000000005
16.433199999999967
16.230699999999963
6.556800000000004
16.311299999999967
17.282599999999974
17.282599999999974
18.26379999999999
8.685100000000004
6.488400000000004
16.529499999999967
16.71419999999997
5.958000000000005
16.38351999999997
16.391699999999968
16.359699999999965
6.260600000000003
15.120099999999974
17.56959999999998
16.72389999999997
6.066000000000004
17.209699999999973
6.312000000000005
6.312000000000005
6.312000000000005
17.224899999999977
4.848600000000003
6.958300000000004
16.007919999999967
8.604300000000002
5.494200000000003
5.494200000000003
16.043099999999964
16.043099999999964
16.043099999999964
16.915599999999973
6.631300000000003
17.744299999999974
5.5857000000000046
5.5857000000000046
5.5857000000000046
15.840599999999963
15.840599999999963
15.840599999999963
15.840599999999963
15.840599999999963
15.840599999999963
15.840599999999963
17.543999999999976
17.543999999999976
14.64939999999997
7.068400000000005
5.569900000000002
5.569900000000002
5.569900000000002
15.884099999999963
4.039000000000003
17.38229999999998
17.62949999999998
15.806899999999965
15.806899999999965
15.975919999999965
5.536700000000002
5.655400000000003
16.70599999999997
16.70599999999997
16.70599999999997
16.74849999999997
17.20969999999998
17.20969999999998
17.20969999999998
16.249419999999965
8.296900000000006
16.79149999999997
4.778500000000003
18.515299999999986
16.922599999999974
15.359499999999969
16.905099999999976
14.307799999999972
5.587000000000003
6.100200000000004
15.719899999999964
15.719899999999964
16.30619999999997
6.057700000000003
6.057700000000003
6.057700000000003
6.057700000000003
15.719299999999967
16.41139999999997
5.612400000000003
5.612400000000003
5.345300000000003
5.345300000000003
5.345300000000003
5.345300000000003
5.345300000000003
5.345300000000003
5.345300000000003
5.345300000000003
5.345300000000003
5.345300000000003
5.345300000000003
5.345300000000003
5.345300000000003
5.345300000000003
5.345300000000003
5.345300000000003
5.345300000000003
5.345300000000003
5.345300000000003
5.345300000000003
5.345300000000003
5.345300000000003
5.345300000000003
5.345300000000003
5.345300000000003
5.345300000000003
4.857000000000004
4.862600000000003
4.862600000000003
15.667499999999965
15.667499999999965
15.667499999999965
15.370399999999966
15.370399999999966
15.370399999999966
15.370399999999966
16.98779999999997
4.830600000000003
4.830600000000003
16.349899999999966
15.450499999999964
15.438699999999967
15.766399999999964
16.395099999999967
6.264600000000006
6.264600000000006
6.264600000000006
15.380599999999973
15.322699999999967
15.916799999999961
16.06149999999996
15.864219999999966
6.126100000000003
6.126100000000003
6.126100000000003
15.972499999999963
17.370999999999977
7.9561000000000055
16.137499999999964
15.734619999999966
15.950599999999962
15.896019999999965
6.791100000000004
6.791100000000004
5.107600000000003
15.567099999999963
4.996700000000005
7.9561000000000055
7.9561000000000055
16.290499999999966
16.290499999999966
15.304199999999968
15.557699999999965
4.531400000000003
3.946800000000003
5.360600000000003
5.360600000000003
15.764799999999966
5.1410000000000045
15.961099999999966
4.851900000000005
4.851900000000005
4.851900000000005
4.851900000000005
15.059499999999966
17.468199999999978
15.235599999999964
16.58039999999997
16.303299999999965
4.556500000000003
15.749999999999964
3.5786000000000024
15.098699999999967
16.114599999999964
15.560919999999967
4.750900000000004
4.750900000000004
4.750900000000004
4.750900000000004
4.750900000000004
4.750900000000004
4.750900000000004
4.750900000000004
14.946099999999968
15.959499999999963
4.208300000000001
16.997799999999973
4.271600000000004
15.554399999999966
15.331299999999967
17.273099999999975
15.675299999999966
15.11429999999997
16.294899999999966
16.856799999999968
16.054099999999966
4.178900000000003
1.1703
1.1703
15.971299999999964
4.865200000000003
17.572499999999977
14.765399999999966
7.307900000000006
15.242599999999964
15.242599999999964
4.981300000000004
15.132399999999967
3.639000000000003
17.59429999999998
15.99611999999996
15.99611999999996
15.242699999999969
16.204519999999967
4.321500000000002
14.912399999999968
7.368500000000005
16.174599999999963
4.992000000000004
16.473699999999965
7.307900000000005
16.947399999999973
4.542800000000004
4.1460000000000035
15.308799999999968
15.736299999999964
15.736299999999964
16.214999999999968
2.3655
2.3655
2.3655
14.793599999999971
15.233899999999965
4.152700000000004
4.152700000000004
4.152700000000004
4.152700000000004
4.152700000000004
4.152700000000004
4.152700000000004
16.556699999999967
4.345000000000003
5.838100000000003
15.27619999999997
15.27619999999997
15.207399999999968
15.530099999999965
15.686199999999966
15.222499999999968
9.586499999999997
15.849099999999963
16.160299999999967
15.425599999999967
14.736599999999969
15.216499999999964
15.932899999999963
15.424199999999963
5.595500000000004
14.833899999999966
15.679199999999964
15.322799999999962
14.74829999999997
14.55549999999997
15.438319999999964
16.152799999999964
5.676600000000003
15.572219999999966
14.46579999999997
3.571600000000002
4.715500000000005
13.613999999999974
9.4685
4.426200000000003
10.260199999999994
4.052100000000004
15.132899999999966
15.213699999999966
4.606700000000003
4.996200000000005
6.699300000000004
11.504599999999986
6.823400000000006
14.77279999999997
5.817300000000004
14.80879999999997
4.801900000000004
6.966600000000004
5.436970000000004
7.458300000000005
5.256200000000005
11.622399999999987
9.850499999999995
2.8068
5.581400000000003
6.633200000000004
12.539399999999981
8.207700000000004
4.606800000000003
4.357100000000002
9.258199999999997
6.840800000000004
7.564300000000004
5.378800000000004
2.9551000000000007
4.4250000000000025
4.251500000000004
5.614900000000004
11.949299999999983
11.949299999999983
5.061700000000004
5.285900000000003
9.1465
0.982
4.6270000000000024
3.7039000000000026
4.099700000000003
0.7488999999999999
0.7488999999999999
1.3279
3.954900000000003
5.559100000000003
7.661300000000005
5.199300000000005
5.369100000000003
10.132179999999991
3.786200000000002
4.821700000000005
4.953400000000003
4.415500000000002
2.6324000000000005
7.954800000000005
3.371200000000001
6.042300000000004
5.766500000000004
4.276900000000002
2.531600000000001
6.438600000000006
4.396900000000003
2.4549000000000003
4.327900000000004
0.5891000000000001
-0.8985000000000001
15.357199999999967
0.3846
4.207200000000003
14.62499999999997
4.018200000000004
-0.02569999999999989
5.760100000000006
1.1923
0.9275
4.427700000000002
0.08860000000000012
14.021099999999972
15.800199999999965
14.814099999999968
0.16199999999999998
0.16199999999999998
17.494799999999977
15.366299999999967
15.248399999999963
11.872199999999983
3.2565000000000017
6.129700000000004
5.135600000000005
16.67909999999997
9.704799999999995
14.831199999999969
17.41959999999998
6.210200000000003
17.313999999999975
6.426900000000004
3.1995000000000013
16.454999999999966
4.248400000000004
3.6938000000000013
17.704499999999978
16.604699999999966
16.58849999999997
17.366299999999978
16.038899999999963
16.449799999999968
14.641499999999965
17.110599999999973
6.603300000000004
6.371200000000002
17.75369999999998
16.038199999999964
15.381599999999965
16.224299999999964
16.567199999999968
14.033299999999972
15.545899999999962
17.00009999999997
