3.6746141084243362
3.4779007349929394
3.4779007349929394
3.640653481582312
3.3509108814880175
3.3509108814880175
3.3509108814880175
3.3509108814880175
3.3509108814880175
3.3509108814880175
3.3509108814880175
3.3509108814880175
3.3509108814880175
3.3509108814880175
3.711907645106894
3.344163242408233
3.5150090559191804
3.5150090559191804
3.412465132842258
3.412465132842258
3.289927857086517
3.2214068336954833
3.2214068336954833
3.6248789789961027
3.4502792106517397
3.4502792106517397
3.4502792106517397
3.4502792106517397
3.4502792106517397
3.4502792106517397
3.4502792106517397
3.4502792106517397
3.4502792106517397
3.4502792106517397
3.4502792106517397
3.4502792106517397
3.4502792106517397
3.4502792106517397
3.4502792106517397
3.5032060700534418
3.5032060700534418
3.5032060700534418
3.5032060700534418
3.5646798817717054
3.1224870834765976
3.1224870834765976
3.1224870834765976
3.1224870834765976
3.5597954046592353
3.672154540406148
3.2895154416241823
3.2895154416241823
3.2895154416241823
3.28805991250033
3.28805991250033
3.5229724686774624
3.5229724686774624
3.35043528840139
3.35043528840139
3.35043528840139
3.35043528840139
3.324920347014351
3.324920347014351
3.324920347014351
3.324920347014351
3.324920347014351
3.324920347014351
3.324920347014351
3.324920347014351
3.324920347014351
3.324920347014351
3.324920347014351
3.324920347014351
3.324920347014351
3.324920347014351
3.324920347014351
3.324920347014351
3.248760831421894
3.248760831421894
3.248760831421894
3.248760831421894
3.248760831421894
3.248760831421894
3.248760831421894
3.248760831421894
3.248760831421894
3.248760831421894
3.248760831421894
3.248760831421894
3.248760831421894
3.248760831421894
3.248760831421894
3.248760831421894
3.248760831421894
3.248760831421894
3.248760831421894
3.248760831421894
3.248760831421894
3.248760831421894
3.248760831421894
3.248760831421894
3.248760831421894
3.248760831421894
3.248760831421894
3.248760831421894
3.248760831421894
3.248760831421894
3.266522694299475
3.266522694299475
3.266522694299475
3.266522694299475
3.266522694299475
3.30159842760372
3.3673313208934808
3.3673313208934808
3.3673313208934808
3.3673313208934808
3.3673313208934808
3.3673313208934808
3.3673313208934808
3.3673313208934808
3.3673313208934808
3.3673313208934808
3.3673313208934808
3.3673313208934808
3.3673313208934808
3.3673313208934808
3.3673313208934808
3.3673313208934808
3.3673313208934808
3.3673313208934808
3.3673313208934808
3.3673313208934808
3.3673313208934808
3.3673313208934808
3.3673313208934808
3.3673313208934808
3.3673313208934808
3.3673313208934808
3.3673313208934808
3.3673313208934808
3.3673313208934808
3.3673313208934808
3.3673313208934808
3.3673313208934808
3.3673313208934808
3.3673313208934808
3.3673313208934808
3.3673313208934808
3.3673313208934808
3.3673313208934808
3.397927841055127
3.397927841055127
3.397927841055127
3.516120659640393
3.516120659640393
3.0749376103478934
3.0749376103478934
3.0749376103478934
3.0749376103478934
3.0749376103478934
3.0749376103478934
3.0749376103478934
3.0749376103478934
3.0749376103478934
3.0749376103478934
3.0749376103478934
3.0749376103478934
3.0749376103478934
3.0749376103478934
3.0749376103478934
3.0749376103478934
3.0749376103478934
3.0749376103478934
3.0749376103478934
3.0749376103478934
3.0749376103478934
3.0749376103478934
3.0749376103478934
3.0749376103478934
3.6018755285999724
3.6018755285999724
3.6018755285999724
3.6018755285999724
3.4241348721940286
3.472045107861451
3.472045107861451
3.4580529020730264
3.4580529020730264
3.4580529020730264
3.4580529020730264
3.4580529020730264
3.4580529020730264
3.4580529020730264
3.4580529020730264
3.4580529020730264
3.4580529020730264
3.4580529020730264
3.4580529020730264
3.4580529020730264
3.4580529020730264
3.4580529020730264
3.4580529020730264
3.4580529020730264
3.4580529020730264
3.4580529020730264
3.4580529020730264
3.4580529020730264
3.4580529020730264
3.4580529020730264
3.4580529020730264
3.4580529020730264
3.4580529020730264
3.4580529020730264
3.4580529020730264
3.4580529020730264
3.4580529020730264
3.4580529020730264
3.4398733250364604
3.6640853149171706
3.2018501122572482
3.6087023682159964
3.4077126255668944
3.510175694023209
3.3862395071082316
3.61149857751664
3.5412249431207723
3.5784287106681534
3.34254958020405
3.46495154560054
3.46495154560054
3.46495154560054
3.46495154560054
3.46495154560054
3.46495154560054
2.9879655596176224
3.1901078039912747
3.7043030572177766
3.406147132842258
3.5603828313216486
3.2084228814880182
3.246814888054457
3.246814888054457
3.246814888054457
3.549859103405673
3.559290868578353
3.233301241701901
3.214008007139001
3.5955844122936753
3.285917603200252
3.355251023408214
3.355251023408214
3.355251023408214
3.355251023408214
3.265208806232046
3.5985507716074716
3.3916754406873775
3.2526469361680626
3.2526469361680626
3.668896866197695
3.51066268177319
3.088813388330638
3.3888354409001806
3.4681279917807437
3.3764076503434346
3.438353518344049
3.316170138959956
3.2719901668989078
4.003284480164778
3.3240638270732745
3.4261364384640745
3.4261364384640745
3.3481320069771474
3.6578724695348166
3.4766688817717055
3.3642766615583506
3.119602850090234
3.1214152129940977
3.1214152129940977
3.6158628568362676
3.6795405497974354
3.9418462705181634
3.691567566124883
4.028182891428672
3.500628216242286
3.2309744191175014
3.2360105893302684
3.5117130087279556
3.983842624962291
3.5759026354284646
3.5437968965810995
3.4310460383546157
3.4326248976018263
3.617120959665826
3.574991758410844
3.579177118039275
4.116865901241725
3.5490431262632596
3.2662552923078376
3.824359381552342
3.746260473516232
3.365880990358667
3.2861029979321286
3.652039695315784
3.220725587518035
3.8681981473722757
3.7917109030151908
3.2773272834986624
3.971246788864665
3.9225988506244107
3.9455820717624626
3.2084707396011227
3.918190183460295
4.005589423796888
4.000971763096202
4.000971763096202
4.000971763096202
3.7239202132032716
3.249025776372682
3.9145454293249644
3.8701639862702697
2.8850128091699947
3.417777626160799
3.962695986319602
3.595175754382801
3.227754547573733
3.9389075226300587
3.993360747860887
3.2703985031533556
3.6687394581778356
3.910007102370159
2.7860715834737206
3.5528142534248772
3.8402493675550886
3.9834149706517223
3.9112837694111775
3.9945069397068025
3.845567570885069
3.9618286109289826
2.681366553563926
2.681366553563926
3.1140944206956167
3.4378449924125736
3.989600368783904
3.644235739159811
3.7971167181053875
3.7971167181053875
3.7971167181053875
3.921564042401453
4.001709858261676
4.13768057233597
4.575602861802024
2.9916279252626072
4.563934955403956
4.067664458663854
4.133564635315409
4.2283530795135285
3.935961171763253
4.002192049507541
4.142466253387067
3.740508282237986
4.195423462874085
4.439661243084851
4.3008627908924515
4.5123984012173555
4.2065131954172355
2.8072161810726524
3.034350635134741
3.557737480429383
4.094524848396196
4.733131683648982
4.404958011458177
4.696946020201227
4.021147731659518
3.925995952894338
4.353461074092792
4.162936970025665
3.6377132768116365
2.932551712218956
4.577384487217502
2.8331882504986083
4.732048560832686
2.8959457011157923
5.090229227065066
2.758723298933159
2.487840217025383
3.0594312803713892
3.0594312803713892
3.62574605358163
2.831063069914272
2.7152242118553165
3.002550544894108
2.974511128025757
2.5987976077765893
2.726549340136426
3.141227676571619
2.8515266574069162
2.700523671306861
2.5243290123197184
2.5564118960618725
2.4418620173824106
2.5982902008286786
2.5982902008286786
2.944132250123669
2.7690018624330506
2.6558697683636723
2.9303325815504877
3.051098609951387
2.87565052573839
2.6939199383592545
4.014575132476272
2.789310779684646
2.6655114604198378
3.0117850845883076
2.724102747009356
2.9646463886989594
2.852088996158436
3.0020195187521264
3.6301437010222113
2.5683264840139852
2.5683264840139852
3.020960674413245
3.429858612319717
2.86439276101418
4.335367549020922
2.5804666340951368
2.494835236920883
2.871020426010425
4.398383024946155
3.1666363856446456
2.6854183715454525
3.18910281188003
2.765018343800909
2.6947228365996416
2.5806762840550235
3.196795571199729
2.8014059139313208
2.8062377578229967
2.9313175277169954
2.3152313103849202
2.3804800435772897
3.4993709095820034
2.8271626236525673
2.7719599979228455
2.9393846578102316
2.5927134507984153
3.663044070739339
2.8901164419570815
1.0
1.0
2.489178211547287
2.5426603915311894
2.822365286636085
2.161806236702038
2.5028648258422326
2.808120721668745
2.3384812616634267
3.9736613946933197
4.973741007943144
3.524015354160288
3.524015354160288
3.5817500874515904
4.731066252110849
3.6315343116131027
5.55976131751693
5.55976131751693
5.03128047092595
7.3284153846153846
7.3284153846153846
3.951165354729792
4.5186650087927305
5.262020886609344
3.562840143271104
5.098548015178736
4.370386132719846
5.098889498808872
5.272136214174633
5.035598406071303
5.1415583743878654
4.890686552503478
4.392224890445339
2.799603026589624
4.4849624518201345
5.179865447808731
5.731821325917837
5.2688308703694915
5.176680403714875
4.992860896158534
5.403703497638766
5.784761512661239
3.033669693901139
5.539608762983417
4.936616171050096
4.2432374233407035
3.0326106168470135
5.797411172251868
4.316715617087143
4.353923915639444
4.332132980355887
5.627032736045447
