23.378900000000037
23.378900000000037
23.378900000000037
23.378900000000037
23.378900000000037
23.378900000000037
23.378900000000037
23.378900000000037
23.378900000000037
23.378900000000037
23.378900000000037
23.378900000000037
23.378900000000037
23.378900000000037
23.378900000000037
23.378900000000037
23.378900000000037
23.378900000000037
23.378900000000037
23.378900000000037
23.378900000000037
23.378900000000037
23.378900000000037
23.378900000000037
23.378900000000037
23.378900000000037
23.378900000000037
23.378900000000037
23.378900000000037
23.378900000000037
23.378900000000037
23.378900000000037
23.378900000000037
23.378900000000037
23.378900000000037
23.378900000000037
23.378900000000037
23.378900000000037
23.378900000000037
23.378900000000037
23.378900000000037
23.378900000000037
23.378900000000037
23.378900000000037
23.378900000000037
23.378900000000037
23.378900000000037
23.378900000000037
23.378900000000037
23.378900000000037
23.378900000000037
23.378900000000037
23.378900000000037
23.378900000000037
23.378900000000037
23.378900000000037
23.378900000000037
23.378900000000037
23.378900000000037
23.378900000000037
23.378900000000037
23.378900000000037
23.378900000000037
23.378900000000037
23.378900000000037
23.378900000000037
23.378900000000037
23.378900000000037
23.378900000000037
23.378900000000037
23.378900000000037
23.378900000000037
23.378900000000037
23.378900000000037
23.378900000000037
23.378900000000037
23.378900000000037
23.378900000000037
23.378900000000037
23.378900000000037
23.378900000000037
23.421400000000038
23.154900000000033
23.154900000000033
23.154900000000033
23.154900000000033
23.154900000000033
24.068700000000035
24.068700000000035
24.068700000000035
24.068700000000035
24.068700000000035
24.068700000000035
24.068700000000035
22.641200000000033
23.081700000000033
23.081700000000033
23.081700000000033
23.081700000000033
22.82390000000003
22.615200000000037
22.20860000000003
23.153120000000037
22.08250000000003
22.08250000000003
22.20860000000003
22.549900000000033
22.844700000000035
22.844700000000035
22.844700000000035
22.844700000000035
22.844700000000035
22.844700000000035
22.844700000000035
22.844700000000035
22.844700000000035
22.844700000000035
22.844700000000035
22.844700000000035
22.844700000000035
22.844700000000035
22.844700000000035
22.844700000000035
22.844700000000035
22.844700000000035
22.844700000000035
22.844700000000035
22.844700000000035
22.844700000000035
22.844700000000035
22.844700000000035
22.844700000000035
22.844700000000035
22.844700000000035
22.844700000000035
22.844700000000035
22.844700000000035
22.844700000000035
22.844700000000035
22.844700000000035
22.844700000000035
22.844700000000035
22.844700000000035
22.844700000000035
22.844700000000035
22.844700000000035
22.844700000000035
22.844700000000035
22.844700000000035
22.844700000000035
22.844700000000035
22.844700000000035
22.844700000000035
22.844700000000035
22.844700000000035
22.844700000000035
22.844700000000035
22.844700000000035
22.844700000000035
22.844700000000035
22.844700000000035
22.844700000000035
22.844700000000035
22.844700000000035
22.844700000000035
22.844700000000035
22.844700000000035
22.844700000000035
22.844700000000035
22.844700000000035
22.844700000000035
22.844700000000035
22.844700000000035
22.844700000000035
22.844700000000035
22.844700000000035
22.844700000000035
22.844700000000035
22.844700000000035
22.844700000000035
22.844700000000035
22.844700000000035
22.844700000000035
22.844700000000035
22.844700000000035
22.844700000000035
22.844700000000035
22.844700000000035
22.844700000000035
22.844700000000035
22.844700000000035
22.844700000000035
22.844700000000035
22.844700000000035
22.844700000000035
22.844700000000035
22.844700000000035
22.844700000000035
22.844700000000035
22.844700000000035
22.844700000000035
22.844700000000035
22.844700000000035
22.844700000000035
22.844700000000035
22.844700000000035
22.844700000000035
22.844700000000035
22.844700000000035
22.844700000000035
22.844700000000035
22.844700000000035
22.844700000000035
22.844700000000035
22.844700000000035
22.844700000000035
22.844700000000035
22.844700000000035
22.844700000000035
22.844700000000035
22.844700000000035
22.844700000000035
22.844700000000035
22.844700000000035
22.844700000000035
22.844700000000035
22.844700000000035
22.844700000000035
22.844700000000035
22.844700000000035
22.844700000000035
22.844700000000035
22.844700000000035
22.844700000000035
22.844700000000035
22.844700000000035
22.844700000000035
22.844700000000035
22.844700000000035
22.844700000000035
22.844700000000035
22.844700000000035
22.844700000000035
22.844700000000035
22.844700000000035
22.844700000000035
22.844700000000035
22.844700000000035
22.844700000000035
22.844700000000035
23.439900000000037
22.75710000000004
22.833000000000034
22.833000000000034
22.776300000000035
24.068700000000035
24.068700000000035
24.068700000000035
24.068700000000035
24.068700000000035
24.068700000000035
24.068700000000035
24.068700000000035
24.068700000000035
24.068700000000035
24.068700000000035
24.068700000000035
24.068700000000035
24.068700000000035
24.068700000000035
24.068700000000035
24.068700000000035
24.068700000000035
24.068700000000035
24.068700000000035
24.068700000000035
24.068700000000035
24.068700000000035
24.068700000000035
24.068700000000035
24.068700000000035
24.068700000000035
24.068700000000035
24.068700000000035
24.068700000000035
24.068700000000035
24.068700000000035
24.068700000000035
24.068700000000035
24.068700000000035
24.068700000000035
24.068700000000035
24.068700000000035
24.068700000000035
24.068700000000035
24.068700000000035
24.068700000000035
24.068700000000035
24.068700000000035
24.068700000000035
24.068700000000035
24.068700000000035
24.068700000000035
24.068700000000035
24.068700000000035
24.068700000000035
24.068700000000035
24.068700000000035
24.068700000000035
24.068700000000035
24.068700000000035
24.068700000000035
24.068700000000035
24.068700000000035
24.068700000000035
24.068700000000035
24.068700000000035
24.068700000000035
24.068700000000035
24.068700000000035
24.068700000000035
24.068700000000035
24.068700000000035
24.068700000000035
24.068700000000035
24.068700000000035
24.068700000000035
24.068700000000035
24.068700000000035
24.068700000000035
24.068700000000035
24.068700000000035
24.068700000000035
24.068700000000035
24.068700000000035
24.068700000000035
24.068700000000035
24.068700000000035
24.068700000000035
24.068700000000035
24.068700000000035
24.068700000000035
24.068700000000035
24.068700000000035
24.068700000000035
24.068700000000035
24.068700000000035
24.068700000000035
24.068700000000035
24.068700000000035
24.068700000000035
24.068700000000035
24.068700000000035
24.068700000000035
24.068700000000035
24.068700000000035
24.068700000000035
24.068700000000035
24.068700000000035
24.068700000000035
24.068700000000035
24.068700000000035
24.068700000000035
24.068700000000035
24.068700000000035
24.068700000000035
24.068700000000035
24.068700000000035
24.068700000000035
24.068700000000035
24.068700000000035
24.068700000000035
24.068700000000035
24.068700000000035
24.068700000000035
24.068700000000035
24.068700000000035
24.068700000000035
24.068700000000035
24.068700000000035
22.517200000000035
22.34930000000003
22.10170000000003
20.786100000000022
22.183700000000034
23.554900000000035
23.35540000000004
22.22630000000003
23.18320000000003
20.918700000000022
22.859500000000033
21.212000000000025
22.124100000000023
18.19329999999999
19.16040000000002
20.908200000000026
17.980900000000002
14.201899999999972
13.553699999999973
13.553699999999973
11.711299999999985
11.711299999999985
11.711299999999985
11.711299999999985
11.711299999999985
11.711299999999985
11.711299999999985
11.711299999999985
11.711299999999985
11.711299999999985
11.711299999999985
11.711299999999985
14.993899999999973
13.667699999999973
13.667699999999973
13.468399999999974
13.468399999999974
12.40109999999998
12.40109999999998
11.177099999999989
11.177099999999989
11.177099999999989
11.177099999999989
11.177099999999989
11.177099999999989
11.177099999999989
11.177099999999989
11.177099999999989
11.177099999999989
11.177099999999989
11.177099999999989
11.177099999999989
11.177099999999989
11.177099999999989
11.177099999999989
11.177099999999989
11.177099999999989
11.177099999999989
11.177099999999989
11.177099999999989
11.177099999999989
10.84669999999999
11.345699999999987
12.40109999999998
12.40109999999998
12.40109999999998
12.40109999999998
12.40109999999998
12.40109999999998
12.40109999999998
12.40109999999998
12.40109999999998
12.40109999999998
12.40109999999998
12.40109999999998
12.40109999999998
12.40109999999998
12.40109999999998
12.40109999999998
12.40109999999998
12.40109999999998
12.40109999999998
12.40109999999998
12.40109999999998
12.40109999999998
12.40109999999998
12.40109999999998
12.40109999999998
12.40109999999998
12.40109999999998
12.40109999999998
12.40109999999998
12.40109999999998
12.40109999999998
12.40109999999998
11.631199999999986
12.49399999999998
10.384499999999996
11.463799999999983
8.962900000000001
10.650199999999991
10.766299999999989
10.766299999999989
7.585700000000007
3.0169000000000015
3.0169000000000015
3.0169000000000015
3.0169000000000015
5.332500000000005
2.6009
5.865800000000005
4.705100000000004
4.096800000000003
3.7067000000000023
3.7067000000000023
3.7067000000000023
0.9550000000000001
1.1164
23.468500000000034
12.30849999999998
