4.640693709375842
4.51161438636796
4.660705173226441
4.660705173226441
4.782668910693794
4.391711079368493
4.391711079368493
4.391711079368493
4.391711079368493
4.391711079368493
4.4444269489533035
4.067880712142601
4.013949121083716
4.05425543065779
4.05425543065779
3.9442410130753727
4.033668561209244
4.1116172768116375
3.8671140888541142
3.8671140888541142
4.1635447721373104
3.961267161479812
3.961267161479812
3.900062908253192
3.900062908253192
3.900062908253192
3.900062908253192
3.900062908253192
3.900062908253192
3.900062908253192
3.900062908253192
3.900062908253192
3.900062908253192
3.900062908253192
3.900062908253192
4.1635447721373104
4.1635447721373104
4.1635447721373104
4.1635447721373104
3.7763846518107105
3.940875239151696
3.940875239151696
3.940875239151696
3.940875239151696
3.940875239151696
3.940875239151696
3.940875239151696
3.940875239151696
3.940875239151696
3.940875239151696
3.940875239151696
3.940875239151696
3.940875239151696
3.940875239151696
3.940875239151696
3.940875239151696
3.940875239151696
3.940875239151696
3.888588137912272
3.836640603937373
3.977516881207242
3.9333776041098076
3.9333776041098076
3.9333776041098076
3.9333776041098076
3.9333776041098076
3.9333776041098076
3.9333776041098076
3.9333776041098076
3.9333776041098076
3.9333776041098076
3.9333776041098076
3.9333776041098076
3.9333776041098076
3.9333776041098076
3.9333776041098076
3.9333776041098076
3.9333776041098076
3.9333776041098076
3.9333776041098076
3.9333776041098076
3.940301877892561
3.940301877892561
3.940301877892561
3.8484691730973566
3.762940429196859
3.762940429196859
3.762940429196859
3.762940429196859
3.762940429196859
3.762940429196859
3.762940429196859
3.762940429196859
3.762940429196859
3.762940429196859
3.762940429196859
3.762940429196859
3.762940429196859
3.762940429196859
3.762940429196859
3.762940429196859
3.762940429196859
3.762940429196859
4.257616473498743
4.257616473498743
4.257616473498743
4.257616473498743
4.257616473498743
4.257616473498743
4.257616473498743
4.065495913674774
3.819573622516107
3.819573622516107
3.746718727003823
3.936846974393198
3.936846974393198
3.936846974393198
3.936846974393198
3.936846974393198
3.765007626961486
4.111737582622179
3.9781636584300175
3.659767501398841
3.659767501398841
3.659767501398841
3.659767501398841
3.9711969423135027
3.9711969423135027
3.9711969423135027
3.9711969423135027
3.9711969423135027
3.9711969423135027
3.9711969423135027
3.9711969423135027
3.9711969423135027
3.9711969423135027
3.9711969423135027
3.9711969423135027
3.9711969423135027
3.9711969423135027
3.9711969423135027
3.9711969423135027
3.9711969423135027
3.9711969423135027
3.9711969423135027
3.9711969423135027
3.9711969423135027
3.9711969423135027
3.9711969423135027
3.9711969423135027
3.9711969423135027
3.9711969423135027
3.9711969423135027
3.842648167066404
3.842648167066404
3.8386326610697576
3.973770470461333
3.973770470461333
3.973770470461333
3.973770470461333
3.973770470461333
3.973770470461333
3.973770470461333
3.973770470461333
3.7186886446180143
3.7186886446180143
4.101237850958492
3.7366575479162893
3.8533598710533745
3.764143446330582
3.967152341119495
4.041927606481967
4.041927606481967
4.041927606481967
4.041927606481967
4.041927606481967
4.041927606481967
4.041927606481967
4.041927606481967
4.089036735353095
3.8940147605766198
3.8310583339638598
3.8167746414700376
4.04447301176623
3.7974729300873635
3.7974729300873635
3.7974729300873635
3.7974729300873635
3.7974729300873635
3.7974729300873635
3.7974729300873635
3.7974729300873635
3.7974729300873635
3.7974729300873635
3.7974729300873635
3.7974729300873635
3.7974729300873635
3.7974729300873635
3.7974729300873635
3.7974729300873635
3.7974729300873635
3.7974729300873635
3.7974729300873635
3.7974729300873635
3.7974729300873635
3.7974729300873635
3.7974729300873635
3.7974729300873635
3.7974729300873635
3.7974729300873635
3.7974729300873635
3.7974729300873635
3.7974729300873635
3.7974729300873635
3.7974729300873635
3.9393938918389875
3.9393938918389875
3.9970880345570245
3.8322440780104374
3.810127267569598
4.057181978539102
3.8814081154978606
3.902575333113523
3.827200086741147
3.827200086741147
3.827200086741147
3.827200086741147
4.02004947886547
4.274396157707379
3.8874713507377106
3.8611609924653782
3.6704015024888736
3.868747656335027
3.8983039511373843
3.8983039511373843
3.8983039511373843
3.8983039511373843
3.6551055207040664
4.112746200825056
3.8374648372338944
3.8374648372338944
4.112065081665681
3.503866820611467
3.770065885165021
3.9109762289486563
3.885363679204663
3.773198884880391
4.005749676373812
3.870633326262185
3.8465774871792417
3.918395178357036
3.9443939905978507
3.9443939905978507
3.9483228367516965
3.9305256536310615
3.9800481633704274
3.957187113348601
3.822247312276172
3.8735568047973885
3.6514734471089305
3.6514734471089305
3.60194070929336
3.707810337941245
3.6980498282807286
4.066503231954698
4.003773003015738
4.13793725982862
3.659889828280729
3.7888680959719654
3.946536868401492
3.9795565956958505
3.6715202959815514
3.897570389199249
3.6821295931678435
3.6821295931678435
3.785169141198292
3.6871646489151875
3.9843006416561675
3.9854823947867573
3.8672123269288887
3.945330995055131
4.03325710561389
4.110621035216096
3.9048544528624687
4.117738803319748
3.9761574782864004
4.4212384539360094
4.02307711996848
3.976836441646803
3.9241285280462064
3.846096109071796
3.8424700970471752
4.053871217726152
4.115466593448695
4.111180529558888
3.9387057400461494
3.824840365744766
3.995933057031417
3.733757430090683
4.0496141318279
3.9433642767734973
3.9433642767734973
4.002033778864435
4.017136647940508
3.9360830209048245
4.038408512854736
4.145463908443517
4.000789249131923
3.8488792930589018
3.8488792930589018
3.9812673679531265
4.153913573168682
3.8916363805733116
3.6031031893260668
3.7558267850629115
4.384602552048433
4.137110424164284
3.622919520660451
3.976186034317056
3.964883025421214
4.102252529558889
4.554395604436028
4.151924434142751
4.006929803581631
4.147812705383066
3.598662578821802
3.955912562222988
4.0719210352160955
3.7258189380293167
4.105429679950117
3.6494794423250356
3.623492639750255
4.242026938016124
3.9410938583752433
4.046654109571467
3.947343592145206
4.009230419151455
3.96182951030063
4.317499865281375
4.0452135301948955
3.863808588499949
4.283144864723724
3.911701014725949
4.557003546093265
4.1313356574714195
3.8449868033001398
4.4840295131897525
3.4788040553341464
3.9578166305047073
4.248733075503223
4.383147143800362
3.909738306926112
3.949178584470742
4.652324911144399
4.675903029049677
3.508033778477829
4.484727423372055
4.5077728657909075
3.8093254875652285
4.563202118188547
4.1609382341414305
4.132194917148118
4.625429957831814
3.696936537072176
4.544631647471654
3.8395948794183976
4.732372252787676
3.717185166829493
4.591670629462261
4.332060085047978
3.967793994925083
4.399875311322256
3.457746509082929
4.701767894268376
3.6020845085505746
4.438872270401728
3.7113958018552555
4.810741461847535
3.968333690409807
4.535508453183755
4.518806165861281
4.5345033490409055
3.8794096899217205
3.683023028575904
3.2208416643453717
3.8347246641534447
4.525691104997523
3.841595880885592
3.841595880885592
3.931207477768945
4.681691073364774
3.6004224176996393
5.1959344153470415
5.233888120667132
3.514613955195297
3.310003039175287
3.1755118058842413
3.576337151803953
3.565197784572195
3.5089469933801336
3.848318421637008
4.961784172322681
3.0236445264062155
3.280862747310226
3.3241443981416294
3.214269120032897
3.5217043813159385
3.0366535692717473
2.8658560178814234
3.50435734703275
3.2853576047008097
3.243811746415135
3.3856219244995156
2.9810346249195057
2.6057745359182043
4.231307306800816
5.395100041867787
3.209557487076788
2.378858302401113
3.140382259305012
3.3687593249041727
2.657366762638853
2.5513088603280476
2.851308284183858
2.8958380900459364
3.0398425720640345
3.0640478507595885
2.664722196756369
2.283565198356216
3.4732736830878412
3.2004406779512085
2.752836923376483
2.3139304969557344
2.6344973886535357
2.317113076141254
2.74623644346752
2.665737539879064
3.3180503396660903
4.273126512133102
2.8962532435504578
2.8269165681049877
3.2458065502522695
3.376754787433878
4.2874125975130895
3.648703652572496
2.632387523288177
2.543025426217465
1.5527732132580638
2.8214224524350744
2.808120721668745
5.398181998291848
3.524015354160288
2.3384812616634267
4.023460355978468
4.667076892621826
4.7440632626374395
4.7440632626374395
3.7899031924811366
5.1430431787472095
4.556710085992733
4.558753180398327
4.744703937192709
4.043614072795545
4.427933707981568
5.494737821298879
5.3139504924326575
4.08999868818016
5.55976131751693
5.55976131751693
4.424704258384863
4.6569843029154185
4.275616099349024
4.287152728675704
4.067188250406293
4.067188250406293
4.1496913184365285
3.9372877408290465
4.244515862678413
4.0146724356430825
5.221964024418089
5.193936988341211
3.0444816728613597
4.432815633142345
5.349406537816769
5.032389515604573
5.039988911295916
5.3102552581449824
5.2388432999828325
5.538044450273951
6.051415977228878
5.601914479425197
5.623209285294303
5.778836735518981
4.694129389752087
4.694129389752087
5.486629297137719
4.6699633504507565
5.622894208777224
6.322376735606526
5.681094347163888
