3.395456368234738
3.7136734993534537
3.775000435731041
3.8608744550258507
3.8741759433383285
3.8741759433383285
3.8741759433383285
3.8741759433383285
3.8741759433383285
3.8741759433383285
3.805702268056807
3.656770014210121
3.656770014210121
3.723619022594513
3.526631720568453
3.3800136618471868
3.7061597593338265
3.7061597593338265
3.7061597593338265
3.7061597593338265
3.7061597593338265
4.162641934767803
3.8413248088436616
3.481313063759388
3.481313063759388
3.481313063759388
3.481313063759388
3.481313063759388
3.2708159243567403
3.2708159243567403
3.2708159243567403
3.2708159243567403
3.2708159243567403
3.2708159243567403
3.569329289754979
3.569329289754979
3.6377439074570326
3.6377439074570326
3.6377439074570326
3.6377439074570326
3.6377439074570326
3.6377439074570326
3.6377439074570326
3.6377439074570326
3.6377439074570326
3.6377439074570326
3.6377439074570326
3.6377439074570326
3.6377439074570326
3.6377439074570326
3.6377439074570326
3.6377439074570326
3.6377439074570326
3.6377439074570326
3.6377439074570326
3.6377439074570326
3.6377439074570326
3.6377439074570326
3.6377439074570326
3.6377439074570326
3.299115270522961
3.783290431716365
3.783290431716365
3.783290431716365
3.529628086372921
3.529628086372921
3.529628086372921
3.529628086372921
3.529628086372921
3.529628086372921
3.529628086372921
3.585894707350989
3.676925392044076
3.676925392044076
3.676925392044076
3.5224475272764417
3.600176673430002
3.7126435336110735
3.4039220752424404
3.4039220752424404
3.4039220752424404
3.2544016346613187
3.637740760102176
3.6319566228144664
3.898946924285534
3.9817044686570355
3.9817044686570355
3.6553015216024
3.6553015216024
3.6553015216024
3.6553015216024
3.6553015216024
3.738117502033595
3.7414332270165778
3.7414332270165778
3.7414332270165778
3.7414332270165778
3.7426358818838334
3.7426358818838334
3.7426358818838334
3.7426358818838334
3.7426358818838334
3.7426358818838334
3.7426358818838334
3.7426358818838334
3.8092461923200327
3.6937985903717827
3.6188559888015783
3.6188559888015783
3.6188559888015783
3.6188559888015783
3.6188559888015783
3.6188559888015783
3.6188559888015783
3.6188559888015783
3.6188559888015783
3.6188559888015783
3.6188559888015783
3.6188559888015783
3.6188559888015783
3.6188559888015783
3.6188559888015783
3.6188559888015783
3.6188559888015783
3.6188559888015783
3.6188559888015783
3.6188559888015783
3.6188559888015783
3.6188559888015783
3.6188559888015783
3.6188559888015783
3.6188559888015783
3.6188559888015783
3.6188559888015783
3.6188559888015783
3.423003361165142
3.562882630935813
3.5900717504790007
3.5900717504790007
3.5900717504790007
3.5649168208127646
3.5649168208127646
3.5649168208127646
3.7905598830272424
3.657368463765714
3.669575977186761
3.669575977186761
3.669575977186761
3.669575977186761
3.669575977186761
3.669575977186761
3.3832847222720144
3.3832847222720144
3.3832847222720144
3.5781227546231946
3.5781227546231946
3.456317653977287
3.456317653977287
3.456317653977287
3.456317653977287
3.456317653977287
3.456317653977287
3.456317653977287
3.456317653977287
3.456317653977287
3.7374312313917297
3.7374312313917297
3.7374312313917297
3.7374312313917297
3.7374312313917297
3.7374312313917297
3.7374312313917297
3.7374312313917297
3.846594695601005
3.5993164481374524
3.5993164481374524
3.312525919080225
3.312525919080225
3.5463986783489565
3.1838547007542104
3.6713048412954246
3.1887251327982113
3.1887251327982113
3.3948834816979536
3.3948834816979536
3.917913995657047
3.74942010331889
3.491660212017462
3.491660212017462
3.491660212017462
3.491660212017462
3.491660212017462
3.491660212017462
3.491660212017462
3.491660212017462
3.491660212017462
3.491660212017462
3.491660212017462
3.491660212017462
3.491660212017462
3.4196612572623444
3.4971702243612306
3.285366261211135
3.285366261211135
3.285366261211135
3.7819636695238064
3.6411539001761017
3.6416269694788586
3.6416269694788586
3.6048571047475466
3.6048571047475466
3.8752590361604735
3.6282210511783015
3.5590985760467113
3.6830158467763443
3.8828899701110124
3.475863661847187
3.7213921912180936
4.0027345843787625
3.839048475320257
3.5825473660432694
3.5825473660432694
3.718149179163607
3.979751288209455
3.5490050540895366
3.781310046119737
3.802924373479824
3.406497332243503
3.745161742442308
4.061336661410978
3.603650665039501
3.603650665039501
3.603650665039501
3.8337561089991397
3.8351219345008616
3.971374081365047
3.845835195489383
4.077851257120342
3.652311212197116
3.785222517981248
3.7867707140329827
3.8039769003744155
3.8052289658779213
3.67389197453792
3.6498521138149407
3.827980617502792
3.712547667136583
3.7267182515296398
3.7548530422301614
3.59733681056725
3.137395223245006
3.795140374736115
3.5983696077700458
3.735514198604421
3.621444432611451
3.621444432611451
3.7452276070553143
3.9458162179167715
3.7378123637126786
3.8814870376531
3.6572819676127404
3.6572819676127404
3.6572819676127404
3.815356205422109
4.011503264932625
3.8791268634331733
4.045887849610638
3.934011198381973
3.79408957585214
3.924421408887718
3.5349854450193394
3.44606157010136
4.300264087464734
4.300264087464734
3.74534557516216
3.3085638924339476
3.770607563299764
3.7632396957397427
3.7632396957397427
3.2421929765629347
3.8408794038062215
3.8408794038062215
3.8408794038062215
3.5006438684597336
3.310554173299691
3.755932023659847
4.0713748137417465
3.9888775304234283
3.9263879862979403
4.036833249244658
3.613710671467283
3.815505234915917
3.8270745346744537
3.878117513574116
3.776012514104404
3.9678110324066678
3.870081432348357
3.529831919598289
3.9661242593275743
3.944403422005986
3.9692432259258954
3.6698213603639074
3.8933351190802696
3.8933351190802696
3.8933351190802696
3.7837207302343696
3.5495250532891216
4.088357325955277
3.9186518708197697
3.9229938957785038
4.136414710313022
3.8855667665082025
3.63306271041359
4.037073788042696
4.1327681955999775
3.8988985426075935
3.9926709893072996
4.2454622940622295
3.8824554567976985
4.050567149708535
3.791743465604349
3.8959792973256064
3.978021985436488
4.364510199219051
3.715847299538275
3.73750238971229
3.73750238971229
4.504011328107483
3.5818218778941127
4.405656041258792
4.289392075651715
3.8494212199741824
4.408424513594598
4.408424513594598
3.867842631300933
4.07821759464937
3.8093871404129533
3.922980042678926
3.907026499799107
4.396350949718221
3.95293638487073
4.396779290128142
4.175072012492057
3.4586567290119667
3.799102616876337
4.502226941904698
3.7326056921611412
3.8425112825759253
4.528653087417974
4.415800270457906
4.461733521556413
3.690600923615148
3.973551781866007
4.237039428746284
4.5424064314266825
4.3978173600134784
4.169872763019491
4.3375683845688915
3.5196249597611136
4.5086520252819025
4.501812188047561
4.3422395128422835
3.5203901371657613
3.1997734889227942
4.736708034634556
3.6085647099586087
4.84845398812488
5.230262893711994
3.3611855275040217
3.3452254902499456
3.4568948165105677
4.90198599695022
3.837296263640864
3.2380126444740682
3.667567864065184
3.5963399167346166
4.357354386088046
2.893087547533595
2.8940739835827536
3.319794815618426
3.1268824721479422
3.383616452854109
3.608465832235174
3.6262544042332294
3.4417825053496856
3.306330424543594
3.56019404465556
3.22291780406721
2.998125946565535
3.3939873830866665
3.490731046199798
3.3313193264625713
4.335532587697198
3.21994078713439
3.210272240078641
3.210272240078641
2.953349411514557
3.015376437601387
3.182906442433109
3.529840404046986
3.196671497373071
3.1540566880162464
4.047413336055684
2.887497394976366
3.4122636869715004
2.7508108709740533
3.1754221502451436
3.1263887155455246
3.7803520340129326
3.540389830379114
3.4702175887143945
2.818599852455863
3.2230756222337575
2.7471888245390694
3.101245663436343
2.814492679496894
2.8721478294317073
3.2388526451107644
2.448570650159917
2.763767449297001
3.1994408401736836
3.1445361100864666
2.8010751137980066
2.9738144770384025
4.1219862983274655
3.02444669908507
3.1787782745791313
2.9713231740664003
2.382503872664106
2.2769039376647253
2.418414562231778
2.7158009469535394
2.169567529264743
2.962724158737325
2.053765490539849
2.8549170397311983
1.872249511032912
2.4883807821288375
2.5303743117304585
1.7006252581492909
2.2128086760172287
2.4431664451484387
2.618701722571373
1.7282951201928505
1.6734618532747554
1.3789478041186012
1.8483089171161744
1.3661344318459836
1.475692124153678
2.6740229220239513
1.0804143977581013
2.488873893408533
2.654344048419622
1.984578003791027
2.6100626190316945
2.322380970307522
2.4997803459953296
1.4142331354306847
4.094535844756289
2.3128044069734823
2.4301317395382913
3.3632483149178647
2.734983411874161
2.9352673112204357
2.7475679189493913
2.7475679189493913
2.7475679189493913
3.7797344636248233
3.69914299304914
3.006787807865753
4.237159900331259
4.812492287613807
4.143965549289319
2.812128171413981
4.227886989796603
5.033784884735459
4.79998888773843
2.4008977567774448
4.217821207232882
4.500404779170017
5.141352582057952
5.257828758849036
5.166562254415569
3.9445386223627272
5.469010747294808
5.263084392156536
5.417635203729544
2.569447511621057
5.920704991498441
2.856530499282366
4.290233461458034
5.286361067033068
3.1717008759566117
2.7853244430577693
4.208543289468466
4.352854977140886
3.5961606743058034
4.646171716110157
3.416813296216554
3.416813296216554
