22.00174000000003
22.00174000000003
22.820900000000037
21.743640000000024
22.02172000000003
22.679800000000036
21.767020000000027
22.148300000000027
21.81922000000003
21.946140000000025
21.946140000000025
21.946140000000025
21.689200000000028
21.705220000000025
21.76702000000003
21.76702000000003
21.76702000000003
21.76702000000003
21.76702000000003
21.76702000000003
21.76702000000003
21.76702000000003
21.76702000000003
21.76702000000003
21.76702000000003
21.76702000000003
21.76702000000003
21.76702000000003
22.12942000000003
22.12942000000003
22.12942000000003
21.607520000000026
21.607520000000026
21.607520000000026
21.607520000000026
21.607520000000026
21.607520000000026
21.607520000000026
21.607520000000026
21.607520000000026
21.607520000000026
21.607520000000026
21.607520000000026
21.607520000000026
21.607520000000026
21.607520000000026
21.607520000000026
21.607520000000026
21.607520000000026
21.607520000000026
21.607520000000026
21.607520000000026
21.607520000000026
21.607520000000026
21.607520000000026
21.607520000000026
21.607520000000026
21.607520000000026
21.607520000000026
21.607520000000026
21.607520000000026
21.607520000000026
21.607520000000026
21.62592000000003
21.43244000000002
21.490400000000026
21.970800000000025
21.970800000000025
21.970800000000025
21.35354000000002
21.35354000000002
21.35354000000002
21.35354000000002
21.35354000000002
21.35354000000002
21.35354000000002
21.35354000000002
21.35354000000002
21.35354000000002
21.35354000000002
21.35354000000002
21.35354000000002
21.35354000000002
21.35354000000002
21.35354000000002
21.35354000000002
21.35354000000002
21.35354000000002
21.35354000000002
21.35354000000002
21.35354000000002
21.35354000000002
21.35354000000002
21.35354000000002
21.35354000000002
21.878220000000034
21.878220000000034
21.878220000000034
21.878220000000034
21.878220000000034
21.466420000000028
21.466420000000028
21.466420000000028
21.757420000000028
21.757420000000028
21.757420000000028
21.39604000000002
21.39604000000002
21.39604000000002
21.39604000000002
21.39604000000002
21.39604000000002
21.39604000000002
21.39604000000002
21.52712000000003
21.52712000000003
21.52712000000003
21.52712000000003
22.17932000000004
22.17932000000004
21.622320000000023
21.26962000000002
21.26962000000002
21.26962000000002
21.26962000000002
21.26962000000002
21.26962000000002
21.26962000000002
21.26962000000002
21.26962000000002
21.26962000000002
21.26962000000002
21.26962000000002
21.823800000000027
21.299100000000024
21.299100000000024
21.514620000000022
22.17270000000003
22.17270000000003
22.17270000000003
21.26962000000002
21.10042000000002
21.31512000000002
21.817720000000033
21.817720000000033
21.52630000000002
21.362340000000025
21.21244000000002
21.21244000000002
21.417600000000018
21.417600000000018
21.417600000000018
21.50010000000002
21.259920000000022
21.263620000000028
21.48122000000002
21.48122000000002
21.48122000000002
21.48122000000002
21.48122000000002
20.846440000000012
21.22232000000002
21.391000000000027
21.391000000000027
21.06114000000002
21.21870000000002
21.21870000000002
21.21870000000002
21.11882000000002
21.11882000000002
21.11882000000002
21.11882000000002
21.11882000000002
21.11882000000002
21.11882000000002
21.10412000000002
21.04512000000002
21.58062000000003
21.58062000000003
21.50930000000002
21.48122000000002
21.08762000000002
21.881300000000024
21.313420000000026
20.95932000000002
20.90622000000002
20.90622000000002
20.90622000000002
21.433700000000027
21.10364000000002
20.85014000000002
21.05372000000002
20.798920000000017
20.746720000000018
21.00392000000002
21.23284000000002
20.705340000000014
20.705340000000014
20.705340000000014
20.705340000000014
20.705340000000014
21.170020000000022
21.411600000000025
21.88692000000003
21.965800000000026
21.135400000000022
21.08682000000002
21.08682000000002
20.968120000000017
22.07480000000003
22.07480000000003
21.04184000000002
20.766220000000015
20.747840000000014
20.564240000000012
20.564240000000012
21.187720000000024
21.127020000000023
21.577920000000024
21.169520000000027
20.62142000000001
21.05372000000002
21.66800000000003
21.08682000000002
21.577920000000024
20.690020000000015
20.714140000000015
21.816100000000034
20.967520000000018
21.87370000000003
21.810000000000034
20.690020000000015
20.521020000000014
20.83284000000002
21.13932000000002
20.833020000000015
20.756540000000015
20.881300000000017
20.74280000000002
21.54000000000003
20.893300000000018
21.297020000000025
21.533300000000025
21.190600000000018
20.727200000000018
21.281220000000026
20.97722000000002
20.720820000000014
20.896620000000016
20.949440000000017
20.513120000000015
20.243320000000015
20.79322000000002
20.880720000000014
20.880720000000014
20.672620000000013
20.672620000000013
21.392500000000023
21.035020000000017
20.62732000000001
20.748540000000013
20.748540000000016
20.982820000000018
21.265920000000023
20.057140000000004
21.535900000000023
20.589940000000013
20.167120000000008
20.547440000000012
20.884320000000017
21.07082000000002
20.556020000000007
20.556020000000007
20.737400000000008
20.183240000000012
20.533700000000014
20.694100000000017
21.07082000000002
20.829820000000023
20.829820000000023
21.188300000000027
21.188300000000027
21.188300000000027
21.188300000000027
20.792720000000017
21.409100000000024
20.43632000000002
20.39364000000001
21.349640000000022
20.587120000000017
20.873100000000015
20.463920000000012
20.27912000000001
20.506020000000014
20.84072000000002
21.21352000000002
20.957900000000013
20.557500000000015
21.49860000000002
20.49530000000001
20.55560000000002
21.009820000000012
20.12862000000001
21.10204000000002
21.035600000000027
20.625000000000014
20.20994000000001
20.80572000000002
19.450320000000005
19.450320000000005
20.220700000000015
20.57650000000002
20.30254000000001
20.515320000000006
20.755100000000013
20.645500000000013
21.202000000000023
19.965120000000006
20.373120000000014
22.11760000000003
20.94162000000002
20.719120000000018
20.66040000000002
20.15622000000001
21.204820000000026
20.006900000000016
19.673320000000004
19.14082
21.04532000000002
21.04532000000002
21.04532000000002
20.90422000000002
20.791340000000016
20.791340000000016
20.791340000000016
21.06082000000002
20.833840000000016
19.773620000000008
21.031820000000018
20.802540000000015
21.43750000000002
20.406420000000015
20.81970000000002
19.416300000000003
20.66084000000001
19.07762
20.105820000000012
18.433019999999992
20.598920000000014
20.25194000000001
20.383620000000008
20.531920000000007
20.088620000000013
20.39360000000001
17.918699999999983
18.9055
20.26972000000001
17.854319999999987
20.335020000000014
19.98730000000001
21.423820000000035
20.907720000000023
17.347599999999975
17.597619999999978
17.297199999999975
20.12712
17.491999999999983
16.142299999999967
16.610519999999966
19.738519999999998
15.594439999999965
16.53829999999997
17.885399999999986
16.013519999999964
15.498119999999965
15.681419999999965
15.218119999999969
15.906119999999964
15.736099999999965
15.125219999999969
13.979299999999972
14.105719999999971
13.829219999999975
16.15971999999996
13.846699999999972
14.717099999999968
13.322119999999975
13.994799999999971
14.544799999999968
12.512839999999976
12.512839999999976
12.673919999999976
13.473619999999974
13.297899999999972
20.859720000000017
20.859720000000017
12.08431999999998
20.625000000000014
12.876619999999974
11.99141999999998
11.694219999999984
21.60470000000002
11.85539999999998
10.756819999999987
11.80479999999998
10.838219999999987
11.79279999999998
11.052599999999988
11.338899999999983
21.17882000000002
20.911620000000017
10.336419999999992
9.710519999999995
10.039219999999995
20.466700000000014
11.056399999999984
9.483019999999998
9.483019999999998
9.742819999999995
10.039199999999992
10.28939999999999
9.518899999999995
8.710320000000001
9.05212
7.424320000000006
8.128620000000005
6.471820000000005
7.539700000000006
6.517820000000006
7.407100000000006
5.457720000000004
6.301320000000005
5.788120000000004
7.125220000000005
4.304520000000003
5.661820000000003
5.699200000000005
4.634920000000003
4.634920000000003
6.348100000000005
3.2578000000000014
2.30344
2.30344
4.934200000000004
15.188019999999966
4.010220000000003
3.5843200000000017
4.090120000000003
4.924000000000003
1.5908
1.5908
2.763320000000001
5.525680000000004
3.490100000000001
2.396020000000001
1.83982
1.83982
1.8738
0.7614000000000001
2.32008
21.60752000000003
18.470099999999988
19.957700000000003
20.665420000000015
20.16522000000001
21.460740000000026
0.6361
21.02224000000002
11.558899999999982
21.22680000000002
9.849919999999996
21.37152000000002
21.036300000000015
21.036300000000015
20.921320000000016
20.676740000000013
20.175500000000003
20.1663
11.91151999999998
6.299400000000003
21.468520000000023
20.843500000000017
21.042820000000024
20.660320000000013
20.73972000000002
20.532900000000005
20.312120000000004
21.451920000000026
6.450800000000004
19.781720000000007
20.08852000000001
9.493799999999997
20.494620000000012
20.429620000000014
10.646999999999988
20.434720000000013
20.577420000000014
11.256999999999984
21.662220000000026
17.05219999999998
