4.796245385879836
5.484138091621003
5.610232207649629
5.684684547062792
4.669906645373905
4.548539453513506
4.548539453513506
4.74370346235003
4.74370346235003
4.74370346235003
4.74370346235003
4.74370346235003
4.74370346235003
4.683111875696057
5.244531594752699
5.244531594752699
5.244531594752699
4.340934955050705
5.220656771832383
4.025098642572412
5.2429049199619495
5.017585215480622
4.188561518826592
4.361812264729096
4.690383339396469
4.10730979115225
4.10730979115225
4.10730979115225
6.117013101251246
3.7999638831919746
3.7999638831919746
4.72183663583221
4.72183663583221
5.076065895265954
4.86049416002445
3.093838992805102
4.3008329994685734
4.421994691711385
3.1275116605628765
3.1275116605628765
3.1275116605628765
4.147563946701974
4.147563946701974
4.51872614632172
4.51872614632172
2.9837084373302094
2.922938405684121
2.922938405684121
2.922938405684121
2.922938405684121
5.687098197286911
5.687098197286911
5.687098197286911
5.0366932522319665
4.10082531415346
4.10082531415346
4.10082531415346
4.299102112382448
4.299102112382448
3.2980061524560114
3.2980061524560114
3.9343785182757323
3.9343785182757323
3.9343785182757323
3.9343785182757323
3.9343785182757323
4.59561749699783
4.59561749699783
4.59561749699783
4.496010901566477
6.0412490982639415
6.0412490982639415
5.6722882563257855
4.627418454014029
4.589663132305544
5.5454622944877725
4.5417963218543065
4.5417963218543065
4.7388496733956
4.7388496733956
4.370998763944167
4.370998763944167
4.370998763944167
4.6853785510752965
3.40844992723793
3.40844992723793
3.40844992723793
3.284707455457877
4.726769775347378
4.33026869320196
4.600519568003749
4.079109791152249
3.654814144501194
4.758889191371672
4.633424946101492
3.005954178211793
3.1196411507706134
3.1196411507706134
3.1196411507706134
3.1196411507706134
3.1196411507706134
3.1196411507706134
3.1196411507706134
4.034282412540583
4.034282412540583
4.034282412540583
3.52827754564892
3.52827754564892
3.52827754564892
3.52827754564892
3.52827754564892
3.52827754564892
3.52827754564892
3.52827754564892
3.52827754564892
3.52827754564892
3.52827754564892
3.52827754564892
3.52827754564892
3.52827754564892
3.52827754564892
3.52827754564892
3.52827754564892
3.52827754564892
3.52827754564892
3.9252769429080594
3.9252769429080594
3.9252769429080594
4.557337546054567
4.557337546054567
4.632130649502843
4.632130649502843
4.632130649502843
4.596746564622206
3.257008659311376
2.9585053942194737
5.709045750085375
4.696113946701974
4.696113946701974
3.8693149996354688
6.08990522848379
3.8809659497821
3.674474330953169
4.234464607860182
3.278237015550589
3.278237015550589
3.278237015550589
3.278237015550589
3.278237015550589
4.752731181286754
4.752731181286754
2.1200980496039676
4.501471321146894
4.501471321146894
4.501471321146894
4.501471321146894
4.501471321146894
4.501471321146894
4.501471321146894
4.501471321146894
4.501471321146894
4.501471321146894
4.501471321146894
4.501471321146894
4.501471321146894
4.501471321146894
4.821779986372871
3.3867932489723387
4.46727143235122
3.6831895072867216
4.596795137419472
4.596795137419472
4.741910097846137
4.741910097846137
4.793763741802142
4.890437819675548
4.7695915947527
3.8886268699240834
3.8886268699240834
3.8886268699240834
4.842665211858182
4.842665211858182
2.732174263559534
2.732174263559534
2.732174263559534
2.732174263559534
2.732174263559534
3.1525900600002394
4.240534231580801
5.185631402323276
3.4594650580109843
3.232210494372696
3.540221099190342
4.698424048419621
4.489959296717698
4.725539668070482
4.725539668070482
4.725539668070482
4.725539668070482
4.725539668070482
4.725539668070482
4.725539668070482
4.497955809109834
4.6467260517720055
3.4558936609853657
3.109526405471013
3.109526405471013
3.109526405471013
3.109526405471013
3.109526405471013
3.5758930529668476
4.571024328139902
4.484401737036
4.2927135137991845
4.2927135137991845
4.686170305851357
4.686170305851357
3.9000729377692824
5.410049559109835
4.021680399707844
4.931195472571372
4.931195472571372
4.931195472571372
4.8979935142243285
3.4646257358492925
3.9669142398579726
4.805649273480772
4.773294818414515
3.1319894894636615
4.339032470713761
3.9647931817713538
3.9647931817713538
3.9647931817713538
3.9647931817713538
3.9647931817713538
4.784602592891309
3.29130340933747
3.90320525177885
4.1939602813646495
4.1939602813646495
4.319714242559963
3.500918068725219
4.730818038686062
3.2749073963951894
3.394113481718424
3.394113481718424
4.260293521564928
5.140974570913286
5.140974570913286
4.492721952718105
3.2909127237190283
4.982746299370218
4.982746299370218
4.982746299370218
4.982746299370218
3.8267145659779658
4.406684065045169
5.385228992437213
5.1253135589091325
3.8929821748557725
3.8929821748557725
4.790472373111088
3.8388126728677907
4.193124186690093
4.193124186690093
5.627390007806151
3.425974610010086
3.240071304039165
5.39751007632677
3.473309003743065
3.473309003743065
3.473309003743065
3.473309003743065
3.473309003743065
3.473309003743065
3.473309003743065
3.6904862712516744
3.4153810257451838
5.206149913891254
3.5774185438689496
3.634389697715105
3.634389697715105
4.122792160047278
5.378269724634449
4.518443872638978
5.157935823092737
5.369155027925199
5.069175335617507
4.545594629194486
3.4329020255936236
4.606794616997944
4.378192187964382
4.281065845557539
3.765194629194486
3.8819384859132082
3.8819384859132082
3.9483117337559044
4.9152559510021225
3.777049635541566
4.023684955050705
4.023684955050705
3.8068176555342
4.147520636394234
4.201430406536865
3.9155187780614256
3.4200760594760773
3.4720441752274773
3.497538607062525
4.10074931309972
3.707196014692359
4.307893614428451
4.307893614428451
4.012374623190768
4.012374623190768
4.012374623190768
3.350768232337309
4.7844384940628295
4.934874811646673
5.050906443471249
3.318190410738916
5.046025145496552
5.3146233562492355
4.480163697598679
6.374933872994593
4.0928324296920096
5.515156550252271
3.1913299505933503
1.0
1.0
1.0
4.55700998550666
3.1685603321294087
4.4710349499171445
1.540953085559675
4.0017288075765105
3.5922224266911726
2.533340242726519
4.67996854386895
4.67996854386895
4.67996854386895
4.67996854386895
5.802070761706336
3.15850950520821
2.725657001308397
2.725657001308397
3.8534766190613787
3.428311445325603
3.8520832861770486
3.346306289879063
4.335594376265782
3.518602710036772
4.854467643309814
3.7705053314625454
2.869206485975562
4.49640755872215
3.944713678243142
3.417072264363042
4.67165179115225
5.509093133214237
3.4975449475140232
3.5127759000974947
3.9591225099580836
4.6841148315739485
5.053485821916636
4.757660357725656
4.727607283390684
5.749420524108218
5.199950537505375
5.06138179115225
3.6363981360006807
3.9754463794219532
4.3344969703316085
3.1311724232503675
4.455097390022797
5.377039473028269
4.2435685632411015
4.698814144501195
4.225144668078729
5.7173844580217095
5.383735034528234
5.0750593335307395
2.8587605754667234
5.263608229813067
4.453037175767634
4.274872020447594
4.261772624880836
4.169460496297711
5.25967765490199
4.131304804319611
4.733493193543541
4.802301815734071
5.457229079897392
4.224882313794973
5.299484274380764
6.320720425755504
4.317963165362768
3.3892825087690603
4.370466620792026
4.9300611471938804
3.9311172648205686
4.291193845498491
4.928617256347622
4.56531308472923
4.26715104574826
5.2158024743196885
5.505118525854616
3.8112347820119954
5.576529228065442
4.974829940843443
4.890198574982499
5.055714774763792
4.671671299342705
5.022666176897662
4.328021219876337
4.06635617412525
5.700464071253507
4.342857277625042
4.765054790693505
4.333190056291162
4.341467647484628
4.556858454014028
4.619319335617506
4.90420212378921
5.166164543554553
4.889917419374633
4.635117977417378
4.745387413428573
4.889820173225363
6.242011988035534
6.720044241764487
6.005643118988173
4.8413866441401465
4.5152258842897375
4.54801509755142
5.88911075560364
5.0893679485098104
4.589804450084138
5.07599665240425
5.07599665240425
6.139186972430218
5.133646646913885
5.910934081011049
5.158805869915627
5.5135313067361436
5.080493807304144
5.814047647836363
4.979138911112457
4.024893960298165
5.170751637306097
3.669121765103238
5.903147684783258
5.040229557179906
5.914120291302283
5.539639906934378
4.827092246398836
4.8137684701750585
4.752128451662405
5.74685529621328
6.133450255309944
5.0152802666860214
4.54804819045478
5.14646015463805
6.131226393457512
6.834135336262082
6.483245524301436
5.009777545687095
5.788129178434019
4.428183653291102
5.055958809196143
5.341616974305234
4.913388491064467
5.216546886238747
4.7988968944400066
3.1384416540195996
4.895230281804961
4.355753815698749
4.01979868818016
4.01979868818016
5.690508855661144
3.5133525343340075
4.743583303564777
4.665874441630803
4.092937216253464
5.276994816412815
4.301178555310887
6.635276923076923
4.754561936886793
5.748714636056752
4.6548515462676905
5.851895418937994
4.267020872071331
5.411733247351504
5.611162179046842
5.505119675810464
6.444042853035183
4.7655544544485045
6.380814014286358
7.330405288649929
7.5090073270962066
6.345397422052425
