[0.18167713]
[0.00012272]
[0.00012272]
[0.00012272]
[0.00012272]
[0.00012272]
[0.00012272]
[0.00012272]
[0.00012272]
[0.00012272]
[0.00012272]
[0.00012272]
[0.00012272]
[0.00012272]
[0.00012272]
[0.00012272]
[0.00012272]
[0.00012272]
[0.00012272]
[0.00012272]
[0.00012272]
[0.00012272]
[0.00012272]
[0.00012272]
[0.00012272]
[0.00012272]
[0.00012272]
[0.00012272]
[0.00012272]
[0.00012272]
[0.00012272]
[0.00012272]
[0.00012272]
[0.00012272]
[0.00012272]
[0.00012272]
[0.00012272]
[0.00012272]
[0.00012272]
[0.00012272]
[0.00012272]
[0.00012272]
[0.00012272]
[0.00012272]
[0.00012272]
[0.00012272]
[0.00012272]
[0.00012272]
[0.00012272]
[0.00012272]
[0.00012272]
[0.00012272]
[0.00012272]
[0.00012272]
[0.00012272]
[0.00012272]
[0.00012272]
[0.00012272]
[0.00012272]
[0.00012272]
[0.00012272]
[0.00012272]
[0.00012272]
[0.00012272]
[0.00012272]
[0.00012272]
[0.00012272]
[0.00012272]
[0.00012272]
[0.00012272]
[0.00012272]
[0.00012272]
[0.00012272]
[0.00012272]
[0.00012272]
[0.00012272]
[0.00012272]
[0.00012272]
[0.00012272]
[0.00012272]
[0.00012272]
[0.00012272]
[0.00012272]
[0.00012272]
[0.00012272]
[0.00012272]
[0.00012272]
[0.00012272]
[0.00012272]
[0.00012272]
[0.00012272]
[0.00012272]
[0.00012272]
[0.00012272]
[0.00012272]
[0.00012272]
[0.00012272]
[0.00012272]
[0.00012272]
[0.00012272]
[0.00012272]
[0.00012272]
[0.00012272]
[0.00012272]
[0.00012272]
[0.00012272]
[0.00012272]
[0.00012272]
[0.00012272]
[0.00012272]
[0.00012272]
[0.00012272]
[0.00012272]
[0.00012272]
[0.00012272]
[0.00012272]
[0.00012272]
[0.00012272]
[0.00012272]
[0.00012272]
[0.00012272]
[0.00012272]
[0.00012272]
[0.00012272]
[0.00012272]
[0.00012272]
[0.00012272]
[0.00012272]
[0.00012272]
[0.00012272]
[0.00012272]
[0.00012272]
[0.00012272]
[0.00012272]
[0.00012272]
[0.00012272]
[0.00012272]
[0.00012272]
[0.00012272]
[0.00012272]
[0.00012272]
[0.00012272]
[0.00012272]
[0.00012272]
[0.00012272]
[0.00012272]
[0.00012272]
[0.00012272]
[0.00012272]
[0.00012272]
[0.00012272]
[0.00012272]
[0.00012272]
[0.00012272]
[0.00012272]
[0.00012272]
[0.00012272]
[0.00012272]
[0.00012272]
[0.00012272]
[0.00012272]
[0.00012272]
[0.00012272]
[0.00012272]
[0.00012272]
[0.00012272]
[0.00012272]
[0.00012272]
[0.00012272]
[0.00012272]
[0.00012272]
[0.00012272]
[0.00012272]
[0.00012272]
[0.00012272]
[0.00012272]
[0.00012272]
[0.00012272]
[0.00012272]
[0.00012272]
[0.00012272]
[0.00012272]
[0.00012272]
[0.00012272]
[0.00012272]
[0.00012272]
[0.00012272]
[0.00012272]
[0.00012272]
[0.00012272]
[0.00012272]
[0.00012272]
[0.00012272]
[0.00012272]
[0.00012272]
[0.00012272]
[0.00012272]
[0.00012272]
[0.00012272]
[0.00012272]
[0.00012272]
[0.00012272]
[0.00012272]
[0.00012272]
[0.00012272]
[0.00012272]
[0.00012272]
[0.00012272]
[0.00012272]
[0.00012272]
[0.00012272]
[0.00012272]
[0.00012272]
[0.00012272]
[0.00012272]
[0.00012272]
[0.00012272]
[0.00012272]
[0.00012272]
[0.00012272]
[0.00012272]
[0.00012272]
[0.00012272]
[0.00012272]
[0.00012272]
[0.00012272]
[0.00012272]
[0.00012272]
[0.00012272]
[0.00012272]
[0.00012272]
[0.00012272]
[0.00012272]
[0.00012272]
[0.00012272]
[0.00012272]
[0.00012272]
[0.00012272]
[0.00012272]
[0.00012272]
[0.00012272]
[0.00012272]
[0.00012272]
[0.00012272]
[0.00012272]
[0.00012272]
[0.00012272]
[0.00012272]
[0.00012272]
[0.00012272]
[0.00012272]
[0.00012272]
[0.00012272]
[0.00012272]
[0.00012272]
[0.00012272]
[0.00012272]
[0.00012272]
[0.00012272]
[0.00012272]
[0.00012272]
[0.00012272]
[0.00012272]
[0.00012272]
[0.00012272]
[0.00012272]
[0.00012272]
[0.00012272]
[0.00012272]
[0.00012272]
[0.00012272]
[0.00012272]
[0.00012272]
[0.00012272]
[0.00012272]
[0.00012272]
[0.00012272]
[0.00012272]
[0.00012272]
[0.00012272]
[0.00012272]
[0.00012272]
[0.00012272]
[0.00012272]
[0.00012272]
[0.00012272]
[0.00012272]
[0.00012272]
[0.00012272]
[0.00012272]
[0.00012272]
[0.00012272]
[0.00012272]
[0.00012272]
[0.00012272]
[0.00012272]
[0.00012272]
[0.00012272]
[0.00012272]
[0.00012272]
[0.00012272]
[0.00012272]
[0.00012272]
[0.00012272]
[0.00012272]
[0.00012272]
[0.00012272]
[0.00012272]
[0.00012272]
[0.00012272]
[0.00012272]
[0.00012272]
[0.00012272]
[0.00012272]
[0.00012272]
[0.00012272]
[0.00012272]
[0.00012272]
[0.00012272]
[0.00012272]
[0.00012272]
[0.00012272]
[0.00012272]
[0.00012272]
[0.00012272]
[0.00012272]
[0.00012272]
[0.00012272]
[0.00012272]
[0.00012272]
[0.00012272]
[0.00012272]
[0.00012272]
[0.00012272]
[0.00012272]
[0.00012272]
[0.00012272]
[0.00012272]
[0.00012272]
[0.00012272]
[0.00012272]
[0.00012272]
[0.00012272]
[0.00012272]
[0.00012272]
[0.00012272]
[0.00012272]
[0.00012272]
[0.00012272]
[0.00012272]
[0.00012272]
[0.00012272]
[0.00012272]
[0.00012272]
[0.00012272]
[0.00012272]
[0.00012272]
[0.00012272]
[0.00012018]
[0.00012018]
[0.00012018]
[0.00012018]
[0.00012018]
[0.00012018]
[0.00012018]
[0.00012018]
[0.00012018]
[0.00012018]
[0.00012018]
[0.00012018]
[0.00012018]
[0.00012018]
[0.00012018]
[0.00012018]
[0.00012018]
[0.00012018]
[0.00012018]
[0.00012018]
[0.00012018]
[0.00012018]
[0.00012018]
[0.00012018]
[0.00012018]
[0.00012018]
[0.00012018]
[0.00012018]
[0.00012018]
[0.00012018]
[0.00012018]
[0.00012018]
[0.00012018]
[0.00012018]
[0.00012018]
[0.00012018]
[0.00012018]
[0.00012018]
[0.00012018]
[0.00012018]
[0.00012018]
[0.00012018]
[0.00012018]
[0.00012018]
[0.00012018]
[0.00012018]
[0.00012018]
[0.00012018]
[0.00012018]
[0.00012018]
[0.00012018]
[0.00012018]
[0.00012018]
[0.00012018]
[0.00012018]
[0.00012018]
[0.00012018]
[0.00012018]
[0.00012018]
[0.00012018]
[0.00012018]
[0.00012018]
[0.00012018]
[0.00012018]
[0.00012018]
[0.00012018]
[0.00012018]
[0.00012018]
[0.00012018]
[0.00012018]
[0.00012018]
[0.00012018]
[0.00012018]
[0.00012018]
[0.00012018]
[0.00012018]
[0.00012018]
[0.00012018]
[0.00012018]
[0.00012018]
[0.00012018]
[0.00012018]
[0.00012018]
[0.00012018]
[0.00012018]
[0.00012018]
[0.00012018]
[0.00012018]
[0.00012018]
[0.00012018]
[0.00012018]
[0.00012018]
[0.00012018]
[0.00012124]
[0.00012527]
[0.00012226]
[0.0001265]
[0.00012941]
[0.00012446]
[0.00018535]
[0.00026068]
[0.00112654]
[0.00019114]
[0.00069795]
[0.0001473]
[0.00013272]
[0.00289688]
[0.00162404]
[0.01970822]
[0.01970822]
[0.01970822]
[0.01970822]
[0.01970822]
[0.01970822]
[0.01970822]
[0.01970822]
[0.01970822]
[0.00274297]
[0.00274297]
[0.00055369]
[0.00039234]
[0.00033575]
[0.00114867]
[0.00051123]
[0.00080691]
[0.00068153]
[0.00034666]
[0.00034666]
[0.00034666]
[0.00034666]
[0.00034666]
[0.00026536]
[0.00026536]
[0.00025922]
[0.0002624]
[0.00030616]
[0.00023995]
[0.00030623]
[0.00031252]
[0.00023754]
[0.0003661]
[0.00017235]
