[0.72259176]
[0.7094333]
[0.7094333]
[0.7094333]
[0.7094333]
[0.7094333]
[0.7094333]
[0.7094333]
[0.7161405]
[0.7161405]
[0.7161405]
[0.7161405]
[0.7161405]
[0.7161405]
[0.7161405]
[0.7161405]
[0.7161405]
[0.7161405]
[0.7161405]
[0.7161405]
[0.7161405]
[0.7161405]
[0.6952772]
[0.6952772]
[0.71401316]
[0.640673]
[0.640673]
[0.640673]
[0.65432924]
[0.69543016]
[0.64690536]
[0.64690536]
[0.64690536]
[0.64690536]
[0.64690536]
[0.64690536]
[0.64690536]
[0.64690536]
[0.64690536]
[0.64690536]
[0.64690536]
[0.64690536]
[0.64690536]
[0.64690536]
[0.64690536]
[0.64690536]
[0.64690536]
[0.64690536]
[0.64690536]
[0.64690536]
[0.64690536]
[0.64690536]
[0.64690536]
[0.64690536]
[0.64690536]
[0.64690536]
[0.64690536]
[0.64690536]
[0.64690536]
[0.64690536]
[0.64690536]
[0.7056266]
[0.7056266]
[0.58084625]
[0.6754341]
[0.71973866]
[0.63839537]
[0.6249115]
[0.6249115]
[0.6249115]
[0.6249115]
[0.6249115]
[0.6249115]
[0.7553424]
[0.5465229]
[0.71522206]
[0.66274995]
[0.66274995]
[0.66274995]
[0.66274995]
[0.66274995]
[0.66274995]
[0.711806]
[0.7561356]
[0.71831465]
[0.57416034]
[0.62511086]
[0.7270902]
[0.6921719]
[0.08369854]
[0.08564658]
[0.08950837]
[0.7342969]
[0.7342969]
[0.7342969]
[0.61844695]
[0.08208174]
[0.08208174]
[0.08208174]
[0.7437842]
[0.7437842]
[0.7437842]
[0.7437842]
[0.7437842]
[0.07846323]
[0.07846323]
[0.07846323]
[0.07846323]
[0.07846323]
[0.07846323]
[0.07846323]
[0.07846323]
[0.07846323]
[0.07846323]
[0.07846323]
[0.07846323]
[0.07846323]
[0.07846323]
[0.07846323]
[0.0872557]
[0.0872557]
[0.0872557]
[0.0872557]
[0.0872557]
[0.0872557]
[0.50098556]
[0.08048744]
[0.08226649]
[0.08226649]
[0.08226649]
[0.08226649]
[0.08226649]
[0.08226649]
[0.08226649]
[0.08226649]
[0.08226649]
[0.08226649]
[0.08226649]
[0.08226649]
[0.08226649]
[0.08226649]
[0.08578888]
[0.08578888]
[0.08578888]
[0.08226984]
[0.0869497]
[0.0869497]
[0.6988896]
[0.6988896]
[0.6988896]
[0.6988896]
[0.6988896]
[0.08210077]
[0.08210077]
[0.08210077]
[0.08210077]
[0.08210077]
[0.08210077]
[0.08210077]
[0.08210077]
[0.08210077]
[0.08210077]
[0.08210077]
[0.08210077]
[0.08210077]
[0.08210077]
[0.08210077]
[0.08210077]
[0.08210077]
[0.08210077]
[0.08210077]
[0.08210077]
[0.08210077]
[0.09764086]
[0.08216448]
[0.08495298]
[0.08495298]
[0.08495298]
[0.08495298]
[0.08210309]
[0.08210309]
[0.08210309]
[0.08210309]
[0.08210309]
[0.08210309]
[0.08210309]
[0.08376407]
[0.7442649]
[0.7442649]
[0.7442649]
[0.08524185]
[0.08524185]
[0.08524185]
[0.08524185]
[0.08314481]
[0.08314481]
[0.08314481]
[0.7412673]
[0.07595754]
[0.07595754]
[0.07595754]
[0.07595754]
[0.08485499]
[0.07889964]
[0.07723703]
[0.07723703]
[0.07723703]
[0.09154389]
[0.71733665]
[0.08490615]
[0.08376575]
[0.7437187]
[0.08490831]
[0.08490831]
[0.08490831]
[0.08490831]
[0.08490831]
[0.08490831]
[0.08490831]
[0.08490831]
[0.08490831]
[0.08490831]
[0.08490831]
[0.08490831]
[0.08490831]
[0.08490831]
[0.08490831]
[0.08490831]
[0.08490831]
[0.08490831]
[0.08490831]
[0.08490831]
[0.08490831]
[0.08490831]
[0.08490831]
[0.08490831]
[0.08490831]
[0.08490831]
[0.08490831]
[0.08490831]
[0.08490831]
[0.08490831]
[0.08490831]
[0.08490831]
[0.08490831]
[0.08490831]
[0.08490831]
[0.08490831]
[0.08490831]
[0.08490831]
[0.08490831]
[0.08490831]
[0.08490831]
[0.08490831]
[0.08490831]
[0.08490831]
[0.08490831]
[0.08490831]
[0.08490831]
[0.08490831]
[0.08030713]
[0.08477037]
[0.08657924]
[0.09128017]
[0.09128017]
[0.7509271]
[0.08205387]
[0.08319002]
[0.08319002]
[0.09112151]
[0.08971578]
[0.07721727]
[0.07721727]
[0.08464924]
[0.08362693]
[0.07773439]
[0.09025568]
[0.08331203]
[0.08095542]
[0.08095542]
[0.08095542]
[0.08095542]
[0.08095542]
[0.08095542]
[0.08095542]
[0.08095542]
[0.08095542]
[0.08095542]
[0.08095542]
[0.08095542]
[0.08095542]
[0.08095542]
[0.08095542]
[0.09391508]
[0.71932]
[0.08455089]
[0.09461991]
[0.07984787]
[0.08304902]
[0.07509118]
[0.07509118]
[0.07509118]
[0.07509118]
[0.08844078]
[0.07958821]
[0.09058817]
[0.09058817]
[0.09836799]
[0.09025226]
[0.07680525]
[0.0832257]
[0.09080999]
[0.08662248]
[0.08662248]
[0.08221082]
[0.08221082]
[0.08221082]
[0.08221082]
[0.08221082]
[0.07817207]
[0.08020486]
[0.08020486]
[0.08020486]
[0.08020486]
[0.08020486]
[0.08020486]
[0.08020486]
[0.6805652]
[0.07855698]
[0.08138966]
[0.08963403]
[0.08963403]
[0.09138406]
[0.09433099]
[0.47023886]
[0.73933715]
[0.07737329]
[0.07832023]
[0.07737527]
[0.07836296]
[0.07836296]
[0.07836296]
[0.08306488]
[0.07946143]
[0.09438614]
[0.08453276]
[0.08009289]
[0.08774538]
[0.08989723]
[0.08774538]
[0.08298727]
[0.08957001]
[0.08365244]
[0.08365244]
[0.08365244]
[0.08365244]
[0.08365244]
[0.08851606]
[0.08187676]
[0.0813831]
[0.09373008]
[0.09373008]
[0.0832305]
[0.52333117]
[0.07215815]
[0.73583144]
[0.08098043]
[0.07350566]
[0.07642436]
[0.07887905]
[0.0757371]
[0.08664631]
[0.08782121]
[0.07903749]
[0.08321701]
[0.07421025]
[0.08035997]
[0.11445262]
[0.07710525]
[0.09907277]
[0.08322345]
[0.0891808]
[0.11968854]
[0.08647092]
[0.08598296]
[0.08353398]
[0.6117938]
[0.08270519]
[0.07972124]
[0.07710638]
[0.08254968]
[0.0822617]
[0.08363552]
[0.08614735]
[0.08945888]
[0.08468248]
[0.08276869]
[0.08765348]
[0.09669003]
[0.09539094]
[0.08082907]
[0.08273864]
[0.6496437]
[0.07792041]
[0.08338237]
[0.0783549]
[0.08584616]
[0.08061111]
[0.0743736]
[0.08158669]
[0.08177355]
[0.10195065]
[0.65005124]
[0.08679356]
[0.08679356]
[0.07980328]
[0.09474482]
[0.37109476]
[0.09473643]
[0.0817897]
[0.69377625]
[0.07444396]
[0.6978675]
[0.09397471]
[0.08298497]
[0.07511923]
[0.06769068]
[0.08119317]
[0.08694751]
[0.09036361]
[0.09186892]
[0.08185085]
[0.08401828]
[0.62522185]
[0.09318393]
[0.3229441]
[0.07505001]
[0.08141972]
[0.5947947]
[0.09673972]
[0.09169964]
[0.09315892]
[0.19824125]
[0.10513943]
[0.09399704]
[0.6613787]
[0.22254147]
[0.18866545]
[0.4809835]
[0.4809835]
[0.56103796]
[0.14034301]
[0.173858]
[0.07279079]
[0.11459719]
[0.48416197]
[0.23224342]
[0.07664043]
[0.39109072]
[0.17082264]
[0.08268597]
[0.21014743]
[0.52699804]
[0.31840655]
[0.0794118]
[0.08182713]
[0.12005364]
[0.08002466]
[0.4662484]
[0.07747191]
[0.41495067]
[0.41495067]
[0.07800723]
[0.27046528]
[0.07909662]
[0.13458148]
[0.08857552]
[0.2492485]
[0.08093979]
[0.07754339]
[0.43248042]
[0.04085412]
[0.04085412]
[0.0843216]
[0.07188019]
[0.07537843]
[0.08453258]
[0.07612501]
[0.07582202]
[0.6552546]
[0.07486626]
[0.7261293]
[0.0672778]
[0.06687639]
[0.07259406]
[0.45933786]
[0.07434536]
[0.07333337]
[0.07600895]
[0.08234191]
