[0.5798567]
[0.58248043]
[0.60397696]
[0.60397696]
[0.6735434]
[0.5425322]
[0.5186632]
[0.5765432]
[0.5125125]
[0.536303]
[0.4641915]
[0.62192905]
[0.4485464]
[0.47716498]
[0.42089215]
[0.45254424]
[0.45254424]
[0.632084]
[0.5147042]
[0.6076003]
[0.5602512]
[0.56905663]
[0.5257139]
[0.5485178]
[0.58273125]
[0.58273125]
[0.59270936]
[0.5195271]
[0.44965795]
[0.4643696]
[0.60751927]
[0.60751927]
[0.60751927]
[0.60751927]
[0.60127777]
[0.5487943]
[0.50358844]
[0.47079313]
[0.56237763]
[0.45254287]
[0.5636143]
[0.39857754]
[0.42848912]
[0.5221545]
[0.5221545]
[0.5290625]
[0.43595302]
[0.43785143]
[0.5084169]
[0.43482998]
[0.4019339]
[0.5368821]
[0.53598225]
[0.48240033]
[0.22645326]
[0.51593125]
[0.46809903]
[0.5450436]
[0.41685548]
[0.61055905]
[0.38111183]
[0.40915293]
[0.61321616]
[0.61321616]
[0.61321616]
[0.61321616]
[0.61321616]
[0.490729]
[0.490729]
[0.43502522]
[0.47879118]
[0.54213476]
[0.6241024]
[0.6241024]
[0.6241024]
[0.5186231]
[0.468145]
[0.44668436]
[0.59280187]
[0.46431252]
[0.4683151]
[0.5355856]
[0.5800791]
[0.22994868]
[0.59032375]
[0.53965664]
[0.53965664]
[0.5748194]
[0.5348296]
[0.37577522]
[0.37577522]
[0.4805105]
[0.4805105]
[0.6262341]
[0.30018523]
[0.30018523]
[0.47299457]
[0.47299457]
[0.47299457]
[0.47299457]
[0.48491934]
[0.58445626]
[0.5457796]
[0.5457796]
[0.5457796]
[0.5457796]
[0.5457796]
[0.5457796]
[0.5457796]
[0.5274199]
[0.45454228]
[0.5596758]
[0.49805328]
[0.47077966]
[0.48649952]
[0.48649952]
[0.55549586]
[0.2708897]
[0.2708897]
[0.2708897]
[0.5365689]
[0.60157156]
[0.5288541]
[0.47395664]
[0.47395664]
[0.47395664]
[0.5346227]
[0.5346227]
[0.5346227]
[0.3931959]
[0.55879635]
[0.55879635]
[0.55879635]
[0.55879635]
[0.55879635]
[0.55879635]
[0.5495586]
[0.5020897]
[0.5508569]
[0.58217204]
[0.54789317]
[0.54789317]
[0.4392502]
[0.4392502]
[0.46237475]
[0.54789317]
[0.54789317]
[0.54789317]
[0.54789317]
[0.56239915]
[0.56239915]
[0.56239915]
[0.51148796]
[0.4709196]
[0.52840894]
[0.5110665]
[0.5568694]
[0.55955946]
[0.55955946]
[0.39954177]
[0.49269533]
[0.47675157]
[0.46177757]
[0.54648006]
[0.54648006]
[0.54648006]
[0.54648006]
[0.5522864]
[0.51521266]
[0.5219073]
[0.54649085]
[0.23457195]
[0.57205033]
[0.59601843]
[0.44388172]
[0.41349345]
[0.4553672]
[0.5649156]
[0.6754815]
[0.5226862]
[0.5226862]
[0.56295025]
[0.5725437]
[0.5725437]
[0.33013275]
[0.41837558]
[0.56156754]
[0.53487456]
[0.27223188]
[0.56038487]
[0.5682033]
[0.42508444]
[0.49363887]
[0.42309517]
[0.57298666]
[0.48413795]
[0.5200899]
[0.5513331]
[0.5513331]
[0.5513331]
[0.5513331]
[0.5513331]
[0.5513331]
[0.40207765]
[0.37198424]
[0.4460682]
[0.48473698]
[0.5688134]
[0.5209965]
[0.54836756]
[0.54836756]
[0.54836756]
[0.54836756]
[0.56423897]
[0.45064583]
[0.39709598]
[0.42271942]
[0.46586803]
[0.51532674]
[0.5164693]
[0.42842308]
[0.42842308]
[0.40282142]
[0.43983048]
[0.43983048]
[0.49608636]
[0.49608636]
[0.4799632]
[0.5652089]
[0.5652089]
[0.49981207]
[0.42201567]
[0.42201567]
[0.42201567]
[0.44800285]
[0.4974928]
[0.54110456]
[0.54838985]
[0.44029364]
[0.55408984]
[0.55408984]
[0.41162136]
[0.44403374]
[0.53181756]
[0.46091616]
[0.46091616]
[0.57068247]
[0.43152747]
[0.4928091]
[0.4928091]
[0.52729803]
[0.48831323]
[0.48831323]
[0.48831323]
[0.48831323]
[0.48831323]
[0.48831323]
[0.39496887]
[0.4861796]
[0.4326939]
[0.56191945]
[0.50283897]
[0.50283897]
[0.37206933]
[0.32716987]
[0.47002923]
[0.5382442]
[0.21417871]
[0.56566924]
[0.40934098]
[0.4549174]
[0.52448803]
[0.51724744]
[0.4954571]
[0.37993023]
[0.37993023]
[0.5085378]
[0.4852517]
[0.474681]
[0.5402695]
[0.39105365]
[0.4852517]
[0.4067838]
[0.45535612]
[0.21332003]
[0.5092359]
[0.5234592]
[0.46416175]
[0.51300544]
[0.58596414]
[0.3977661]
[0.5415572]
[0.535872]
[0.46882918]
[0.35170224]
[0.5388672]
[0.49126062]
[0.22262226]
[0.54459816]
[0.44256738]
[0.3647337]
[0.43438703]
[0.2947454]
[0.43153128]
[0.37267172]
[0.45042312]
[0.45042312]
[0.45042312]
[0.49237952]
[0.40324074]
[0.44434172]
[0.44434172]
[0.4613878]
[0.43542627]
[0.49885985]
[0.43763798]
[0.5070378]
[0.46434212]
[0.46351564]
[0.4836646]
[0.4049491]
[0.34269753]
[0.40108907]
[0.46204418]
[0.46771058]
[0.44179252]
[0.45612958]
[0.51768386]
[0.43602258]
[0.46321088]
[0.45653272]
[0.34642574]
[0.56929433]
[0.5299832]
[0.43288994]
[0.31552318]
[0.36614272]
[0.41745418]
[0.38005242]
[0.37285945]
[0.5333588]
[0.41363692]
[0.43979475]
[0.43522605]
[0.5351524]
[0.3154863]
[0.3411875]
[0.35149336]
[0.4084301]
[0.4454925]
[0.513097]
[0.4371378]
[0.43593973]
[0.29914156]
[0.36590663]
[0.333911]
[0.41874182]
[0.4246036]
[0.43747693]
[0.37648398]
[0.59889084]
[0.3776051]
[0.368896]
[0.3963331]
[0.46388856]
[0.45750865]
[0.44802746]
[0.305477]
[0.3547048]
[0.40279236]
[0.47480038]
[0.33242583]
[0.33242583]
[0.4027538]
[0.4206482]
[0.46152276]
[0.4043432]
[0.48192027]
[0.36393225]
[0.3944651]
[0.4031497]
[0.3914696]
[0.51514524]
[0.42076987]
[0.41379812]
[0.28927955]
[0.36310184]
[0.4400787]
[0.2592001]
[0.27347624]
[0.3915936]
[0.28253913]
[0.34979162]
[0.34779787]
[0.37947077]
[0.37630045]
[0.3715798]
[0.25435108]
[0.3951295]
[0.29750815]
[0.32000265]
[0.3317837]
[0.5743641]
[0.351032]
[0.360626]
[0.43058148]
[0.29425362]
[0.42611095]
[0.26767388]
[0.26814058]
[0.41667196]
[0.2841381]
[0.32254654]
[0.39638892]
[0.26231554]
[0.35016397]
[0.35016397]
[0.25038603]
[0.28645477]
[0.28665876]
[0.31531224]
[0.33091176]
[0.2689574]
[0.25346646]
[0.30371258]
[0.410992]
[0.3297798]
[0.35823226]
[0.3361911]
[0.4052039]
[0.34669745]
[0.36445642]
[0.3953995]
[0.3989254]
[0.32114425]
[0.31639203]
[0.39989963]
[0.4456546]
[0.24177834]
[0.33873656]
[0.34895214]
[0.3707219]
[0.34674275]
[0.26981333]
[0.31138265]
[0.36046484]
[0.45561904]
[0.35952333]
[0.34493864]
[0.24484102]
[0.32840464]
[0.28290918]
[0.3073523]
[0.3998896]
[0.24602395]
[0.3931962]
[0.26782465]
[0.27847838]
[0.25181532]
[0.36746275]
[0.3852871]
[0.27036887]
[0.29515862]
[0.29515862]
[0.40143108]
[0.28641894]
[0.4939047]
[0.22616573]
[0.4517592]
[0.13029633]
[0.27174428]
[0.11069254]
[0.11069402]
[0.11284487]
[0.11117308]
[0.5314773]
[0.428995]
[0.11374803]
[0.11284487]
[0.5189292]
[0.11591142]
[0.5434547]
[0.355461]
[0.44498023]
[0.35616177]
[0.51666224]
[0.20934378]
[0.21469237]
[0.2373183]
[0.2721483]
[0.3227794]
[0.22355893]
[0.3624193]
[0.19413128]
[0.3619685]
[0.2687553]
[0.21141933]
[0.2382639]
[0.3319786]
[0.24700756]
