4.850965775409373
4.794327663400493
4.794327663400493
4.794327663400493
4.794327663400493
4.868785848924843
4.926836809343345
4.926836809343345
4.926836809343345
4.768679288282098
4.793113108294415
4.6847892908754005
4.6847892908754005
4.6847892908754005
4.6847892908754005
4.6847892908754005
4.6847892908754005
4.6847892908754005
4.6847892908754005
4.6847892908754005
4.6847892908754005
4.6847892908754005
4.6847892908754005
4.6847892908754005
4.6847892908754005
4.6847892908754005
4.6847892908754005
4.6847892908754005
4.6847892908754005
4.6847892908754005
4.6847892908754005
4.6847892908754005
4.6847892908754005
4.6847892908754005
4.6847892908754005
4.6847892908754005
4.6847892908754005
4.6847892908754005
4.6847892908754005
4.6847892908754005
4.6847892908754005
4.6847892908754005
4.6847892908754005
4.6847892908754005
4.6847892908754005
4.6847892908754005
4.6847892908754005
4.6847892908754005
4.6847892908754005
4.6847892908754005
4.6847892908754005
4.6847892908754005
4.6847892908754005
4.6847892908754005
4.6847892908754005
4.6847892908754005
4.6847892908754005
4.6847892908754005
5.164045965910208
5.164045965910208
5.164045965910208
5.164045965910208
5.164045965910208
5.164045965910208
5.164045965910208
5.164045965910208
5.164045965910208
5.164045965910208
5.164045965910208
5.164045965910208
5.164045965910208
5.164045965910208
5.164045965910208
5.164045965910208
5.164045965910208
5.164045965910208
5.164045965910208
5.164045965910208
5.164045965910208
5.164045965910208
5.164045965910208
5.164045965910208
5.164045965910208
5.164045965910208
5.164045965910208
5.164045965910208
5.164045965910208
5.164045965910208
5.164045965910208
5.164045965910208
5.164045965910208
5.164045965910208
5.164045965910208
5.164045965910208
5.164045965910208
5.164045965910208
5.164045965910208
5.164045965910208
5.164045965910208
5.164045965910208
5.164045965910208
5.170213789784338
5.170213789784338
5.170213789784338
5.170213789784338
4.794489808412271
4.794489808412271
4.794489808412271
4.794489808412271
4.794489808412271
4.794489808412271
4.794489808412271
4.794489808412271
4.794489808412271
4.794489808412271
4.794489808412271
4.794489808412271
4.794489808412271
4.794489808412271
4.794489808412271
4.794489808412271
4.794489808412271
4.794489808412271
4.794489808412271
4.794489808412271
4.794489808412271
4.794489808412271
4.794489808412271
4.794489808412271
4.794489808412271
4.794489808412271
4.794489808412271
4.794489808412271
4.794489808412271
4.794489808412271
4.794489808412271
4.794489808412271
4.794489808412271
4.794489808412271
4.794489808412271
4.794489808412271
4.794489808412271
4.794489808412271
4.794489808412271
4.794489808412271
4.794489808412271
4.794489808412271
4.794489808412271
4.794489808412271
4.794489808412271
4.794489808412271
4.794489808412271
4.794489808412271
4.794489808412271
4.794489808412271
4.794489808412271
4.794489808412271
4.794489808412271
4.794489808412271
4.794489808412271
4.794489808412271
4.794489808412271
4.794489808412271
4.794489808412271
4.794489808412271
4.794489808412271
4.794489808412271
4.794489808412271
4.794489808412271
4.794489808412271
4.794489808412271
4.794489808412271
4.794489808412271
4.794489808412271
4.794489808412271
4.794489808412271
4.794489808412271
4.794489808412271
4.794489808412271
4.794489808412271
4.794489808412271
4.794489808412271
4.794489808412271
4.794489808412271
4.794489808412271
4.794489808412271
4.794489808412271
4.794489808412271
4.794489808412271
4.725269872323745
4.738264587584355
4.738264587584355
4.738264587584355
4.738264587584355
4.738264587584355
4.738264587584355
4.738264587584355
4.738264587584355
4.738264587584355
4.738264587584355
4.738264587584355
4.738264587584355
4.738264587584355
4.738264587584355
4.738264587584355
4.738264587584355
4.738264587584355
4.738264587584355
4.738264587584355
4.738264587584355
4.738264587584355
4.738264587584355
4.738264587584355
4.738264587584355
4.738264587584355
4.738264587584355
4.738264587584355
4.738264587584355
4.738264587584355
4.738264587584355
4.738264587584355
4.738264587584355
4.738264587584355
4.738264587584355
4.738264587584355
4.8351254727479365
4.9374941114972515
4.855280966455657
4.8303891611764795
4.8303891611764795
4.8303891611764795
4.8303891611764795
4.8303891611764795
4.8303891611764795
4.8303891611764795
4.8303891611764795
4.8303891611764795
4.8303891611764795
4.8303891611764795
4.8303891611764795
4.8303891611764795
4.8303891611764795
4.8303891611764795
4.8303891611764795
4.8303891611764795
4.8303891611764795
4.8303891611764795
4.8303891611764795
4.8303891611764795
4.8303891611764795
4.8303891611764795
4.8303891611764795
4.8303891611764795
4.8303891611764795
4.8303891611764795
4.8303891611764795
4.8303891611764795
4.8303891611764795
4.8303891611764795
4.8303891611764795
4.8303891611764795
4.8303891611764795
4.8303891611764795
4.8303891611764795
4.8303891611764795
4.8303891611764795
4.8303891611764795
4.8303891611764795
4.8303891611764795
4.8303891611764795
4.8303891611764795
4.8303891611764795
4.8303891611764795
4.8303891611764795
4.8303891611764795
4.8303891611764795
4.8303891611764795
4.8303891611764795
4.8303891611764795
4.8303891611764795
4.8303891611764795
4.8303891611764795
4.8303891611764795
4.8303891611764795
4.8303891611764795
4.8303891611764795
4.8303891611764795
4.8303891611764795
4.8303891611764795
4.8303891611764795
4.8303891611764795
4.8303891611764795
4.8303891611764795
4.8303891611764795
4.8303891611764795
4.8303891611764795
4.8303891611764795
4.8303891611764795
4.8303891611764795
4.8303891611764795
4.8303891611764795
4.8303891611764795
4.8303891611764795
4.8303891611764795
4.8303891611764795
4.877761418459613
4.746645478238969
4.709894918732127
4.709894918732127
4.709894918732127
4.709894918732127
4.709894918732127
4.709894918732127
4.709894918732127
4.709894918732127
4.709894918732127
4.709894918732127
4.709894918732127
4.709894918732127
4.709894918732127
4.709894918732127
4.709894918732127
4.709894918732127
4.709894918732127
4.709894918732127
4.709894918732127
4.709894918732127
4.709894918732127
4.709894918732127
4.709894918732127
4.916791464570962
4.8525594162768275
4.8525594162768275
4.8525594162768275
4.8525594162768275
5.022133960976946
5.022133960976946
4.939622492696625
4.740298347804883
4.740298347804883
4.740298347804883
4.740298347804883
4.740298347804883
4.740298347804883
4.740298347804883
4.740298347804883
4.740298347804883
4.740298347804883
4.740298347804883
4.748380018202481
4.748380018202481
4.748380018202481
4.748380018202481
4.748380018202481
4.748380018202481
4.748380018202481
4.748380018202481
4.748380018202481
4.748380018202481
4.748380018202481
4.748380018202481
4.748380018202481
4.748380018202481
4.748380018202481
4.748380018202481
4.748380018202481
4.748380018202481
4.737234912294976
4.777930385351673
4.9524979566657095
4.514353700516512
4.693053074520834
4.693053074520834
4.693053074520834
4.693053074520834
4.627413446946968
4.627413446946968
4.627413446946968
4.627413446946968
4.627413446946968
4.627413446946968
4.627413446946968
4.627413446946968
4.627413446946968
4.627413446946968
4.627413446946968
4.627413446946968
4.627413446946968
4.627413446946968
4.627413446946968
4.627413446946968
4.627413446946968
4.627413446946968
4.627413446946968
4.714628932509001
4.9367217328894855
4.726347749077048
4.644294527933548
5.028402851770604
5.112519145650417
4.7373451511007065
4.943063342266481
4.674178831562354
5.27134539824163
5.200842202975358
4.645878139099498
4.645878139099498
4.729195283134011
4.729195283134011
4.751108263903243
4.801443103049639
4.454107583371981
5.010156917410514
5.214085516584825
4.651970121401328
4.916141313309067
4.876904949672703
4.923961593029345
5.064166463330387
4.942919634987387
4.9901776769454305
4.9901776769454305
4.8445646335870975
5.060447417979527
4.981878943191903
4.915963623093701
4.977069185223878
4.983990794021468
4.904951838988978
4.882746208413961
4.884030823798576
4.9664067767048055
5.121419244395477
4.581829174408095
5.556092966202409
4.896796038674671
4.816183935008597
5.021180474148227
5.196955788395416
5.2943023125110695
4.975320461914397
5.5134695342497455
4.863298983661688
5.040613800608495
4.946186961711763
4.955054482188878
5.437272470710058
5.506514054164256
4.879558893422392
5.463762614940827
4.8127948327519725
4.767857483016804
4.949253373242909
5.426471374263512
4.802472273567479
4.679861538659508
4.744636703499049
4.518939884111017
4.565585489075128
4.473859209822737
4.4478607419599605
4.389696215637292
4.4621339053647215
4.929298368656875
4.489194676349183
4.313947125457605
4.889447465859266
4.150327456826134
4.208120387974255
5.654229038359716
4.574248857451827
4.587542060964568
4.014229722380879
4.295104658321167
4.148372809123414
4.176874032540225
4.0320873861293105
4.807213611286363
4.718188998677428
4.689054987705812
4.283861494256979
4.288745866782188
4.086997339103643
4.137351134406252
3.8634348106789815
5.813722794990732
5.813722794990732
6.173164888480566
3.637490278691942
4.264597489463661
4.5837263217072275
3.8096615188265925
4.204192533268106
3.669121765103238
3.5133525343340075
4.71235381569875
4.01979868818016
6.635276923076923
6.635276923076923
5.780156856521541
