[0.00187427]
[0.00187427]
[0.00187427]
[0.00187427]
[0.00187427]
[0.00187427]
[0.00187427]
[0.00187427]
[0.00187427]
[0.00187427]
[0.00187427]
[0.00187427]
[0.00187427]
[0.00187427]
[0.00187427]
[0.00187427]
[0.00187427]
[0.00187427]
[0.00187427]
[0.00182823]
[0.00182823]
[0.00182823]
[0.00182823]
[0.00182823]
[0.00182823]
[0.00182823]
[0.00182823]
[0.00182823]
[0.00182823]
[0.00182823]
[0.00197474]
[0.00197474]
[0.00197474]
[0.00197474]
[0.00197474]
[0.00197474]
[0.00197474]
[0.00197474]
[0.00197474]
[0.00197474]
[0.00197474]
[0.00197474]
[0.00197474]
[0.00197474]
[0.00197474]
[0.00197474]
[0.00197474]
[0.00197474]
[0.00197474]
[0.00197474]
[0.00197474]
[0.00197474]
[0.00197474]
[0.00197474]
[0.00197474]
[0.00197474]
[0.00197474]
[0.00197474]
[0.00197474]
[0.00197474]
[0.00187427]
[0.00187427]
[0.00187427]
[0.00187427]
[0.00187427]
[0.00187427]
[0.00187427]
[0.00187427]
[0.00187427]
[0.00187427]
[0.00187427]
[0.001864]
[0.001864]
[0.00188453]
[0.00188453]
[0.00188453]
[0.00188453]
[0.00188453]
[0.00188453]
[0.00188453]
[0.00188453]
[0.00188453]
[0.00188453]
[0.00188453]
[0.00188453]
[0.00188453]
[0.00188453]
[0.00188453]
[0.00188453]
[0.00188453]
[0.00188453]
[0.00188453]
[0.00188453]
[0.00188453]
[0.00188453]
[0.00188453]
[0.00188453]
[0.00188453]
[0.00188453]
[0.00188453]
[0.00188453]
[0.00188453]
[0.00188453]
[0.00188453]
[0.00188453]
[0.00188453]
[0.00188453]
[0.00188453]
[0.00188453]
[0.00188453]
[0.00188453]
[0.00188453]
[0.00188453]
[0.00188453]
[0.00188453]
[0.00188453]
[0.00188453]
[0.00188453]
[0.00188453]
[0.00188453]
[0.00188453]
[0.00188453]
[0.00188453]
[0.00188453]
[0.00188453]
[0.00188453]
[0.00188453]
[0.00188453]
[0.00188453]
[0.00188453]
[0.00188453]
[0.00188453]
[0.00188453]
[0.00188453]
[0.00188453]
[0.00188453]
[0.00188453]
[0.00188453]
[0.00188453]
[0.00188453]
[0.00188453]
[0.00188453]
[0.00188453]
[0.00188453]
[0.00188453]
[0.00188453]
[0.00188453]
[0.00188453]
[0.00188453]
[0.00188453]
[0.00188453]
[0.00188453]
[0.00188453]
[0.00188453]
[0.00188453]
[0.00188453]
[0.00188453]
[0.00188453]
[0.00188453]
[0.00188453]
[0.00188453]
[0.00188453]
[0.00188453]
[0.00188453]
[0.00188453]
[0.00188453]
[0.00188453]
[0.00188453]
[0.00188453]
[0.00188453]
[0.00188453]
[0.00188453]
[0.00188453]
[0.00188453]
[0.00188453]
[0.00188453]
[0.00188453]
[0.00188453]
[0.00188453]
[0.00188453]
[0.00188453]
[0.00188453]
[0.00188453]
[0.00188453]
[0.00188453]
[0.00188453]
[0.00188453]
[0.00188453]
[0.00188453]
[0.00188453]
[0.00188453]
[0.00188453]
[0.00188453]
[0.00188453]
[0.00188453]
[0.00188453]
[0.00188453]
[0.00188453]
[0.00188453]
[0.00188453]
[0.00188453]
[0.00188453]
[0.00188453]
[0.00188453]
[0.00188453]
[0.00188453]
[0.00188453]
[0.00188453]
[0.00188453]
[0.00188453]
[0.00188453]
[0.00188453]
[0.00188453]
[0.00188453]
[0.00188453]
[0.00188453]
[0.00188453]
[0.00188453]
[0.00188453]
[0.00188453]
[0.00188453]
[0.00188453]
[0.00188453]
[0.00188453]
[0.00188453]
[0.00188453]
[0.00188453]
[0.00188453]
[0.00188453]
[0.00188453]
[0.00188453]
[0.00188453]
[0.00188453]
[0.00188453]
[0.00188453]
[0.00188453]
[0.00188453]
[0.00188453]
[0.00188453]
[0.00188453]
[0.00188453]
[0.00188453]
[0.00188453]
[0.00188453]
[0.00188453]
[0.00188453]
[0.00188453]
[0.00188453]
[0.00188453]
[0.00188453]
[0.00188453]
[0.00188453]
[0.00188453]
[0.00188453]
[0.00188453]
[0.00188453]
[0.00188453]
[0.00188453]
[0.00188453]
[0.00188453]
[0.00188453]
[0.00188453]
[0.00188453]
[0.00188453]
[0.00188453]
[0.00188453]
[0.00188453]
[0.00188453]
[0.00188453]
[0.00188453]
[0.00188453]
[0.00188453]
[0.00188453]
[0.00188453]
[0.00188453]
[0.00188453]
[0.00188453]
[0.00188453]
[0.00188453]
[0.00188453]
[0.00188453]
[0.00188453]
[0.00188453]
[0.00188453]
[0.00188453]
[0.00188453]
[0.00188453]
[0.00188453]
[0.00188453]
[0.00188453]
[0.00188453]
[0.00188453]
[0.00188453]
[0.00188453]
[0.00188453]
[0.00188453]
[0.00188453]
[0.00188453]
[0.00188453]
[0.00188453]
[0.00188453]
[0.00188453]
[0.00188453]
[0.00188453]
[0.00188453]
[0.00188453]
[0.00188453]
[0.00188453]
[0.00188453]
[0.00188453]
[0.00188453]
[0.00188453]
[0.00188453]
[0.00188453]
[0.00188453]
[0.00188453]
[0.00188453]
[0.00188453]
[0.00188453]
[0.00188453]
[0.00188453]
[0.00188453]
[0.00188453]
[0.00188453]
[0.00188453]
[0.00188453]
[0.00188453]
[0.00188453]
[0.00188453]
[0.00188453]
[0.00188453]
[0.00188453]
[0.00188453]
[0.00188453]
[0.00188453]
[0.00188453]
[0.00188453]
[0.00188453]
[0.00188453]
[0.00188453]
[0.00188453]
[0.00188453]
[0.00188453]
[0.00188453]
[0.00188453]
[0.00188453]
[0.00188453]
[0.00188453]
[0.00188453]
[0.00188453]
[0.00188453]
[0.00188453]
[0.00188453]
[0.00188453]
[0.00188453]
[0.00188453]
[0.00188453]
[0.00188453]
[0.00188453]
[0.00188453]
[0.00188453]
[0.00188453]
[0.00188453]
[0.00188453]
[0.00188453]
[0.00188453]
[0.00191475]
[0.0018558]
[0.00188453]
[0.00184614]
[0.00184614]
[0.0018961]
[0.0018961]
[0.00206964]
[0.00206964]
[0.00206964]
[0.00191476]
[0.00191476]
[0.00191476]
[0.00187213]
[0.00193]
[0.00193]
[0.00193]
[0.00193]
[0.00193]
[0.00193]
[0.00193]
[0.00193]
[0.00193]
[0.00193]
[0.00193]
[0.00193]
[0.00193]
[0.00193]
[0.00193]
[0.00193]
[0.00193]
[0.00193]
[0.00193]
[0.00193]
[0.00193]
[0.00193]
[0.00193]
[0.00193]
[0.00193]
[0.00193]
[0.00193]
[0.00193]
[0.00193]
[0.00193]
[0.00193]
[0.00193]
[0.00193]
[0.00193]
[0.00193]
[0.00193]
[0.00193]
[0.00193]
[0.00193]
[0.00193]
[0.00193]
[0.00193]
[0.00193]
[0.00193]
[0.00193]
[0.00193]
[0.001864]
[0.001864]
[0.00191327]
[0.00196915]
[0.00188506]
[0.00197142]
[0.00187897]
[0.00197142]
[0.00199477]
[0.00208093]
[0.00190917]
[0.00190917]
[0.00186286]
[0.00189524]
[0.00189524]
[0.00189524]
[0.00210799]
[0.00200288]
[0.00200328]
[0.00190855]
[0.00188212]
[0.001823]
[0.00189633]
[0.00189525]
[0.00192774]
[0.00196712]
[0.00188214]
[0.00185977]
[0.00195447]
[0.00196963]
[0.00190958]
[0.00201306]
[0.00225997]
[0.00192364]
[0.0018502]
[0.00193671]
[0.00222335]
[0.00197557]
[0.00195839]
[0.00250879]
[0.00195559]
[0.00208318]
[0.00194828]
[0.00189476]
[0.00208674]
[0.0021011]
[0.00188637]
[0.0023041]
[0.001829]
[0.00188632]
[0.00188632]
[0.00188632]
[0.00188632]
[0.00216581]
[0.00211678]
[0.00256274]
[0.00600599]
[0.00561203]
[0.03745171]
[0.00731468]
[0.00731468]
[0.00385669]
[0.00411524]
[0.00411524]
[0.06668715]
[0.08905776]
[0.8694781]
[0.0017649]
[0.00202372]
[0.0040281]
[0.00189149]
[0.00189036]
[0.00514723]
[0.00237696]
