5.033182950610989
3.688776953608766
4.871313318479951
4.83390958123115
4.83390958123115
4.83390958123115
4.832564578691837
4.832564578691837
4.832564578691837
4.832564578691837
3.610038758855543
3.610038758855543
3.610038758855543
3.610038758855543
3.610038758855543
3.726722619231791
3.6601765080803688
4.700954079639852
4.700954079639852
4.700954079639852
4.700954079639852
4.700954079639852
4.700954079639852
4.700954079639852
4.700954079639852
4.700954079639852
4.700954079639852
4.700954079639852
4.700954079639852
3.6594252050258005
3.527690159478042
3.527690159478042
3.5944512762445298
3.5944512762445298
3.5944512762445298
3.5944512762445298
3.5944512762445298
3.5944512762445298
3.5944512762445298
3.5944512762445298
5.078651237474225
5.0049690770814275
5.0049690770814275
3.7239537808076397
3.7239537808076397
3.4746441834887127
4.436689645250712
4.436689645250712
3.694256989180132
3.694256989180132
3.694256989180132
3.694256989180132
3.694256989180132
3.694256989180132
3.694256989180132
3.694256989180132
3.694256989180132
3.694256989180132
3.694256989180132
3.694256989180132
3.694256989180132
3.6443764200382898
3.6443764200382898
3.5456578017866622
3.5456578017866622
3.5456578017866622
2.9364755465358687
3.7254980989894593
3.7254980989894593
4.935414248930854
5.293785116361296
3.3770697901767814
3.717199185711924
3.717199185711924
3.4726993192002293
3.4726993192002293
3.79420992573983
3.79420992573983
3.79420992573983
3.79420992573983
3.79420992573983
3.79420992573983
3.79420992573983
3.7228288878017404
3.3100174227300885
3.3100174227300885
3.8614409815488324
3.7891062083712264
3.7891062083712264
4.93198148486259
3.8126848237732833
3.8126848237732833
3.53401056854874
3.53401056854874
5.035359610616622
3.3831503717167317
3.3831503717167317
3.3831503717167317
3.716787314285863
3.716787314285863
3.716787314285863
3.716787314285863
3.716787314285863
3.5656174160365115
3.5656174160365115
3.5656174160365115
3.7530449663674315
4.797637378433947
3.5035138101811807
3.5035138101811807
3.5035138101811807
3.5035138101811807
3.5035138101811807
3.7188407152806207
3.6489712621903587
3.823310280769416
3.465263022562734
3.3915212782697663
3.3915212782697663
3.56759669571637
3.902822815273174
5.915328647187079
3.657154805656294
3.577929651992534
3.577929651992534
3.3812842902028084
3.3812842902028084
3.3812842902028084
3.3812842902028084
3.3812842902028084
3.3812842902028084
3.3812842902028084
3.3812842902028084
3.3812842902028084
3.3987181980503314
3.3987181980503314
3.3987181980503314
3.3987181980503314
3.3987181980503314
4.921178441751854
3.8788206174593665
3.5702490138010905
3.725067482732822
3.4404813157726775
3.4454871724160325
3.735853876685688
3.735853876685688
4.92851972109129
3.6504704628358713
3.6504704628358713
3.6504704628358713
3.6504704628358713
3.6504704628358713
3.6504704628358713
3.6504704628358713
3.6504704628358713
3.6504704628358713
3.6504704628358713
3.6504704628358713
3.6504704628358713
3.6504704628358713
3.6504704628358713
3.6504704628358713
3.6504704628358713
3.6422044320514484
3.938027294344077
4.650975980092341
3.9522871219164344
3.9522871219164344
3.7842079278282394
3.7842079278282394
3.566709285294303
3.899878548632911
5.162157679454514
3.9240215024888734
3.9436111570629624
3.9436111570629624
3.45243115293062
3.6759173535152536
3.6759173535152536
3.6759173535152536
3.6759173535152536
3.6759173535152536
3.6759173535152536
3.6759173535152536
3.6759173535152536
3.6759173535152536
3.869189716363408
3.6643794643752736
3.798728359968324
3.798728359968324
3.798728359968324
3.798728359968324
3.8220704090980275
3.8220704090980275
3.8220704090980275
3.8220704090980275
3.4715329352945963
3.7016890080803675
3.6992464403425585
3.6992464403425585
3.9836791747509785
3.6714464798644375
3.165676894048559
4.216586777613234
3.7423425975835283
3.756463133954493
3.7673134836048447
3.791590668140749
3.791590668140749
3.472419421040909
3.714363855430049
3.5876283803169278
3.8439766075787016
3.821393494293515
3.8228948961540317
3.5589116354389283
3.849027831406584
3.2554983888151465
3.701578643248606
3.31986348317996
3.5285573658244145
3.412299411323673
3.747861613457588
3.497563970060522
3.690960212318064
3.544117283272083
3.8803433965756664
3.6300016834843483
4.062215991324008
4.062215991324008
3.895133639895496
3.520437336000941
3.8718507701444924
4.095106511993814
3.934982378241936
3.957741695985119
3.430783505206092
3.7639461178734877
3.533205596121724
3.654838608119327
4.133236742889069
3.7001025412983495
3.654975583539021
4.024813687362823
3.6228196392468277
3.5177847176341297
4.011497620661602
3.573932841485968
3.675437172416033
3.5490274943940356
3.595745206165457
3.726266275307423
3.6726661303416153
3.7599204985434653
3.884740848673239
3.975297882579371
3.553933582778983
3.9363230800411504
4.0286058139031296
3.7282808690047107
3.7606824979639875
3.7805566156110455
4.9691502554775
3.645081804284164
4.967737828975357
3.6568822786341837
3.685788425373996
4.093490280769417
4.069098532343585
4.069098532343585
3.833202950452675
3.612078555064622
4.113449798293313
4.195913633891779
4.195913633891779
3.6570012544511252
4.223766324382323
3.068639651625409
3.600720326018285
3.600720326018285
3.566785178251356
3.6044862614379074
3.8906506427603658
3.6787060058720034
3.7220178660603747
3.4612478501354325
3.5553434463305837
3.555554869637814
4.14502933701446
3.6377625572858143
5.56910885724628
3.226814178880245
3.8183157424171466
3.563072053493471
3.3259347176585754
4.003870595227264
3.975184669909688
3.6945028554210957
3.7883668157697254
5.499793147664716
3.6114878170886033
4.2550830349466935
3.7470484520525194
3.7917834029413626
3.276421382765405
3.8692843984164753
4.641024306454751
5.19382072475944
3.74329458664106
4.1236531731933175
5.0230039004727285
3.7363645036309983
3.9416613466723502
4.100131097904173
4.100131097904173
3.515753309315027
3.714884130504708
3.846944050096094
3.432461354386289
4.293291909728692
3.7397835919550113
4.312771271754885
4.846652763049331
3.8065057376979397
3.7522310531051826
4.075029380925878
3.4592518638767986
5.836239090660824
4.235902635644262
4.19123404954502
3.694038221367081
3.458929558183904
3.777304980322741
4.130114545533193
5.364126523889938
3.783397520588421
3.869573967615115
4.042026342043168
3.8759123035816296
5.394580697376027
3.510496002072089
5.644877337558405
3.782576639101574
4.482251825735145
3.751266566450963
3.751266566450963
3.9077872504915945
4.2510207010193755
4.314369589703636
3.592953179408017
3.4527942700245093
4.653246857417072
3.90909756944094
4.30930110787079
4.747142063322434
3.872810280769416
4.529219232435247
3.3763464178725044
3.3763464178725044
4.938771202504342
4.583672627706875
5.060134176238677
4.3600171144219235
4.281511825054443
5.720104305884197
4.483406286071939
3.323724120302094
1.6901899207499014
3.3056874471709463
6.024200184239064
3.3535413486651358
3.6281941427524877
4.604932424346583
6.056231960819389
4.916611270709775
3.4484249932111286
4.245092058744802
5.156275780349551
3.5240165841926725
3.2445969041311304
4.5331719743410375
3.149323763383701
3.149323763383701
5.122788899640192
3.383745167158427
3.8030622119744883
3.8030622119744883
3.611611741581571
3.480356195406621
3.253465570469582
3.5324177338681597
3.12559878473071
3.12559878473071
3.12559878473071
4.579882521593554
5.486626721186034
4.979227038502699
3.664799049942764
4.006047268458683
4.203424932573146
3.6835268350601806
5.052149084723871
3.6041440192934857
3.293789896406702
4.200393716951248
2.722850169346094
2.95408624761858
2.59146059286698
3.562200241426491
3.844061870519486
2.806804566413188
2.5612731990244146
2.719915242063937
2.65479229193714
2.937097109661268
3.148693098133582
3.1763726869524422
3.23329208769262
2.9440855550053886
2.6712233328214694
3.0625087694266693
4.049623777974986
4.26351821560575
2.947651149382688
2.512794755670848
3.0842786395400674
2.447049048991934
2.7801943162684015
3.2684080599082126
2.623089803089183
3.594662169346094
3.1170859335423113
1.9932929569536846
2.566651438843266
2.5447904047953465
4.08678013230881
3.1714718675948426
3.0154025663867374
1.857121580342378
4.319419851562083
3.285779126417526
3.2322361006933145
2.6699635255155574
3.021012333249379
2.2792592926283692
1.605723046467979
2.505318323116766
2.9354644318459844
2.3545224942915706
2.5810153541602876
2.5810153541602876
3.393805043379018
2.738080115558061
2.738080115558061
2.738080115558061
4.682176702132315
3.1300236995332487
4.764794776456325
2.5347911252092388
3.063551084148634
3.060115894216386
3.1294144687640175
3.669121765103238
3.669121765103238
4.2673844554039295
4.304609545687096
3.69914299304914
3.616611127517716
2.133026909723803
4.03489336595398
4.906923213686877
5.164949864539638
5.109121244403862
4.7222066570641665
5.22454297281805
3.893422873005701
4.278580787166604
4.157674866680193
4.277597146458531
4.748556804947687
6.185758093524083
6.836763110109502
3.5127901029378226
3.745863859963717
4.189935530747084
4.7567377333751795
3.924871327397275
4.8674838672734655
4.230140227602323
5.586060017149921
5.084527113348601
5.7014418223490395
4.70665258173452
4.311516896929765
4.468463689927143
5.689390416726617
5.1872484797953895
5.480812995701544
6.307079327659622
