3.314072408424373
2.552314799242138
2.4178142228851236
3.0184127726608807
2.9754413240296813
2.9754413240296813
2.9754413240296813
2.9754413240296813
2.9754413240296813
3.0283543111224196
2.8434676573931625
2.8434676573931625
2.8434676573931625
2.8434676573931625
2.8434676573931625
2.8434676573931625
2.8434676573931625
3.0362971873766007
3.0362971873766007
3.0362971873766007
3.0362971873766007
3.0362971873766007
3.415371955897813
2.377171763803066
3.16220492293078
3.211573842894996
2.9522079935707453
3.0121859919016183
3.0121859919016183
3.0121859919016183
2.877748715515242
2.8467450038998656
3.1418436591945156
3.0144498733423504
3.318938439414297
3.1549719699852963
3.1549719699852963
1.7270502138387638
3.1470014014234247
4.305185450192381
3.1701530490657097
3.8453810758463094
3.8453810758463094
3.0461274904841495
2.0639768770462315
3.4464260281936756
4.107221221748997
3.747658911569906
3.2971767860388077
3.951038510585767
3.5057619468205035
3.96459030028522
4.4175536261541595
3.5168490268414843
3.6026397960722534
3.7206141806433237
4.657673905051001
3.9118084318758086
3.690610487335208
4.547520044678259
3.6701181796429
3.6701181796429
3.9319138878360747
3.519146847415108
3.519146847415108
3.519146847415108
3.519146847415108
3.519146847415108
3.519146847415108
3.519146847415108
3.519146847415108
3.6010474427098353
3.6010474427098353
3.6010474427098353
3.6010474427098353
3.6010474427098353
3.6010474427098353
3.6010474427098353
3.6010474427098353
3.6010474427098353
3.6010474427098353
3.6010474427098353
3.6010474427098353
4.699606752593993
3.012766650143865
3.2696030252779353
3.7597973032288436
4.79931412083295
3.7221776079930207
4.693572237543824
4.693572237543824
4.693572237543824
4.693572237543824
4.693572237543824
2.044619197225172
4.665694511791316
4.789048090187899
4.306437600474757
4.306437600474757
4.306437600474757
3.816709824163997
4.75954991548125
4.270517064430166
4.757696848282679
5.075769346007703
4.29845725898799
3.493060719843661
4.198066816045692
3.8411549783910885
3.8411549783910885
3.8411549783910885
3.8411549783910885
3.3937942667915975
3.3937942667915975
3.3937942667915975
3.3937942667915975
4.5669576390032525
4.577292049514802
3.8715867769130536
3.8715867769130536
3.8715867769130536
3.8715867769130536
3.8715867769130536
3.8358327283300575
3.6405662817798348
3.6405662817798348
3.6405662817798348
4.849829185363909
4.836657738167038
4.016557704778625
4.016557704778625
4.016557704778625
4.913960345728968
4.648434846717599
4.154702026482227
3.4465790846053626
4.534119880399514
4.589406768315735
4.178495130284643
3.703288242413648
4.1169773737172815
4.799528868075327
4.799528868075327
4.799528868075327
4.799528868075327
3.809302768815888
3.809302768815888
3.809302768815888
4.604042010842869
4.7650398538942005
3.422375156092343
3.422375156092343
3.422375156092343
3.422375156092343
3.165015718418264
4.400141375418589
4.8203787300372865
3.713622363679278
3.2473748335932147
3.976270655119423
3.976270655119423
3.976270655119423
3.976270655119423
3.501788801204551
3.501788801204551
3.501788801204551
4.707919750670607
3.2532750590776054
3.2532750590776054
5.151396438187605
3.4101290846053605
2.1769283745946506
4.372236817367945
4.664208243552828
4.664208243552828
4.664208243552828
4.847077012033123
4.2681916352126485
4.495850909598404
4.495850909598404
3.5105244233764825
2.5330413694420244
2.5330413694420244
2.5330413694420244
2.5330413694420244
2.5330413694420244
2.5330413694420244
2.5330413694420244
2.5330413694420244
2.5330413694420244
2.5330413694420244
2.5330413694420244
2.5330413694420244
2.5330413694420244
2.5330413694420244
2.5330413694420244
3.888459749569277
3.888459749569277
3.888459749569277
3.888459749569277
3.3435877644428826
5.220928499943
4.148880609652849
4.438496239404699
4.438496239404699
4.438496239404699
4.438496239404699
4.438496239404699
4.438496239404699
4.438496239404699
4.213963100218219
4.309181435426387
2.9901090770127716
3.363062171554045
3.363062171554045
3.363062171554045
3.363062171554045
3.363062171554045
5.329562311744654
4.032200978058536
4.032200978058536
4.032200978058536
4.558811296190685
4.8600562301729235
4.8600562301729235
4.8600562301729235
4.8600562301729235
4.8600562301729235
4.8600562301729235
4.8600562301729235
4.8600562301729235
4.8600562301729235
4.8600562301729235
4.8600562301729235
4.8600562301729235
4.8600562301729235
4.8600562301729235
4.8600562301729235
4.8600562301729235
3.9924462741482483
2.358904122478462
5.863276714098283
4.115697758256159
4.115697758256159
4.115697758256159
4.115697758256159
4.115697758256159
2.4622659570122334
2.4622659570122334
2.4622659570122334
4.779360663552731
4.779360663552731
4.779360663552731
3.735291492509882
5.365993852899763
2.93375951747635
2.93375951747635
4.642545990803205
4.449021955897813
4.865208936548421
4.713209043809901
2.822017887660648
2.822017887660648
2.822017887660648
2.822017887660648
2.822017887660648
2.822017887660648
2.822017887660648
2.822017887660648
2.822017887660648
2.822017887660648
2.276169516273752
4.128320365175483
4.414148947001936
4.414148947001936
5.119027713850466
4.7318714853087
4.5624591759589075
4.5624591759589075
4.5624591759589075
4.5624591759589075
4.5624591759589075
3.160094822645396
5.9004154371059165
5.9004154371059165
3.598997970370613
3.598997970370613
3.598997970370613
3.598997970370613
3.598997970370613
3.598997970370613
5.824463317014184
3.633206779754282
3.808590895562757
3.808590895562757
3.808590895562757
4.73368817605636
4.73368817605636
5.0020554927933745
3.65226221448958
3.65226221448958
4.274513229511616
4.274513229511616
5.053965791152251
4.533402293198968
2.2900949680012452
5.020861999403694
4.263681653480674
4.235548790671766
4.235548790671766
4.235548790671766
4.912693289127958
4.789018853756231
4.068984467739586
2.9759733322330213
3.943869083384657
4.0503200394232675
4.0503200394232675
4.0503200394232675
4.0503200394232675
4.0503200394232675
4.0503200394232675
4.0503200394232675
4.0503200394232675
4.0503200394232675
4.0503200394232675
4.0503200394232675
4.0503200394232675
4.0503200394232675
4.0503200394232675
4.0503200394232675
4.0503200394232675
4.0503200394232675
4.0503200394232675
4.0503200394232675
4.0503200394232675
4.0503200394232675
4.0503200394232675
4.0503200394232675
4.0503200394232675
4.0503200394232675
4.0503200394232675
4.0503200394232675
4.0503200394232675
4.0503200394232675
4.0503200394232675
4.0503200394232675
4.0503200394232675
4.0503200394232675
4.0503200394232675
4.0503200394232675
4.0503200394232675
4.0503200394232675
5.487414378012053
3.911552436151567
3.911552436151567
3.911552436151567
3.910697661473236
3.910697661473236
5.9200200887210315
4.86306560844795
4.170425874967034
4.170425874967034
4.170425874967034
4.170425874967034
4.170425874967034
5.4986463403966885
5.301108465590808
4.6504932550291915
3.4605350276804305
4.3191296776186086
4.645783921839367
4.545648160154743
5.405114985613837
3.5525547751043414
2.6170936493199264
4.064758412417254
6.307527394162673
3.374668976287773
3.7751236687992424
3.8904808316364043
4.889087637306097
4.755685798874218
4.784412467412032
5.885367623189192
5.246066066838223
3.610769891508273
4.670742681840509
4.897145908354194
4.288572750318676
6.219259756056325
5.472556683933956
3.8403539724858344
4.3290257810215005
3.696136727767062
5.086932734199481
4.84400677791941
4.916644030263679
5.389864366394578
3.6375967869386603
4.66656420507542
5.505680537505375
5.972541929911401
5.382140994330429
5.137310560928812
5.049033614807589
4.490751049494449
4.326220669612496
4.2824907668341545
4.7184117101805905
4.950678129608944
5.14782161478831
4.706387566576048
5.925152591131653
5.292097962471325
3.853308772877848
4.008662484815444
3.5371016527599153
4.486105655017676
4.302148156134144
4.803635157479855
5.460979944998405
4.320033027746166
4.370696166744223
5.399259329613788
4.646939013454587
3.7955774837413054
5.801445355381373
4.848663293291364
3.714730857389041
4.142813434219353
5.139196457758777
6.277731683731927
3.9902962672833437
4.041855480163488
3.508803199885816
4.70303045436299
5.333434377655502
4.51792996645594
5.500853614321406
5.276901289914624
6.687856626837012
4.834244776485351
5.04286733381584
5.478680977577673
5.486850527326384
5.452368598102571
5.614264601757486
3.6023946569866974
4.249013322719469
5.730104689637957
4.391485853379403
1.0
4.256563391840941
4.881134751290897
4.055673610707344
4.91767902192148
2.8940036252092387
3.189653586524079
4.440180358286947
1.7549570386349824
2.358636074596056
3.400693444213763
2.5810153541602876
4.022161238345941
2.8183185770965213
4.6545593944400085
4.764388339612605
4.199482228442209
5.364781961735868
3.5488878078657518
4.114595500173445
6.459928855245635
3.9733163967885936
4.805410483141156
4.911151476735412
4.8012591887975375
5.301180244190281
4.54849307872551
7.268499711314991
5.229015316753609
6.055767184747635
4.379491195327324
4.977835492910042
4.7184651394128165
5.8972000149792345
5.210592737185097
5.729930201595973
5.457312231540106
6.223371448999598
6.141393272176422
4.808392421267604
5.591946522570627
5.835710308176594
6.240089462522333
5.386248569352182
5.385691078035713
6.4378714200619775
5.77851084114371
6.512166946846091
