5.725700000000005
5.149800000000004
4.490820000000004
4.182400000000003
6.600500000000006
3.9704400000000026
5.009700000000003
3.8378000000000023
3.8378000000000023
4.135700000000003
3.662020000000002
3.662020000000002
3.662020000000002
3.277400000000002
3.277400000000002
3.277400000000002
3.353600000000001
3.353600000000001
3.353600000000001
3.353600000000001
3.353600000000001
3.353600000000001
3.8900000000000023
5.037200000000004
5.105600000000004
3.7828000000000017
4.402900000000003
3.832100000000003
4.417100000000003
2.6405200000000004
3.403100000000002
2.975100000000001
2.639100000000001
3.7504200000000028
3.5337000000000023
5.241920000000004
3.3614000000000024
3.2821000000000016
2.977500000000001
2.977500000000001
3.693500000000003
3.442000000000002
3.442000000000002
3.442000000000002
3.113620000000002
3.115400000000002
2.5574200000000005
2.5574200000000005
3.227100000000002
2.8469000000000007
2.2490000000000006
2.2490000000000006
2.2490000000000006
2.2490000000000006
2.2490000000000006
2.2490000000000006
3.4482000000000026
3.8442000000000016
2.30344
2.30344
3.730700000000002
2.9278000000000017
1.5779
3.9839000000000024
4.386100000000004
3.126400000000002
3.4727000000000015
2.4085
2.4085
2.4085
2.4085
2.4085
2.1341200000000002
2.1341200000000002
1.6952
2.8858000000000006
2.8858000000000006
2.8858000000000006
2.8858000000000006
2.4151000000000007
3.2619000000000016
3.410800000000002
2.8370000000000006
2.896200000000001
2.1589
3.1373000000000015
4.197300000000004
1.99502
1.99502
1.99502
1.99502
1.99502
1.99502
1.99502
1.99502
1.99502
1.99502
1.99502
1.99502
1.99502
1.99502
1.99502
1.99502
1.99502
1.99502
1.99502
1.99502
1.99502
1.99502
1.99502
1.99502
1.99502
1.99502
1.99502
1.99502
1.99502
1.99502
1.99502
1.99502
1.99502
1.99502
1.99502
1.99502
1.99502
1.99502
1.99502
1.99502
1.99502
1.99502
1.99502
1.99502
1.99502
1.99502
1.99502
1.99502
1.99502
1.99502
1.99502
1.99502
1.99502
1.99502
1.99502
1.99502
1.99502
1.99502
4.837700000000003
1.8256999999999999
1.8256999999999999
1.8256999999999999
1.8256999999999999
1.8256999999999999
1.8256999999999999
1.8256999999999999
1.8256999999999999
1.8256999999999999
2.639800000000001
2.639800000000001
3.396200000000001
2.1561000000000003
2.1561000000000003
1.7283
1.7283
1.7283
1.7283
1.7283
1.7283
1.7283
1.7283
2.3296
3.4524000000000017
3.9733000000000036
1.75268
2.1163999999999996
1.1789
1.1789
1.1789
1.1789
1.70062
4.2630000000000035
2.646000000000001
4.151100000000003
2.730100000000001
2.730100000000001
3.457600000000001
1.1453
1.5582799999999999
1.4990999999999999
1.4990999999999999
3.5832000000000024
3.6259000000000023
4.738020000000004
1.3921999999999999
1.3921999999999999
1.3921999999999999
1.6866
1.6866
1.6866
1.6866
1.6866
1.6866
1.6866
1.6866
1.6866
1.6866
1.6866
1.6866
1.6866
1.6866
1.6866
1.6866
1.6866
1.6866
1.6866
1.6866
1.6866
1.6866
1.6866
1.6866
1.6866
3.0307000000000013
4.118500000000003
2.2294
4.4917200000000035
2.623500000000001
2.3937999999999997
2.3414
1.2688000000000001
1.2688000000000001
1.39002
3.6491000000000025
4.606800000000003
1.39002
3.3145200000000017
1.97542
2.823200000000001
1.9752999999999996
1.9752999999999996
1.9752999999999996
1.9752999999999996
1.9752999999999996
1.9752999999999996
1.9752999999999996
2.1683000000000003
2.9539800000000014
2.9539800000000014
2.8095000000000008
3.229000000000002
3.229000000000002
1.2207
2.1250999999999998
1.6669999999999998
0.5739
2.1704
1.8469799999999998
1.5908
1.8135
2.8291200000000014
1.3681
2.950000000000001
3.3107000000000015
3.2603000000000018
2.1166
2.6948000000000008
2.6948000000000008
2.478300000000001
2.2866999999999997
2.6047000000000016
3.279300000000002
1.7754
2.703570000000001
2.2827
1.4163
1.4163
1.4163
2.9403700000000015
2.9403700000000015
2.5287000000000006
2.6149000000000004
2.1386000000000003
2.1386000000000003
2.1386000000000003
2.1386000000000003
2.1386000000000003
2.1386000000000003
2.1386000000000003
2.3047000000000004
2.3047000000000004
2.3047000000000004
2.3047000000000004
2.3047000000000004
2.3047000000000004
2.3047000000000004
2.3047000000000004
2.3047000000000004
2.1386000000000003
2.4488000000000003
1.3364
1.3364
1.3364
1.3918000000000001
2.3047000000000004
1.5025
1.5025
1.5025
1.8926
1.8926
1.8926
1.1898
2.5505000000000004
1.6336000000000002
2.4488000000000003
1.7265
1.7265
1.7265
2.4488000000000003
1.1124
1.1124
1.1124
1.1124
1.1124
1.8667
3.1979000000000015
1.3364
1.3364
1.3364
2.6149000000000004
2.0882
2.0882
2.0882
2.0882
1.8926
1.8926
1.8926
2.0587
2.0915999999999997
1.7485
1.7485
2.3961000000000006
2.27867
2.0587
1.4096
2.4598000000000004
2.4598000000000004
2.4598000000000004
1.5191
1.5191
1.9903
1.8031
1.8031
1.532
1.1923000000000001
1.1923000000000001
1.1923000000000001
1.8926
1.8926
1.4820200000000001
2.1386000000000003
2.0457
1.9145999999999999
1.9145999999999999
1.9145999999999999
1.9145999999999999
1.9145999999999999
1.4766000000000001
1.4766000000000001
3.6716000000000024
1.0496
1.47618
1.5733000000000001
1.7485
0.5952999999999999
2.4598000000000004
1.4766000000000001
1.6685999999999999
2.0866
1.2565
2.0587
0.9758
0.9758
0.9758
2.4488000000000003
2.5645000000000007
1.3502
1.2201
1.7485
1.7485
1.7485
1.7485
1.7485
1.7485
1.7485
1.5025
1.5025
1.5025
1.5025
1.5025
1.5025
1.5025
1.6981
3.5028000000000024
1.6002
1.1923
0.9462999999999999
0.9462999999999999
1.1636
3.5028000000000024
0.39880000000000015
1.6583999999999999
1.1419
2.1603000000000003
1.7592799999999997
1.6002
1.0865
1.8031
0.9188
1.3584
1.03568
2.1178
1.1731999999999998
1.8439999999999999
1.6556
1.5025
0.37129999999999996
0.2650799999999999
0.9502999999999999
2.2138
0.6713
1.8401
1.1164
1.1164
2.812100000000001
0.47948
0.8125
1.3800999999999999
1.7277
2.2730000000000006
1.8960000000000001
0.6879
2.2028
1.7277
1.6859
0.3941
3.561200000000002
0.5857
0.5857
0.5857
1.8127
1.214
1.8926
0.8717000000000001
1.8127
1.8127
1.8127
0.5601999999999999
-0.16002
1.3376
1.3376
1.28698
2.4488000000000003
-0.1849
-0.1849
2.4488000000000003
2.706900000000001
2.706900000000001
1.0489
2.0587
2.0587
2.0587
2.0587
2.0587
1.9903
1.9903
3.0050000000000017
1.1473
0.7202999999999999
1.1731999999999998
2.2138
1.3542
3.1948000000000016
2.2138
2.4693000000000005
3.4586000000000023
1.71748
2.2146
1.34378
1.6859
3.2022000000000013
0.6361
0.6361
0.6361
0.6361
2.4488000000000003
2.7810000000000015
3.5691000000000024
3.096400000000002
2.811000000000001
3.561200000000002
4.739500000000004
3.727300000000003
5.1296000000000035
