3.3668000000000022
2.1460999999999997
1.756
10.11759999999999
10.11759999999999
6.062900000000008
9.860099999999994
0.5952999999999999
29.51550000000006
29.51550000000006
29.51550000000006
29.51550000000006
29.51550000000006
29.51550000000006
29.51550000000006
29.51550000000006
29.51550000000006
29.51550000000006
29.51550000000006
29.51550000000006
29.51550000000006
29.51550000000006
29.51550000000006
29.51550000000006
29.51550000000006
29.51550000000006
29.51550000000006
29.51550000000006
29.51550000000006
29.51550000000006
29.51550000000006
29.51550000000006
29.51550000000006
29.51550000000006
29.51550000000006
29.51550000000006
29.51550000000006
29.51550000000006
29.515500000000063
29.515500000000063
29.515500000000063
29.515500000000063
29.515500000000063
29.515500000000063
29.515500000000063
29.515500000000063
29.515500000000063
29.515500000000063
29.515500000000063
29.257400000000068
29.257400000000068
29.257400000000068
29.257400000000068
29.257400000000068
29.257400000000068
29.257400000000068
29.257400000000068
29.257400000000068
29.257400000000068
29.257400000000068
29.257400000000068
29.257400000000068
29.257400000000068
29.257400000000068
29.257400000000068
29.257400000000068
29.257400000000068
29.257400000000068
29.257400000000068
29.257400000000068
29.257400000000068
29.257400000000068
29.257400000000068
29.257400000000068
29.257400000000068
29.257400000000068
29.257400000000068
29.257400000000068
29.257400000000068
29.257400000000068
29.257400000000068
29.257400000000068
29.257400000000068
29.257400000000068
29.257400000000068
29.257400000000068
29.257400000000068
29.257400000000068
29.257400000000068
29.257400000000068
29.257400000000068
29.257400000000068
29.257400000000068
29.257400000000068
29.257400000000068
29.257400000000068
29.257400000000068
29.257400000000068
29.257400000000068
29.257400000000068
29.257400000000068
29.257400000000068
29.257400000000068
29.257400000000068
29.257400000000068
29.257400000000068
29.257400000000068
29.257400000000068
29.257400000000068
29.257400000000068
29.257400000000068
29.257400000000068
29.257400000000068
29.257400000000068
29.257400000000068
29.257400000000068
29.257400000000068
29.257400000000068
29.257400000000068
29.257400000000068
29.257400000000068
29.257400000000068
29.257400000000068
29.257400000000068
29.257400000000068
29.257400000000068
29.257400000000068
29.257400000000068
29.257400000000068
29.257400000000068
29.257400000000068
29.257400000000068
29.257400000000068
29.257400000000068
29.257400000000068
29.257400000000068
29.257400000000068
29.257400000000068
29.257400000000068
29.257400000000068
29.257400000000068
29.257400000000068
29.257400000000068
29.257400000000068
29.257400000000068
29.257400000000068
29.257400000000068
29.257400000000068
29.257400000000068
29.257400000000068
29.257400000000068
29.257400000000068
29.257400000000068
29.257400000000068
29.257400000000068
29.257400000000068
29.257400000000068
29.257400000000068
29.257400000000068
29.257400000000068
29.257400000000068
29.257400000000068
29.257400000000068
29.257400000000068
29.257400000000068
29.257400000000068
29.257400000000068
29.257400000000068
29.257400000000068
29.257400000000068
29.257400000000068
29.257400000000068
29.257400000000068
29.257400000000068
29.257400000000068
29.257400000000068
29.257400000000068
29.257400000000068
29.257400000000068
29.257400000000068
29.257400000000068
29.257400000000068
29.257400000000068
29.257400000000068
29.257400000000068
29.257400000000068
29.257400000000068
29.257400000000068
29.257400000000068
29.257400000000068
29.257400000000068
29.257400000000068
29.257400000000068
29.257400000000068
29.257400000000068
29.257400000000068
29.257400000000068
29.257400000000068
29.257400000000068
29.257400000000068
29.257400000000068
29.257400000000068
29.257400000000068
29.257400000000068
29.257400000000068
29.257400000000068
29.257400000000068
29.257400000000068
29.257400000000068
29.257400000000068
29.257400000000068
29.257400000000068
29.257400000000068
29.257400000000068
29.257400000000068
29.257400000000068
29.257400000000068
29.257400000000068
29.257400000000068
29.257400000000068
29.257400000000068
29.257400000000068
29.257400000000068
29.257400000000064
29.257400000000064
29.257400000000064
29.257400000000064
29.257400000000064
29.257400000000064
29.257400000000064
29.257400000000064
29.257400000000064
29.257400000000064
29.257400000000064
29.257400000000064
29.257400000000064
29.257400000000064
29.257400000000064
29.257400000000064
29.257400000000064
29.257400000000064
29.257400000000064
29.257400000000064
29.257400000000064
29.257400000000064
29.25740000000006
29.097900000000063
29.097900000000063
29.125400000000067
29.167900000000067
28.867300000000064
28.867300000000064
28.867300000000064
28.867300000000064
28.867300000000064
28.867300000000064
28.86730000000006
28.86730000000006
28.867300000000064
28.86730000000006
28.86730000000006
28.99090000000007
28.86730000000006
28.86730000000006
28.86730000000006
28.86730000000006
28.86730000000006
28.86730000000006
28.86730000000006
28.86730000000006
28.86730000000006
28.86730000000006
28.86730000000006
28.86730000000006
28.86730000000006
28.86730000000006
28.909800000000065
28.60920000000007
28.60920000000007
28.75030000000007
28.609200000000072
28.609200000000058
28.609200000000058
28.609200000000058
28.90980000000006
28.820300000000064
28.47720000000006
28.47720000000006
28.47720000000006
28.47720000000006
28.47720000000006
28.47720000000006
28.47720000000006
28.47720000000006
28.47720000000006
28.47720000000006
28.47720000000006
28.47720000000006
28.47720000000006
28.47720000000006
28.47720000000006
28.47720000000006
28.47720000000006
28.47720000000006
28.47720000000006
28.47720000000006
28.47720000000006
28.540800000000058
28.477200000000057
28.61830000000006
28.47720000000006
28.64330000000006
28.643300000000067
28.65240000000006
28.63230000000006
28.540800000000058
28.540800000000058
28.219100000000054
28.735700000000087
28.43020000000006
28.451300000000057
28.43020000000006
27.96100000000007
28.345200000000055
28.371900000000057
27.986400000000067
28.087100000000056
28.087100000000056
28.087100000000056
28.866800000000065
28.45700000000006
28.438100000000063
28.463000000000058
28.74210000000006
28.253200000000056
27.82900000000006
28.90820000000006
27.829000000000054
27.829000000000054
28.103700000000067
28.103700000000067
28.087100000000056
27.92900000000006
27.786500000000053
28.013400000000086
28.087400000000052
28.090500000000056
27.981800000000057
27.981800000000057
27.981800000000057
27.981800000000057
27.981800000000057
27.981800000000057
27.981800000000057
27.981800000000057
27.981800000000057
27.981800000000057
27.981800000000057
27.981800000000057
27.981800000000057
27.981800000000057
27.981800000000057
27.981800000000057
27.981800000000057
27.981800000000057
27.981800000000057
27.981800000000057
27.981800000000057
27.981800000000057
27.981800000000057
27.981800000000057
27.981800000000057
27.981800000000057
27.981800000000057
27.981800000000057
27.981800000000057
27.981800000000057
27.981800000000057
27.981800000000057
27.981800000000057
27.981800000000057
27.981800000000057
27.981800000000057
27.981800000000057
27.981800000000057
27.981800000000057
27.981800000000057
27.981800000000057
27.981800000000057
27.981800000000057
27.981800000000057
27.981800000000057
27.981800000000057
27.570900000000055
27.697000000000052
27.981800000000057
28.659200000000062
28.51810000000006
28.51810000000006
28.51810000000006
28.51810000000006
28.51810000000006
28.51810000000006
28.560600000000065
28.560600000000065
27.713600000000053
27.913400000000056
27.605000000000057
27.67670000000007
28.333100000000066
27.881180000000064
28.486100000000064
27.10620000000006
28.44970000000006
27.64950000000007
28.560100000000066
27.286600000000064
27.286600000000057
27.86990000000006
28.128000000000053
27.965300000000056
28.022700000000064
28.12750000000006
27.123200000000065
27.194670000000045
26.791200000000057
26.476300000000045
27.254900000000053
26.279300000000045
25.626300000000054
26.13660000000004
2.1494999999999997
26.08620000000004
27.706200000000052
25.60010000000005
25.69610000000004
25.356400000000036
25.844000000000033
26.484000000000066
24.535400000000035
24.535400000000035
24.535400000000035
24.136600000000023
24.054100000000023
23.718900000000033
23.365100000000023
23.374100000000016
23.081200000000013
23.28800000000003
23.23310000000002
22.30460000000003
22.30460000000003
22.425000000000026
7.4283000000000055
22.922400000000017
9.933299999999994
21.540700000000026
21.540700000000026
21.19400000000002
21.259200000000025
21.435480000000023
21.044800000000023
21.044800000000023
12.935099999999977
20.139300000000016
20.121300000000023
19.62560000000002
20.173400000000015
10.176999999999992
19.822400000000012
19.192400000000013
0.6361
19.48498000000001
9.006699999999999
10.50829999999999
10.50829999999999
18.207900000000006
17.6717
17.559699999999996
9.562099999999996
15.435199999999973
5.8181000000000065
10.765799999999986
12.50609999999998
7.641400000000009
4.815500000000005
26.53360000000004
26.53360000000004
5.109200000000004
7.519300000000004
7.951700000000004
7.953300000000007
9.091999999999997
5.810800000000003
9.752299999999993
20.762000000000025
21.939000000000036
27.305300000000056
25.058800000000033
27.162800000000065
