5.657400000000004
5.771220000000004
11.708599999999983
6.171970000000004
4.619200000000003
11.963199999999981
11.86949999999998
11.182199999999986
11.127299999999988
5.197020000000005
5.962120000000005
4.151100000000003
4.151100000000003
5.491420000000004
10.729699999999989
10.84669999999999
5.239220000000005
11.189199999999985
11.189199999999985
11.189199999999985
5.293900000000004
5.039920000000004
10.864299999999986
3.9471000000000034
7.560200000000006
10.717899999999988
4.569220000000003
10.33899999999999
4.903800000000004
10.081499999999995
3.6822000000000026
9.717819999999996
4.500820000000004
10.054299999999992
10.054299999999992
10.054299999999992
4.443400000000004
10.313299999999991
10.99241999999999
10.99241999999999
6.776970000000006
6.776970000000006
10.650999999999987
10.54471999999999
10.54471999999999
5.893200000000005
4.347820000000003
10.49039999999999
10.788799999999988
9.409399999999996
9.409399999999996
9.409399999999996
11.280119999999986
9.804699999999993
10.72989999999999
11.351419999999987
11.351419999999987
11.351419999999987
4.047500000000003
4.047500000000003
4.047500000000003
4.047500000000003
6.249070000000005
10.95189999999999
3.7965000000000027
10.839019999999989
10.913799999999988
9.494899999999994
9.899819999999993
9.899819999999993
10.074699999999993
10.225699999999991
9.845499999999994
9.691399999999996
9.691399999999996
9.691399999999996
11.02261999999999
9.904499999999995
9.904499999999995
10.835619999999992
5.485600000000003
5.485600000000003
3.864900000000003
3.864900000000003
3.864900000000003
3.864900000000003
10.726499999999993
10.726499999999993
10.726499999999993
9.564399999999996
9.825799999999994
11.14751999999999
9.959799999999992
5.251220000000004
10.724719999999992
9.591399999999995
9.730499999999994
9.567699999999997
6.041800000000004
6.041800000000004
10.112199999999993
10.112199999999993
10.100299999999992
10.160099999999991
10.160099999999991
10.673119999999987
3.921020000000002
10.019699999999993
9.374099999999997
3.6574000000000018
9.261499999999998
3.795200000000002
3.795200000000002
9.991719999999995
10.79521999999999
4.320700000000003
9.887799999999995
10.67701999999999
10.607719999999995
6.179600000000004
5.5038000000000045
9.823099999999995
9.823099999999995
9.555999999999997
6.326300000000005
9.684599999999994
9.684599999999994
10.543619999999992
10.543619999999992
9.11282
10.632519999999992
9.869199999999994
11.019299999999989
9.419799999999999
10.046119999999997
10.125719999999994
3.629100000000002
3.629100000000002
10.331919999999995
9.885399999999994
9.578239999999997
9.312999999999999
9.421699999999998
9.926619999999996
10.064419999999997
9.177599999999998
9.390699999999997
11.341899999999985
5.814700000000005
5.814700000000005
8.7596
10.099699999999991
8.8714
10.072919999999996
10.013199999999996
3.8377000000000026
5.565500000000004
9.507199999999997
9.463999999999999
9.438799999999999
10.99091999999999
3.399300000000002
10.37599999999999
10.476699999999992
9.696099999999996
10.56249999999999
5.980800000000005
9.520719999999999
9.069199999999999
5.650200000000003
9.728199999999992
10.131899999999993
9.471499999999997
9.471499999999997
9.735619999999995
9.735619999999995
9.735619999999995
6.7625000000000055
11.188699999999985
10.125419999999997
10.81059999999999
10.555319999999993
10.555319999999993
4.267000000000002
5.6589000000000045
8.9229
9.637399999999996
11.089999999999986
10.064099999999998
10.514619999999992
5.428100000000005
10.673399999999992
9.356899999999996
10.327979999999993
10.469699999999992
10.469699999999992
9.130619999999999
9.17942
9.067700000000002
8.572600000000003
5.385500000000003
5.385500000000003
5.6479000000000035
8.7484
9.096
2.4668
9.461
5.2752200000000045
7.968800000000004
7.968800000000004
9.354919999999998
11.906299999999984
9.244999999999997
10.245819999999995
8.320700000000004
10.532799999999991
8.986099999999999
10.88859999999999
9.492919999999998
9.859819999999996
7.557300000000004
4.579800000000004
10.305399999999992
3.5271000000000017
3.5271000000000017
9.824799999999996
10.43379999999999
8.677600000000004
7.845100000000004
7.845100000000004
10.14961999999999
12.52879999999998
9.660419999999997
9.609019999999997
10.898099999999989
3.9920000000000027
4.298820000000003
5.876620000000005
8.389400000000002
8.815800000000001
7.455000000000004
10.078119999999995
10.690919999999991
9.84172
8.137200000000007
5.320420000000005
9.968499999999993
10.554599999999994
9.617199999999995
5.458100000000005
10.072699999999992
7.3193000000000055
4.961500000000005
3.1370000000000013
4.918500000000006
4.379270000000003
8.938500000000003
8.839200000000002
8.269300000000005
9.392899999999996
10.000399999999996
7.387700000000005
9.781099999999995
9.11862
9.698199999999996
10.514419999999994
6.928370000000004
9.574899999999996
7.371800000000006
8.554800000000002
8.954300000000002
9.435299999999998
5.794300000000004
6.041800000000004
10.130979999999994
6.9165000000000045
7.8940000000000055
4.596200000000005
5.232500000000004
9.265799999999997
8.815700000000001
9.271799999999999
8.030200000000006
8.825500000000002
5.958100000000004
5.958100000000004
10.60799999999999
7.4302000000000055
7.4302000000000055
6.594400000000004
9.732279999999996
5.825700000000004
8.728100000000001
6.767100000000004
5.6517000000000035
9.591199999999997
4.653820000000004
7.776700000000004
8.569200000000002
8.770800000000001
6.940900000000006
5.922800000000004
4.9729000000000045
6.0019000000000045
5.826700000000004
9.693499999999997
7.845100000000004
7.845100000000004
3.9108000000000027
5.478100000000004
8.451500000000003
3.804400000000003
8.450000000000003
9.619499999999995
7.2889000000000035
5.510000000000004
9.086419999999999
5.8681000000000045
6.158600000000005
6.158600000000005
6.158600000000005
6.200800000000005
6.537000000000005
6.537000000000005
6.8376000000000055
6.8376000000000055
3.4372000000000016
6.8376000000000055
6.8376000000000055
6.507000000000005
6.281400000000005
6.281400000000005
6.281400000000005
6.281400000000005
6.281400000000005
6.762600000000006
6.748400000000005
6.464800000000006
5.768500000000005
6.673100000000007
3.5781700000000027
5.633100000000004
5.633100000000004
8.898200000000001
5.0713000000000035
6.303900000000004
6.0232000000000046
8.016600000000006
6.9657000000000036
6.593400000000005
2.0839000000000003
6.146900000000005
6.146900000000005
6.146900000000005
6.146900000000005
6.189400000000005
6.189400000000005
6.189400000000005
5.590700000000004
8.9657
5.878600000000005
6.372500000000006
6.372500000000006
5.726800000000004
5.566400000000004
5.162500000000004
5.0141000000000036
3.8889700000000023
5.718700000000004
5.816300000000005
5.757000000000004
7.387700000000006
5.6471000000000044
6.280500000000005
5.594800000000004
6.392000000000005
8.595900000000002
2.8964000000000008
6.446600000000005
6.423400000000006
8.339200000000005
2.997300000000001
5.912100000000004
5.403700000000005
6.225000000000005
5.921300000000005
5.653500000000005
6.956900000000005
5.597100000000005
2.839800000000001
5.612600000000004
8.07882000000001
5.457200000000004
7.829100000000006
4.532900000000005
6.674900000000004
6.114600000000006
5.535400000000004
6.524800000000005
0.40670000000000006
6.698200000000005
4.816400000000003
4.176020000000002
6.788500000000005
5.725400000000005
5.894900000000005
5.578800000000006
3.8560000000000034
6.179400000000004
2.975100000000001
3.9049000000000023
6.369700000000005
3.4673000000000016
5.440700000000004
5.997700000000005
5.433500000000005
5.261700000000005
5.434100000000004
6.069100000000005
3.362700000000003
6.300800000000006
3.5897000000000023
2.0728
4.166400000000004
11.413099999999986
5.824000000000004
0.6744999999999999
5.143400000000004
3.1705000000000023
2.2923
6.146500000000003
2.591500000000001
6.430500000000006
0.48219999999999996
4.505600000000004
4.031800000000002
4.198800000000003
2.2636000000000003
4.1563000000000025
6.421100000000005
3.0031000000000017
1.3434
3.303700000000002
2.5961000000000007
10.430399999999993
1.9221000000000001
1.1274
2.2780000000000005
6.880100000000006
1.208
9.109599999999999
10.937999999999988
1.3584
1.3584
2.5661000000000005
0.37129999999999996
0.60547
0.5396
0.5396
0.2248
6.823400000000005
7.323600000000006
5.623000000000005
10.238099999999992
0.9572999999999999
0.15250000000000002
0.5601999999999999
4.835100000000004
9.915399999999996
9.877699999999995
0.032299999999999995
9.402899999999997
8.94232
8.310100000000004
8.787600000000001
9.703199999999997
10.43699999999999
8.898200000000001
5.180200000000005
10.24329999999999
9.733599999999996
8.456120000000006
6.195300000000005
3.6803000000000026
8.593500000000004
11.390899999999986
9.356899999999996
9.890199999999995
9.296199999999999
9.0537
6.010200000000005
9.580519999999996
5.524100000000004
8.179100000000005
6.849000000000005
10.034699999999992
5.736070000000005
3.5804000000000027
8.345200000000004
3.7688000000000033
