[0.58873516]
[0.5706361]
[0.53680414]
[0.5807845]
[0.60731786]
[0.63205904]
[0.5764165]
[0.55212754]
[0.5570504]
[0.5759003]
[0.54767084]
[0.5329962]
[0.5329962]
[0.57730067]
[0.41693172]
[0.49091965]
[0.46141496]
[0.6084089]
[0.5803095]
[0.57513934]
[0.50314033]
[0.57004476]
[0.46123543]
[0.46123543]
[0.46123543]
[0.5376477]
[0.5282207]
[0.48195943]
[0.5152011]
[0.48923823]
[0.44915196]
[0.5683795]
[0.5922292]
[0.4828424]
[0.5387023]
[0.4894231]
[0.4886594]
[0.47899857]
[0.52525777]
[0.35247117]
[0.4805514]
[0.41796222]
[0.5542555]
[0.5142035]
[0.55397326]
[0.52420104]
[0.475174]
[0.37972197]
[0.4708046]
[0.3777794]
[0.42963272]
[0.41290656]
[0.46508232]
[0.46336803]
[0.34346595]
[0.53535867]
[0.43684757]
[0.43684757]
[0.32865345]
[0.54593164]
[0.43275005]
[0.50092775]
[0.5032926]
[0.56920975]
[0.3204468]
[0.50502217]
[0.50502217]
[0.5227992]
[0.37656707]
[0.44860584]
[0.42466825]
[0.3303343]
[0.379776]
[0.47235388]
[0.33197725]
[0.35621607]
[0.329511]
[0.329511]
[0.5392575]
[0.51138693]
[0.3746963]
[0.47654536]
[0.5375616]
[0.35674012]
[0.32338506]
[0.5141013]
[0.5141013]
[0.5141013]
[0.4337711]
[0.475392]
[0.3242788]
[0.32630974]
[0.47407204]
[0.46441925]
[0.32755]
[0.32755]
[0.31927222]
[0.31927222]
[0.48496464]
[0.48496464]
[0.4127189]
[0.37672937]
[0.47599]
[0.4113825]
[0.425081]
[0.40678737]
[0.40678737]
[0.40678737]
[0.38376385]
[0.5710995]
[0.32783416]
[0.4385395]
[0.3762216]
[0.44907692]
[0.51112026]
[0.41937003]
[0.32164955]
[0.32164955]
[0.32238784]
[0.32238784]
[0.32238784]
[0.34241426]
[0.4884505]
[0.34144953]
[0.32347846]
[0.32347846]
[0.42687002]
[0.36900654]
[0.43646902]
[0.32163638]
[0.43028754]
[0.32514632]
[0.32514632]
[0.5261813]
[0.33313796]
[0.33408472]
[0.34497073]
[0.34497073]
[0.37543905]
[0.37543905]
[0.46248823]
[0.48586753]
[0.33442882]
[0.32288423]
[0.47274134]
[0.47885627]
[0.3398765]
[0.3774315]
[0.3323673]
[0.41140327]
[0.45509857]
[0.32532284]
[0.48748723]
[0.34297317]
[0.49768475]
[0.3799582]
[0.384664]
[0.384664]
[0.4458181]
[0.3885633]
[0.3332668]
[0.33644992]
[0.45756346]
[0.341052]
[0.321271]
[0.321271]
[0.46298134]
[0.34238347]
[0.4652501]
[0.4652501]
[0.40774274]
[0.43215722]
[0.43215722]
[0.43215722]
[0.43204337]
[0.42048186]
[0.32149106]
[0.32499868]
[0.32499868]
[0.32499868]
[0.32499868]
[0.32499868]
[0.32499868]
[0.32499868]
[0.41137832]
[0.41698787]
[0.33694607]
[0.44522768]
[0.3687934]
[0.3687934]
[0.3687934]
[0.3687934]
[0.3687934]
[0.39696014]
[0.338344]
[0.40821737]
[0.46680734]
[0.32396036]
[0.32396036]
[0.432909]
[0.39097726]
[0.33155045]
[0.38244644]
[0.38244644]
[0.34504232]
[0.46138984]
[0.33584607]
[0.38021034]
[0.35369262]
[0.3874235]
[0.35442513]
[0.37946838]
[0.40103447]
[0.3918239]
[0.3918239]
[0.43378323]
[0.3239]
[0.50308526]
[0.46571255]
[0.3486115]
[0.43113476]
[0.46913135]
[0.33868444]
[0.33868444]
[0.37793735]
[0.37793735]
[0.37793735]
[0.40388495]
[0.40388495]
[0.3857687]
[0.382755]
[0.3276242]
[0.40422267]
[0.37094656]
[0.37094656]
[0.37094656]
[0.37094656]
[0.37094656]
[0.37094656]
[0.38736573]
[0.34734592]
[0.46639976]
[0.33232158]
[0.40820688]
[0.41820022]
[0.37361234]
[0.37361234]
[0.37361234]
[0.32059819]
[0.48324782]
[0.48324782]
[0.347011]
[0.47806028]
[0.3545883]
[0.37053603]
[0.35605383]
[0.35605383]
[0.40767777]
[0.42315578]
[0.42315578]
[0.34014702]
[0.36430803]
[0.37693372]
[0.37693372]
[0.37693372]
[0.46058616]
[0.36138812]
[0.39201847]
[0.35021824]
[0.35021824]
[0.41110945]
[0.35327744]
[0.46898064]
[0.45174032]
[0.3212132]
[0.3552411]
[0.36537015]
[0.40416807]
[0.3377115]
[0.39563793]
[0.35401082]
[0.37278163]
[0.37440765]
[0.3538481]
[0.34153703]
[0.36962706]
[0.36374515]
[0.34883675]
[0.3818321]
[0.46723768]
[0.3297807]
[0.34697238]
[0.3874297]
[0.3673573]
[0.4421958]
[0.37057427]
[0.37769789]
[0.32434285]
[0.34668186]
[0.37036452]
[0.34534568]
[0.34534568]
[0.32597473]
[0.3912763]
[0.32683018]
[0.37134737]
[0.42039528]
[0.37570804]
[0.4207069]
[0.34522]
[0.38783145]
[0.35173997]
[0.32913303]
[0.39654315]
[0.49432173]
[0.32930917]
[0.32814613]
[0.35870212]
[0.4103454]
[0.32325014]
[0.3466414]
[0.3261959]
[0.34540558]
[0.4437488]
[0.3646827]
[0.39004332]
[0.32713264]
[0.33356464]
[0.3564548]
[0.34468478]
[0.38314778]
[0.35820353]
[0.36635482]
[0.32807827]
[0.40652966]
[0.40652966]
[0.38807574]
[0.33795807]
[0.3807284]
[0.38691184]
[0.32400322]
[0.33080748]
[0.38286126]
[0.38286126]
[0.32593015]
[0.3857877]
[0.3689814]
[0.38278228]
[0.34173992]
[0.41623884]
[0.36157176]
[0.39709666]
[0.43383077]
[0.38668874]
[0.33624718]
[0.36661875]
[0.3446626]
[0.4491764]
[0.41368607]
[0.43067834]
[0.3716468]
[0.43387452]
[0.39612636]
[0.39612636]
[0.32832327]
[0.3398621]
[0.33648854]
[0.3514638]
[0.3817288]
[0.35864973]
[0.38871637]
[0.36751023]
[0.36751023]
[0.33753145]
[0.35799956]
[0.50638723]
[0.32801872]
[0.38747847]
[0.34349793]
[0.3637063]
[0.34505743]
[0.32364583]
[0.43393853]
[0.3737274]
[0.34007245]
[0.36276388]
[0.38166535]
[0.33512974]
[0.3288135]
[0.33900237]
[0.36765417]
[0.34777963]
[0.4203436]
[0.3909022]
[0.40160573]
[0.35980213]
[0.36607984]
[0.3879175]
[0.36034945]
[0.38188767]
[0.36841205]
[0.35776037]
[0.357582]
[0.33301678]
[0.39403608]
[0.33081824]
[0.34790432]
[0.36699805]
[0.3628804]
[0.33437812]
[0.34453318]
[0.39511684]
[0.34536397]
[0.38397732]
[0.33827326]
[0.34342653]
[0.3491136]
[0.36510625]
[0.35901374]
[0.32897413]
[0.32897413]
[0.3689407]
[0.34492657]
[0.33850226]
[0.40261617]
[0.4222479]
[0.34941828]
[0.38319746]
[0.35885897]
[0.35460138]
[0.33050373]
[0.3700629]
[0.40707213]
[0.33423945]
[0.34161562]
[0.32614517]
[0.38527733]
[0.35244802]
[0.39282587]
[0.35651177]
[0.35725996]
[0.44051707]
[0.34431252]
[0.36165673]
[0.36165673]
[0.33982298]
[0.42756408]
[0.3567291]
[0.48409313]
[0.5957376]
[0.3301148]
[0.39658743]
[0.37249288]
[0.32149002]
[0.36984947]
[0.32195285]
[0.40839452]
[0.33762437]
[0.36087722]
[0.39250675]
[0.36670208]
[0.48868567]
[0.42567626]
[0.35528442]
[0.6327544]
[0.39966643]
[0.394753]
[0.6110985]
[0.54556274]
[0.4868475]
[0.4036976]
[0.4721295]
[0.57045484]
[0.36853954]
[0.34269357]
[0.33794144]
[0.32482916]
[0.3267714]
[0.39343217]
[0.39244288]
[0.334956]
[0.38722304]
[0.33023295]
[0.4523136]
[0.36541036]
[0.5898061]
[0.32835004]
[0.3585207]
[0.33239836]
[0.33134964]
[0.3571166]
[0.40088543]
[0.5058091]
[0.41454503]
[0.38960525]
[0.32863817]
[0.36932322]
[0.46129727]
[0.4154909]
[0.5307122]
