[0.5411597]
[0.58002627]
[0.57583165]
[0.47788304]
[0.5302495]
[0.5271215]
[0.54768294]
[0.4795609]
[0.503075]
[0.5112706]
[0.45503813]
[0.51956046]
[0.5289262]
[0.51072913]
[0.5093153]
[0.5575434]
[0.4959898]
[0.41433105]
[0.4589155]
[0.4427285]
[0.49210003]
[0.5250888]
[0.5115247]
[0.49930397]
[0.469093]
[0.48739296]
[0.498178]
[0.47348458]
[0.41744727]
[0.49860743]
[0.49444282]
[0.49444282]
[0.49444282]
[0.49444282]
[0.43931603]
[0.43931603]
[0.39879516]
[0.45084685]
[0.42647573]
[0.5198969]
[0.4991594]
[0.4378538]
[0.40071464]
[0.40071464]
[0.45964664]
[0.41060558]
[0.49260396]
[0.46045098]
[0.49609175]
[0.42114767]
[0.39595026]
[0.47330886]
[0.48962602]
[0.43455032]
[0.4269273]
[0.47803935]
[0.46445185]
[0.46445185]
[0.4191725]
[0.4191725]
[0.40543953]
[0.3970856]
[0.36928207]
[0.43504846]
[0.4710562]
[0.4794665]
[0.4544371]
[0.4544371]
[0.4544371]
[0.4544371]
[0.45443833]
[0.4591499]
[0.4591499]
[0.3741292]
[0.43634555]
[0.41508844]
[0.50908124]
[0.46771935]
[0.46771935]
[0.4544371]
[0.37367594]
[0.45839223]
[0.3898051]
[0.38545197]
[0.39172933]
[0.4777259]
[0.38117847]
[0.44703108]
[0.3924516]
[0.37837052]
[0.48833916]
[0.48833916]
[0.385851]
[0.45952567]
[0.5113123]
[0.44594362]
[0.49475065]
[0.5270195]
[0.5140778]
[0.47161835]
[0.39840823]
[0.51176816]
[0.38260832]
[0.35697716]
[0.44300532]
[0.37201592]
[0.3955507]
[0.47667518]
[0.4110757]
[0.41324118]
[0.36090922]
[0.4433696]
[0.42382398]
[0.40704435]
[0.43019798]
[0.37161413]
[0.46245876]
[0.46245876]
[0.3762497]
[0.3762497]
[0.3762497]
[0.3762497]
[0.41323948]
[0.48254874]
[0.37227124]
[0.42509517]
[0.37227747]
[0.507826]
[0.39976865]
[0.41788477]
[0.4525482]
[0.45206925]
[0.35947672]
[0.35947672]
[0.35947672]
[0.35947672]
[0.35947672]
[0.4937511]
[0.39461866]
[0.45885414]
[0.46049464]
[0.47081026]
[0.4060003]
[0.40874285]
[0.3592951]
[0.4603137]
[0.5097845]
[0.44913936]
[0.39713725]
[0.36582255]
[0.42788184]
[0.44496337]
[0.44496337]
[0.35071063]
[0.39215]
[0.39215]
[0.39215]
[0.3927903]
[0.3927903]
[0.41570765]
[0.35195318]
[0.4219518]
[0.376361]
[0.39334163]
[0.42464325]
[0.42464325]
[0.42464325]
[0.36271787]
[0.36271787]
[0.39384773]
[0.39384773]
[0.39384773]
[0.39384773]
[0.42926276]
[0.4553928]
[0.40167323]
[0.40167323]
[0.38434434]
[0.35562384]
[0.3858033]
[0.48241842]
[0.4755589]
[0.4755589]
[0.41981974]
[0.4198197]
[0.38471228]
[0.38471228]
[0.4074413]
[0.4053207]
[0.4053207]
[0.4053207]
[0.46719044]
[0.43974993]
[0.4229183]
[0.39486948]
[0.41894016]
[0.41894016]
[0.41894016]
[0.45465133]
[0.40260687]
[0.37188604]
[0.37188604]
[0.37188604]
[0.4197689]
[0.41565302]
[0.45484874]
[0.3703131]
[0.42040852]
[0.42040852]
[0.41570765]
[0.34644258]
[0.34493902]
[0.34493902]
[0.34493902]
[0.34493902]
[0.34493902]
[0.36006987]
[0.388654]
[0.34049487]
[0.34049487]
[0.34049487]
[0.34049487]
[0.34049487]
[0.3809011]
[0.4018553]
[0.4018553]
[0.4018553]
[0.4018553]
[0.4018553]
[0.36695874]
[0.41021836]
[0.41021836]
[0.41021836]
[0.45217052]
[0.42163783]
[0.39962494]
[0.40684956]
[0.36928457]
[0.43684897]
[0.35978606]
[0.35978606]
[0.47642958]
[0.38162392]
[0.38162392]
[0.4478073]
[0.3939573]
[0.35814217]
[0.35814217]
[0.35814217]
[0.4052374]
[0.35335338]
[0.35335338]
[0.35335338]
[0.3610423]
[0.3626248]
[0.46098512]
[0.46642065]
[0.4025026]
[0.41710562]
[0.46955407]
[0.4187552]
[0.41803053]
[0.3935834]
[0.33139572]
[0.33139572]
[0.33139572]
[0.36778468]
[0.44827443]
[0.3825109]
[0.3825109]
[0.3595912]
[0.3595912]
[0.4317767]
[0.37446937]
[0.3576147]
[0.3879588]
[0.42630833]
[0.38866082]
[0.464982]
[0.38365668]
[0.37063906]
[0.38774142]
[0.38774142]
[0.38774142]
[0.35041687]
[0.3974878]
[0.37445456]
[0.36811528]
[0.45165262]
[0.38464883]
[0.3407959]
[0.3407959]
[0.3407959]
[0.4248264]
[0.38225043]
[0.41797438]
[0.39254132]
[0.39914224]
[0.39914224]
[0.37206018]
[0.38800436]
[0.42389897]
[0.36328015]
[0.34142485]
[0.37689367]
[0.4066741]
[0.37885058]
[0.44331864]
[0.35929114]
[0.35929114]
[0.3662086]
[0.36332673]
[0.36332673]
[0.34846297]
[0.34846297]
[0.34846297]
[0.34846297]
[0.34846297]
[0.34846297]
[0.4820066]
[0.4238904]
[0.3936303]
[0.3787452]
[0.38150918]
[0.3778341]
[0.37755448]
[0.393038]
[0.44409284]
[0.40754864]
[0.37572932]
[0.43598583]
[0.40120792]
[0.38637024]
[0.38637024]
[0.33636707]
[0.4484537]
[0.33657992]
[0.34180644]
[0.36064452]
[0.35329488]
[0.35329488]
[0.35329488]
[0.3609927]
[0.45708406]
[0.3335321]
[0.41047373]
[0.45751953]
[0.44353718]
[0.38793316]
[0.4222387]
[0.46293193]
[0.52058864]
[0.38810167]
[0.38699695]
[0.33696267]
[0.37533003]
[0.4151364]
[0.41926077]
[0.3707889]
[0.32898307]
[0.41140077]
[0.38050234]
[0.35480094]
[0.39273542]
[0.35342664]
[0.41308752]
[0.44841036]
[0.35314634]
[0.34729743]
[0.39658648]
[0.3819976]
[0.35626206]
[0.33751777]
[0.41112277]
[0.43375283]
[0.37009248]
[0.41364712]
[0.35784346]
[0.34353867]
[0.3354411]
[0.36244944]
[0.35926256]
[0.37762544]
[0.3518503]
[0.4425743]
[0.35571802]
[0.41167238]
[0.32296813]
[0.37487993]
[0.4361359]
[0.39518252]
[0.3559604]
[0.37091592]
[0.40890092]
[0.42125097]
[0.4529551]
[0.36789066]
[0.36893123]
[0.35822493]
[0.38823804]
[0.4187656]
[0.4128207]
[0.40590146]
[0.39841217]
[0.44671667]
[0.37770692]
[0.39912155]
[0.42158428]
[0.39402348]
[0.340738]
[0.3811279]
[0.38786662]
[0.3599889]
[0.3658854]
[0.33250144]
[0.39466485]
[0.37448883]
[0.36072195]
[0.33836415]
[0.39961368]
[0.39715376]
[0.3687934]
[0.33117208]
[0.36138552]
[0.36038584]
[0.35650215]
[0.3923904]
[0.3858183]
[0.35545164]
[0.3726449]
[0.40596256]
[0.34919372]
[0.31061235]
[0.33075306]
[0.38837054]
[0.34837022]
[0.3411703]
[0.3411703]
[0.32166237]
[0.33292985]
[0.43983108]
[0.3710695]
[0.41109818]
[0.35572672]
[0.3241878]
[0.35750905]
[0.33733055]
[0.3409838]
[0.35932124]
[0.31706548]
[0.36674243]
[0.3484605]
[0.36578363]
[0.45749778]
[0.32307884]
[0.33055982]
[0.35124567]
[0.3421336]
[0.35430408]
[0.34568265]
[0.36843625]
[0.33202952]
[0.33202952]
[0.33477148]
[0.3257834]
[0.33148795]
[0.3772649]
[0.43467146]
[0.38203177]
[0.3351829]
[0.3351829]
[0.35725495]
[0.35725495]
[0.35725495]
[0.3226366]
[0.36512232]
[0.31881133]
[0.32638255]
[0.45957935]
[0.3148242]
[0.35283673]
[0.43494353]
[0.48938859]
[0.33227226]
[0.33227226]
[0.40665695]
[0.27936387]
[0.27447945]
[0.5231419]
[0.40492]
[0.51014787]
[0.42865387]
[0.37946787]
[0.41366068]
[0.40170804]
[0.3771931]
[0.469662]
[0.39547142]
[0.43672523]
[0.4496126]
