[0.7407073]
[0.28552786]
[0.28552786]
[0.10843158]
[0.08864103]
[0.08864103]
[0.08864103]
[0.08864103]
[0.07845213]
[0.05786245]
[0.03332718]
[0.03332718]
[0.03332718]
[0.03332718]
[0.03332718]
[0.03332718]
[0.03332718]
[0.03332718]
[0.03332718]
[0.03332718]
[0.03332718]
[0.03332718]
[0.03332718]
[0.03332718]
[0.03332718]
[0.03332718]
[0.03332718]
[0.03332718]
[0.03332718]
[0.03332718]
[0.03332718]
[0.03332718]
[0.03332718]
[0.03332718]
[0.03332718]
[0.03332718]
[0.03332718]
[0.03332718]
[0.03332718]
[0.03332718]
[0.03332718]
[0.03332718]
[0.03332718]
[0.03332718]
[0.03332718]
[0.03332718]
[0.03332718]
[0.03332718]
[0.03332718]
[0.03332718]
[0.03332718]
[0.03332718]
[0.03332718]
[0.03332718]
[0.03332718]
[0.03332718]
[0.03332718]
[0.03332718]
[0.0001704]
[0.0001704]
[0.0001704]
[0.0001704]
[0.0001704]
[0.0001704]
[0.0001704]
[0.0001704]
[0.0001704]
[0.0001704]
[0.0001704]
[0.0001704]
[0.0001704]
[0.0001704]
[0.0001704]
[0.0001704]
[0.0001704]
[0.0001704]
[0.0001704]
[0.0001704]
[0.0001704]
[0.0001704]
[0.0001704]
[0.0001704]
[0.0001704]
[0.0001704]
[0.0001704]
[0.0001704]
[0.0001704]
[0.0001704]
[0.0001704]
[0.0001704]
[0.0001704]
[0.0001704]
[0.0001704]
[0.0001704]
[0.0001704]
[0.0001704]
[0.0001704]
[0.0001704]
[0.0001704]
[0.0001704]
[0.0001704]
[0.0001704]
[0.0001704]
[0.0001704]
[0.0001704]
[0.0001704]
[0.0001704]
[0.0001704]
[0.0001704]
[0.0001704]
[0.0001704]
[0.0001704]
[0.0001704]
[0.0001704]
[0.0001704]
[0.0001704]
[0.0001704]
[0.0001704]
[0.0001704]
[0.0001704]
[0.0001704]
[0.0001704]
[0.0001704]
[0.0001704]
[0.0001704]
[0.0001704]
[0.0001704]
[0.0001704]
[0.0001704]
[0.0001704]
[0.0001704]
[0.0001704]
[0.0001704]
[0.0001704]
[0.0001704]
[0.0001704]
[0.0001704]
[0.0001704]
[0.0001704]
[0.0001704]
[0.0001704]
[0.0001704]
[0.0001704]
[0.0001704]
[0.0001704]
[0.0001704]
[0.0001704]
[0.0001704]
[0.0001704]
[0.0001704]
[0.0001704]
[0.0001704]
[0.0001704]
[0.0001704]
[0.0001704]
[0.0001704]
[0.0001704]
[0.0001704]
[0.0001704]
[0.0001704]
[0.0001704]
[0.0001704]
[0.0001704]
[0.0001704]
[0.0001704]
[0.0001704]
[0.0001704]
[0.0001704]
[0.0001704]
[0.0001704]
[0.0001704]
[0.0001704]
[0.0001704]
[0.0001704]
[0.0001704]
[0.0001704]
[0.0001704]
[0.0001704]
[0.0001704]
[0.0001704]
[0.0001704]
[0.0001704]
[0.0001704]
[0.0001704]
[0.0001704]
[0.0001704]
[0.0001704]
[0.0001704]
[0.0001704]
[0.0001704]
[0.0001704]
[0.0001704]
[0.0001704]
[0.0001704]
[0.0001704]
[0.0001704]
[0.0001704]
[0.0001704]
[0.0001704]
[0.0001704]
[0.0001704]
[0.0001704]
[0.0001704]
[0.0001704]
[0.0001704]
[0.0001704]
[0.0001704]
[0.0001704]
[0.0001704]
[0.0001704]
[0.0001704]
[0.0001704]
[0.0001704]
[0.0001704]
[0.0001704]
[0.0001704]
[0.0001704]
[0.0001704]
[0.0001704]
[0.0001704]
[0.0001704]
[0.0001704]
[0.0001704]
[0.0001704]
[0.0001704]
[0.0001704]
[0.0001704]
[0.0001704]
[0.0001704]
[0.0001704]
[0.0001704]
[0.0001704]
[0.0001704]
[0.0001704]
[0.0001704]
[0.0001704]
[0.0001704]
[0.0001704]
[0.0001704]
[0.0001704]
[0.0001704]
[0.0001704]
[0.0001704]
[0.0001704]
[0.0001704]
[0.0001704]
[0.0001704]
[0.0001704]
[0.0001704]
[0.0001704]
[0.0001704]
[0.0001704]
[0.0001704]
[0.0001704]
[0.0001704]
[0.0001704]
[0.0001704]
[0.0001704]
[0.0001704]
[0.0001704]
[0.0001704]
[0.0001704]
[0.0001704]
[0.0001704]
[0.0001704]
[0.0001704]
[0.0001704]
[0.0001704]
[0.0001704]
[0.0001704]
[0.0001704]
[0.0001704]
[0.0001704]
[0.0001704]
[0.0001704]
[0.0001704]
[0.0001704]
[0.0001704]
[0.0001704]
[0.0001704]
[0.0001704]
[0.0001704]
[0.0001704]
[0.0001704]
[0.0001704]
[0.0001704]
[0.0001704]
[0.0001704]
[0.0001704]
[0.0001704]
[0.0001704]
[0.0001704]
[0.0001704]
[0.0001704]
[0.0001704]
[0.0001704]
[0.0001704]
[0.0001704]
[0.0001704]
[0.0001704]
[0.0001704]
[0.0001704]
[0.0001704]
[0.0001704]
[0.0001704]
[0.0001704]
[0.0001704]
[0.0001704]
[0.0001704]
[0.0001704]
[0.0001704]
[0.0001704]
[0.0001704]
[0.0001704]
[0.0001704]
[0.0001704]
[0.0001704]
[0.0001704]
[0.0001704]
[0.0001704]
[0.0001704]
[0.0001704]
[0.0001704]
[0.0001704]
[0.0001704]
[0.0001704]
[0.0001704]
[0.0001704]
[0.0001704]
[0.0001704]
[0.0001704]
[0.0001704]
[0.0001704]
[0.0001704]
[0.0001704]
[0.0001704]
[0.0001704]
[0.0001704]
[0.0001704]
[0.0001704]
[0.0001704]
[0.0001704]
[0.0001704]
[0.0001704]
[0.0001704]
[0.0001704]
[0.0001704]
[0.0001704]
[0.0001704]
[0.0001704]
[0.0001704]
[0.0001704]
[0.0001704]
[0.0001704]
[0.0001704]
[0.0001704]
[0.0001704]
[0.0001704]
[0.0001704]
[0.0001704]
[0.0001704]
[0.0001704]
[0.0001704]
[0.0001704]
[0.0001704]
[0.0001704]
[0.0001704]
[0.0001704]
[0.0001704]
[0.0001704]
[0.0001704]
[0.0001704]
[0.0001704]
[0.00017037]
[0.00017037]
[0.02518801]
[0.00017049]
[0.00017049]
[0.00017049]
[0.00017049]
[0.00017049]
[0.00017053]
[0.02417196]
[0.02417196]
[0.02417196]
[0.02417196]
[0.02417196]
[0.00017053]
[0.00017053]
[0.00017053]
[0.00017047]
[0.00017047]
[0.00017041]
[0.0001704]
[0.0001704]
[0.0001704]
[0.0001704]
[0.0001706]
[0.0001706]
[0.0001706]
[0.0001706]
[0.0001706]
[0.0001706]
[0.0001706]
[0.0001706]
[0.0001706]
[0.0001706]
[0.0001706]
[0.0001706]
[0.0001706]
[0.0001703]
[0.00017011]
[0.00017047]
[0.00017073]
[0.00017073]
[0.00017073]
[0.00017073]
[0.00017047]
[0.00017122]
[0.00017146]
[0.02154231]
[0.02154231]
[0.02154231]
[0.02154231]
[0.02154231]
[0.02154231]
[0.02154231]
[0.02154231]
[0.02154231]
[0.02154231]
[0.02154231]
[0.02154231]
[0.02154231]
[0.02154231]
[0.02154231]
[0.02154231]
[0.02154231]
[0.02154231]
[0.02154231]
[0.02154231]
[0.02154231]
[0.02154231]
[0.02154231]
[0.02154231]
[0.02154231]
[0.02154231]
[0.02154231]
[0.02154231]
[0.02154231]
[0.02154231]
[0.00017201]
[0.00017248]
[0.00017353]
[0.00017292]
[0.00017452]
[0.00017294]
[0.00017877]
[0.00018143]
[0.00019846]
[0.00019584]
[0.00017845]
[0.0129186]
[0.00019216]
[0.00017461]
[0.00018405]
[0.0001864]
[0.00906163]
[0.00128679]
[0.00099961]
[0.00069599]
[0.00069599]
[0.00035538]
[0.00019511]
[0.00064189]
[0.00026]
[0.00026]
[0.00026]
[0.00026]
[0.00026]
[0.00026]
[0.00026]
[0.00026]
[0.00026]
[0.00026]
[0.00026]
[0.00026]
[0.00026]
[0.00026]
[0.00026]
[0.00020199]
[0.00020199]
[0.00015911]
[0.00014038]
[0.00018191]
[0.00018191]
[0.00018162]
[0.00018668]
[0.00332229]
[0.00019377]
[0.00017788]
