4.466895742011372
3.0925474762554197
4.72737138913518
4.72737138913518
4.72737138913518
3.384204459384743
3.384204459384743
3.384204459384743
3.5116150576501406
4.15430192973874
3.0440174003776734
3.0077768483110177
3.480220697584679
3.238266452870044
3.3032597070683067
3.3032597070683067
3.3032597070683067
3.3551464328797556
3.3551464328797556
3.3551464328797556
3.4582415747693576
2.946765104651842
3.057739328623886
3.057739328623886
4.052262727131921
3.545942015120092
3.0714264818116703
3.0714264818116703
3.1507758852317735
3.494778113230897
3.497153361273937
3.5077318228123993
3.31332418256625
3.904594363103916
3.904594363103916
3.904594363103916
3.904594363103916
3.904594363103916
3.904594363103916
3.904594363103916
3.904594363103916
3.904594363103916
3.904594363103916
3.904594363103916
3.904594363103916
3.904594363103916
3.904594363103916
3.904594363103916
3.28040900673394
3.7498148827447633
4.10357031596026
4.10357031596026
3.902018978488531
3.9820817003820235
3.8819353521059092
3.3888608566854037
4.193106770648295
4.406819410982883
4.054546046012389
4.054546046012389
4.054546046012389
3.661092688197015
4.03194237973738
3.172184991635355
4.272806674423132
3.3598922010678978
3.5564856342088893
3.625790427303486
4.046668434327952
3.8240726739791837
3.8240726739791837
4.277829800406491
3.101367036071257
3.101367036071257
3.1846183586592884
3.2765658795644494
4.891005055272107
3.392771123040869
3.5325055408926307
3.5671226393912034
3.5671226393912034
4.68771042642258
3.779283457427784
3.779283457427784
3.418356271175007
3.4140544701684776
3.1220193850413454
3.1220193850413454
3.1220193850413454
3.019412445866605
3.9375460790802483
3.2852396611157477
3.57679325424394
3.221453266056857
4.649642515635142
4.723995185484432
4.761222369299179
4.421080380504707
3.906529876225857
3.906529876225857
3.2374653510713243
3.976709003743064
4.530206816161819
4.516618904285954
4.516618904285954
3.7043108128080586
4.519003330902281
3.8442221839181645
4.816786530524746
4.816786530524746
3.504142880005446
3.1819762674423
4.55058902190788
4.057048838659574
3.8478443648490437
3.278357084462664
3.576284130504707
2.799544253769689
4.105539153930929
4.398804240992046
3.6729483499713487
3.6729483499713487
3.209719134831099
3.7993231205003655
4.632566593733645
4.632566593733645
3.320564620733676
4.317028617815707
4.317028617815707
4.105789137887644
3.034327290199622
3.034327290199622
4.261015664879065
3.3740220833108028
3.7448679071184134
3.7448679071184134
3.456037183718246
3.456037183718246
3.6472321852827587
3.2200540476081922
3.563607239102219
3.563607239102219
3.4539444030543835
3.573891724016658
3.5753338517785176
3.4791375556837494
3.793843553581631
4.890079404521913
3.026760195366684
3.1802530896847383
3.1802530896847383
3.228614716606332
4.157681033841648
4.845748984836518
4.617363773702309
4.917415789609219
3.5036047764939955
3.5036047764939955
5.054297084929196
3.409535274074033
3.6589901485855556
4.612704869915294
4.379128251906613
4.379128251906613
3.6657132577893456
3.793018452781194
3.793018452781194
3.793018452781194
3.793018452781194
3.793018452781194
4.639622992747926
4.44699678574961
4.681102367598335
4.723911614176696
3.7983514698714496
3.1440847536122174
3.7064794363043703
4.401420572812399
5.150001533492681
3.2586866955085068
3.36954199901154
3.865137084997407
3.6804674799774606
4.378671808975792
3.7393794317974303
3.7393794317974303
5.0447302461138595
3.332255338624867
4.078475476658552
3.2448459383843815
3.2448459383843815
3.2448459383843815
4.378262880504707
3.560196898906166
3.560196898906166
4.57022560556014
3.9792144988263
4.378800716377469
3.900098609567082
3.900098609567082
4.109252360899466
2.971191282727709
2.971191282727709
2.971191282727709
2.971191282727709
5.004941377719803
4.921102907876411
4.6702825920431685
3.9290875920431683
3.3675342285323593
4.484867499198591
4.41335887597071
3.5803762455868817
4.761234572053768
4.761234572053768
3.734863751317125
3.163931356229666
3.930373257136729
3.728113117561352
4.450093933677165
3.633293851778519
4.488062996267676
4.488062996267676
4.7841576881970145
4.500929832742458
4.500929832742458
3.4867932414642953
3.4867932414642953
3.4867932414642953
3.323710639502499
4.264872068849163
4.669839763181659
3.748745179257517
3.3096145114694595
3.7617258176129784
3.1073680115307685
4.700965046358856
4.306606277790394
3.6955562594811937
4.207180763710724
5.17963230272345
4.489447502424239
2.669730295387149
2.669730295387149
3.515052405119432
3.515052405119432
4.63735325267452
4.982708474838101
4.877355383757402
3.8096294277934426
3.4085229129410806
3.6801911082723375
4.468481741165594
3.7008579631843537
3.7894144082170067
3.432542898408597
3.432542898408597
5.370314896394552
5.370314896394552
4.008609241610198
2.75330265115638
4.154761402411973
3.8637087425743477
3.575517737764189
3.575517737764189
3.575517737764189
3.8287960292805057
4.923960858037724
4.898265110557263
3.99515375327226
3.98161826648721
3.1262706332764445
3.108757048960758
3.3018115459030053
3.3018115459030053
3.0407755088109143
3.529486119002712
4.625590329312306
3.735573652799741
3.5015176575995284
3.9959998159247494
4.595225249724491
4.846578919961635
4.656737314354123
4.264074519321924
3.698993374324937
4.694264299227494
4.875667512119836
5.015702245484633
3.649938692328668
3.741365469815653
3.9293915894250597
4.169269019272105
4.271007946945297
3.2162628930552284
5.022761951229135
5.770650315964806
4.269834261351953
4.168855943096316
4.750273175168445
3.892070239264438
3.92553984046976
3.92553984046976
4.8696445049651
3.7878750864720248
3.4444362961289015
3.9895621405315316
4.57809116050797
4.537624316808682
4.537624316808682
3.6791479690713444
4.897847830569098
3.826811874396788
4.835344567430875
4.3692618093382
3.7873683727054575
4.4433215631905085
3.2009100706659144
3.582843468200279
4.406149284039037
5.21440943710848
3.9461354779686166
3.0394137107414796
2.8103379876948402
3.6682287429255522
3.6682287429255522
4.721113248452621
4.001779196061066
3.5142653110337028
3.939960860971498
4.579415300598075
4.162151511557293
3.9196059407404213
4.341693496086796
3.0967229409687533
3.0967229409687533
3.0967229409687533
4.3805420549608485
3.7303584132552228
3.963825761369426
3.706632626585101
5.3390555392554395
4.714930734871546
4.802900522503029
4.773556726658554
4.144357088770713
3.4850078851848405
3.4850078851848405
4.022840769530328
3.2768990131427174
4.256214297290384
4.356174676349183
4.243401813926749
5.089361492430848
3.8328005780008763
3.8328005780008763
4.940869559442634
3.141634929725127
3.5813741207253162
4.849654778442284
3.0374403978802054
5.33718258603945
4.597556932798154
4.45746952944077
4.504211501468675
4.399851671744047
4.375398083848688
3.005932184393812
3.9999094455799513
3.9999094455799513
5.419185453785355
4.056724855590966
4.820020498562046
4.2097757810215
3.9850459668406666
5.949700114906098
3.6071450778913547
5.182826540885779
5.181010466721983
4.432579441720112
4.13620662612081
5.03188181680868
4.93659722951196
5.209023443015305
5.434273428081412
5.0232875232610255
4.513784529882555
3.1704217180269127
5.926488785996131
3.4491235326847285
3.9939815739371918
4.239460966644197
3.876422230909581
3.1308325127213203
4.251600145524064
4.018481437985415
5.090661306629099
3.798490384447808
4.060132051287098
4.555905909830845
5.647300891537648
4.509837871495684
4.182355226442036
3.215459594627241
5.21866925587466
3.704394594987895
4.367723504067637
4.081136562133084
4.469889394469353
5.749001886840325
4.44878291274601
4.02805168294285
4.613166188511697
3.4098726012700373
4.563235139642483
3.677439056936347
4.54670960110882
4.18726266643858
5.257880275647167
4.799345921546495
4.571669952454826
2.961296239688366
2.7654145584829735
5.363387400069591
4.067333978489552
4.638841825600297
3.0011838355483764
5.3226391599902225
3.909707938816214
2.979617490562463
3.492945429480889
2.892465777799405
2.75340733842911
1.4107891468952936
5.369746700416204
2.31564460381858
3.84642041602672
3.8084227495755254
2.613732289897241
2.6930846721218877
3.9918544379385867
2.7980805147493104
5.192125939339338
3.420903578532487
2.237496009374153
2.5096130238433147
4.094576953235754
3.9200813910769643
2.694238053418818
5.714242934773555
2.734983411874161
3.025019841950824
2.8624740645806526
3.245453438034202
3.056056784904646
4.5232026636707765
3.675003192481137
4.952591079447925
3.424146894440007
4.015468470175058
3.7899031924811366
3.780424861181009
4.419793634207525
3.627171503753374
3.958520794945729
4.724569890924082
5.658066252110848
5.22059783055836
4.7699906470500455
5.162935662962528
5.157229335434792
4.01309651649931
3.8739926595209733
4.691428561053633
5.143177081292297
4.1728522235865455
4.579939846297975
4.614564350335803
4.6630679280831355
5.070700496279312
5.429922881213738
5.644437470402485
5.2103386256497295
4.916737925784859
4.189935530747084
3.215656078558087
5.278445917255099
5.635810338404093
6.227269020710242
4.835693659962272
3.959929177647492
5.661261410673222
5.4537299059795386
4.8954424818423465
4.764780089029486
4.745337476625856
4.710257651480404
3.9966033672820167
5.538895226837601
5.189842825356912
