2.6633000000000013
4.0569000000000015
4.0569000000000015
4.0569000000000015
4.0569000000000015
4.0569000000000015
4.0569000000000015
4.0569000000000015
4.0569000000000015
4.0569000000000015
4.0569000000000015
4.0569000000000015
4.0569000000000015
4.0569000000000015
5.797600000000004
4.464800000000002
6.437900000000005
5.149900000000004
4.636500000000002
3.720900000000002
5.087900000000003
5.087900000000003
5.087900000000003
5.087900000000003
5.087900000000003
5.087900000000003
5.087900000000003
5.087900000000003
5.087900000000003
5.087900000000003
5.087900000000003
5.087900000000003
5.087900000000003
5.087900000000003
5.087900000000003
5.087900000000003
5.087900000000003
5.087900000000003
5.087900000000003
5.087900000000003
5.087900000000003
5.087900000000003
5.087900000000003
5.087900000000003
5.087900000000003
5.087900000000003
5.087900000000003
5.087900000000003
5.087900000000003
5.087900000000003
5.087900000000003
5.087900000000003
5.087900000000003
5.087900000000003
2.870000000000002
5.033400000000003
4.330500000000003
4.330500000000003
18.668499999999998
18.668499999999998
18.668499999999998
18.668499999999998
18.668499999999998
18.668499999999998
18.668499999999998
18.754
18.754
7.019500000000005
7.019500000000005
7.019500000000005
7.019500000000005
18.197799999999994
18.197799999999994
18.197799999999994
18.197799999999994
18.197799999999994
18.197799999999994
18.197799999999994
18.197799999999994
18.197799999999994
18.197799999999994
18.197799999999994
18.197799999999994
18.197799999999994
18.197799999999994
18.197799999999994
18.197799999999994
18.197799999999994
18.197799999999994
18.197799999999994
18.197799999999994
18.197799999999994
18.197799999999994
18.197799999999994
18.197799999999994
18.197799999999994
18.197799999999994
18.197799999999994
18.197799999999994
18.197799999999994
5.305900000000004
18.8273
18.6234
18.636899999999997
18.283299999999997
18.283299999999997
18.283299999999997
18.283299999999997
18.283299999999997
18.283299999999997
18.283299999999997
18.283299999999997
18.283299999999997
18.283299999999997
18.283299999999997
18.283299999999997
18.701999999999998
18.701999999999998
18.701999999999998
18.701999999999998
18.701999999999998
18.701999999999998
18.701999999999998
18.701999999999998
18.701999999999998
18.701999999999998
18.274399999999993
18.274399999999993
6.050400000000003
18.12159999999999
18.12159999999999
18.12159999999999
18.12159999999999
18.12159999999999
18.12159999999999
18.12159999999999
18.12159999999999
5.258500000000003
5.258500000000003
5.258500000000003
5.258500000000003
5.258500000000003
5.258500000000003
5.258500000000003
5.258500000000003
5.258500000000003
4.983800000000002
17.68399999999999
18.152699999999992
18.152699999999992
18.152699999999992
18.152699999999992
18.152699999999992
18.152699999999992
18.152699999999992
18.152699999999992
18.152699999999992
18.152699999999992
18.152699999999992
18.152699999999992
18.152699999999992
18.152699999999992
18.152699999999992
18.152699999999992
18.152699999999992
18.152699999999992
18.152699999999992
18.152699999999992
18.152699999999992
18.152699999999992
18.152699999999992
18.152699999999992
18.152699999999992
18.152699999999992
18.152699999999992
18.152699999999992
18.152699999999992
18.152699999999992
18.152699999999992
18.152699999999992
18.152699999999992
18.152699999999992
18.152699999999992
18.152699999999992
18.152699999999992
18.152699999999992
18.152699999999992
18.152699999999992
18.152699999999992
18.152699999999992
18.152699999999992
18.152699999999992
18.152699999999992
18.152699999999992
18.152699999999992
18.152699999999992
18.152699999999992
18.152699999999992
18.152699999999992
18.152699999999992
18.152699999999992
18.152699999999992
18.152699999999992
18.152699999999992
18.152699999999992
18.152699999999992
18.152699999999992
18.152699999999992
18.152699999999992
18.152699999999992
18.152699999999992
5.711700000000004
17.68399999999999
17.68399999999999
17.68399999999999
17.68399999999999
17.68399999999999
17.68399999999999
17.68399999999999
3.7848000000000024
3.7848000000000024
17.35359999999999
17.199799999999982
17.199799999999982
17.199799999999982
6.647200000000005
6.647200000000005
6.647200000000005
6.647200000000005
6.647200000000005
6.647200000000005
6.647200000000005
6.647200000000005
6.647200000000005
6.647200000000005
6.647200000000005
6.647200000000005
6.647200000000005
6.647200000000005
6.647200000000005
6.647200000000005
6.647200000000005
6.647200000000005
6.647200000000005
6.647200000000005
6.647200000000005
6.647200000000005
6.647200000000005
6.647200000000005
6.647200000000005
6.647200000000005
6.647200000000005
6.647200000000005
6.647200000000005
6.647200000000005
6.647200000000005
5.2081000000000035
5.2081000000000035
5.2081000000000035
5.2081000000000035
5.2081000000000035
5.2081000000000035
5.2081000000000035
5.2081000000000035
5.2081000000000035
5.2081000000000035
5.2081000000000035
5.2081000000000035
5.2081000000000035
5.2081000000000035
5.2081000000000035
5.2081000000000035
5.2081000000000035
5.2081000000000035
5.2081000000000035
5.2081000000000035
5.2081000000000035
5.2081000000000035
5.2081000000000035
5.2081000000000035
5.2081000000000035
5.2081000000000035
5.2081000000000035
5.2081000000000035
5.2081000000000035
5.2081000000000035
5.2081000000000035
5.2081000000000035
5.2081000000000035
5.2081000000000035
5.2081000000000035
17.77799999999999
18.076499999999992
17.63889999999999
6.584600000000005
17.573099999999986
17.170199999999987
6.651800000000006
18.245599999999992
17.621599999999987
17.675899999999984
17.590399999999985
6.2305000000000055
17.806999999999988
5.689200000000006
5.689200000000006
5.689200000000006
5.689200000000006
5.689200000000006
5.689200000000006
5.689200000000006
5.689200000000006
7.003800000000005
18.055699999999987
6.551500000000005
17.693899999999985
5.8799000000000055
7.447900000000006
17.676399999999987
17.676399999999987
16.594799999999974
17.363399999999988
6.669700000000004
18.010599999999993
17.548199999999984
17.548199999999984
5.514400000000005
17.19659999999998
17.721979999999984
17.074599999999982
17.699499999999986
5.466200000000004
17.351399999999984
3.032000000000001
17.50019999999998
17.55529999999999
5.994200000000004
5.464000000000005
17.40889999999999
17.524499999999986
6.956400000000006
6.956400000000006
6.956400000000006
6.956400000000006
17.50209999999998
18.045599999999986
6.568100000000005
6.480000000000007
16.843999999999983
6.622300000000005
6.622300000000005
6.622300000000005
6.622300000000005
6.622300000000005
6.622300000000005
6.622300000000005
6.622300000000005
6.622300000000005
6.622300000000005
6.622300000000005
6.622300000000005
6.622300000000005
6.622300000000005
6.622300000000005
6.622300000000005
6.622300000000005
6.622300000000005
6.622300000000005
6.622300000000005
6.622300000000005
6.622300000000005
6.622300000000005
6.622300000000005
7.073600000000005
6.567800000000006
6.567800000000006
6.567800000000006
6.567800000000006
6.567800000000006
6.567800000000006
6.567800000000006
17.608999999999984
4.643600000000003
5.753200000000003
5.753200000000003
5.753200000000003
5.753200000000003
4.643600000000003
5.169900000000005
17.47539999999999
5.1048000000000044
17.432999999999986
16.897099999999973
6.830400000000005
17.405499999999982
17.405499999999982
6.565400000000007
18.338319999999996
17.141099999999984
6.109000000000004
6.109000000000004
6.109000000000004
7.324500000000006
6.738700000000006
16.80649999999998
4.0519000000000025
6.093800000000004
6.093800000000004
6.093800000000004
6.093800000000004
6.093800000000004
6.093800000000004
6.093800000000004
6.093800000000004
6.093800000000004
6.093800000000004
6.093800000000004
6.093800000000004
6.093800000000004
6.093800000000004
6.093800000000004
6.093800000000004
6.093800000000004
6.093800000000004
6.093800000000004
6.093800000000004
6.093800000000004
6.093800000000004
16.937099999999976
5.294200000000004
6.231600000000005
7.435400000000006
7.259000000000006
6.607500000000005
6.607500000000005
13.452699999999977
6.116000000000005
17.211899999999982
5.5118000000000045
6.420600000000004
6.537400000000005
17.29979999999998
2.5329000000000006
5.879600000000006
5.087300000000003
5.478100000000005
4.235400000000003
8.160900000000005
6.672900000000006
11.913999999999982
3.9399000000000024
6.372080000000004
14.220899999999974
6.247580000000005
6.247580000000005
5.771400000000003
12.035199999999982
5.2865000000000055
6.476600000000006
6.281300000000004
5.165400000000005
3.8161000000000023
5.693300000000004
18.12619999999999
5.874700000000003
5.105700000000004
6.989100000000006
3.5035000000000016
6.686700000000006
5.835680000000003
17.630399999999987
6.530000000000005
4.749100000000003
16.402699999999975
6.104900000000006
6.572500000000005
7.021000000000006
1.395
6.797180000000004
17.58729999999999
6.653000000000007
1.9131000000000005
1.9131000000000005
0.546
0.8176999999999999
5.772300000000004
5.426800000000005
6.392200000000004
6.0132000000000065
18.16999999999999
4.2962000000000025
17.50649999999999
17.83339999999999
8.024400000000007
18.447799999999997
16.935499999999973
17.28389999999998
6.226600000000006
4.359300000000004
6.325800000000005
