[0.03369147]
[0.03369147]
[0.0006412]
[0.0006412]
[0.0006412]
[0.0006412]
[0.0006412]
[0.0006412]
[0.0006412]
[0.0006412]
[0.0006412]
[0.0006412]
[0.0006412]
[0.0006412]
[0.0006412]
[0.0006412]
[0.0006412]
[0.0006412]
[0.0006412]
[0.0006412]
[0.0006412]
[0.0006412]
[0.0006412]
[0.0006412]
[0.0006412]
[0.0006412]
[0.0006412]
[0.0006412]
[0.0006412]
[0.0006412]
[0.0006412]
[0.0006412]
[0.0006412]
[0.0006412]
[0.0006412]
[0.0006412]
[0.0006412]
[0.0006412]
[0.0006412]
[0.0006412]
[0.0006412]
[0.0006412]
[0.0006412]
[0.0006412]
[0.0006412]
[0.0006412]
[0.0006412]
[0.0006412]
[0.0006412]
[0.0006412]
[0.0006412]
[0.0006412]
[0.0006412]
[0.0006412]
[0.0006412]
[0.0006412]
[0.0006412]
[0.0006412]
[0.0006412]
[0.0006412]
[0.0006412]
[0.0006412]
[0.0006412]
[0.0006412]
[0.0006412]
[0.0006412]
[0.0006412]
[0.0006412]
[0.0006412]
[0.0006412]
[0.0006412]
[0.0006412]
[0.0006412]
[0.0006412]
[0.0006412]
[0.0006412]
[0.0006412]
[0.0006412]
[0.0006412]
[0.0006412]
[0.0006412]
[0.0006412]
[0.0006412]
[0.0006412]
[0.0006412]
[0.0006412]
[0.0006412]
[0.0006412]
[0.0006412]
[0.0006412]
[0.0006412]
[0.0006412]
[0.0006412]
[0.0006412]
[0.0006412]
[0.0006412]
[0.0006412]
[0.0006412]
[0.0006412]
[0.0006412]
[0.0006412]
[0.0006412]
[0.0006412]
[0.0006412]
[0.0006412]
[0.0006412]
[0.0006412]
[0.0006412]
[0.0006412]
[0.0006412]
[0.0006412]
[0.0006412]
[0.0006412]
[0.0006412]
[0.0006412]
[0.0006412]
[0.0006412]
[0.0006412]
[0.0006412]
[0.0006412]
[0.0006412]
[0.0006412]
[0.0006412]
[0.0006412]
[0.0006412]
[0.0006412]
[0.0006412]
[0.0006412]
[0.0006412]
[0.0006412]
[0.0006412]
[0.0006412]
[0.0006412]
[0.0006412]
[0.0006412]
[0.0006412]
[0.0006412]
[0.0006412]
[0.0006412]
[0.0006412]
[0.0006412]
[0.0006412]
[0.0006412]
[0.0006412]
[0.0006412]
[0.0006412]
[0.0006412]
[0.0006412]
[0.0006412]
[0.0006412]
[0.0006412]
[0.0006412]
[0.0006412]
[0.0006412]
[0.0006412]
[0.0006412]
[0.0006412]
[0.0006412]
[0.0006412]
[0.0006412]
[0.0006412]
[0.0006412]
[0.0006412]
[0.0006412]
[0.0006412]
[0.0006412]
[0.0006412]
[0.0006412]
[0.0006412]
[0.0006412]
[0.0006412]
[0.0006412]
[0.0006412]
[0.0006412]
[0.0006412]
[0.0006412]
[0.0006412]
[0.0006412]
[0.0006412]
[0.0006412]
[0.0006412]
[0.0006412]
[0.0006412]
[0.0006412]
[0.0006412]
[0.0006412]
[0.0006412]
[0.0006412]
[0.0006412]
[0.0006412]
[0.0006412]
[0.0006412]
[0.0006412]
[0.0006412]
[0.0006412]
[0.0006412]
[0.0006412]
[0.0006412]
[0.0006412]
[0.0006412]
[0.0006412]
[0.0006412]
[0.0006412]
[0.0006412]
[0.0006412]
[0.0006412]
[0.0006412]
[0.0006412]
[0.0006412]
[0.0006412]
[0.0006412]
[0.0006412]
[0.0006412]
[0.0006412]
[0.0006412]
[0.0006412]
[0.0006412]
[0.0006412]
[0.0006412]
[0.0006412]
[0.0006412]
[0.0006412]
[0.0006412]
[0.0006412]
[0.0006412]
[0.0006412]
[0.0006412]
[0.0006412]
[0.0006412]
[0.0006412]
[0.0006412]
[0.0006412]
[0.0006412]
[0.0006412]
[0.0006412]
[0.0006412]
[0.0006412]
[0.0006412]
[0.0006412]
[0.0006412]
[0.0006412]
[0.0006412]
[0.0006412]
[0.0006412]
[0.0006412]
[0.0006412]
[0.0006412]
[0.0006412]
[0.0006412]
[0.0006412]
[0.0006412]
[0.0006412]
[0.0006412]
[0.0006412]
[0.0006412]
[0.0006412]
[0.0006412]
[0.0006412]
[0.0006412]
[0.0006412]
[0.0006412]
[0.0006412]
[0.0006412]
[0.0006412]
[0.0006412]
[0.0006412]
[0.0006412]
[0.0006412]
[0.0006412]
[0.0006412]
[0.0006412]
[0.0006412]
[0.0006412]
[0.0006412]
[0.0006412]
[0.0006412]
[0.0006412]
[0.0006412]
[0.0006412]
[0.0006412]
[0.0006412]
[0.0006412]
[0.0006412]
[0.0006412]
[0.0006412]
[0.0006412]
[0.0006412]
[0.0006412]
[0.0006412]
[0.0006412]
[0.0006412]
[0.0006412]
[0.0006412]
[0.0006412]
[0.0006412]
[0.0006412]
[0.0006412]
[0.0006412]
[0.0006412]
[0.0006412]
[0.0006412]
[0.0006412]
[0.0006412]
[0.0006412]
[0.0006412]
[0.0006412]
[0.0006412]
[0.0006412]
[0.0006412]
[0.0006412]
[0.0006412]
[0.0006412]
[0.0006412]
[0.0006412]
[0.0006412]
[0.0006412]
[0.0006412]
[0.0006412]
[0.0006412]
[0.0006412]
[0.0006412]
[0.0006412]
[0.0006412]
[0.0006412]
[0.0006412]
[0.0006412]
[0.0006412]
[0.0006412]
[0.0006412]
[0.0006412]
[0.0006412]
[0.0006412]
[0.0006412]
[0.0006412]
[0.0006412]
[0.0006412]
[0.0006412]
[0.0006412]
[0.0006412]
[0.0006412]
[0.0006412]
[0.0006412]
[0.0006412]
[0.0006412]
[0.0006412]
[0.0006412]
[0.0006412]
[0.0006412]
[0.0006412]
[0.0006412]
[0.0006412]
[0.0006412]
[0.0006412]
[0.0006412]
[0.0006412]
[0.0006412]
[0.0006412]
[0.0006412]
[0.0006412]
[0.0006412]
[0.0006412]
[0.0006412]
[0.0006412]
[0.0006412]
[0.0006412]
[0.0006412]
[0.0006412]
[0.0006412]
[0.0006412]
[0.0006412]
[0.0006412]
[0.0006412]
[0.0006412]
[0.0006412]
[0.0006412]
[0.0006412]
[0.0006412]
[0.00064109]
[0.00064125]
[0.00064125]
[0.00064125]
[0.00064125]
[0.00064125]
[0.00064125]
[0.00064125]
[0.00064125]
[0.0006413]
[0.00064105]
[0.00064137]
[0.00064137]
[0.00064137]
[0.00064119]
[0.00064137]
[0.00064123]
[0.00064123]
[0.00064123]
[0.00064112]
[0.00064124]
[0.00064114]
[0.0006412]
[0.00064131]
[0.00064131]
[0.00064131]
[0.00064131]
[0.00064131]
[0.00064131]
[0.00064131]
[0.00064131]
[0.00064131]
[0.00064113]
[0.00064103]
[0.00064118]
[0.00064118]
[0.00064118]
[0.00064118]
[0.00064118]
[0.00064118]
[0.00064119]
[0.00064119]
[0.00064137]
[0.00064137]
[0.00064137]
[0.00064137]
[0.00064103]
[0.0006415]
[0.00064142]
[0.00064086]
[0.0006409]
[0.00064175]
[0.00064149]
[0.00064157]
[0.00064157]
[0.00064127]
[0.00064183]
[0.00064206]
[0.00064167]
[0.0006418]
[0.00064199]
[0.00064159]
[0.00064219]
[0.00064219]
[0.00064171]
[0.00064186]
[0.00064179]
[0.0006424]
[0.00064192]
[0.00064325]
[0.00064254]
[0.00064365]
[0.00064869]
[0.00064963]
[0.00064472]
[0.00064716]
[0.00064588]
[0.00064588]
[0.00064588]
[0.00064539]
[0.00064539]
[0.00064941]
[0.00064616]
[0.00064616]
[0.00064618]
[0.00064618]
[0.00064618]
[0.00064618]
[0.00064618]
[0.00064618]
[0.00064727]
[0.00064683]
[0.00064609]
[0.00064609]
[0.00064759]
[0.00064589]
[0.00064948]
[0.00064454]
[0.00064519]
[0.00918576]
[0.00918576]
[0.00918576]
[0.00918576]
[0.00064827]
[0.00065717]
[0.00067057]
[0.00070384]
[0.00070384]
[0.00068768]
[0.0006978]
[0.00085227]
[0.00088048]
[0.00072863]
[0.00079545]
[0.00076282]
[0.00076282]
[0.00076282]
[0.00234763]
[0.00085082]
[0.00062165]
[0.00064859]
[0.00065262]
[0.00068928]
