4.798067156468171
4.847010973325327
4.6341809552901925
4.6341809552901925
4.6341809552901925
4.6341809552901925
4.6341809552901925
4.6341809552901925
4.6341809552901925
4.6341809552901925
4.757468326857387
4.757468326857387
4.757468326857387
4.757468326857387
4.653905692405242
4.653905692405242
4.653905692405242
4.653905692405242
4.653905692405242
4.653905692405242
4.653905692405242
4.653905692405242
4.653905692405242
4.653905692405242
4.653905692405242
4.653905692405242
4.653905692405242
4.653905692405242
4.653905692405242
4.653905692405242
4.653905692405242
4.653905692405242
4.653905692405242
4.653905692405242
4.653905692405242
4.653905692405242
4.653905692405242
4.653905692405242
4.653905692405242
4.653905692405242
4.653905692405242
4.653905692405242
4.653905692405242
4.653905692405242
4.653905692405242
4.653905692405242
4.653905692405242
4.653905692405242
4.653905692405242
4.653905692405242
4.653905692405242
4.653905692405242
4.653905692405242
4.653905692405242
4.653905692405242
4.653905692405242
4.653905692405242
4.653905692405242
4.653905692405242
4.653905692405242
4.653905692405242
4.653905692405242
4.653905692405242
4.653905692405242
4.653905692405242
4.653905692405242
4.653905692405242
4.653905692405242
4.653905692405242
4.653905692405242
4.653905692405242
4.653905692405242
4.653905692405242
4.653905692405242
4.653905692405242
4.653905692405242
4.653905692405242
4.653905692405242
4.653905692405242
4.653905692405242
4.653905692405242
4.653905692405242
4.653905692405242
4.653905692405242
4.653905692405242
4.653905692405242
4.653905692405242
4.653905692405242
4.653905692405242
4.653905692405242
4.653905692405242
4.653905692405242
4.653905692405242
4.653905692405242
4.653905692405242
4.653905692405242
4.653905692405242
4.653905692405242
4.653905692405242
4.653905692405242
4.653905692405242
4.653905692405242
4.653905692405242
4.653905692405242
4.653905692405242
4.653905692405242
4.653905692405242
4.653905692405242
4.653905692405242
4.653905692405242
4.653905692405242
4.653905692405242
4.653905692405242
4.653905692405242
4.653905692405242
4.653905692405242
4.653905692405242
4.653905692405242
4.653905692405242
4.653905692405242
4.653905692405242
4.653905692405242
4.653905692405242
4.653905692405242
4.653905692405242
4.653905692405242
4.653905692405242
4.653905692405242
4.653905692405242
4.653905692405242
4.653905692405242
4.653905692405242
4.653905692405242
4.653905692405242
4.653905692405242
4.653905692405242
4.653905692405242
4.653905692405242
4.653905692405242
4.653905692405242
4.653905692405242
4.653905692405242
4.653905692405242
4.653905692405242
4.653905692405242
4.653905692405242
4.653905692405242
4.653905692405242
4.653905692405242
4.653905692405242
4.653905692405242
4.653905692405242
4.653905692405242
4.653905692405242
4.653905692405242
4.653905692405242
4.653905692405242
4.653905692405242
4.653905692405242
4.653905692405242
4.653905692405242
4.653905692405242
4.653905692405242
4.653905692405242
4.653905692405242
4.653905692405242
4.653905692405242
4.653905692405242
4.653905692405242
4.653905692405242
4.653905692405242
4.653905692405242
4.653905692405242
4.653905692405242
4.653905692405242
4.653905692405242
4.653905692405242
4.653905692405242
4.653905692405242
4.653905692405242
4.653905692405242
4.653905692405242
4.653905692405242
4.653905692405242
4.653905692405242
4.653905692405242
4.653905692405242
4.653905692405242
4.653905692405242
4.653905692405242
4.653905692405242
4.653905692405242
4.653905692405242
4.653905692405242
4.653905692405242
4.653905692405242
4.653905692405242
4.653905692405242
4.653905692405242
4.653905692405242
4.653905692405242
4.653905692405242
4.653905692405242
4.653905692405242
4.653905692405242
4.653905692405242
4.653905692405242
4.653905692405242
4.653905692405242
4.653905692405242
4.653905692405242
4.653905692405242
4.653905692405242
4.653905692405242
4.653905692405242
4.653905692405242
4.653905692405242
4.653905692405242
4.653905692405242
4.653905692405242
4.653905692405242
4.653905692405242
4.653905692405242
4.653905692405242
4.653905692405242
4.653905692405242
4.653905692405242
4.653905692405242
4.653905692405242
4.653905692405242
4.653905692405242
4.653905692405242
4.653905692405242
4.653905692405242
4.566289706163788
4.566289706163788
4.566289706163788
4.566289706163788
4.566289706163788
4.566289706163788
4.709421595155343
4.588534179913174
4.588534179913174
4.588534179913174
4.588534179913174
4.588534179913174
4.592493507725942
4.721771227503336
4.721771227503336
4.721771227503336
4.722662069994179
4.60271079403936
4.483608288125517
4.5122843332073215
4.839498698523688
4.839498698523688
4.839498698523688
4.545513594428035
4.545513594428035
4.545513594428035
4.545513594428035
4.545513594428035
4.545513594428035
4.652290716697339
4.652290716697339
4.611850087716372
4.715436536500748
4.889603799342051
4.62706305878514
4.548863461130717
4.548863461130717
4.574285306734129
4.550769857891851
4.550769857891851
4.550769857891851
4.550769857891851
4.4544797927023545
4.563681760725858
4.563681760725858
4.563681760725858
4.553379799750777
4.5942940751677686
4.918500844091218
4.7390205682773825
4.594990959612319
4.594990959612319
4.594990959612319
4.619781043975796
4.619781043975796
4.858136789696511
4.562437307805555
4.714252357032491
4.788000485382568
4.788000485382568
4.868582139674027
4.708656900774284
4.708656900774284
4.695896276141677
4.58556241559393
4.687108973994326
4.760922691145948
4.552616172677995
4.552616172677995
4.552616172677995
4.830940154578448
4.833437426752984
4.387238245305791
4.858209162479404
4.700293563076221
4.697549249481357
4.544913656317329
4.544913656317329
4.651721629556738
4.485484539605186
4.530090841098864
4.530090841098864
4.530090841098864
4.7913206926364555
4.7913206926364555
4.795804163336745
4.7975873327321095
4.777622326753633
4.542987720745922
4.760445921811424
4.750363181075334
4.396703612279897
4.648986394674521
4.830390521253435
4.794717663541197
4.527424421109736
4.773587571871209
4.917529266334491
4.917529266334491
4.917529266334491
4.917529266334491
4.682406764882615
4.811953043411542
4.811953043411542
4.456861517249332
4.456861517249332
4.4719153222678445
4.493552645599517
4.493552645599517
4.493552645599517
4.493552645599517
4.493552645599517
4.478435272749714
4.589887038208447
4.69197630802689
4.900377770248864
4.771279640424417
4.551132479894851
4.83608764161554
4.6522430536516
4.796755111385988
5.071603079755112
4.715639600175157
4.548218076733104
4.548218076733104
4.548218076733104
4.7323080736705725
5.229869902818299
5.229869902818299
5.229869902818299
4.376523831050006
4.376523831050006
4.410597441404853
4.360203706484552
4.360203706484552
4.980515414894893
4.791998651982807
4.694512378174359
5.063673821373003
4.829568691037024
4.86573755285756
4.911348886138968
4.802344526833345
4.166343655718654
4.330449672416032
4.5164491490960215
5.339343884646484
5.339343884646484
4.790903997890844
5.180504635357273
4.381064214224491
5.328345222439126
4.414469049389325
4.000017189341348
5.042127809648388
4.164966049690984
4.832774014092338
4.133815486191446
4.30140234302843
4.866070069169971
4.381545378371467
4.821067549525969
5.148673963494542
4.094612016055654
4.005366427820361
4.927111460929016
4.012860876075228
4.012860876075228
4.027469088915021
5.007707564519375
5.017131998908516
4.8008208994018995
4.954116223016125
3.7379129233399055
4.889806819140594
4.597332793300238
4.193946779237067
3.745869130545869
3.8972191539865033
3.747200111048395
3.744064521997137
3.6317799229307806
3.750495046908374
3.622818116108758
3.6360469093338814
3.755902038315395
3.6563338874023446
3.7771781544560454
3.7771781544560454
3.7886589470312995
3.7886589470312995
3.7886589470312995
3.8247741693460933
4.330524922517834
3.564924329130715
3.569449382388541
3.426703835548375
3.445718677177334
3.7076730924230166
3.299845818583864
3.65433130049741
3.4861005776298226
3.6552774749930483
3.4056153287610442
3.989024617833395
4.060315424587616
3.9069618781276283
3.9345466959413944
3.955264812860417
3.9910764973966764
3.741588911894615
4.187448993919416
3.614479152996796
3.6200598956482954
3.6200598956482954
3.6200598956482954
2.6921242794026554
3.9669083489269052
3.19508847443653
3.183241950517523
3.6503096926064407
3.6503096926064407
3.6188831774712042
3.587218088713808
3.3449484875546354
3.5526498131409747
2.8098043065205545
2.8098043065205545
3.5086143861834627
2.8002358501919957
2.8002358501919957
3.2749923487614243
3.235845155414231
3.6113852010767538
2.738080115558061
3.056056784904646
3.056056784904646
3.4521952464431074
4.924909987752363
3.119323046467981
3.36553289826497
3.36553289826497
3.737584584929518
3.040964730942676
4.119591547098136
3.898492277237211
5.798348919075183
5.93271626768402
2.8122840522714085
3.8164963431075076
5.951696360494916
4.987652368411679
5.93729876562852
5.817417380088512
5.623293276636076
6.2791916861810275
5.611808403263225
5.229423275860439
5.3615157913052975
5.372011431086467
4.72879429753835
5.008234383080363
4.493995227485904
5.249418710172349
4.6080383418727475
5.259482901640066
