[0.77988684]
[0.77988684]
[0.77988684]
[0.77988684]
[0.77988684]
[0.7994348]
[0.67367756]
[0.72150326]
[0.78256875]
[0.7746259]
[0.09984361]
[0.7473144]
[0.7473144]
[0.7473144]
[0.7574168]
[0.7574168]
[0.7829968]
[0.73661757]
[0.09936122]
[0.7625536]
[0.0975694]
[0.0975694]
[0.09798914]
[0.09798914]
[0.09798914]
[0.09798914]
[0.7078317]
[0.7078317]
[0.7281491]
[0.7281491]
[0.7831168]
[0.09766383]
[0.7245939]
[0.7245939]
[0.6788059]
[0.6788059]
[0.6788059]
[0.6788059]
[0.6788059]
[0.680275]
[0.09805581]
[0.6525285]
[0.09816173]
[0.09909989]
[0.682703]
[0.7214556]
[0.7214556]
[0.7214556]
[0.7214556]
[0.7214556]
[0.7214556]
[0.09792286]
[0.0979015]
[0.72644544]
[0.72644544]
[0.72644544]
[0.72644544]
[0.72644544]
[0.72644544]
[0.72644544]
[0.09791511]
[0.09791511]
[0.69828105]
[0.7232722]
[0.7232722]
[0.7232722]
[0.09837072]
[0.09837072]
[0.09837072]
[0.09837072]
[0.09837072]
[0.09837072]
[0.09837072]
[0.09837072]
[0.09837072]
[0.09837072]
[0.09837072]
[0.09837072]
[0.09837072]
[0.09837072]
[0.09837072]
[0.09837072]
[0.09837072]
[0.67825556]
[0.7184293]
[0.63341075]
[0.09792367]
[0.09792367]
[0.73030454]
[0.09726869]
[0.09821092]
[0.09821092]
[0.09821092]
[0.7683862]
[0.629163]
[0.629163]
[0.629163]
[0.629163]
[0.629163]
[0.629163]
[0.629163]
[0.629163]
[0.629163]
[0.629163]
[0.629163]
[0.629163]
[0.629163]
[0.629163]
[0.629163]
[0.629163]
[0.629163]
[0.629163]
[0.629163]
[0.629163]
[0.629163]
[0.10018492]
[0.70074016]
[0.09766765]
[0.09964299]
[0.09964299]
[0.7668267]
[0.09978824]
[0.09821211]
[0.09821211]
[0.09821211]
[0.09821211]
[0.09821211]
[0.09821211]
[0.09821211]
[0.09821211]
[0.64685166]
[0.64685166]
[0.64685166]
[0.73901016]
[0.09940838]
[0.09917292]
[0.10041618]
[0.09968749]
[0.09968749]
[0.0993873]
[0.0993873]
[0.0993873]
[0.7799471]
[0.09821124]
[0.09945121]
[0.10029273]
[0.662844]
[0.662844]
[0.662844]
[0.662844]
[0.662844]
[0.10012381]
[0.09875983]
[0.10220659]
[0.09917542]
[0.09977659]
[0.6555111]
[0.64330405]
[0.09967551]
[0.1002171]
[0.09968604]
[0.6193134]
[0.10600925]
[0.10600925]
[0.09858839]
[0.10038546]
[0.10038546]
[0.09769631]
[0.09928162]
[0.09965164]
[0.09965164]
[0.72392064]
[0.10085618]
[0.73869145]
[0.09999559]
[0.10240471]
[0.10030261]
[0.10030261]
[0.09901361]
[0.09946895]
[0.6833721]
[0.6833721]
[0.10008346]
[0.10008346]
[0.1060975]
[0.636057]
[0.6588446]
[0.67202294]
[0.09914348]
[0.10064304]
[0.10064304]
[0.09967138]
[0.09967138]
[0.09906465]
[0.09969246]
[0.10025866]
[0.09965839]
[0.09965839]
[0.10041013]
[0.10041013]
[0.10488775]
[0.76104516]
[0.1005502]
[0.10028917]
[0.10028917]
[0.688525]
[0.688525]
[0.09739996]
[0.09876488]
[0.10646555]
[0.10149622]
[0.10149622]
[0.09929241]
[0.10119841]
[0.7571951]
[0.09974658]
[0.10351389]
[0.72417444]
[0.10088803]
[0.10088803]
[0.10088803]
[0.10088803]
[0.10088803]
[0.6487801]
[0.70657414]
[0.10022314]
[0.10022314]
[0.10022314]
[0.10022314]
[0.7099629]
[0.09989182]
[0.09990413]
[0.60583824]
[0.7601995]
[0.6925496]
[0.6846368]
[0.1072386]
[0.1072386]
[0.1072386]
[0.1072386]
[0.1072386]
[0.1072386]
[0.09743337]
[0.09892098]
[0.09867598]
[0.09867598]
[0.75380045]
[0.1039016]
[0.09967981]
[0.09907062]
[0.09800325]
[0.70655346]
[0.70655346]
[0.70655346]
[0.10054408]
[0.10808759]
[0.09762978]
[0.10115713]
[0.10173523]
[0.10153136]
[0.10028166]
[0.72729766]
[0.10142764]
[0.10057164]
[0.1043244]
[0.10070109]
[0.703699]
[0.69018716]
[0.09858391]
[0.10369333]
[0.10369333]
[0.10951906]
[0.6160305]
[0.09675582]
[0.09675582]
[0.10125346]
[0.09909523]
[0.725408]
[0.09800774]
[0.09915725]
[0.09915725]
[0.10247468]
[0.10473488]
[0.10473488]
[0.10849736]
[0.09867276]
[0.09947638]
[0.10007566]
[0.10007566]
[0.10007566]
[0.10007566]
[0.10007566]
[0.10170941]
[0.11620264]
[0.11056987]
[0.09921549]
[0.5117766]
[0.09981959]
[0.11264471]
[0.11264471]
[0.09606155]
[0.0989068]
[0.10148126]
[0.09969492]
[0.09862727]
[0.6045963]
[0.6045963]
[0.10029377]
[0.6759047]
[0.6759047]
[0.6759047]
[0.10218469]
[0.10199966]
[0.10027394]
[0.10165705]
[0.10265065]
[0.09638163]
[0.10310196]
[0.11503223]
[0.11503223]
[0.11503223]
[0.7210721]
[0.1159593]
[0.1159593]
[0.09930395]
[0.10129452]
[0.09690038]
[0.10599267]
[0.10599267]
[0.09889781]
[0.7089187]
[0.10302295]
[0.10223875]
[0.6902151]
[0.10608877]
[0.10301197]
[0.09805667]
[0.09668276]
[0.10092364]
[0.10211745]
[0.6802371]
[0.10128997]
[0.7011603]
[0.10458069]
[0.10485289]
[0.10131335]
[0.10783709]
[0.09752317]
[0.09848505]
[0.10103649]
[0.10103649]
[0.6275327]
[0.10108457]
[0.10762035]
[0.66466796]
[0.09871007]
[0.10133158]
[0.10044455]
[0.5010346]
[0.5010346]
[0.1002117]
[0.11096729]
[0.5828669]
[0.10814303]
[0.10597222]
[0.6712508]
[0.11644409]
[0.10270223]
[0.0991929]
[0.10114717]
[0.10129078]
[0.09914847]
[0.6429879]
[0.74937606]
[0.09866299]
[0.10239048]
[0.6121618]
[0.1132037]
[0.61583686]
[0.58542365]
[0.44965342]
[0.10857482]
[0.10503454]
[0.09815434]
[0.10141752]
[0.67565197]
[0.10172788]
[0.10212582]
[0.11027735]
[0.1022335]
[0.67348]
[0.12426113]
[0.10252765]
[0.64254785]
[0.0982283]
[0.11069226]
[0.12284279]
[0.10105461]
[0.09831114]
[0.6538977]
[0.12281888]
[0.4441013]
[0.58237404]
[0.6054029]
[0.60006374]
[0.60061216]
[0.13772616]
[0.10052522]
[0.1355589]
[0.42416596]
[0.6262879]
[0.5982348]
[0.5163562]
[0.62294275]
[0.4918425]
[0.5799939]
[0.10429027]
[0.14892529]
[0.11501782]
[0.37339777]
[0.6204009]
[0.44503996]
[0.18780944]
[0.48783785]
[0.5996846]
[0.5368228]
[0.40258783]
[0.5551615]
[0.36447784]
[0.1388008]
[0.14980066]
[0.286643]
[0.20976529]
[0.32063785]
[0.32180965]
[0.19314247]
[0.28510895]
[0.20292678]
[0.1804364]
[0.24784894]
[0.41916674]
[0.3381876]
[0.57317096]
[0.22301236]
[0.40810952]
[0.4086448]
[0.6257921]
[0.22945154]
[0.18950549]
[0.5593452]
[0.4355117]
[0.34034142]
[0.5757963]
[0.4159654]
[0.21306631]
[0.45209187]
[0.3282726]
[0.10352956]
[0.10303532]
[0.10752866]
[0.5636518]
[0.66819376]
[0.7367544]
[0.35257247]
[0.46747288]
[0.34541127]
[0.30248395]
[0.6830694]
[0.45695147]
[0.48187694]
[0.40964684]
[0.53435177]
[0.09817513]
[0.18501376]
[0.09658585]
[0.10305762]
[0.15152943]
[0.10134973]
[0.11588343]
[0.0995176]
[0.10371818]
[0.10643911]
[0.53233796]
[0.10995444]
[0.09713335]
[0.4106773]
[0.09763896]
[0.09991092]
[0.09593933]
[0.09459713]
[0.21961503]
[0.11122468]
[0.31179285]
[0.24772741]
[0.12014275]
[0.1873207]
[0.12839788]
[0.09719215]
[0.09309109]
[0.09578779]
