[0.0048173]
[0.00482164]
[0.00482164]
[0.00482164]
[0.00482164]
[0.00482164]
[0.00482467]
[0.00480659]
[0.00480659]
[0.00481792]
[0.00481792]
[0.00481792]
[0.00481792]
[0.00481792]
[0.00481792]
[0.00481792]
[0.00481792]
[0.00481792]
[0.00481792]
[0.00481792]
[0.00481792]
[0.00481792]
[0.00481792]
[0.00481792]
[0.00481792]
[0.00481792]
[0.00481792]
[0.00481792]
[0.00481792]
[0.00481792]
[0.00481792]
[0.00485448]
[0.00481846]
[0.00481733]
[0.0048202]
[0.00483082]
[0.00481759]
[0.00481759]
[0.00481759]
[0.00481759]
[0.00481759]
[0.00481759]
[0.00481759]
[0.00481759]
[0.00481759]
[0.00481759]
[0.00481759]
[0.00481759]
[0.00481759]
[0.00481759]
[0.00481759]
[0.00481759]
[0.00481759]
[0.00481759]
[0.00481759]
[0.00481759]
[0.00481759]
[0.00481759]
[0.00481759]
[0.00481759]
[0.00481759]
[0.00481759]
[0.00481759]
[0.00481759]
[0.00481759]
[0.00481759]
[0.00481759]
[0.00481759]
[0.00481759]
[0.00481759]
[0.0048684]
[0.00481385]
[0.00482809]
[0.00482406]
[0.00485471]
[0.00482612]
[0.00481491]
[0.00480884]
[0.00480884]
[0.00480884]
[0.00480884]
[0.00480884]
[0.00480884]
[0.00480884]
[0.00480884]
[0.00485077]
[0.00485077]
[0.00485077]
[0.00482192]
[0.00480944]
[0.00480944]
[0.00480944]
[0.00482706]
[0.00482706]
[0.00482706]
[0.00482706]
[0.00482706]
[0.00482706]
[0.00482706]
[0.00482706]
[0.00482706]
[0.00556244]
[0.00485612]
[0.00482734]
[0.00482734]
[0.00482273]
[0.00480868]
[0.00486291]
[0.00481831]
[0.0048308]
[0.0048532]
[0.00486855]
[0.00484407]
[0.00482927]
[0.00483196]
[0.00481167]
[0.00489354]
[0.00482566]
[0.00485435]
[0.00483526]
[0.00483509]
[0.004839]
[0.004839]
[0.0048659]
[0.00487595]
[0.00492591]
[0.00521061]
[0.00521061]
[0.00521061]
[0.00521061]
[0.00521061]
[0.00490431]
[0.00527238]
[0.00527238]
[0.00527238]
[0.00527238]
[0.00527238]
[0.00527238]
[0.00527238]
[0.00491788]
[0.00491788]
[0.00491788]
[0.00598121]
[0.00548028]
[0.00490892]
[0.00521417]
[0.00521417]
[0.00521417]
[0.00521417]
[0.00521417]
[0.00521417]
[0.00569147]
[0.00569147]
[0.00526505]
[0.00605322]
[0.00605276]
[0.00546703]
[0.00505836]
[0.00530642]
[0.00561017]
[0.00534867]
[0.00534867]
[0.00534867]
[0.00534867]
[0.00562107]
[0.00688323]
[0.00747025]
[0.00725302]
[0.00601368]
[0.00744868]
[0.00744868]
[0.00744868]
[0.00744868]
[0.00878544]
[0.00878544]
[0.00878544]
[0.00878544]
[0.00878544]
[0.00878544]
[0.00878544]
[0.00878544]
[0.00878544]
[0.00878544]
[0.00878544]
[0.00878544]
[0.00878544]
[0.00878544]
[0.00878544]
[0.00557738]
[0.00585739]
[0.00585739]
[0.00585739]
[0.00597097]
[0.00597097]
[0.00597097]
[0.00772524]
[0.0078932]
[0.01201874]
[0.00650889]
[0.00650889]
[0.00650889]
[0.00650889]
[0.00650889]
[0.00650889]
[0.00650889]
[0.00650889]
[0.00650889]
[0.00650889]
[0.00650889]
[0.00650889]
[0.00650889]
[0.03456596]
[0.03456596]
[0.03456596]
[0.03456596]
[0.03456596]
[0.03456596]
[0.00948748]
[0.00948748]
[0.00948748]
[0.00948748]
[0.00948748]
[0.00948748]
[0.00948748]
[0.00948748]
[0.00948748]
[0.00948748]
[0.00948748]
[0.00948748]
[0.00948748]
[0.00948748]
[0.00948748]
[0.00948748]
[0.00948748]
[0.00948748]
[0.00948748]
[0.00948748]
[0.00948748]
[0.00948748]
[0.00948748]
[0.00948748]
[0.00948748]
[0.00948748]
[0.00948748]
[0.00948748]
[0.00948748]
[0.00948748]
[0.00948748]
[0.00948748]
[0.00948748]
[0.00948748]
[0.00948748]
[0.00948748]
[0.00948748]
[0.00948748]
[0.00948748]
[0.00948748]
[0.00948748]
[0.00948748]
[0.00948748]
[0.00948748]
[0.00948748]
[0.00948748]
[0.00948748]
[0.00948748]
[0.00948748]
[0.00948748]
[0.00948748]
[0.00948748]
[0.00948748]
[0.00948748]
[0.00948748]
[0.00948748]
[0.00948748]
[0.00948748]
[0.00948748]
[0.00948748]
[0.00948748]
[0.00948748]
[0.00948748]
[0.00948748]
[0.00948748]
[0.00948748]
[0.00948748]
[0.00948748]
[0.00948748]
[0.00948748]
[0.00948748]
[0.00948748]
[0.00948748]
[0.00948748]
[0.00948748]
[0.00948748]
[0.00948748]
[0.00948748]
[0.00948748]
[0.00948748]
[0.00948748]
[0.00948748]
[0.00948748]
[0.00948748]
[0.00948748]
[0.00948748]
[0.00948748]
[0.00948748]
[0.00948748]
[0.00948748]
[0.00948748]
[0.00948748]
[0.00948748]
[0.00948748]
[0.00948748]
[0.00948748]
[0.00948748]
[0.00948748]
[0.00948748]
[0.00948748]
[0.00948748]
[0.00948748]
[0.00948748]
[0.00948748]
[0.00948748]
[0.00948748]
[0.00948748]
[0.00948748]
[0.00948748]
[0.00948748]
[0.00948748]
[0.00948748]
[0.00948748]
[0.00948748]
[0.00948748]
[0.00948748]
[0.00948748]
[0.00948748]
[0.00948748]
[0.00948748]
[0.00948748]
[0.00948748]
[0.00948748]
[0.00948748]
[0.00948748]
[0.00948748]
[0.00948748]
[0.00948748]
[0.00948748]
[0.00948748]
[0.00948748]
[0.00948748]
[0.00948748]
[0.00948748]
[0.00884421]
[0.01007291]
[0.01356781]
[0.01356781]
[0.01356781]
[0.01733651]
[0.01015556]
[0.01015556]
[0.00672852]
[0.01258856]
[0.01258856]
[0.01258856]
[0.01258856]
[0.01258856]
[0.01258856]
[0.01258856]
[0.01258856]
[0.01258856]
[0.01258856]
[0.01258856]
[0.01035377]
[0.24619132]
[0.00742936]
[0.00742936]
[0.00742936]
[0.00742936]
[0.00742936]
[0.00742936]
[0.00742936]
[0.00742936]
[0.00546389]
[0.01261845]
[0.01261845]
[0.01261845]
[0.01261845]
[0.00805579]
[0.01203666]
[0.00795777]
[0.00795777]
[0.00795777]
[0.00795777]
[0.00795777]
[0.00795777]
[0.00795777]
[0.00795777]
[0.00795777]
[0.00795777]
[0.00795777]
[0.00807033]
[0.00807033]
[0.00807033]
[0.00807033]
[0.00807033]
[0.00807033]
[0.00807033]
[0.00807033]
[0.00807033]
[0.00807033]
[0.00807033]
[0.00807033]
[0.00807033]
[0.00807033]
[0.00807033]
[0.00807033]
[0.00807033]
[0.00807033]
[0.00807033]
[0.00807033]
[0.00807033]
[0.00807033]
[0.00807033]
[0.00807033]
[0.00807033]
[0.00767067]
[0.01272018]
[0.00584945]
[0.00584945]
[0.00584945]
[0.00584945]
[0.01396194]
[0.01396194]
[0.01396194]
[0.01396194]
[0.00960015]
[0.00960015]
[0.00960015]
[0.00960015]
[0.00960015]
[0.00960015]
[0.00960015]
[0.00960015]
[0.00960015]
[0.00960015]
[0.00960015]
[0.00960015]
[0.00960015]
[0.00960015]
[0.00960015]
[0.00960015]
[0.00960015]
[0.00960015]
[0.00960015]
[0.00960015]
[0.00960015]
[0.00960015]
[0.00960015]
[0.00960015]
[0.00960015]
[0.00960015]
[0.00960015]
[0.00960015]
[0.00960015]
[0.00960015]
[0.00960015]
[0.03033873]
[0.01302166]
[0.01573383]
[0.0067781]
[0.01448816]
[0.01422423]
[0.00937432]
[0.00758303]
[0.01122426]
[0.02854319]
[0.00877839]
[0.03115562]
[0.00995752]
[0.01789351]
[0.01025979]
[0.02245932]
[0.01295935]
[0.07232039]
[0.01348101]
[0.01074253]
[0.01817816]
[0.01707437]
[0.06303113]
[0.0088178]
[0.16166651]
[0.00515083]
[0.03675071]
[0.87072134]
[0.01722822]
[0.00478624]
[0.01517444]
[0.0055805]
[0.02445946]
[0.0048159]
[0.01001577]
