[0.35709074]
[0.32828063]
[0.0613056]
[0.00062554]
[0.00062554]
[0.00062554]
[0.00062554]
[0.00062554]
[0.00062554]
[0.00062554]
[0.00062554]
[0.00062554]
[0.00062554]
[0.00062554]
[0.00062554]
[0.00062554]
[0.00062554]
[0.00062554]
[0.00062554]
[0.00062554]
[0.00062554]
[0.00062554]
[0.00062554]
[0.00062554]
[0.00062554]
[0.00062554]
[0.00062554]
[0.00062554]
[0.00062554]
[0.00062554]
[0.00062554]
[0.00062554]
[0.00062554]
[0.00062554]
[0.00062554]
[0.00062554]
[0.00062554]
[0.00062554]
[0.00062554]
[0.00062554]
[0.00062554]
[0.00062554]
[0.00062554]
[0.00062554]
[0.00062554]
[0.00062554]
[0.00062554]
[0.00062554]
[0.00062554]
[0.00062554]
[0.00062554]
[0.00062554]
[0.00062554]
[0.00062554]
[0.00062554]
[0.00062554]
[0.00062554]
[0.00062554]
[0.00062554]
[0.00062554]
[0.00062554]
[0.00062554]
[0.00062554]
[0.00062554]
[0.00062554]
[0.00062554]
[0.00062554]
[0.00062554]
[0.00062554]
[0.00062554]
[0.00062554]
[0.00062554]
[0.00062554]
[0.00062554]
[0.00062554]
[0.00062554]
[0.00062554]
[0.00062554]
[0.00062554]
[0.00062554]
[0.00062554]
[0.00062554]
[0.00062554]
[0.00062554]
[0.00062554]
[0.00062554]
[0.00062554]
[0.00062554]
[0.00062554]
[0.00062554]
[0.00062554]
[0.00062554]
[0.00062554]
[0.00062554]
[0.00062554]
[0.00062554]
[0.00062554]
[0.00062554]
[0.00062554]
[0.00062554]
[0.00062554]
[0.00062554]
[0.00062554]
[0.00062554]
[0.00062554]
[0.00062554]
[0.00062554]
[0.00062554]
[0.00062554]
[0.00062554]
[0.00062554]
[0.00062554]
[0.00062554]
[0.00062554]
[0.00062554]
[0.00062554]
[0.00062554]
[0.00062554]
[0.00062554]
[0.00062554]
[0.00062554]
[0.00062554]
[0.00062554]
[0.00062554]
[0.00062554]
[0.00062554]
[0.00062554]
[0.00062554]
[0.00062554]
[0.00062554]
[0.00062554]
[0.00062554]
[0.00062554]
[0.00062554]
[0.00062554]
[0.00062554]
[0.00062554]
[0.00062554]
[0.00062554]
[0.00062554]
[0.00062554]
[0.00062554]
[0.00062554]
[0.00062554]
[0.00062554]
[0.00062554]
[0.00062554]
[0.00062554]
[0.00062554]
[0.00062554]
[0.00062554]
[0.00062554]
[0.00062554]
[0.00062554]
[0.00062554]
[0.00062554]
[0.00062554]
[0.00062554]
[0.00062554]
[0.00062554]
[0.00062554]
[0.00062554]
[0.00062554]
[0.00062554]
[0.00062554]
[0.00062554]
[0.00062554]
[0.00062554]
[0.00062554]
[0.00062554]
[0.00062554]
[0.00062554]
[0.00062554]
[0.00062554]
[0.00062554]
[0.00062554]
[0.00062554]
[0.00062554]
[0.00062554]
[0.00062554]
[0.00062554]
[0.00062554]
[0.00062554]
[0.00062554]
[0.00062554]
[0.00062554]
[0.00062554]
[0.00062554]
[0.00062554]
[0.00062554]
[0.00062554]
[0.00062554]
[0.00062554]
[0.00062554]
[0.00062554]
[0.00062554]
[0.00062554]
[0.00062554]
[0.00062554]
[0.00062554]
[0.00062554]
[0.00062554]
[0.00062554]
[0.00062554]
[0.00062554]
[0.00062554]
[0.00062554]
[0.00062554]
[0.00062554]
[0.00062554]
[0.00062554]
[0.00062554]
[0.00062554]
[0.00062554]
[0.00062554]
[0.00062554]
[0.00062554]
[0.00062554]
[0.00062554]
[0.00062554]
[0.00062554]
[0.00062554]
[0.00062554]
[0.00062554]
[0.00062554]
[0.00062554]
[0.00062554]
[0.00062554]
[0.00062554]
[0.00062554]
[0.00062554]
[0.00062554]
[0.00062554]
[0.00062554]
[0.00062554]
[0.00062554]
[0.00062554]
[0.00062554]
[0.00062554]
[0.00062554]
[0.00062554]
[0.00062554]
[0.00062554]
[0.00062554]
[0.00062554]
[0.00062554]
[0.00062554]
[0.00062554]
[0.00062554]
[0.00062554]
[0.00062554]
[0.00062554]
[0.00062554]
[0.00062554]
[0.00062554]
[0.00062554]
[0.00062554]
[0.00062554]
[0.00062554]
[0.00062554]
[0.00062554]
[0.00062554]
[0.00062554]
[0.00062554]
[0.00062554]
[0.00062554]
[0.00062554]
[0.00062554]
[0.00062554]
[0.00062554]
[0.00062554]
[0.00062554]
[0.00062554]
[0.00062554]
[0.00062554]
[0.00062554]
[0.00062554]
[0.00062554]
[0.00062554]
[0.00062554]
[0.00062554]
[0.00062554]
[0.00062554]
[0.00062554]
[0.00062554]
[0.00062554]
[0.00062554]
[0.00062554]
[0.00062554]
[0.00062554]
[0.00062554]
[0.00062554]
[0.00062554]
[0.00062554]
[0.00062554]
[0.00062554]
[0.00062554]
[0.00062554]
[0.00062554]
[0.00062554]
[0.00062554]
[0.00062554]
[0.00062554]
[0.00062554]
[0.00062554]
[0.00062554]
[0.00062554]
[0.00062554]
[0.00062554]
[0.00062554]
[0.00062554]
[0.00062554]
[0.00062554]
[0.00062554]
[0.00062554]
[0.00062554]
[0.00062554]
[0.00062554]
[0.00062554]
[0.00062554]
[0.00062554]
[0.00062554]
[0.00062554]
[0.00062554]
[0.00062554]
[0.00062554]
[0.00062554]
[0.00062554]
[0.00062554]
[0.00062554]
[0.00062554]
[0.00062554]
[0.00062554]
[0.00062554]
[0.00062554]
[0.00062554]
[0.00062554]
[0.00062554]
[0.00062554]
[0.00062554]
[0.00062554]
[0.00062554]
[0.00062554]
[0.00062554]
[0.00062554]
[0.00062554]
[0.00062554]
[0.00062554]
[0.00062554]
[0.00062554]
[0.00062554]
[0.00062554]
[0.00062554]
[0.00062554]
[0.00062554]
[0.00062554]
[0.00062554]
[0.00062554]
[0.00062554]
[0.00062554]
[0.00062554]
[0.00062554]
[0.00062554]
[0.00062554]
[0.00062554]
[0.00062554]
[0.00062554]
[0.00062554]
[0.00062554]
[0.00062554]
[0.00062554]
[0.00062554]
[0.00062554]
[0.00062554]
[0.00062554]
[0.00062554]
[0.00062554]
[0.00062554]
[0.00062554]
[0.00062554]
[0.00062554]
[0.00062554]
[0.00062554]
[0.00062554]
[0.00062554]
[0.00062554]
[0.00062554]
[0.00062554]
[0.00062554]
[0.00062554]
[0.00062554]
[0.00062554]
[0.00062554]
[0.00062554]
[0.00062554]
[0.00062554]
[0.00062554]
[0.00062554]
[0.00062554]
[0.00062554]
[0.00062554]
[0.00062554]
[0.00062554]
[0.00062554]
[0.00062552]
[0.00062552]
[0.00062552]
[0.00062354]
[0.00062616]
[0.00062616]
[0.00062616]
[0.00062616]
[0.00062616]
[0.00062616]
[0.00062616]
[0.00062616]
[0.00062616]
[0.00062328]
[0.00062328]
[0.00062352]
[0.00062352]
[0.00062876]
[0.00062779]
[0.00062683]
[0.00062682]
[0.00062682]
[0.00062682]
[0.00062682]
[0.00062711]
[0.00062803]
[0.00062754]
[0.00062754]
[0.00062754]
[0.00062754]
[0.00062754]
[0.00062437]
[0.00062824]
[0.00062681]
[0.00062557]
[0.00062834]
[0.00063166]
[0.00063012]
[0.00064471]
[0.0006393]
[0.00064341]
[0.00062777]
[0.0006473]
[0.00065289]
[0.00063128]
[0.0006552]
[0.00063256]
[0.00066415]
[0.01225367]
[0.01225367]
[0.01225367]
[0.01225367]
[0.00068882]
[0.00068882]
[0.00068882]
[0.00068882]
[0.00067358]
[0.00067467]
[0.00066726]
[0.00066726]
[0.00068175]
[0.00068234]
[0.0006816]
[0.00068972]
[0.00069409]
[0.00071225]
[0.00085886]
[0.00074522]
[0.00075177]
[0.00069254]
[0.00071937]
[0.00408424]
[0.00075853]
[0.00075853]
[0.00075853]
[0.00075853]
[0.00075853]
[0.000696]
[0.0007488]
[0.00076393]
[0.00078241]
[0.00100838]
[0.00211029]
[0.00087121]
[0.00170864]
[0.00074824]
[0.00073412]
[0.00203008]
[0.00099948]
[0.00078341]
[0.00400535]
[0.0007978]
[0.0007978]
[0.00077671]
[0.00066968]
[0.00067476]
