[0.00022289]
[0.00022289]
[0.00022289]
[0.00022289]
[0.00021035]
[0.00017077]
[0.00017077]
[0.00017077]
[0.00017077]
[0.00017077]
[0.00017077]
[0.00017077]
[0.00018288]
[0.00019369]
[0.00019369]
[0.00019369]
[0.00019369]
[0.00019369]
[0.00019369]
[0.00019369]
[0.00019369]
[0.00019376]
[0.00019391]
[0.00019391]
[0.00019391]
[0.00019391]
[0.00019391]
[0.00019396]
[0.00017916]
[0.00017916]
[0.00017916]
[0.00017916]
[0.00017916]
[0.00017916]
[0.00017916]
[0.00017916]
[0.00017916]
[0.00017916]
[0.00017916]
[0.00017916]
[0.00017916]
[0.00017916]
[0.00017916]
[0.00017916]
[0.00017916]
[0.00017916]
[0.00017916]
[0.00017916]
[0.00017916]
[0.00017916]
[0.00017916]
[0.00017916]
[0.00017916]
[0.00017916]
[0.00017916]
[0.00017916]
[0.00017916]
[0.00017916]
[0.00017916]
[0.00017916]
[0.00017916]
[0.00017916]
[0.00017916]
[0.00017916]
[0.00017916]
[0.00017916]
[0.00017916]
[0.00017916]
[0.00017916]
[0.00017916]
[0.00017916]
[0.00017916]
[0.00017916]
[0.00017916]
[0.00017916]
[0.00017916]
[0.00017916]
[0.00017916]
[0.00017916]
[0.00017916]
[0.00017916]
[0.00017916]
[0.00017916]
[0.00017916]
[0.00017916]
[0.00017916]
[0.00017916]
[0.00017916]
[0.00017916]
[0.00017916]
[0.00017916]
[0.00017916]
[0.00017916]
[0.00017916]
[0.00017916]
[0.00017916]
[0.00017916]
[0.00017916]
[0.00017916]
[0.00017916]
[0.00017916]
[0.00017916]
[0.00017916]
[0.00017916]
[0.00017916]
[0.00017916]
[0.00017916]
[0.00017916]
[0.00017916]
[0.00017916]
[0.00017916]
[0.00017916]
[0.00017916]
[0.00017916]
[0.00017916]
[0.00017916]
[0.00017916]
[0.00017916]
[0.00017916]
[0.00017916]
[0.00017916]
[0.00017916]
[0.00017916]
[0.00017916]
[0.00017916]
[0.00017916]
[0.00017916]
[0.00017916]
[0.00017916]
[0.00017916]
[0.00017916]
[0.00017916]
[0.00017916]
[0.00017916]
[0.00017916]
[0.00017916]
[0.00017916]
[0.00017916]
[0.00017916]
[0.00017916]
[0.00017916]
[0.00017916]
[0.00017916]
[0.00017916]
[0.00017916]
[0.00017916]
[0.00017916]
[0.00017916]
[0.00017916]
[0.00017916]
[0.00017916]
[0.00017916]
[0.00017916]
[0.00017916]
[0.00017916]
[0.00017916]
[0.00017916]
[0.00017916]
[0.00017916]
[0.00017916]
[0.00017916]
[0.00017916]
[0.00017916]
[0.00017916]
[0.00017916]
[0.00017916]
[0.00017916]
[0.00017916]
[0.00017916]
[0.00017916]
[0.00017916]
[0.00017916]
[0.00017916]
[0.00017916]
[0.00017916]
[0.00017916]
[0.00017916]
[0.00017916]
[0.00017916]
[0.00017916]
[0.00017916]
[0.00017916]
[0.00017916]
[0.00017916]
[0.00017916]
[0.00017916]
[0.00017916]
[0.00017916]
[0.00017916]
[0.00017916]
[0.00017916]
[0.00017916]
[0.00017916]
[0.00017916]
[0.00017916]
[0.00017916]
[0.00017916]
[0.00017916]
[0.00017916]
[0.00017916]
[0.00017916]
[0.00017916]
[0.00017916]
[0.00017916]
[0.00017916]
[0.00017916]
[0.00017916]
[0.00017916]
[0.00017916]
[0.00017916]
[0.00017916]
[0.00017916]
[0.00017916]
[0.00017916]
[0.00017916]
[0.00017916]
[0.00017916]
[0.00017916]
[0.00017916]
[0.00017916]
[0.00017916]
[0.00017916]
[0.00017916]
[0.00017916]
[0.00017916]
[0.00017916]
[0.00017916]
[0.00017916]
[0.00017916]
[0.00017916]
[0.00017916]
[0.00017916]
[0.00017916]
[0.00017916]
[0.00017916]
[0.00017916]
[0.00017916]
[0.00017916]
[0.00017916]
[0.00020697]
[0.00021499]
[0.00019407]
[0.00017925]
[0.00017925]
[0.00017925]
[0.00017925]
[0.00017925]
[0.00017925]
[0.00017925]
[0.00017925]
[0.00017925]
[0.00017925]
[0.00017925]
[0.00017925]
[0.00017925]
[0.00017925]
[0.00017925]
[0.00017925]
[0.00017925]
[0.00017925]
[0.00017925]
[0.00017925]
[0.00017925]
[0.00017925]
[0.00017925]
[0.00017925]
[0.00017925]
[0.00017925]
[0.00017925]
[0.00017925]
[0.00017925]
[0.00017925]
[0.00017925]
[0.00017925]
[0.00017925]
[0.00017925]
[0.00017925]
[0.00017925]
[0.00017925]
[0.00017925]
[0.00017925]
[0.00017925]
[0.00017925]
[0.00017925]
[0.00017925]
[0.00017925]
[0.00017925]
[0.00017925]
[0.00017925]
[0.00017925]
[0.00017925]
[0.00017925]
[0.00017925]
[0.00017925]
[0.00017925]
[0.00017925]
[0.00017925]
[0.00017925]
[0.00017925]
[0.00017925]
[0.00017925]
[0.00017925]
[0.00017925]
[0.00017925]
[0.00017925]
[0.00017925]
[0.00017925]
[0.00017925]
[0.00017925]
[0.00017925]
[0.00017925]
[0.00017925]
[0.00017925]
[0.00017925]
[0.00017925]
[0.00017925]
[0.00017925]
[0.00017925]
[0.00017925]
[0.00017925]
[0.00017925]
[0.00017925]
[0.00017925]
[0.00017925]
[0.00017925]
[0.00017925]
[0.00017925]
[0.00017925]
[0.00017925]
[0.00017925]
[0.00017925]
[0.00017925]
[0.00017925]
[0.00017925]
[0.00017925]
[0.00017925]
[0.00017925]
[0.00017925]
[0.00017925]
[0.00017925]
[0.00017925]
[0.00017925]
[0.00017925]
[0.00017925]
[0.00017925]
[0.00017925]
[0.00017925]
[0.00017925]
[0.00017925]
[0.00017925]
[0.00017925]
[0.00017925]
[0.00017925]
[0.00017925]
[0.00017925]
[0.00017925]
[0.00017925]
[0.00017925]
[0.00017925]
[0.00017925]
[0.00017925]
[0.00017925]
[0.00017925]
[0.00017925]
[0.00017925]
[0.00017925]
[0.00017925]
[0.00017925]
[0.00017925]
[0.00017925]
[0.00017925]
[0.00017925]
[0.00017925]
[0.00017925]
[0.00017925]
[0.00017925]
[0.00017925]
[0.00017925]
[0.00017925]
[0.00017925]
[0.00017925]
[0.00017925]
[0.00017925]
[0.00017925]
[0.00017925]
[0.00017925]
[0.00017925]
[0.00017925]
[0.00017925]
[0.00017925]
[0.00017925]
[0.00017925]
[0.00017925]
[0.00017925]
[0.00017925]
[0.00017925]
[0.00017925]
[0.00017925]
[0.00017925]
[0.00017925]
[0.00017925]
[0.00017925]
[0.00017925]
[0.00017925]
[0.00017925]
[0.00017925]
[0.00017925]
[0.00017925]
[0.00017925]
[0.00017925]
[0.00017925]
[0.00017925]
[0.00017925]
[0.00017925]
[0.00017925]
[0.00017925]
[0.00017925]
[0.00017925]
[0.00017925]
[0.00017925]
[0.00017925]
[0.00017925]
[0.00017925]
[0.00017925]
[0.00017925]
[0.00017925]
[0.00017925]
[0.00017925]
[0.00017925]
[0.00017925]
[0.00017925]
[0.00017925]
[0.00017925]
[0.00017925]
[0.00017925]
[0.00017925]
[0.00017925]
[0.00017925]
[0.00017925]
[0.00017925]
[0.00017925]
[0.00017925]
[0.00017925]
[0.00017925]
[0.00017925]
[0.00017925]
[0.00017925]
[0.00017925]
[0.00017925]
[0.00017925]
[0.00017079]
[0.00017079]
[0.00017079]
[0.00019893]
[0.00017142]
[0.00017153]
[0.0002568]
[0.00019525]
[0.00017649]
[0.00019895]
[0.00020747]
[0.0003155]
[0.0002147]
[0.00020089]
[0.00020257]
[0.00025856]
[0.00018968]
[0.00017609]
[0.00017586]
[0.0001853]
[0.00050142]
[0.00016978]
[0.00025868]
[0.00022774]
[0.00035219]
[0.00031357]
[0.00069624]
[0.00028793]
[0.00090966]
[0.00215897]
[0.00029017]
[0.0009806]
[0.03219441]
[0.00016988]
[0.09322628]
[0.0023358]
[0.00824406]
[0.04630327]
[0.00386866]
[0.26496306]
[0.00019451]
[0.00127059]
[0.00019155]
[0.00065543]
[0.00036715]
[0.00023589]
[0.00507411]
[0.9940001]
[0.00026399]
[0.00798656]
