4.98474889689277
4.987293775543531
4.978238983276974
4.978238983276974
4.978238983276974
4.885751858636908
4.885751858636908
4.885751858636908
4.885751858636908
4.885751858636908
4.885751858636908
4.885751858636908
4.885751858636908
4.885751858636908
4.885751858636908
4.885751858636908
4.885751858636908
4.885751858636908
4.885751858636908
4.885751858636908
4.885751858636908
4.885751858636908
4.885751858636908
4.885751858636908
4.885751858636908
4.885751858636908
4.885751858636908
4.885751858636908
4.885751858636908
4.885751858636908
4.885751858636908
4.885751858636908
4.8504244933322855
4.921518621286024
4.921518621286024
4.921518621286024
4.921518621286024
4.921518621286024
4.921518621286024
4.921518621286024
4.921518621286024
4.921518621286024
4.921518621286024
4.921518621286024
4.921518621286024
4.921518621286024
4.921518621286024
4.921518621286024
4.921518621286024
4.921518621286024
4.921518621286024
4.921518621286024
4.921518621286024
4.921518621286024
4.921518621286024
4.921518621286024
4.921518621286024
4.921518621286024
4.921518621286024
4.921518621286024
4.921518621286024
4.921518621286024
4.921518621286024
4.921518621286024
4.921518621286024
4.921518621286024
4.921518621286024
4.921518621286024
4.921518621286024
4.921518621286024
4.921518621286024
4.921518621286024
4.921518621286024
4.921518621286024
4.921518621286024
4.921518621286024
4.921518621286024
4.921518621286024
4.921518621286024
4.921518621286024
4.921518621286024
4.921518621286024
4.921518621286024
4.921518621286024
4.921518621286024
4.921518621286024
4.921518621286024
4.921518621286024
4.921518621286024
4.921518621286024
4.921518621286024
4.921518621286024
4.921518621286024
4.921518621286024
4.921518621286024
4.921518621286024
4.921518621286024
4.921518621286024
4.921518621286024
4.921518621286024
4.921518621286024
4.921518621286024
4.921518621286024
4.921518621286024
4.921518621286024
4.921518621286024
4.921518621286024
4.921518621286024
4.921518621286024
4.921518621286024
4.921518621286024
4.921518621286024
4.921518621286024
4.921518621286024
4.921518621286024
4.921518621286024
4.921518621286024
4.921518621286024
4.921518621286024
4.921518621286024
4.921518621286024
4.921518621286024
4.921518621286024
4.921518621286024
4.921518621286024
4.921518621286024
4.921518621286024
4.921518621286024
4.921518621286024
4.921518621286024
4.921518621286024
4.921518621286024
4.921518621286024
4.921518621286024
4.921518621286024
4.921518621286024
4.921518621286024
4.921518621286024
4.921518621286024
4.921518621286024
4.921518621286024
4.921518621286024
4.921518621286024
4.921518621286024
4.921518621286024
4.921518621286024
4.921518621286024
4.921518621286024
4.921518621286024
4.921518621286024
4.921518621286024
4.921518621286024
4.921518621286024
4.921518621286024
4.921518621286024
4.921518621286024
4.921518621286024
4.921518621286024
4.921518621286024
4.921518621286024
4.921518621286024
4.921518621286024
4.921518621286024
4.921518621286024
4.921518621286024
4.921518621286024
4.921518621286024
4.921518621286024
4.921518621286024
4.921518621286024
4.921518621286024
4.921518621286024
4.921518621286024
4.921518621286024
4.921518621286024
4.921518621286024
4.921518621286024
4.921518621286024
4.921518621286024
4.921518621286024
4.921518621286024
4.921518621286024
4.921518621286024
4.921518621286024
4.921518621286024
4.921518621286024
4.921518621286024
4.921518621286024
4.921518621286024
4.921518621286024
4.921518621286024
4.921518621286024
4.921518621286024
4.921518621286024
4.921518621286024
4.921518621286024
4.921518621286024
4.921518621286024
4.921518621286024
4.921518621286024
4.921518621286024
4.921518621286024
4.921518621286024
4.921518621286024
4.921518621286024
4.921518621286024
4.921518621286024
4.921518621286024
4.921518621286024
4.921518621286024
4.921518621286024
4.921518621286024
4.921518621286024
4.921518621286024
4.921518621286024
4.921518621286024
4.921518621286024
4.921518621286024
4.921518621286024
4.921518621286024
4.921518621286024
4.921518621286024
4.921518621286024
4.921518621286024
4.921518621286024
4.921518621286024
4.886774409720246
4.886774409720246
4.800923063902232
4.800923063902232
4.800923063902232
4.800923063902232
4.862297066370351
4.862297066370351
4.862297066370351
4.915001303309883
4.915001303309883
4.8801508311249275
4.808748732351429
4.808748732351429
4.808748732351429
4.808748732351429
4.808748732351429
4.808748732351429
4.808748732351429
4.808748732351429
4.808748732351429
4.808748732351429
4.808748732351429
4.808748732351429
4.808748732351429
4.808748732351429
4.808748732351429
4.808748732351429
4.808748732351429
4.808748732351429
4.808748732351429
4.808748732351429
4.808748732351429
4.808748732351429
4.808748732351429
4.808748732351429
4.88843519882613
4.88843519882613
4.88843519882613
4.88843519882613
4.88843519882613
4.879241945021112
4.879241945021112
4.879241945021112
4.879241945021112
4.942329025024963
4.771036645597633
4.822521583030163
4.822521583030163
4.822521583030163
4.822521583030163
4.822521583030163
4.822521583030163
4.822521583030163
4.894514178669817
4.913530597011215
4.913530597011215
4.913530597011215
4.913530597011215
4.913530597011215
4.863003442347316
4.83842534088025
4.827305178951014
4.820154844502854
4.823551667245329
5.1222936791717935
4.932126107917041
4.9754268072177394
4.85540308865001
4.939064733996842
4.939064733996842
4.939064733996842
4.792975187463755
4.7989220685831215
4.990233306600709
4.892010024000957
4.983187317295897
4.906587431827977
4.906587431827977
4.935616717412552
4.9776073913395
5.3334084466274305
4.702815851561806
4.806366749628269
5.361536871144091
5.463865871555445
4.887107597016176
4.8707136027751226
4.898860446509543
4.788405536375363
4.788405536375363
4.788405536375363
4.788405536375363
4.788405536375363
5.222206524846782
5.302827051280479
4.960143467028518
4.960143467028518
5.246296147162189
5.216847152195163
4.95210011038516
4.95210011038516
4.682902281985315
5.015118621286024
4.720477476453767
4.720477476453767
4.960229357608524
4.839330221450565
4.798562873452167
4.944610697345665
4.886117308581058
4.807781626296956
5.1992865337663705
4.973356917496533
4.882165624491661
4.85075244522462
5.2722234052316335
5.168268439733261
5.579134524711909
5.528911679874831
4.876294855260891
5.483794093510858
4.983845044884912
4.883909471995159
4.914210265078246
4.991675976785851
4.967735277813855
5.096390662100536
4.980570937518388
5.091490562200436
3.9978342080227183
4.773467111829062
4.869132169747022
5.058285456112378
5.005196656106531
5.005196656106531
5.005196656106531
5.005196656106531
4.940229423339297
4.947412340422216
4.969834208022718
5.28676354281599
5.234544394007781
4.874472720503616
4.943156979291185
4.675085135802748
4.891529164721648
5.513915065674144
5.264392055167779
5.187974622588496
4.879518183584816
4.879518183584816
4.879518183584816
5.157321221060307
5.157321221060307
5.20597619271604
5.319580993502171
5.0464512095379845
4.4927243902124125
5.085337139712405
5.13717578011304
3.761254557273367
5.003537566571762
4.949526780525474
4.964455028213304
4.837176366174134
5.256690905540485
4.803415139599372
4.588954706777292
4.446140739165957
5.118010503326427
4.4325246427700495
3.9701139741572664
3.9701139741572664
3.9701139741572664
3.9701139741572664
3.9701139741572664
3.9701139741572664
3.9701139741572664
3.9701139741572664
4.124986400192769
4.124986400192769
4.390789950488626
4.390789950488626
4.390789950488626
4.390789950488626
4.390789950488626
4.390789950488626
4.390789950488626
4.2088813114353725
4.2088813114353725
4.2088813114353725
4.2088813114353725
4.205685446050756
4.205685446050756
4.205685446050756
4.205685446050756
4.205685446050756
4.205685446050756
4.205685446050756
4.205685446050756
4.205685446050756
4.205685446050756
4.205685446050756
4.205685446050756
4.205685446050756
4.205685446050756
4.205685446050756
4.205685446050756
4.205685446050756
4.205685446050756
4.205685446050756
4.205685446050756
4.205685446050756
4.205685446050756
4.205685446050756
4.205685446050756
4.205685446050756
4.205685446050756
4.205685446050756
4.205685446050756
4.205685446050756
4.205685446050756
4.205685446050756
4.205685446050756
4.205685446050756
4.205685446050756
4.205685446050756
4.205685446050756
4.205685446050756
4.205685446050756
4.205685446050756
4.205685446050756
4.205685446050756
4.205685446050756
4.205685446050756
4.205685446050756
4.205685446050756
4.299797442336747
4.337647426665665
4.1866426575892195
4.1866426575892195
4.1866426575892195
4.3828245852300824
4.190103257931173
4.190103257931173
4.190103257931173
4.190103257931173
4.190103257931173
5.357381696399937
4.21546861912768
4.057239532589218
4.160800334904137
5.553860004417299
5.206227587157915
3.2334885221485035
4.546489983800662
6.256744883640859
3.7899031924811366
5.473755624834523
5.5161107368757545
4.08999868818016
4.043614072795545
4.75871740010621
5.925090614121926
5.912916137097952
5.233329243477639
6.4134176867355706
5.178917776248623
4.759641445291794
4.306725706952269
6.4312162181654875
5.9326105183020585
5.263606207774478
